Fecha,Nombre_hospital,Institucion,Estatus_capacidad_hospitalaria,Estatus_capacidad_UCI,Coordenadas
2020-04-14,INSTITUTO NACIONAL DE NUTRICIÓN ,SSA,MEDIA,BUENA,"19.289599, -99.155441"
2020-04-14,INSTITUTO NACIONAL DE ENFERMEDADES RESPIRATORIAS,SSA,MEDIA,BUENA,"19.291375, -99.158653"
2020-04-14,HOSPITAL GENERAL DE MÉXICO,SSA,MEDIA,BUENA,"19.4129258, -99.1520225"
2020-04-14,HOSPITAL JUÁREZ,SSA,BUENA,BUENA,"19.481829, -99.135576"
2020-04-14,HOSPITAL DE ESPECIALIDADES DE LA CIUDAD DE MÉXICO DR BELISARIO DOMÍNGUEZ,SEDESA,MEDIA,MEDIA,"19.307226, -99.065356"
2020-04-14,HOSPITAL GENERAL DR ENRIQUE CABRERA,SEDESA,MEDIA,MEDIA,"19.361675, -99.224432"
2020-04-14,HOSPITAL GENERAL TLÁHUAC ,SEDESA,CRÍTICA,CRÍTICA,"19.287492, -99.052665"
2020-04-14,HOSPITAL PEDIÁTRICO LA VILLA,SEDESA,MEDIA,CRÍTICA,"19.487355, -99.114316"
2020-04-14,HOSPITAL DE ESPECIALIDADES 01 CMN SIGLO XXI ,IMSS,CRÍTICA,CRÍTICA,"19.466549, -99.145102"
2020-04-14,HOSPITAL DE PEDIATRÍA 01 CMN SIGLO XXI (CDMX SUR) ,IMSS,CRÍTICA,CRÍTICA,"19.407458, -99.152267"
2020-04-14,HOSPITAL GENERAL DE ZONA 01 CARLOS MC GREGOR (CDMX SUR) ,IMSS,MEDIA,MEDIA,"19.395912, -99.161610"
2020-04-14,HOSPITAL GENERAL DE ZONA 1A PARQUE DE LOS VENADOS (CDMX SUR) ,IMSS,MEDIA,CRÍTICA,"19.369978, -99.155870"
2020-04-14,HOSPITAL DE INFECTOLOGÍA 01 LA RAZA (CDMX NORTE) ,IMSS,BUENA,MEDIA,"19.465067, -99.144881"
2020-04-14,HOSPITAL GENERAL 01 (CDMX NORTE) ,IMSS,CRÍTICA,CRÍTICA,"19.395740, -99.161677"
2020-04-14,HOSPITAL GENERAL DE ZONA 24 (CDMX NORTE) ,IMSS,CRÍTICA,CRÍTICA,"19.483221, -99.128448"
2020-04-14,HOSPITAL GENERAL DE ZONA 27 (CDMX NORTE),IMSS,CRÍTICA,CRÍTICA,"19.454776, -99.140007"
2020-04-14,HOSPITAL GENERAL DE ZONA 2A (CDMX SUR) ,IMSS,MEDIA,CRÍTICA,"19.405495, -99.112200"
2020-04-14,HOSPITAL GENERAL DE ZONA 30 (CDMX SUR) ,IMSS,CRÍTICA,CRÍTICA,"19.398836, -99.116913"
2020-04-14,HOSPITAL GENERAL DE ZONA 32 (CDMX SUR) ,IMSS,BUENA,CRÍTICA,"19.307964, -99.130677"
2020-04-14,HOSPITAL GENERAL DE ZONA C/MF 08 (CDMX SUR) ,IMSS,CRÍTICA,CRÍTICA,"19.337137, -99.200142"
2020-04-14,HOSPITAL GENERAL DE ZONA C/UMAA 48 (CDMX NORTE) ,IMSS,MEDIA,MEDIA,"19.482375, -99.213046"
2020-04-14,HINF CMN LA RAZA,IMSS,CRÍTICA,CRÍTICA,"19.466905, -99.144616"
2020-04-14,HOSPITAL GENERAL REGIONAL 72,IMSS,,,"19.542797, -99.205022"
2020-04-14,HOSPITAL GENERAL REGIONAL 196,IMSS,,,"19.529016, -99.030983"
2020-04-14,HOSPITAL GENERAL REGIONAL 200,IMSS,,,"19.742905, -98.972971"
2020-04-14,HOSPITAL GENERAL DE ZONA 53,IMSS,,,"19.356913, -98.990929"
2020-04-14,HOSPITAL GENERAL DE ZONA 197,IMSS,,,"19.515133, -98.891450"
2020-04-14,HOSPITAL GENERAL REGIONAL 220,IMSS,,,"19.283056, -99.639530"
2020-04-14,HOSPITAL GENERAL REGIONAL 251,IMSS,,,"19.246755, -99.576878"
2020-04-14,HOSPITAL GENERAL DE ZONA 194,IMSS,,,"19.470300, -99.234208"
2020-04-14,CENTRO MÉDICO 20 DE NOVIEMBRE,ISSSTE,MEDIA,MEDIA,"19.372720, -99.171205"
2020-04-14,HG DARIO FERNANDEZ FIERRO,ISSSTE,BUENA,CRÍTICA,"19.363602, -99.188608"
2020-04-14,HG JOSÉ MARÍA MORELOS,ISSSTE,,CRÍTICA,"19.363918, -98.995393"
2020-04-14,HG TACUBA,ISSSTE,,MEDIA,"19.454384, -99.191231"
2020-04-14,HG DR FERNANDO QUIROZ ,ISSSTE,,CRÍTICA,"19.394242, -99.194187"
2020-04-14,HG IGNACIO ZARAGOZA,ISSSTE,,BUENA,"19.389472, -99.045019"
2020-04-14,HR PRIMERO DE OCTUBRE,ISSSTE,BUENA,BUENA,"19.486751, -99.133249"
2020-04-14,HR LIC ADOLFO LÓPEZ MATEOS ,ISSSTE,CRÍTICA,MEDIA,"19.358451, -99.172716"
2020-04-14,HR BICENTARIO DE LA INDEPENDENCIA ,ISSSTE,BUENA,MEDIA,"19.628814, -99.163343"
2020-04-14,HG TOLUCA,ISSSTE,CRÍTICA,MEDIA,"19.256918, -99.635872"
2020-04-14,HOSPITAL CENTRAL MILITAR,SEDENA,,,"19.437367, -99.216057"
2020-04-14,HOSPITAL MILITAR DE ZONA CAMPO NO. 1-A,SEDENA,,,"19.457977, -99.227768"
2020-04-14,HOSPITAL MILITAR DE ZONA EL VERGEL,SEDENA,,,"19.312522, -99.082521"
2020-04-14,CAMPO MILITAR NO. 1-A 6/O GRUPO DE MORTEROS,SEDENA,,,"19.449179, -99.232137"
2020-04-14,22/O BATALLÓN DE POLÍCIA MILITAR ,SEDENA,,,"19.405526, -99.135839"
2020-04-14,81/0 BATALLÓN DE INFANTERÍA Y ESCUELA MILITAR DE INFANTERÍA ,SEDENA,,,"19.264736, -99.152936"
2020-04-14,CAMPO MILITAR NO 37-B HOSPITAL MILITAR DE ZONA TEMAMATLA,SEDENA,,,"19.188076, -98.870108"
2020-04-14,CAMPO MILITAR NO 37-B 6/O BATALLÓN DE FUERZAS ESPECIALES ,SEDENA,,,"19.188076, -98.870108"
2020-04-14,HOSPITAL MILITAR DE ZONA SANTA MARÍA RAYÓN ,SEDENA,,,"19.137953, -99.594466"
2020-04-14,8/O REGIMIENTO MECANIZADO ALMOLOYA DE JUÁREZ ,SEDENA,,,"19.403838, -99.742294"
2020-04-14,CENTRO MÉDICO NAVAL,SEMAR,,MEDIA,"19.324032, -99.125233"
2020-04-14,HOSPITAL CENTRAL SUR DE ALTA ESPECIALIDAD ,PEMEX,CRÍTICA,CRÍTICA,"19.308751, -99.218739"
2020-04-14,HOSPITAL CENTRAL NORTE ,PEMEX,MEDIA,MEDIA,"19.479895, -99.200880"
2020-04-14,ALTA ESPECIALIDAD DE ZUMPANGO ,EDOMEX,CRÍTICA,CRÍTICA,"19.815464, -99.089197"
2020-04-14,ALTA ESPECIALIDAD DE IXTAPALUCA ,EDOMEX,BUENA,BUENA,"19.319081, -98.855395"
2020-04-14,HOSPITAL REGIONAL TLANEPANTLA ISSEMYM ,EDOMEX,,MEDIA,"19.521817, -99.187531"
2020-04-14,CENTRO MÉDICO TOLUCA ISSEMYM ,EDOMEX,CRÍTICA,MEDIA,"19.286408, -99.586018"
2020-04-14,HOSPITAL PARA EL NIÑO IMIEM ,EDOMEX,,CRÍTICA,"19.272268, -99.660899"
2020-04-14,CENTRO MÉDICO ADOLFO LÓPEZ MATEOS ,EDOMEX,MEDIA,MEDIA,"19.321045, -99.633308"
2020-04-14,HOSPITAL ÁNGELES MOCEL ,PRIVADOS,MEDIA,MEDIA,"19.410855, -99.184695"
2020-04-14,HOSPITAL SEDNA,PRIVADOS,MEDIA,CRÍTICA,"19.303597, -99.174177"
2020-04-14,HOSPITAL ÁNGELES PEDREGAL ,PRIVADOS,BUENA,BUENA,"19.312440, -99.221240"
2020-04-14,MÉDICA SUR ,PRIVADOS,MEDIA,MEDIA,"19.297207, -99.160809"
2020-04-14,NUEVO SANATORIO DURANGO  ,PRIVADOS,MEDIA,MEDIA,"19.418455, -99.171747"
2020-04-14,HOSPITAL ÁNGELES ROMA (SANTELENA)   ,PRIVADOS,,CRÍTICA,"19.415243, -99.157081"
2020-04-14,HOSPITAL ÁNGELES SANTA MÓNICA  ,PRIVADOS,,,"19.434303, -99.191799"
2020-04-14,CENTRO MÉDICO ABC CAMPUS OBSERVATORIO  ,PRIVADOS,,CRÍTICA,"19.400754, -99.204033"
2020-04-14,CENTRO MÉDICO ABC CAMPUS SANTA FE,PRIVADOS,CRÍTICA,CRÍTICA,"19.356363, -99.282374"
2020-04-14,HOSPITAL SAN ÁNGEL INN CHAPULTEPEC,PRIVADOS,CRÍTICA,CRÍTICA,"19.421896, -99.172987"
2020-04-14,HOSPITAL SAN ÁNGEL INN PATRIOTISMO  ,PRIVADOS,CRÍTICA,CRÍTICA,"19.376412, -99.186388"
2020-04-14,HOSPITAL SAN ÁNGEL INN SUR   ,PRIVADOS,CRÍTICA,CRÍTICA,"19.340277, -99.200021"
2020-04-14,HOSPITAL SAN ÁNGEL INN UNIVERSIDAD  ,PRIVADOS,MEDIA,,"19.358908, -99.167569"
2020-04-14,CENTRO DE ATENCIÓN MÉDICA INTEGRAL (HOSPITAL CAMI)   ,PRIVADOS,CRÍTICA,CRÍTICA,"19.424002, -99.105060"
2020-04-14,CENTRO MÉDICO DALINDE ,PRIVADOS,CRÍTICA,MEDIA,"19.405260,-99.168017"
2020-04-14,CENTRO MÉDICO QIRÚGICO ESCANDÓN ,PRIVADOS,BUENA,,"19.402588, -99.172236"
2020-04-14,FUNDACIÓN HOSPITAL NUESTRA SEÑORA DE LA LUZ ,PRIVADOS,BUENA,,"19.434591, -99.157036"
2020-04-14,HMG HOSPITAL COYOACÁN ,PRIVADOS,CRÍTICA,MEDIA,"19.328044, -99.143601"
2020-04-14,HOSPITAL ÁNGELES ACOXPA ,PRIVADOS,BUENA,MEDIA,"19.299431, -99.134953"
2020-04-14,HOSPITAL DE COS ,PRIVADOS,BUENA,,"19.416104, -99.162514"
2020-04-14,HOSPITAL ÁNGELES CLÍNICA LONDRES ,PRIVADOS,CRÍTICA,BUENA,"19.421804, -99.156942"
2020-04-14,HOSPITAL DE ESPECIALIDADES MIG  ,PRIVADOS,CRÍTICA,CRÍTICA,"19.491619, -99.126656"
2020-04-14,HOSPITAL ÁNGELES LINDAVSTA ,PRIVADOS,,,"19.486673, -99.129583"
2020-04-14,HOSPITAL DIOMED ,PRIVADOS,CRÍTICA,CRÍTICA,"19.401424, -99.205282"
2020-04-14,HOSPITAL ÁNGELES METROPOLITANO  ,PRIVADOS,BUENA,CRÍTICA,"19.407125, -99.167048"
2020-04-14,HOSPITAL ÁNGELES MÉXICO  ,PRIVADOS,CRÍTICA,CRÍTICA,"19.400075, -99.172655"
2020-04-14,HOSPITAL ESPAÑOL  ,PRIVADOS,,MEDIA,"19.439382, -99.197221"
2020-04-14,HOSPITAL OBREGÓN ,PRIVADOS,CRÍTICA,,"19.418468, -99.160702"
2020-04-15,INSTITUTO NACIONAL DE NUTRICIÓN ,SSA,,BUENA,"19.289599, -99.155441"
2020-04-15,INSTITUTO NACIONAL DE ENFERMEDADES RESPIRATORIAS,SSA,,BUENA,"19.291375, -99.158653"
2020-04-15,HOSPITAL GENERAL DE MÉXICO,SSA,,BUENA,"19.4129258, -99.1520225"
2020-04-15,HOSPITAL JUÁREZ,SSA,,BUENA,"19.481829, -99.135576"
2020-04-15,HOSPITAL GENERAL DR MANUEL GEA GONZÁLEZ,SSA,,MEDIA,"19.290295, -99.160861"
2020-04-15,HOSPITAL DE ESPECIALIDADES DE LA CIUDAD DE MÉXICO DR BELISARIO DOMÍNGUEZ,SEDESA,MEDIA,MEDIA,"19.307226, -99.065356"
2020-04-15,HOSPITAL GENERAL DR ENRIQUE CABRERA,SEDESA,MEDIA,MEDIA,"19.361675, -99.224432"
2020-04-15,HOSPITAL GENERAL TLÁHUAC ,SEDESA,CRÍTICA,CRÍTICA,"19.287492, -99.052665"
2020-04-15,HOSPITAL PEDIÁTRICO LA VILLA,SEDESA,MEDIA,CRÍTICA,"19.487355, -99.114316"
2020-04-15,HOSPITAL DE ESPECIALIDADES 01 CMN SIGLO XXI ,IMSS,CRÍTICA,CRÍTICA,"19.466549, -99.145102"
2020-04-15,HOSPITAL DE PEDIATRÍA 01 CMN SIGLO XXI (CDMX SUR) ,IMSS,CRÍTICA,CRÍTICA,"19.3696537, -99.1558374"
2020-04-15,HOSPITAL GENERAL DE ZONA 01 CARLOS MC GREGOR (CDMX SUR) ,IMSS,BUENA,MEDIA,"19.395912, -99.161610"
2020-04-15,HOSPITAL GENERAL DE ZONA 1A PARQUE DE LOS VENADOS (CDMX SUR) ,IMSS,MEDIA,CRÍTICA,"19.369978, -99.155870"
2020-04-15,HOSPITAL DE INFECTOLOGÍA 01 LA RAZA (CDMX NORTE) ,IMSS,,,"19.465067, -99.144881"
2020-04-15,HOSPITAL GENERAL 01 (CDMX NORTE) ,IMSS,CRÍTICA,CRÍTICA,"19.395740, -99.161677"
2020-04-15,HOSPITAL GENERAL DE ZONA 24 (CDMX NORTE) ,IMSS,CRÍTICA,CRÍTICA,"19.483221, -99.128448"
2020-04-15,HOSPITAL GENERAL DE ZONA 27 (CDMX NORTE),IMSS,CRÍTICA,CRÍTICA,"19.454776, -99.140007"
2020-04-15,HOSPITAL GENERAL DE ZONA 2A (CDMX SUR) ,IMSS,MEDIA,CRÍTICA,"19.405495, -99.112200"
2020-04-15,HOSPITAL GENERAL DE ZONA 30 (CDMX SUR) ,IMSS,MEDIA,CRÍTICA,"19.398836, -99.116913"
2020-04-15,HOSPITAL GENERAL DE ZONA 32 (CDMX SUR) ,IMSS,BUENA,CRÍTICA,"19.307964, -99.130677"
2020-04-15,HOSPITAL GENERAL DE ZONA C/MF 08 (CDMX SUR) ,IMSS,MEDIA,CRÍTICA,"19.337137, -99.200142"
2020-04-15,HOSPITAL GENERAL DE ZONA C/UMAA 48 (CDMX NORTE) ,IMSS,MEDIA,MEDIA,"19.482375, -99.213046"
2020-04-15,HOSPITAL GENERAL REGIONAL 72,IMSS,,,"19.542797, -99.205022"
2020-04-15,HOSPITAL GENERAL REGIONAL 196,IMSS,,,"19.529016, -99.030983"
2020-04-15,HOSPITAL GENERAL REGIONAL 200,IMSS,,,"19.742905, -98.972971"
2020-04-15,HOSPITAL GENERAL DE ZONA 53,IMSS,,,"19.356913, -98.990929"
2020-04-15,HOSPITAL GENERAL DE ZONA 197,IMSS,,,"19.515133, -98.891450"
2020-04-15,HOSPITAL GENERAL REGIONAL 220,IMSS,,,"19.283056, -99.639530"
2020-04-15,HOSPITAL GENERAL REGIONAL 251,IMSS,,,"19.246755, -99.576878"
2020-04-15,HOSPITAL GENERAL DE ZONA 194,IMSS,,,"19.470300, -99.234208"
2020-04-15,CENTRO MÉDICO 20 DE NOVIEMBRE,ISSSTE,MEDIA,MEDIA,"19.372720, -99.171205"
2020-04-15,HG DARIO FERNANDEZ FIERRO,ISSSTE,BUENA,CRÍTICA,"19.363602, -99.188608"
2020-04-15,HG JOSÉ MARÍA MORELOS,ISSSTE,,CRÍTICA,"19.363918, -98.995393"
2020-04-15,HG TACUBA,ISSSTE,,MEDIA,"19.454384, -99.191231"
2020-04-15,HG DR FERNANDO QUIROZ ,ISSSTE,,CRÍTICA,"19.394242, -99.194187"
2020-04-15,HG IGNACIO ZARAGOZA,ISSSTE,,BUENA,"19.389472, -99.045019"
2020-04-15,HR PRIMERO DE OCTUBRE,ISSSTE,BUENA,BUENA,"19.486751, -99.133249"
2020-04-15,HR LIC ADOLFO LÓPEZ MATEOS ,ISSSTE,BUENA,,"19.358451, -99.172716"
2020-04-15,HR BICENTARIO DE LA INDEPENDENCIA ,ISSSTE,BUENA,BUENA,"19.628814, -99.163343"
2020-04-15,HG TOLUCA,ISSSTE,CRÍTICA,MEDIA,"19.256918, -99.635872"
2020-04-15,HOSPITAL CENTRAL MILITAR,SEDENA,,,"19.437367, -99.216057"
2020-04-15,HOSPITAL MILITAR DE ZONA CAMPO NO. 1-A,SEDENA,,,"19.457977, -99.227768"
2020-04-15,HOSPITAL MILITAR DE ZONA EL VERGEL,SEDENA,,,"19.312522, -99.082521"
2020-04-15,CAMPO MILITAR NO. 1-A 6/O GRUPO DE MORTEROS,SEDENA,,,"19.449179, -99.232137"
2020-04-15,22/O BATALLÓN DE POLÍCIA MILITAR ,SEDENA,,,"19.405526, -99.135839"
2020-04-15,81/0 BATALLÓN DE INFANTERÍA Y ESCUELA MILITAR DE INFANTERÍA ,SEDENA,,,"19.264736, -99.152936"
2020-04-15,CAMPO MILITAR NO 37-B HOSPITAL MILITAR DE ZONA TEMAMATLA,SEDENA,,,"19.188076, -98.870108"
2020-04-15,CAMPO MILITAR NO 37-B 6/O BATALLÓN DE FUERZAS ESPECIALES ,SEDENA,,,"19.188076, -98.870108"
2020-04-15,HOSPITAL MILITAR DE ZONA SANTA MARÍA RAYÓN ,SEDENA,,,"19.137953, -99.594466"
2020-04-15,8/O REGIMIENTO MECANIZADO ALMOLOYA DE JUÁREZ ,SEDENA,,,"19.403838, -99.742294"
2020-04-15,CENTRO MÉDICO NAVAL,SEMAR,,MEDIA,"19.324032, -99.125233"
2020-04-15,HOSPITAL CENTRAL SUR DE ALTA ESPECIALIDAD ,PEMEX,CRÍTICA,CRÍTICA,"19.308751, -99.218739"
2020-04-15,HOSPITAL CENTRAL NORTE ,PEMEX,MEDIA,MEDIA,"19.479895, -99.200880"
2020-04-15,ALTA ESPECIALIDAD DE ZUMPANGO ,EDOMEX,CRÍTICA,MEDIA,"19.815464, -99.089197"
2020-04-15,ALTA ESPECIALIDAD DE IXTAPALUCA ,EDOMEX,BUENA,BUENA,"19.319081, -98.855395"
2020-04-15,HOSPITAL REGIONAL TLANEPANTLA ISSEMYM ,EDOMEX,,BUENA,"19.521817, -99.187531"
2020-04-15,CENTRO MÉDICO TOLUCA ISSEMYM ,EDOMEX,CRÍTICA,MEDIA,"19.286408, -99.586018"
2020-04-15,HOSPITAL PARA EL NIÑO IMIEM ,EDOMEX,,,"19.272268, -99.660899"
2020-04-15,CENTRO MÉDICO ADOLFO LÓPEZ MATEOS ,EDOMEX,MEDIA,BUENA,"19.321045, -99.633308"
2020-04-15,"HOSPITAL GENERAL ECATEPEC ""LAS AMÉRICAS"" ",EDOMEX,,,"19.594136, -99.018679"
2020-04-15,HOSPITAL ÁNGELES MOCEL ,PRIVADOS,,CRÍTICA,"19.410855, -99.184695"
2020-04-15,HOSPITAL SEDNA,PRIVADOS,MEDIA,CRÍTICA,"19.303597, -99.174177"
2020-04-15,HOSPITAL ÁNGELES PEDREGAL ,PRIVADOS,BUENA,BUENA,"19.312440, -99.221240"
2020-04-15,MÉDICA SUR ,PRIVADOS,MEDIA,MEDIA,"19.297207, -99.160809"
2020-04-15,NUEVO SANATORIO DURANGO  ,PRIVADOS,MEDIA,MEDIA,"19.418455, -99.171747"
2020-04-15,HOSPITAL ÁNGELES ROMA (SANTELENA)   ,PRIVADOS,BUENA,CRÍTICA,"19.415243, -99.157081"
2020-04-15,HOSPITAL ÁNGELES SANTA MÓNICA  ,PRIVADOS,,,"19.434303, -99.191799"
2020-04-15,CENTRO MÉDICO ABC CAMPUS OBSERVATORIO  ,PRIVADOS,,CRÍTICA,"19.400754, -99.204033"
2020-04-15,CENTRO MÉDICO ABC CAMPUS SANTA FE,PRIVADOS,CRÍTICA,CRÍTICA,"19.356363, -99.282374"
2020-04-15,HOSPITAL SAN ÁNGEL INN CHAPULTEPEC,PRIVADOS,CRÍTICA,CRÍTICA,"19.421896, -99.172987"
2020-04-15,HOSPITAL SAN ÁNGEL INN PATRIOTISMO  ,PRIVADOS,CRÍTICA,CRÍTICA,"19.376412, -99.186388"
2020-04-15,HOSPITAL SAN ÁNGEL INN SUR   ,PRIVADOS,CRÍTICA,CRÍTICA,"19.340277, -99.200021"
2020-04-15,HOSPITAL SAN ÁNGEL INN UNIVERSIDAD  ,PRIVADOS,,,"19.358908, -99.167569"
2020-04-15,CENTRO DE ATENCIÓN MÉDICA INTEGRAL (HOSPITAL CAMI)   ,PRIVADOS,CRÍTICA,CRÍTICA,"19.424002, -99.105060"
2020-04-15,CENTRO MÉDICO DALINDE ,PRIVADOS,CRÍTICA,MEDIA,"19.405260,-99.168017"
2020-04-15,CENTRO MÉDICO QIRÚGICO ESCANDÓN ,PRIVADOS,BUENA,,"19.402588, -99.172236"
2020-04-15,FUNDACIÓN HOSPITAL NUESTRA SEÑORA DE LA LUZ ,PRIVADOS,BUENA,,"19.434591, -99.157036"
2020-04-15,HMG HOSPITAL COYOACÁN ,PRIVADOS,CRÍTICA,MEDIA,"19.328044, -99.143601"
2020-04-15,HOSPITAL ÁNGELES ACOXPA ,PRIVADOS,BUENA,MEDIA,"19.299431, -99.134953"
2020-04-15,HOSPITAL DE COS ,PRIVADOS,BUENA,,"19.416104, -99.162514"
2020-04-15,HOSPITAL ÁNGELES CLÍNICA LONDRES ,PRIVADOS,CRÍTICA,BUENA,"19.421804, -99.156942"
2020-04-15,HOSPITAL DE ESPECIALIDADES MIG  ,PRIVADOS,CRÍTICA,CRÍTICA,"19.491619, -99.126656"
2020-04-15,HOSPITAL ÁNGELES LINDAVSTA ,PRIVADOS,,,"19.486673, -99.129583"
2020-04-15,HOSPITAL DIOMED ,PRIVADOS,CRÍTICA,CRÍTICA,"19.401424, -99.205282"
2020-04-15,HOSPITAL ÁNGELES METROPOLITANO  ,PRIVADOS,BUENA,CRÍTICA,"19.407125, -99.167048"
2020-04-15,HOSPITAL ÁNGELES MÉXICO  ,PRIVADOS,CRÍTICA,CRÍTICA,"19.400075, -99.172655"
2020-04-15,HOSPITAL ESPAÑOL  ,PRIVADOS,BUENA,MEDIA,"19.439382, -99.197221"
2020-04-15,HOSPITAL OBREGÓN ,PRIVADOS,CRÍTICA,,"19.418468, -99.160702"
2020-04-15,INSTITUTO NACIONAL DE NUTRICIÓN ,SSA,,BUENA,"19.289599, -99.155441"
2020-04-15,INSTITUTO NACIONAL DE ENFERMEDADES RESPIRATORIAS,SSA,,BUENA,"19.291375, -99.158653"
2020-04-15,HOSPITAL GENERAL DE MÉXICO,SSA,,BUENA,"19.4129258, -99.1520225"
2020-04-15,HOSPITAL JUÁREZ,SSA,,BUENA,"19.481829, -99.135576"
2020-04-15,HOSPITAL GENERAL DR MANUEL GEA GONZÁLEZ,SSA,,MEDIA,"19.290295, -99.160861"
2020-04-15,HOSPITAL REGIONAL DE ALTA ESPECIALIDAD DE IXTAPALUCA ,SSA,BUENA,BUENA,"19.318796, -98.855353"
2020-04-15,HOSPITAL INFANTIL DE MÉXICO FEDERICO GÓMEZ,SSA,BUENA,,"19.410839, -99.151941"
2020-04-15,HOSPITAL DE ESPECIALIDADES DE LA CIUDAD DE MÉXICO DR BELISARIO DOMÍNGUEZ,SEDESA,MEDIA,CRÍTICA,"19.307226, -99.065356"
2020-04-15,HOSPITAL GENERAL DR ENRIQUE CABRERA,SEDESA,,MEDIA,"19.361675, -99.224432"
2020-04-15,HOSPITAL GENERAL TLÁHUAC ,SEDESA,CRÍTICA,CRÍTICA,"19.287492, -99.052665"
2020-04-15,HOSPITAL PEDIÁTRICO LA VILLA,SEDESA,MEDIA,CRÍTICA,"19.487355, -99.114316"
2020-04-15,HOSPITAL DE ESPECIALIDADES 01 CMN SIGLO XXI ,IMSS,CRÍTICA,CRÍTICA,"19.466549, -99.145102"
2020-04-15,HOSPITAL DE PEDIATRÍA 01 CMN SIGLO XXI (CDMX SUR) ,IMSS,CRÍTICA,CRÍTICA,"19.3696537, -99.1558374"
2020-04-15,HOSPITAL GENERAL DE ZONA 01 CARLOS MC GREGOR (CDMX SUR) ,IMSS,MEDIA,MEDIA,"19.395912, -99.161610"
2020-04-15,HOSPITAL GENERAL DE ZONA 1A PARQUE DE LOS VENADOS (CDMX SUR) ,IMSS,MEDIA,CRÍTICA,"19.369978, -99.155870"
2020-04-15,HOSPITAL DE INFECTOLOGÍA 01 LA RAZA (CDMX NORTE) ,IMSS,BUENA,MEDIA,"19.465067, -99.144881"
2020-04-15,HOSPITAL GENERAL 01 (CDMX NORTE)  LA RAZA,IMSS,CRÍTICA,CRÍTICA,"19.395740, -99.161677"
2020-04-15,HOSPITAL GENERAL DE ZONA 24 (CDMX NORTE) ,IMSS,CRÍTICA,CRÍTICA,"19.483221, -99.128448"
2020-04-15,HOSPITAL GENERAL DE ZONA 27 (CDMX NORTE),IMSS,MEDIA,CRÍTICA,"19.454776, -99.140007"
2020-04-15,HOSPITAL GENERAL DE ZONA 2A (CDMX SUR) ,IMSS,MEDIA,CRÍTICA,"19.405495, -99.112200"
2020-04-15,HOSPITAL GENERAL DE ZONA 30 (CDMX SUR) ,IMSS,MEDIA,CRÍTICA,"19.398836, -99.116913"
2020-04-15,HOSPITAL GENERAL DE ZONA 32 (CDMX SUR) ,IMSS,BUENA,CRÍTICA,"19.307964, -99.130677"
2020-04-15,HOSPITAL GENERAL DE ZONA C/MF 08 (CDMX SUR) ,IMSS,MEDIA,CRÍTICA,"19.337137, -99.200142"
2020-04-15,HOSPITAL GENERAL DE ZONA C/UMAA 48 (CDMX NORTE) ,IMSS,CRÍTICA,MEDIA,"19.482375, -99.213046"
2020-04-15,HOSPITAL GENERAL REGIONAL 72,IMSS,,,"19.542797, -99.205022"
2020-04-15,HOSPITAL GENERAL REGIONAL 196,IMSS,,,"19.529016, -99.030983"
2020-04-15,HOSPITAL GENERAL REGIONAL 200,IMSS,,,"19.742905, -98.972971"
2020-04-15,HOSPITAL GENERAL DE ZONA 53,IMSS,,,"19.356913, -98.990929"
2020-04-15,HOSPITAL GENERAL DE ZONA 197,IMSS,,,"19.515133, -98.891450"
2020-04-15,HOSPITAL GENERAL REGIONAL 220,IMSS,,,"19.283056, -99.639530"
2020-04-15,HOSPITAL GENERAL REGIONAL 251,IMSS,,,"19.246755, -99.576878"
2020-04-15,HOSPITAL GENERAL DE ZONA 194,IMSS,,,"19.470300, -99.234208"
2020-04-15,CENTRO MÉDICO 20 DE NOVIEMBRE,ISSSTE,MEDIA,MEDIA,"19.372720, -99.171205"
2020-04-15,HG DARIO FERNANDEZ FIERRO,ISSSTE,BUENA,MEDIA,"19.363602, -99.188608"
2020-04-15,HG JOSÉ MARÍA MORELOS,ISSSTE,,CRÍTICA,"19.363918, -98.995393"
2020-04-15,HG TACUBA,ISSSTE,,MEDIA,"19.454384, -99.191231"
2020-04-15,HG DR FERNANDO QUIROZ ,ISSSTE,,CRÍTICA,"19.394242, -99.194187"
2020-04-15,HG IGNACIO ZARAGOZA,ISSSTE,,BUENA,"19.389472, -99.045019"
2020-04-15,HR PRIMERO DE OCTUBRE,ISSSTE,BUENA,BUENA,"19.486751, -99.133249"
2020-04-15,HR LIC ADOLFO LÓPEZ MATEOS ,ISSSTE,BUENA,,"19.358451, -99.172716"
2020-04-15,HR BICENTARIO DE LA INDEPENDENCIA ,ISSSTE,BUENA,MEDIA,"19.628814, -99.163343"
2020-04-15,HG TOLUCA,ISSSTE,CRÍTICA,MEDIA,"19.256918, -99.635872"
2020-04-15,HOSPITAL CENTRAL MILITAR,SEDENA,,,"19.437367, -99.216057"
2020-04-15,HOSPITAL MILITAR DE ZONA CAMPO NO. 1-A,SEDENA,,,"19.457977, -99.227768"
2020-04-15,HOSPITAL MILITAR DE ZONA EL VERGEL,SEDENA,,,"19.312522, -99.082521"
2020-04-15,CAMPO MILITAR NO. 1-A 6/O GRUPO DE MORTEROS,SEDENA,,,"19.449179, -99.232137"
2020-04-15,22/O BATALLÓN DE POLÍCIA MILITAR ,SEDENA,,,"19.405526, -99.135839"
2020-04-15,81/0 BATALLÓN DE INFANTERÍA Y ESCUELA MILITAR DE INFANTERÍA ,SEDENA,,,"19.264736, -99.152936"
2020-04-15,CAMPO MILITAR NO 37-B HOSPITAL MILITAR DE ZONA TEMAMATLA,SEDENA,,,"19.188076, -98.870108"
2020-04-15,CAMPO MILITAR NO 37-B 6/O BATALLÓN DE FUERZAS ESPECIALES ,SEDENA,,,"19.188076, -98.870108"
2020-04-15,HOSPITAL MILITAR DE ZONA SANTA MARÍA RAYÓN ,SEDENA,,,"19.137953, -99.594466"
2020-04-15,8/O REGIMIENTO MECANIZADO ALMOLOYA DE JUÁREZ ,SEDENA,,,"19.403838, -99.742294"
2020-04-15,CENTRO MÉDICO NAVAL,SEMAR,,MEDIA,"19.324032, -99.125233"
2020-04-15,HOSPITAL CENTRAL SUR DE ALTA ESPECIALIDAD ,PEMEX,CRÍTICA,CRÍTICA,"19.308751, -99.218739"
2020-04-15,HOSPITAL CENTRAL NORTE ,PEMEX,,MEDIA,"19.479895, -99.200880"
2020-04-15,ALTA ESPECIALIDAD DE ZUMPANGO ,EDOMEX,MEDIA,MEDIA,"19.815464, -99.089197"
2020-04-15,HOSPITAL REGIONAL TLANEPANTLA ISSEMYM ,EDOMEX,,MEDIA,"19.319081, -98.855395"
2020-04-15,CENTRO MÉDICO TOLUCA ISSEMYM ,EDOMEX,CRÍTICA,MEDIA,"19.286408, -99.586018"
2020-04-15,HOSPITAL PARA EL NIÑO IMIEM ,EDOMEX,CRÍTICA,CRÍTICA,"19.272268, -99.660899"
2020-04-15,CENTRO MÉDICO ADOLFO LÓPEZ MATEOS ,EDOMEX,MEDIA,BUENA,"19.321045, -99.633308"
2020-04-15,"HOSPITAL GENERAL ECATEPEC ""LAS AMÉRICAS"" ",EDOMEX,,,"19.594136, -99.018679"
2020-04-15,HOSPITAL ÁNGELES MOCEL ,PRIVADOS,,,"19.410855, -99.184695"
2020-04-15,HOSPITAL SEDNA,PRIVADOS,MEDIA,CRÍTICA,"19.303597, -99.174177"
2020-04-15,HOSPITAL ÁNGELES PEDREGAL ,PRIVADOS,BUENA,BUENA,"19.312440, -99.221240"
2020-04-15,MÉDICA SUR ,PRIVADOS,MEDIA,BUENA,"19.297207, -99.160809"
2020-04-15,NUEVO SANATORIO DURANGO  ,PRIVADOS,MEDIA,MEDIA,"19.418455, -99.171747"
2020-04-15,HOSPITAL ÁNGELES ROMA (SANTELENA)   ,PRIVADOS,BUENA,CRÍTICA,"19.415243, -99.157081"
2020-04-15,HOSPITAL ÁNGELES SANTA MÓNICA  ,PRIVADOS,,,"19.434303, -99.191799"
2020-04-15,CENTRO MÉDICO ABC CAMPUS OBSERVATORIO  ,PRIVADOS,,CRÍTICA,"19.400754, -99.204033"
2020-04-15,CENTRO MÉDICO ABC CAMPUS SANTA FE,PRIVADOS,CRÍTICA,CRÍTICA,"19.356363, -99.282374"
2020-04-15,HOSPITAL SAN ÁNGEL INN CHAPULTEPEC,PRIVADOS,CRÍTICA,CRÍTICA,"19.421896, -99.172987"
2020-04-15,HOSPITAL SAN ÁNGEL INN PATRIOTISMO  ,PRIVADOS,CRÍTICA,CRÍTICA,"19.376412, -99.186388"
2020-04-15,HOSPITAL SAN ÁNGEL INN SUR   ,PRIVADOS,CRÍTICA,CRÍTICA,"19.340277, -99.200021"
2020-04-15,HOSPITAL SAN ÁNGEL INN UNIVERSIDAD  ,PRIVADOS,,MEDIA,"19.358908, -99.167569"
2020-04-15,CENTRO DE ATENCIÓN MÉDICA INTEGRAL (HOSPITAL CAMI)   ,PRIVADOS,CRÍTICA,CRÍTICA,"19.424002, -99.105060"
2020-04-15,CENTRO MÉDICO DALINDE ,PRIVADOS,CRÍTICA,MEDIA,"19.405260,-99.168017"
2020-04-15,CENTRO MÉDICO QIRÚGICO ESCANDÓN ,PRIVADOS,BUENA,,"19.402588, -99.172236"
2020-04-15,FUNDACIÓN HOSPITAL NUESTRA SEÑORA DE LA LUZ ,PRIVADOS,BUENA,,"19.434591, -99.157036"
2020-04-15,HMG HOSPITAL COYOACÁN ,PRIVADOS,CRÍTICA,MEDIA,"19.328044, -99.143601"
2020-04-15,HOSPITAL ÁNGELES ACOXPA ,PRIVADOS,BUENA,CRÍTICA,"19.299431, -99.134953"
2020-04-15,HOSPITAL DE COS ,PRIVADOS,BUENA,BUENA,"19.416104, -99.162514"
2020-04-15,HOSPITAL ÁNGELES CLÍNICA LONDRES ,PRIVADOS,CRÍTICA,BUENA,"19.421804, -99.156942"
2020-04-15,HOSPITAL DE ESPECIALIDADES MIG  ,PRIVADOS,CRÍTICA,CRÍTICA,"19.491619, -99.126656"
2020-04-15,HOSPITAL ÁNGELES LINDAVSTA ,PRIVADOS,,CRÍTICA,"19.486673, -99.129583"
2020-04-15,HOSPITAL DIOMED ,PRIVADOS,CRÍTICA,CRÍTICA,"19.401424, -99.205282"
2020-04-15,HOSPITAL ÁNGELES METROPOLITANO  ,PRIVADOS,BUENA,CRÍTICA,"19.407125, -99.167048"
2020-04-15,HOSPITAL ÁNGELES MÉXICO  ,PRIVADOS,CRÍTICA,CRÍTICA,"19.400075, -99.172655"
2020-04-15,HOSPITAL ESPAÑOL  ,PRIVADOS,,BUENA,"19.439382, -99.197221"
2020-04-15,HOSPITAL OBREGÓN ,PRIVADOS,CRÍTICA,BUENA,"19.418468, -99.160702"
2020-04-15,CORPORATIVO HOSPITAL SATÉLITE,PRIVADOS,BUENA,BUENA,"19.513536, -99.237738"
2020-04-16,INSTITUTO NACIONAL DE NUTRICIÓN ,SSA,,BUENA,"19.289599, -99.155441"
2020-04-16,INSTITUTO NACIONAL DE ENFERMEDADES RESPIRATORIAS,SSA,MEDIA,MEDIA,"19.291375, -99.158653"
2020-04-16,HOSPITAL GENERAL DE MÉXICO,SSA,,CRÍTICA,"19.4129258, -99.1520225"
2020-04-16,HOSPITAL JUÁREZ,SSA,BUENA,BUENA,"19.481829, -99.135576"
2020-04-16,HOSPITAL GENERAL DR MANUEL GEA GONZÁLEZ,SSA,,MEDIA,"19.290295, -99.160861"
2020-04-16,HOSPITAL REGIONAL DE ALTA ESPECIALIDAD DE IXTAPALUCA ,SSA,BUENA,BUENA,"19.318796, -98.855353"
2020-04-16,HOSPITAL INFANTIL DE MÉXICO FEDERICO GÓMEZ,SSA,CRÍTICA,CRÍTICA,"19.410839, -99.151941"
2020-04-16,INSTITUTO NACIONAL DE CARDIOLOGÍA IGNACIO CHÁVEZ,SSA,CRÍTICA,CRÍTICA,"19.290598, -99.153838"
2020-04-16,HOSPITAL DE ESPECIALIDADES DE LA CIUDAD DE MÉXICO DR BELISARIO DOMÍNGUEZ,SEDESA,MEDIA,CRÍTICA,"19.307226, -99.065356"
2020-04-16,HOSPITAL GENERAL DR ENRIQUE CABRERA,SEDESA,MEDIA,MEDIA,"19.361675, -99.224432"
2020-04-16,HOSPITAL GENERAL TLÁHUAC ,SEDESA,CRÍTICA,CRÍTICA,"19.287492, -99.052665"
2020-04-16,HOSPITAL PEDIÁTRICO LA VILLA,SEDESA,MEDIA,CRÍTICA,"19.487355, -99.114316"
2020-04-16,HOSPITAL DE ESPECIALIDADES 01 CMN SIGLO XXI ,IMSS,CRÍTICA,CRÍTICA,"19.466549, -99.145102"
2020-04-16,HOSPITAL DE PEDIATRÍA 01 CMN SIGLO XXI (CDMX SUR) ,IMSS,CRÍTICA,CRÍTICA,"19.3696537, -99.1558374"
2020-04-16,HOSPITAL GENERAL DE ZONA 01 CARLOS MC GREGOR (CDMX SUR) ,IMSS,MEDIA,MEDIA,"19.395912, -99.161610"
2020-04-16,HOSPITAL GENERAL DE ZONA 1A PARQUE DE LOS VENADOS (CDMX SUR) ,IMSS,MEDIA,MEDIA,"19.369978, -99.155870"
2020-04-16,HOSPITAL DE INFECTOLOGÍA 01 LA RAZA (CDMX NORTE) ,IMSS,BUENA,BUENA,"19.465067, -99.144881"
2020-04-16,HOSPITAL GENERAL 01 (CDMX NORTE)  LA RAZA,IMSS,CRÍTICA,CRÍTICA,"19.395740, -99.161677"
2020-04-16,HOSPITAL GENERAL DE ZONA 24 (CDMX NORTE) ,IMSS,CRÍTICA,CRÍTICA,"19.483221, -99.128448"
2020-04-16,HOSPITAL GENERAL DE ZONA 27 (CDMX NORTE),IMSS,MEDIA,CRÍTICA,"19.454776, -99.140007"
2020-04-16,HOSPITAL GENERAL DE ZONA 2A (CDMX SUR) ,IMSS,MEDIA,CRÍTICA,"19.405495, -99.112200"
2020-04-16,HOSPITAL GENERAL DE ZONA 30 (CDMX SUR) ,IMSS,MEDIA,CRÍTICA,"19.398836, -99.116913"
2020-04-16,HOSPITAL GENERAL DE ZONA 32 (CDMX SUR) ,IMSS,BUENA,CRÍTICA,"19.307964, -99.130677"
2020-04-16,HOSPITAL GENERAL DE ZONA C/MF 08 (CDMX SUR) ,IMSS,MEDIA,CRÍTICA,"19.337137, -99.200142"
2020-04-16,HOSPITAL GENERAL DE ZONA C/UMAA 48 (CDMX NORTE) ,IMSS,MEDIA,MEDIA,"19.482375, -99.213046"
2020-04-16,HOSPITAL GENERAL 02 (CDMX SUR) VILLA COAPA ,IMSS,CRÍTICA,CRÍTICA,"19.309194, -99.129593"
2020-04-16,HOSPITAL DE ESPECIALIDADES 01 (CDMX NORTE) LA RAZA ,IMSS,CRÍTICA,CRÍTICA,"19.467169, -99.143785"
2020-04-16,HOSPITAL GENERAL DE ZONA C/MF 29 (S. JUAN ARAGÓN),IMSS,CRÍTICA,CRÍTICA,"19.465117, -99.085162"
2020-04-16,HOSPITAL GENERAL DE ZONA 47 (CDMX SUR) (IZP),IMSS,CRÍTICA,CRÍTICA,"19.357566, -99.054269"
2020-04-16,HOSPITAL GENERAL REGIONAL 72,IMSS,MEDIA,MEDIA,"19.542797, -99.205022"
2020-04-16,HOSPITAL GENERAL REGIONAL 196,IMSS,MEDIA,CRÍTICA,"19.529016, -99.030983"
2020-04-16,HOSPITAL GENERAL REGIONAL 200,IMSS,MEDIA,CRÍTICA,"19.742905, -98.972971"
2020-04-16,HOSPITAL GENERAL DE ZONA 53,IMSS,MEDIA,CRÍTICA,"19.356913, -98.990929"
2020-04-16,HOSPITAL GENERAL DE ZONA 197,IMSS,MEDIA,MEDIA,"19.515133, -98.891450"
2020-04-16,HOSPITAL GENERAL REGIONAL 220,IMSS,,BUENA,"19.283056, -99.639530"
2020-04-16,HOSPITAL GENERAL REGIONAL 251,IMSS,,BUENA,"19.246755, -99.576878"
2020-04-16,HOSPITAL GENERAL DE ZONA 194,IMSS,,CRÍTICA,"19.470300, -99.234208"
2020-04-16,HOSPITAL GENERAL DE ZONA 57 (LA QUEBRADA) ,IMSS,CRÍTICA,CRÍTICA,"19.597387, -99.188426"
2020-04-16,HOSPITAL GENERAL DE ZONA 58 (LAS MARGARITAS) ,IMSS,CRÍTICA,MEDIA,"19.530797, -99.222446"
2020-04-16,HOSPITAL GENERAL DE ZONA 68 (TULPETLAC) ,IMSS,CRÍTICA,CRÍTICA,"19.570070, -99.044009"
2020-04-16,HOSPITAL GENERAL DE ZONA 71 (CHALCO) ,IMSS,CRÍTICA,CRÍTICA,"19.259803, -98.893368"
2020-04-16,HOSPITAL GENERAL DE ZONA 76 (XALOSTOC) ,IMSS,CRÍTICA,CRÍTICA,"19.526677, -99.082058"
2020-04-16,HOSPITAL GENERAL DE ZONA 98 (COACALCO) ,IMSS,CRÍTICA,CRÍTICA,"19.638165, -99.098892"
2020-04-16,CENTRO MÉDICO 20 DE NOVIEMBRE,ISSSTE,MEDIA,MEDIA,"19.372720, -99.171205"
2020-04-16,HG DARIO FERNANDEZ FIERRO,ISSSTE,BUENA,BUENA,"19.363602, -99.188608"
2020-04-16,HG JOSÉ MARÍA MORELOS,ISSSTE,,CRÍTICA,"19.363918, -98.995393"
2020-04-16,HG TACUBA,ISSSTE,,MEDIA,"19.454384, -99.191231"
2020-04-16,HG DR FERNANDO QUIROZ ,ISSSTE,,MEDIA,"19.394242, -99.194187"
2020-04-16,HG IGNACIO ZARAGOZA,ISSSTE,,BUENA,"19.389472, -99.045019"
2020-04-16,HR PRIMERO DE OCTUBRE,ISSSTE,BUENA,BUENA,"19.486751, -99.133249"
2020-04-16,HR LIC ADOLFO LÓPEZ MATEOS ,ISSSTE,BUENA,BUENA,"19.358451, -99.172716"
2020-04-16,HR BICENTARIO DE LA INDEPENDENCIA ,ISSSTE,BUENA,MEDIA,"19.628814, -99.163343"
2020-04-16,HG TOLUCA,ISSSTE,CRÍTICA,MEDIA,"19.256918, -99.635872"
2020-04-16,HOSPITAL CENTRAL MILITAR,SEDENA,,,"19.437367, -99.216057"
2020-04-16,HOSPITAL MILITAR DE ZONA CAMPO NO. 1-A,SEDENA,,,"19.457977, -99.227768"
2020-04-16,HOSPITAL MILITAR DE ZONA EL VERGEL,SEDENA,,,"19.312522, -99.082521"
2020-04-16,CAMPO MILITAR NO. 1-A 6/O GRUPO DE MORTEROS,SEDENA,,,"19.449179, -99.232137"
2020-04-16,22/O BATALLÓN DE POLÍCIA MILITAR ,SEDENA,,,"19.405526, -99.135839"
2020-04-16,81/0 BATALLÓN DE INFANTERÍA Y ESCUELA MILITAR DE INFANTERÍA ,SEDENA,,,"19.264736, -99.152936"
2020-04-16,CAMPO MILITAR NO 37-B HOSPITAL MILITAR DE ZONA TEMAMATLA,SEDENA,,,"19.188076, -98.870108"
2020-04-16,CAMPO MILITAR NO 37-B 6/O BATALLÓN DE FUERZAS ESPECIALES ,SEDENA,,,"19.188076, -98.870108"
2020-04-16,HOSPITAL MILITAR DE ZONA SANTA MARÍA RAYÓN ,SEDENA,,,"19.137953, -99.594466"
2020-04-16,8/O REGIMIENTO MECANIZADO ALMOLOYA DE JUÁREZ ,SEDENA,,,"19.403838, -99.742294"
2020-04-16,CENTRO MÉDICO NAVAL,SEMAR,,MEDIA,"19.324032, -99.125233"
2020-04-16,HOSPITAL CENTRAL SUR DE ALTA ESPECIALIDAD ,PEMEX,CRÍTICA,CRÍTICA,"19.308751, -99.218739"
2020-04-16,HOSPITAL CENTRAL NORTE ,PEMEX,,MEDIA,"19.479895, -99.200880"
2020-04-16,ALTA ESPECIALIDAD DE ZUMPANGO ,EDOMEX,MEDIA,MEDIA,"19.815464, -99.089197"
2020-04-16,HOSPITAL REGIONAL TLANEPANTLA ISSEMYM ,EDOMEX,,MEDIA,"19.319081, -98.855395"
2020-04-16,CENTRO MÉDICO TOLUCA ISSEMYM ,EDOMEX,MEDIA,MEDIA,"19.286408, -99.586018"
2020-04-16,HOSPITAL PARA EL NIÑO IMIEM ,EDOMEX,CRÍTICA,CRÍTICA,"19.272268, -99.660899"
2020-04-16,CENTRO MÉDICO ADOLFO LÓPEZ MATEOS ,EDOMEX,BUENA,BUENA,"19.321045, -99.633308"
2020-04-16,"HOSPITAL GENERAL ECATEPEC ""LAS AMÉRICAS"" ",EDOMEX,MEDIA,MEDIA,"19.594136, -99.018679"
2020-04-16,HOSPITAL ÁNGELES MOCEL ,PRIVADOS,,MEDIA,"19.410855, -99.184695"
2020-04-16,HOSPITAL SEDNA,PRIVADOS,MEDIA,CRÍTICA,"19.303597, -99.174177"
2020-04-16,HOSPITAL ÁNGELES PEDREGAL ,PRIVADOS,BUENA,BUENA,"19.312440, -99.221240"
2020-04-16,MÉDICA SUR ,PRIVADOS,,BUENA,"19.297207, -99.160809"
2020-04-16,NUEVO SANATORIO DURANGO  ,PRIVADOS,MEDIA,MEDIA,"19.418455, -99.171747"
2020-04-16,HOSPITAL ÁNGELES ROMA (SANTELENA)   ,PRIVADOS,BUENA,CRÍTICA,"19.415243, -99.157081"
2020-04-16,HOSPITAL ÁNGELES SANTA MÓNICA  ,PRIVADOS,,,"19.434303, -99.191799"
2020-04-16,CENTRO MÉDICO ABC CAMPUS OBSERVATORIO  ,PRIVADOS,BUENA,BUENA,"19.400754, -99.204033"
2020-04-16,CENTRO MÉDICO ABC CAMPUS SANTA FE,PRIVADOS,CRÍTICA,CRÍTICA,"19.356363, -99.282374"
2020-04-16,HOSPITAL SAN ÁNGEL INN CHAPULTEPEC,PRIVADOS,CRÍTICA,CRÍTICA,"19.421896, -99.172987"
2020-04-16,HOSPITAL SAN ÁNGEL INN PATRIOTISMO  ,PRIVADOS,CRÍTICA,CRÍTICA,"19.376412, -99.186388"
2020-04-16,HOSPITAL SAN ÁNGEL INN SUR   ,PRIVADOS,CRÍTICA,CRÍTICA,"19.340277, -99.200021"
2020-04-16,HOSPITAL SAN ÁNGEL INN UNIVERSIDAD  ,PRIVADOS,,CRÍTICA,"19.358908, -99.167569"
2020-04-16,CENTRO DE ATENCIÓN MÉDICA INTEGRAL (HOSPITAL CAMI)   ,PRIVADOS,CRÍTICA,CRÍTICA,"19.424002, -99.105060"
2020-04-16,CENTRO MÉDICO DALINDE ,PRIVADOS,CRÍTICA,MEDIA,"19.405260,-99.168017"
2020-04-16,CENTRO MÉDICO QIRÚGICO ESCANDÓN ,PRIVADOS,,,"19.402588, -99.172236"
2020-04-16,FUNDACIÓN HOSPITAL NUESTRA SEÑORA DE LA LUZ ,PRIVADOS,BUENA,BUENA,"19.434591, -99.157036"
2020-04-16,HMG HOSPITAL COYOACÁN ,PRIVADOS,MEDIA,MEDIA,"19.328044, -99.143601"
2020-04-16,HOSPITAL ÁNGELES ACOXPA ,PRIVADOS,BUENA,MEDIA,"19.299431, -99.134953"
2020-04-16,HOSPITAL DE COS ,PRIVADOS,,BUENA,"19.416104, -99.162514"
2020-04-16,HOSPITAL ÁNGELES CLÍNICA LONDRES ,PRIVADOS,CRÍTICA,BUENA,"19.421804, -99.156942"
2020-04-16,HOSPITAL DE ESPECIALIDADES MIG  ,PRIVADOS,CRÍTICA,CRÍTICA,"19.491619, -99.126656"
2020-04-16,HOSPITAL ÁNGELES LINDAVSTA ,PRIVADOS,,CRÍTICA,"19.486673, -99.129583"
2020-04-16,HOSPITAL DIOMED ,PRIVADOS,CRÍTICA,CRÍTICA,"19.401424, -99.205282"
2020-04-16,HOSPITAL ÁNGELES METROPOLITANO  ,PRIVADOS,BUENA,CRÍTICA,"19.407125, -99.167048"
2020-04-16,HOSPITAL ÁNGELES MÉXICO  ,PRIVADOS,CRÍTICA,CRÍTICA,"19.400075, -99.172655"
2020-04-16,HOSPITAL ESPAÑOL  ,PRIVADOS,,,"19.439382, -99.197221"
2020-04-16,HOSPITAL OBREGÓN ,PRIVADOS,CRÍTICA,,"19.418468, -99.160702"
2020-04-16,CORPORATIVO HOSPITAL SATÉLITE,PRIVADOS,,,"19.513536, -99.237738"
2020-04-17,INSTITUTO NACIONAL DE NUTRICIÓN ,SSA,,CRÍTICA,"19.289599, -99.155441"
2020-04-17,INSTITUTO NACIONAL DE ENFERMEDADES RESPIRATORIAS,SSA,MEDIA,MEDIA,"19.291375, -99.158653"
2020-04-17,HOSPITAL GENERAL DE MÉXICO,SSA,,CRÍTICA,"19.4129258, -99.1520225"
2020-04-17,HOSPITAL JUÁREZ,SSA,,BUENA,"19.481829, -99.135576"
2020-04-17,HOSPITAL GENERAL DR MANUEL GEA GONZÁLEZ,SSA,,MEDIA,"19.290295, -99.160861"
2020-04-17,HOSPITAL REGIONAL DE ALTA ESPECIALIDAD DE IXTAPALUCA ,SSA,BUENA,BUENA,"19.318796, -98.855353"
2020-04-17,HOSPITAL INFANTIL DE MÉXICO FEDERICO GÓMEZ,SSA,CRÍTICA,CRÍTICA,"19.410839, -99.151941"
2020-04-17,INSTITUTO NACIONAL DE CARDIOLOGÍA IGNACIO CHÁVEZ,SSA,CRÍTICA,CRÍTICA,"19.290598, -99.153838"
2020-04-17,HOSPITAL DE ESPECIALIDADES DE LA CIUDAD DE MÉXICO DR BELISARIO DOMÍNGUEZ,SEDESA,,MEDIA,"19.307226, -99.065356"
2020-04-17,HOSPITAL GENERAL DR ENRIQUE CABRERA,SEDESA,MEDIA,MEDIA,"19.361675, -99.224432"
2020-04-17,HOSPITAL GENERAL TLÁHUAC ,SEDESA,CRÍTICA,CRÍTICA,"19.287492, -99.052665"
2020-04-17,CITIBANAMEX,SEDESA,,BUENA,"19.439732, -99.224235"
2020-04-17,HOSPITAL PEDIÁTRICO LA VILLA,SEDESA,CRÍTICA,MEDIA,"19.487355, -99.114316"
2020-04-17,HOSPITAL DE ESPECIALIDADES 01 CMN SIGLO XXI ,IMSS,CRÍTICA,MEDIA,"19.466549, -99.145102"
2020-04-17,HOSPITAL DE PEDIATRÍA 01 CMN SIGLO XXI (CDMX SUR) ,IMSS,CRÍTICA,CRÍTICA,"19.3696537, -99.1558374"
2020-04-17,HOSPITAL GENERAL DE ZONA 01 CARLOS MC GREGOR (CDMX SUR) ,IMSS,,MEDIA,"19.395912, -99.161610"
2020-04-17,HOSPITAL GENERAL DE ZONA 1A PARQUE DE LOS VENADOS (CDMX SUR) ,IMSS,MEDIA,MEDIA,"19.369978, -99.155870"
2020-04-17,HOSPITAL DE INFECTOLOGÍA 01 LA RAZA (CDMX NORTE) ,IMSS,BUENA,BUENA,"19.465067, -99.144881"
2020-04-17,HOSPITAL GENERAL 01 (CDMX NORTE)  LA RAZA,IMSS,CRÍTICA,CRÍTICA,"19.395740, -99.161677"
2020-04-17,HOSPITAL GENERAL DE ZONA 24 (CDMX NORTE) ,IMSS,CRÍTICA,CRÍTICA,"19.483221, -99.128448"
2020-04-17,HOSPITAL GENERAL DE ZONA 27 (CDMX NORTE),IMSS,MEDIA,CRÍTICA,"19.454776, -99.140007"
2020-04-17,HOSPITAL GENERAL DE ZONA 2A (CDMX SUR) ,IMSS,MEDIA,CRÍTICA,"19.405495, -99.112200"
2020-04-17,HOSPITAL GENERAL DE ZONA 30 (CDMX SUR) ,IMSS,MEDIA,CRÍTICA,"19.398836, -99.116913"
2020-04-17,HOSPITAL GENERAL DE ZONA 32 (CDMX SUR) ,IMSS,BUENA,CRÍTICA,"19.307964, -99.130677"
2020-04-17,HOSPITAL GENERAL DE ZONA C/MF 08 (CDMX SUR) ,IMSS,MEDIA,CRÍTICA,"19.337137, -99.200142"
2020-04-17,HOSPITAL GENERAL DE ZONA C/UMAA 48 (CDMX NORTE) ,IMSS,MEDIA,MEDIA,"19.482375, -99.213046"
2020-04-17,HOSPITAL GENERAL 02 (CDMX SUR) VILLA COAPA ,IMSS,CRÍTICA,CRÍTICA,"19.309194, -99.129593"
2020-04-17,HOSPITAL DE ESPECIALIDADES 01 (CDMX NORTE) LA RAZA ,IMSS,CRÍTICA,CRÍTICA,"19.467169, -99.143785"
2020-04-17,HOSPITAL GENERAL DE ZONA C/MF 29 (S. JUAN ARAGÓN),IMSS,CRÍTICA,CRÍTICA,"19.465117, -99.085162"
2020-04-17,HOSPITAL GENERAL DE ZONA 47 (CDMX SUR) (IZP),IMSS,MEDIA,CRÍTICA,"19.357566, -99.054269"
2020-04-17,HOSPITAL GENERAL REGIONAL 72,IMSS,MEDIA,MEDIA,"19.542797, -99.205022"
2020-04-17,HOSPITAL GENERAL REGIONAL 196,IMSS,MEDIA,CRÍTICA,"19.529016, -99.030983"
2020-04-17,HOSPITAL GENERAL REGIONAL 200,IMSS,CRÍTICA,CRÍTICA,"19.742905, -98.972971"
2020-04-17,HOSPITAL GENERAL DE ZONA 53,IMSS,MEDIA,CRÍTICA,"19.356913, -98.990929"
2020-04-17,HOSPITAL GENERAL DE ZONA 197,IMSS,MEDIA,MEDIA,"19.515133, -98.891450"
2020-04-17,HOSPITAL GENERAL DE ZONA 194,IMSS,MEDIA,CRÍTICA,"19.470300, -99.234208"
2020-04-17,HOSPITAL GENERAL DE ZONA 57 (LA QUEBRADA) ,IMSS,CRÍTICA,CRÍTICA,"19.597387, -99.188426"
2020-04-17,HOSPITAL GENERAL DE ZONA 58 (LAS MARGARITAS) ,IMSS,CRÍTICA,CRÍTICA,"19.530797, -99.222446"
2020-04-17,HOSPITAL GENERAL DE ZONA 68 (TULPETLAC) ,IMSS,CRÍTICA,CRÍTICA,"19.570070, -99.044009"
2020-04-17,HOSPITAL GENERAL DE ZONA 71 (CHALCO) ,IMSS,CRÍTICA,CRÍTICA,"19.259803, -98.893368"
2020-04-17,HOSPITAL GENERAL DE ZONA 76 (XALOSTOC) ,IMSS,CRÍTICA,CRÍTICA,"19.526677, -99.082058"
2020-04-17,HOSPITAL GENERAL DE ZONA 98 (COACALCO) ,IMSS,CRÍTICA,CRÍTICA,"19.638165, -99.098892"
2020-04-17,CENTRO MÉDICO 20 DE NOVIEMBRE,ISSSTE,MEDIA,MEDIA,"19.372720, -99.171205"
2020-04-17,HG DARIO FERNANDEZ FIERRO,ISSSTE,BUENA,BUENA,"19.363602, -99.188608"
2020-04-17,HG JOSÉ MARÍA MORELOS,ISSSTE,,CRÍTICA,"19.363918, -98.995393"
2020-04-17,HG TACUBA,ISSSTE,,MEDIA,"19.454384, -99.191231"
2020-04-17,HG DR FERNANDO QUIROZ ,ISSSTE,BUENA,MEDIA,"19.394242, -99.194187"
2020-04-17,HG IGNACIO ZARAGOZA,ISSSTE,,BUENA,"19.389472, -99.045019"
2020-04-17,HR PRIMERO DE OCTUBRE,ISSSTE,BUENA,BUENA,"19.486751, -99.133249"
2020-04-17,HR LIC ADOLFO LÓPEZ MATEOS ,ISSSTE,BUENA,BUENA,"19.358451, -99.172716"
2020-04-17,HR BICENTARIO DE LA INDEPENDENCIA ,ISSSTE,BUENA,MEDIA,"19.628814, -99.163343"
2020-04-17,HG TOLUCA,ISSSTE,CRÍTICA,MEDIA,"19.256918, -99.635872"
2020-04-17,HOSPITAL CENTRAL MILITAR,SEDENA,,,"19.437367, -99.216057"
2020-04-17,HOSPITAL MILITAR DE ZONA CAMPO NO. 1-A,SEDENA,,,"19.457977, -99.227768"
2020-04-17,HOSPITAL MILITAR DE ZONA EL VERGEL,SEDENA,,,"19.312522, -99.082521"
2020-04-17,CAMPO MILITAR NO. 1-A 6/O GRUPO DE MORTEROS,SEDENA,,,"19.449179, -99.232137"
2020-04-17,22/O BATALLÓN DE POLÍCIA MILITAR ,SEDENA,,,"19.405526, -99.135839"
2020-04-17,81/0 BATALLÓN DE INFANTERÍA Y ESCUELA MILITAR DE INFANTERÍA ,SEDENA,,,"19.264736, -99.152936"
2020-04-17,CAMPO MILITAR NO 37-B HOSPITAL MILITAR DE ZONA TEMAMATLA,SEDENA,,,"19.188076, -98.870108"
2020-04-17,CAMPO MILITAR NO 37-B 6/O BATALLÓN DE FUERZAS ESPECIALES ,SEDENA,,,"19.188076, -98.870108"
2020-04-17,HOSPITAL MILITAR DE ZONA SANTA MARÍA RAYÓN ,SEDENA,,,"19.137953, -99.594466"
2020-04-17,8/O REGIMIENTO MECANIZADO ALMOLOYA DE JUÁREZ ,SEDENA,,,"19.403838, -99.742294"
2020-04-17,CENTRO MÉDICO NAVAL,SEMAR,,MEDIA,"19.324032, -99.125233"
2020-04-17,HOSPITAL CENTRAL SUR DE ALTA ESPECIALIDAD ,PEMEX,CRÍTICA,CRÍTICA,"19.308751, -99.218739"
2020-04-17,HOSPITAL CENTRAL NORTE ,PEMEX,,,"19.479895, -99.200880"
2020-04-17,ALTA ESPECIALIDAD DE ZUMPANGO ,EDOMEX,MEDIA,MEDIA,"19.815464, -99.089197"
2020-04-17,HOSPITAL REGIONAL TLANEPANTLA ISSEMYM ,EDOMEX,,,"19.319081, -98.855395"
2020-04-17,CENTRO MÉDICO TOLUCA ISSEMYM ,EDOMEX,MEDIA,MEDIA,"19.286408, -99.586018"
2020-04-17,HOSPITAL PARA EL NIÑO IMIEM ,EDOMEX,CRÍTICA,CRÍTICA,"19.272268, -99.660899"
2020-04-17,CENTRO MÉDICO ADOLFO LÓPEZ MATEOS ,EDOMEX,,,"19.321045, -99.633308"
2020-04-17,"HOSPITAL GENERAL ECATEPEC ""LAS AMÉRICAS"" ",EDOMEX,MEDIA,MEDIA,"19.594136, -99.018679"
2020-04-17,HOSPITAL ÁNGELES MOCEL ,PRIVADOS,BUENA,MEDIA,"19.410855, -99.184695"
2020-04-17,HOSPITAL SEDNA,PRIVADOS,MEDIA,CRÍTICA,"19.303597, -99.174177"
2020-04-17,HOSPITAL ÁNGELES PEDREGAL ,PRIVADOS,BUENA,BUENA,"19.312440, -99.221240"
2020-04-17,MÉDICA SUR ,PRIVADOS,,,"19.297207, -99.160809"
2020-04-17,NUEVO SANATORIO DURANGO  ,PRIVADOS,MEDIA,MEDIA,"19.418455, -99.171747"
2020-04-17,HOSPITAL ÁNGELES ROMA (SANTELENA)   ,PRIVADOS,MEDIA,CRÍTICA,"19.415243, -99.157081"
2020-04-17,HOSPITAL ÁNGELES SANTA MÓNICA  ,PRIVADOS,,,"19.434303, -99.191799"
2020-04-17,CENTRO MÉDICO ABC CAMPUS OBSERVATORIO  ,PRIVADOS,BUENA,BUENA,"19.400754, -99.204033"
2020-04-17,CENTRO MÉDICO ABC CAMPUS SANTA FE,PRIVADOS,CRÍTICA,CRÍTICA,"19.356363, -99.282374"
2020-04-17,HOSPITAL SAN ÁNGEL INN CHAPULTEPEC,PRIVADOS,CRÍTICA,CRÍTICA,"19.421896, -99.172987"
2020-04-17,HOSPITAL SAN ÁNGEL INN PATRIOTISMO  ,PRIVADOS,CRÍTICA,CRÍTICA,"19.376412, -99.186388"
2020-04-17,HOSPITAL SAN ÁNGEL INN SUR   ,PRIVADOS,CRÍTICA,CRÍTICA,"19.340277, -99.200021"
2020-04-17,HOSPITAL SAN ÁNGEL INN UNIVERSIDAD  ,PRIVADOS,,,"19.358908, -99.167569"
2020-04-17,CENTRO DE ATENCIÓN MÉDICA INTEGRAL (HOSPITAL CAMI)   ,PRIVADOS,,,"19.424002, -99.105060"
2020-04-17,CENTRO MÉDICO DALINDE ,PRIVADOS,MEDIA,MEDIA,"19.405260,-99.168017"
2020-04-17,CENTRO MÉDICO QIRÚGICO ESCANDÓN ,PRIVADOS,,,"19.402588, -99.172236"
2020-04-17,FUNDACIÓN HOSPITAL NUESTRA SEÑORA DE LA LUZ ,PRIVADOS,,,"19.434591, -99.157036"
2020-04-17,HMG HOSPITAL COYOACÁN ,PRIVADOS,MEDIA,MEDIA,"19.328044, -99.143601"
2020-04-17,HOSPITAL ÁNGELES ACOXPA ,PRIVADOS,BUENA,MEDIA,"19.299431, -99.134953"
2020-04-17,HOSPITAL DE COS ,PRIVADOS,,,"19.416104, -99.162514"
2020-04-17,HOSPITAL ÁNGELES CLÍNICA LONDRES ,PRIVADOS,CRÍTICA,BUENA,"19.421804, -99.156942"
2020-04-17,HOSPITAL DE ESPECIALIDADES MIG  ,PRIVADOS,CRÍTICA,CRÍTICA,"19.491619, -99.126656"
2020-04-17,HOSPITAL ÁNGELES LINDAVSTA ,PRIVADOS,,,"19.486673, -99.129583"
2020-04-17,HOSPITAL DIOMED ,PRIVADOS,CRÍTICA,CRÍTICA,"19.401424, -99.205282"
2020-04-17,HOSPITAL ÁNGELES METROPOLITANO  ,PRIVADOS,BUENA,CRÍTICA,"19.407125, -99.167048"
2020-04-17,HOSPITAL ÁNGELES MÉXICO  ,PRIVADOS,CRÍTICA,CRÍTICA,"19.400075, -99.172655"
2020-04-17,HOSPITAL ESPAÑOL  ,PRIVADOS,,,"19.439382, -99.197221"
2020-04-17,HOSPITAL OBREGÓN ,PRIVADOS,CRÍTICA,,"19.418468, -99.160702"
2020-04-17,CORPORATIVO HOSPITAL SATÉLITE,PRIVADOS,BUENA,,"19.513536, -99.237738"
2020-04-17,HOSPITAL GENERAL MILPA ALTA,SEDESA,,,"19.200951, -99.011210"
2020-04-17,HOSPITAL GENERAL DR RUBÉN LEÑERO,SEDESA,,,"19.451398, -99.169565"
2020-04-17,HOSPITAL GENERAL BALBUENA,SEDESA,,,"19.424195, -99.115412"
2020-04-17,HOSPITAL GENERAL XOCO,SEDESA,,,"19.360313, -99.162275"
2020-04-17,CLÍNICA HOSPITAL EMILIANO ZAPATA,SEDESA,,,"19.339225, -98.978282"
2020-04-17,HOSPITAL GENERAL VILLA,SEDESA,,,"19.480079, -99.103353"
2020-04-17,HOSPITAL GENERAL TICOMAN,SEDESA,,,"19.514444, -99.137778"
2020-04-17,HOSPITAL PEDIÁTRICO IZTACALCO,SEDESA,,,"19.402722, -99.117628"
2020-04-17,HOSPITAL PEDIÁTRICO AZCAPOTZALCO,SEDESA,,,"19.484418, -99.185442"
2020-04-17,HOSPITAL PEDIÁTRICO MOCTEZUMA,SEDESA,,,"19.432814, -99.098151"
2020-04-17,HOSPITAL MATERNO INFANTIL TOPILEJO,SEDESA,,,"19.199206, -99.140064"
2020-04-17,HOSPITAL MATERNO INFANTIL MAGDALENA CONTRERAS,SEDESA,,,"19.319364, -99.239095"
2020-04-17,HOSPITAL PEDIÁTRICO LEGARIA,SEDESA,,,"19.450699, -99.203637"
2020-04-17,HOSPITAL GENERAL AJUSCO MEDIO ,SEDESA,,,"19.272165, -99.207846"
2020-04-17,HOSPITAL MATERNO PEDIÁTRICO XOCHIMILCO,SEDESA,,,"19.254376, -99.104643"
2020-04-17,HOSPITAL PEDIÁTRICO TACUBAYA,SEDESA,,,"19.402594, -99.190990"
2020-04-17,HOSPITAL MATERNO INFANTIL CUAUTEPEC,SEDESA,,,"19.539787, -99.140977"
2020-04-17,HOSPITAL MATERNO INFANTIL TLÁHUAC,SEDESA,,,"19.265167, -98.998000"
2020-04-17,HOSPITAL TORRE MÉDICA TEPEPAN,SEDESA,,,"19.275556, -99.144313"
2020-04-17,HOSPITAL PEDIÁTRICO PERALVILLO,SEDESA,,,"19.459610, -99.141249"
2020-04-17,HOSPITAL GENERAL GREGORIO SALAS,SEDESA,,,"19.437705, -99.129572"
2020-04-17,HOSPITAL PEDIÁTRICO COYOACÁN,SEDESA,,,"19.345818, -99.168076"
2020-04-17,HOSPITAL PEDIÁTRICO IZTAPALAPA,SEDESA,,,"19.356711, -99.107652"
2020-04-17,HOSPITAL GENERAL IZTAPALAPA,SEDESA,,,"19.343426, -99.027236"
2020-04-17,INSTITUTO NACIONAL DE NUTRICIÓN ,SSA,,,"19.289599, -99.155441"
2020-04-17,INSTITUTO NACIONAL DE ENFERMEDADES RESPIRATORIAS,SSA,,,"19.291375, -99.158653"
2020-04-17,HOSPITAL GENERAL DE MÉXICO,SSA,,,"19.4129258, -99.1520225"
2020-04-17,HOSPITAL JUÁREZ,SSA,BUENA,BUENA,"19.481829, -99.135576"
2020-04-17,HOSPITAL GENERAL DR MANUEL GEA GONZÁLEZ,SSA,,,"19.290295, -99.160861"
2020-04-17,HOSPITAL REGIONAL DE ALTA ESPECIALIDAD DE IXTAPALUCA ,SSA,BUENA,BUENA,"19.318796, -98.855353"
2020-04-17,HOSPITAL INFANTIL DE MÉXICO FEDERICO GÓMEZ,SSA,CRÍTICA,CRÍTICA,"19.410839, -99.151941"
2020-04-17,INSTITUTO NACIONAL DE CARDIOLOGÍA IGNACIO CHÁVEZ,SSA,CRÍTICA,MEDIA,"19.290598, -99.153838"
2020-04-17,HOSPITAL DE ESPECIALIDADES DE LA CIUDAD DE MÉXICO DR BELISARIO DOMÍNGUEZ,SEDESA,,,"19.307226, -99.065356"
2020-04-17,HOSPITAL GENERAL DR ENRIQUE CABRERA,SEDESA,MEDIA,MEDIA,"19.361675, -99.224432"
2020-04-17,HOSPITAL GENERAL TLÁHUAC ,SEDESA,CRÍTICA,CRÍTICA,"19.287492, -99.052665"
2020-04-17,CITIBANAMEX,SEDESA,,BUENA,"19.439732, -99.224235"
2020-04-17,HOSPITAL PEDIÁTRICO LA VILLA,SEDESA,CRÍTICA,MEDIA,"19.487355, -99.114316"
2020-04-18,HOSPITAL DE ESPECIALIDADES 01 CMN SIGLO XXI ,IMSS,CRÍTICA,MEDIA,"19.466549, -99.145102"
2020-04-18,HOSPITAL DE PEDIATRÍA 01 CMN SIGLO XXI (CDMX SUR) ,IMSS,CRÍTICA,CRÍTICA,"19.3696537, -99.1558374"
2020-04-18,HOSPITAL GENERAL DE ZONA 01 CARLOS MC GREGOR (CDMX SUR) ,IMSS,,,"19.395912, -99.161610"
2020-04-18,HOSPITAL GENERAL DE ZONA 1A PARQUE DE LOS VENADOS (CDMX SUR) ,IMSS,MEDIA,MEDIA,"19.369978, -99.155870"
2020-04-18,HOSPITAL DE INFECTOLOGÍA 01 LA RAZA (CDMX NORTE) ,IMSS,BUENA,BUENA,"19.465067, -99.144881"
2020-04-18,HOSPITAL GENERAL 01 (CDMX NORTE)  LA RAZA,IMSS,CRÍTICA,CRÍTICA,"19.395740, -99.161677"
2020-04-18,HOSPITAL GENERAL DE ZONA 24 (CDMX NORTE) ,IMSS,MEDIA,CRÍTICA,"19.483221, -99.128448"
2020-04-18,HOSPITAL GENERAL DE ZONA 27 (CDMX NORTE),IMSS,MEDIA,CRÍTICA,"19.454776, -99.140007"
2020-04-18,HOSPITAL GENERAL DE ZONA 2A (CDMX SUR) ,IMSS,MEDIA,CRÍTICA,"19.405495, -99.112200"
2020-04-18,HOSPITAL GENERAL DE ZONA 30 (CDMX SUR) ,IMSS,MEDIA,MEDIA,"19.398836, -99.116913"
2020-04-18,HOSPITAL GENERAL DE ZONA 32 (CDMX SUR) ,IMSS,BUENA,CRÍTICA,"19.307964, -99.130677"
2020-04-18,HOSPITAL GENERAL DE ZONA C/MF 08 (CDMX SUR) ,IMSS,MEDIA,CRÍTICA,"19.337137, -99.200142"
2020-04-18,HOSPITAL GENERAL DE ZONA C/UMAA 48 (CDMX NORTE) ,IMSS,MEDIA,MEDIA,"19.482375, -99.213046"
2020-04-18,HOSPITAL GENERAL 02 (CDMX SUR) VILLA COAPA ,IMSS,CRÍTICA,CRÍTICA,"19.309194, -99.129593"
2020-04-18,HOSPITAL DE ESPECIALIDADES 01 (CDMX NORTE) LA RAZA ,IMSS,CRÍTICA,CRÍTICA,"19.467169, -99.143785"
2020-04-18,HOSPITAL GENERAL DE ZONA C/MF 29 (S. JUAN ARAGÓN),IMSS,CRÍTICA,CRÍTICA,"19.465117, -99.085162"
2020-04-18,HOSPITAL GENERAL DE ZONA 47 (CDMX SUR) (IZP),IMSS,MEDIA,CRÍTICA,"19.357566, -99.054269"
2020-04-18,HOSPITAL GENERAL REGIONAL 72,IMSS,MEDIA,MEDIA,"19.542797, -99.205022"
2020-04-17,HOSPITAL GENERAL REGIONAL 196,IMSS,MEDIA,CRÍTICA,"19.529016, -99.030983"
2020-04-17,HOSPITAL GENERAL REGIONAL 200,IMSS,CRÍTICA,CRÍTICA,"19.742905, -98.972971"
2020-04-17,HOSPITAL GENERAL DE ZONA 53,IMSS,MEDIA,CRÍTICA,"19.356913, -98.990929"
2020-04-17,HOSPITAL GENERAL DE ZONA 197,IMSS,MEDIA,MEDIA,"19.515133, -98.891450"
2020-04-17,HOSPITAL GENERAL DE ZONA 194,IMSS,MEDIA,CRÍTICA,"19.470300, -99.234208"
2020-04-17,HOSPITAL GENERAL DE ZONA 57 (LA QUEBRADA) ,IMSS,CRÍTICA,CRÍTICA,"19.597387, -99.188426"
2020-04-17,HOSPITAL GENERAL DE ZONA 58 (LAS MARGARITAS) ,IMSS,CRÍTICA,CRÍTICA,"19.530797, -99.222446"
2020-04-17,HOSPITAL GENERAL DE ZONA 68 (TULPETLAC) ,IMSS,CRÍTICA,CRÍTICA,"19.570070, -99.044009"
2020-04-17,HOSPITAL GENERAL DE ZONA 71 (CHALCO) ,IMSS,CRÍTICA,CRÍTICA,"19.259803, -98.893368"
2020-04-17,HOSPITAL GENERAL DE ZONA 76 (XALOSTOC) ,IMSS,CRÍTICA,CRÍTICA,"19.526677, -99.082058"
2020-04-17,HOSPITAL GENERAL DE ZONA 98 (COACALCO) ,IMSS,CRÍTICA,CRÍTICA,"19.638165, -99.098892"
2020-04-17,CENTRO MÉDICO 20 DE NOVIEMBRE,ISSSTE,MEDIA,MEDIA,"19.372720, -99.171205"
2020-04-17,HG DARIO FERNANDEZ FIERRO,ISSSTE,BUENA,BUENA,"19.363602, -99.188608"
2020-04-17,HG JOSÉ MARÍA MORELOS,ISSSTE,,,"19.363918, -98.995393"
2020-04-17,HG TACUBA,ISSSTE,,,"19.454384, -99.191231"
2020-04-17,HG DR FERNANDO QUIROZ ,ISSSTE,BUENA,MEDIA,"19.394242, -99.194187"
2020-04-17,HG IGNACIO ZARAGOZA,ISSSTE,,,"19.389472, -99.045019"
2020-04-17,HR PRIMERO DE OCTUBRE,ISSSTE,BUENA,BUENA,"19.486751, -99.133249"
2020-04-17,HR LIC ADOLFO LÓPEZ MATEOS ,ISSSTE,,BUENA,"19.358451, -99.172716"
2020-04-17,HR BICENTARIO DE LA INDEPENDENCIA ,ISSSTE,,,"19.628814, -99.163343"
2020-04-17,HG TOLUCA,ISSSTE,CRÍTICA,MEDIA,"19.256918, -99.635872"
2020-04-17,HOSPITAL CENTRAL MILITAR,SEDENA,,,"19.437367, -99.216057"
2020-04-17,HOSPITAL MILITAR DE ZONA CAMPO NO. 1-A,SEDENA,,,"19.457977, -99.227768"
2020-04-17,HOSPITAL MILITAR DE ZONA EL VERGEL,SEDENA,,,"19.312522, -99.082521"
2020-04-17,CAMPO MILITAR NO. 1-A 6/O GRUPO DE MORTEROS,SEDENA,,,"19.449179, -99.232137"
2020-04-17,22/O BATALLÓN DE POLÍCIA MILITAR ,SEDENA,,,"19.405526, -99.135839"
2020-04-17,81/0 BATALLÓN DE INFANTERÍA Y ESCUELA MILITAR DE INFANTERÍA ,SEDENA,,,"19.264736, -99.152936"
2020-04-17,CAMPO MILITAR NO 37-B HOSPITAL MILITAR DE ZONA TEMAMATLA,,,,"19.188076, -98.870108"
2020-04-17,CAMPO MILITAR NO 37-B 6/O BATALLÓN DE FUERZAS ESPECIALES ,SEDENA,,,"19.188076, -98.870108"
2020-04-17,HOSPITAL MILITAR DE ZONA SANTA MARÍA RAYÓN ,SEDENA,,,"19.137953, -99.594466"
2020-04-17,8/O REGIMIENTO MECANIZADO ALMOLOYA DE JUÁREZ ,SEDENA,,,"19.403838, -99.742294"
2020-04-17,CENTRO MÉDICO NAVAL,SEMAR,,BUENA,"19.324032, -99.125233"
2020-04-17,HOSPITAL CENTRAL SUR DE ALTA ESPECIALIDAD ,PEMEX,CRÍTICA,CRÍTICA,"19.308751, -99.218739"
2020-04-17,HOSPITAL CENTRAL NORTE ,PEMEX,,,"19.479895, -99.200880"
2020-04-17,ALTA ESPECIALIDAD DE ZUMPANGO ,EDOMEX,MEDIA,MEDIA,"19.815464, -99.089197"
2020-04-17,HOSPITAL REGIONAL TLANEPANTLA ISSEMYM ,EDOMEX,,,"19.319081, -98.855395"
2020-04-17,CENTRO MÉDICO TOLUCA ISSEMYM ,EDOMEX,MEDIA,MEDIA,"19.286408, -99.586018"
2020-04-17,HOSPITAL PARA EL NIÑO IMIEM ,EDOMEX,CRÍTICA,MEDIA,"19.272268, -99.660899"
2020-04-17,CENTRO MÉDICO ADOLFO LÓPEZ MATEOS ,EDOMEX,,,"19.321045, -99.633308"
2020-04-17,"HOSPITAL GENERAL ECATEPEC ""LAS AMÉRICAS"" ",EDOMEX,,,"19.594136, -99.018679"
2020-04-17,HOSPITAL ÁNGELES MOCEL ,PRIVADOS,BUENA,BUENA,"19.410855, -99.184695"
2020-04-17,HOSPITAL SEDNA,PRIVADOS,,,"19.303597, -99.174177"
2020-04-17,HOSPITAL ÁNGELES PEDREGAL ,PRIVADOS,BUENA,BUENA,"19.312440, -99.221240"
2020-04-17,MÉDICA SUR ,PRIVADOS,,,"19.297207, -99.160809"
2020-04-17,NUEVO SANATORIO DURANGO  ,PRIVADOS,,,"19.418455, -99.171747"
2020-04-17,HOSPITAL ÁNGELES ROMA (SANTELENA)   ,PRIVADOS,,,"19.415243, -99.157081"
2020-04-17,HOSPITAL ÁNGELES SANTA MÓNICA  ,PRIVADOS,,,"19.434303, -99.191799"
2020-04-17,CENTRO MÉDICO ABC CAMPUS OBSERVATORIO  ,PRIVADOS,BUENA,BUENA,"19.400754, -99.204033"
2020-04-17,CENTRO MÉDICO ABC CAMPUS SANTA FE,PRIVADOS,CRÍTICA,CRÍTICA,"19.356363, -99.282374"
2020-04-17,HOSPITAL SAN ÁNGEL INN CHAPULTEPEC,PRIVADOS,CRÍTICA,CRÍTICA,"19.421896, -99.172987"
2020-04-17,HOSPITAL SAN ÁNGEL INN PATRIOTISMO  ,PRIVADOS,CRÍTICA,CRÍTICA,"19.376412, -99.186388"
2020-04-17,HOSPITAL SAN ÁNGEL INN SUR   ,PRIVADOS,CRÍTICA,CRÍTICA,"19.340277, -99.200021"
2020-04-17,HOSPITAL SAN ÁNGEL INN UNIVERSIDAD  ,PRIVADOS,,,"19.358908, -99.167569"
2020-04-17,CENTRO DE ATENCIÓN MÉDICA INTEGRAL (HOSPITAL CAMI)   ,PRIVADOS,,,"19.424002, -99.105060"
2020-04-17,CENTRO MÉDICO DALINDE ,PRIVADOS,,,"19.405260,-99.168017"
2020-04-17,CENTRO MÉDICO QIRÚGICO ESCANDÓN ,PRIVADOS,,,"19.402588, -99.172236"
2020-04-17,FUNDACIÓN HOSPITAL NUESTRA SEÑORA DE LA LUZ ,PRIVADOS,,,"19.434591, -99.157036"
2020-04-17,HMG HOSPITAL COYOACÁN ,PRIVADOS,MEDIA,MEDIA,"19.328044, -99.143601"
2020-04-17,HOSPITAL ÁNGELES ACOXPA ,PRIVADOS,BUENA,CRÍTICA,"19.299431, -99.134953"
2020-04-17,HOSPITAL DE COS ,PRIVADOS,,,"19.416104, -99.162514"
2020-04-17,HOSPITAL ÁNGELES CLÍNICA LONDRES ,PRIVADOS,CRÍTICA,BUENA,"19.421804, -99.156942"
2020-04-17,HOSPITAL DE ESPECIALIDADES MIG  ,PRIVADOS,CRÍTICA,CRÍTICA,"19.491619, -99.126656"
2020-04-17,HOSPITAL ÁNGELES LINDAVSTA ,PRIVADOS,,,"19.486673, -99.129583"
2020-04-17,HOSPITAL DIOMED ,PRIVADOS,CRÍTICA,CRÍTICA,"19.401424, -99.205282"
2020-04-17,HOSPITAL ÁNGELES METROPOLITANO  ,PRIVADOS,BUENA,CRÍTICA,"19.407125, -99.167048"
2020-04-17,HOSPITAL ÁNGELES MÉXICO  ,PRIVADOS,MEDIA,MEDIA,"19.400075, -99.172655"
2020-04-17,HOSPITAL ESPAÑOL  ,PRIVADOS,,,"19.439382, -99.197221"
2020-04-17,HOSPITAL OBREGÓN ,PRIVADOS,CRÍTICA,,"19.418468, -99.160702"
2020-04-17,CORPORATIVO HOSPITAL SATÉLITE,PRIVADOS,BUENA,,"19.513536, -99.237738"
2020-04-17,HOSPITAL GENERAL MILPA ALTA,SEDESA,,,"19.200951, -99.011210"
2020-04-17,HOSPITAL GENERAL DR RUBÉN LEÑERO,SEDESA,,,"19.451398, -99.169565"
2020-04-17,HOSPITAL GENERAL BALBUENA,SEDESA,,,"19.424195, -99.115412"
2020-04-17,HOSPITAL GENERAL XOCO,SEDESA,,,"19.360313, -99.162275"
2020-04-17,CLÍNICA HOSPITAL EMILIANO ZAPATA,SEDESA,,,"19.339225, -98.978282"
2020-04-17,HOSPITAL GENERAL VILLA,SEDESA,,,"19.480079, -99.103353"
2020-04-17,HOSPITAL GENERAL TICOMAN,SEDESA,,,"19.514444, -99.137778"
2020-04-17,HOSPITAL PEDIÁTRICO IZTACALCO,SEDESA,,,"19.402722, -99.117628"
2020-04-17,HOSPITAL PEDIÁTRICO AZCAPOTZALCO,SEDESA,,,"19.484418, -99.185442"
2020-04-17,HOSPITAL PEDIÁTRICO MOCTEZUMA,SEDESA,,,"19.432814, -99.098151"
2020-04-17,HOSPITAL MATERNO INFANTIL TOPILEJO,SEDESA,,,"19.199206, -99.140064"
2020-04-17,HOSPITAL MATERNO INFANTIL MAGDALENA CONTRERAS,SEDESA,,,"19.319364, -99.239095"
2020-04-17,HOSPITAL PEDIÁTRICO LEGARIA,SEDESA,,,"19.450699, -99.203637"
2020-04-17,HOSPITAL GENERAL AJUSCO MEDIO ,SEDESA,,,"19.272165, -99.207846"
2020-04-17,HOSPITAL MATERNO PEDIÁTRICO XOCHIMILCO,SEDESA,,,"19.254376, -99.104643"
2020-04-17,HOSPITAL PEDIÁTRICO TACUBAYA,SEDESA,,,"19.402594, -99.190990"
2020-04-17,HOSPITAL MATERNO INFANTIL CUAUTEPEC,SEDESA,,,"19.539787, -99.140977"
2020-04-17,HOSPITAL MATERNO INFANTIL TLÁHUAC,SEDESA,,,"19.265167, -98.998000"
2020-04-17,HOSPITAL TORRE MÉDICA TEPEPAN,SEDESA,,,"19.275556, -99.144313"
2020-04-17,HOSPITAL PEDIÁTRICO PERALVILLO,SEDESA,,,"19.459610, -99.141249"
2020-04-17,HOSPITAL GENERAL GREGORIO SALAS,SEDESA,,,"19.437705, -99.129572"
2020-04-17,HOSPITAL PEDIÁTRICO COYOACÁN,SEDESA,,,"19.345818, -99.168076"
2020-04-17,HOSPITAL PEDIÁTRICO IZTAPALAPA,SEDESA,,,"19.356711, -99.107652"
2020-04-17,HOSPITAL GENERAL IZTAPALAPA,SEDESA,,,"19.343426, -99.027236"
2020-04-19,INSTITUTO NACIONAL DE NUTRICIÓN ,SSA,,,"19.289599, -99.155441"
2020-04-19,INSTITUTO NACIONAL DE ENFERMEDADES RESPIRATORIAS,SSA,MEDIA,BUENA,"19.291375, -99.158653"
2020-04-19,HOSPITAL GENERAL DE MÉXICO,SSA,,,"19.4129258, -99.1520225"
2020-04-19,HOSPITAL JUÁREZ,SSA,BUENA,BUENA,"19.481829, -99.135576"
2020-04-19,HOSPITAL GENERAL DR MANUEL GEA GONZÁLEZ,SSA,,,"19.290295, -99.160861"
2020-04-19,HOSPITAL REGIONAL DE ALTA ESPECIALIDAD DE IXTAPALUCA ,SSA,BUENA,BUENA,"19.318796, -98.855353"
2020-04-19,HOSPITAL INFANTIL DE MÉXICO FEDERICO GÓMEZ,SSA,MEDIA,CRÍTICA,"19.410839, -99.151941"
2020-04-19,INSTITUTO NACIONAL DE CARDIOLOGÍA IGNACIO CHÁVEZ,SSA,CRÍTICA,BUENA,"19.290598, -99.153838"
2020-04-19,HOSPITAL DE ESPECIALIDADES DE LA CIUDAD DE MÉXICO DR BELISARIO DOMÍNGUEZ,SEDESA,,,"19.307226, -99.065356"
2020-04-19,HOSPITAL GENERAL DR ENRIQUE CABRERA,SEDESA,,,"19.361675, -99.224432"
2020-04-19,HOSPITAL GENERAL TLÁHUAC ,SEDESA,CRÍTICA,CRÍTICA,"19.287492, -99.052665"
2020-04-19,CITIBANAMEX,SEDESA,,,"19.439732, -99.224235"
2020-04-19,HOSPITAL PEDIÁTRICO LA VILLA,SEDESA,CRÍTICA,MEDIA,"19.487355, -99.114316"
2020-04-19,HOSPITAL DE ESPECIALIDADES 01 CMN SIGLO XXI ,IMSS,CRÍTICA,MEDIA,"19.466549, -99.145102"
2020-04-19,HOSPITAL DE PEDIATRÍA 01 CMN SIGLO XXI (CDMX SUR) ,IMSS,CRÍTICA,CRÍTICA,"19.3696537, -99.1558374"
2020-04-19,HOSPITAL GENERAL DE ZONA 01 CARLOS MC GREGOR (CDMX SUR) ,IMSS,,,"19.395912, -99.161610"
2020-04-19,HOSPITAL GENERAL DE ZONA 1A PARQUE DE LOS VENADOS (CDMX SUR) ,IMSS,MEDIA,MEDIA,"19.369978, -99.155870"
2020-04-19,HOSPITAL DE INFECTOLOGÍA 01 LA RAZA (CDMX NORTE) ,IMSS,BUENA,BUENA,"19.465067, -99.144881"
2020-04-19,HOSPITAL GENERAL 01 (CDMX NORTE)  LA RAZA,IMSS,CRÍTICA,CRÍTICA,"19.395740, -99.161677"
2020-04-19,HOSPITAL GENERAL DE ZONA 24 (CDMX NORTE) ,IMSS,MEDIA,CRÍTICA,"19.483221, -99.128448"
2020-04-19,HOSPITAL GENERAL DE ZONA 27 (CDMX NORTE),IMSS,MEDIA,CRÍTICA,"19.454776, -99.140007"
2020-04-19,HOSPITAL GENERAL DE ZONA 2A (CDMX SUR) ,IMSS,MEDIA,CRÍTICA,"19.405495, -99.112200"
2020-04-19,HOSPITAL GENERAL DE ZONA 30 (CDMX SUR) ,IMSS,MEDIA,MEDIA,"19.398836, -99.116913"
2020-04-19,HOSPITAL GENERAL DE ZONA 32 (CDMX SUR) ,IMSS,BUENA,CRÍTICA,"19.307964, -99.130677"
2020-04-19,HOSPITAL GENERAL DE ZONA C/MF 08 (CDMX SUR) ,IMSS,MEDIA,CRÍTICA,"19.337137, -99.200142"
2020-04-19,HOSPITAL GENERAL DE ZONA C/UMAA 48 (CDMX NORTE) ,IMSS,MEDIA,MEDIA,"19.482375, -99.213046"
2020-04-19,HOSPITAL GENERAL 02 (CDMX SUR) VILLA COAPA ,IMSS,CRÍTICA,CRÍTICA,"19.309194, -99.129593"
2020-04-19,HOSPITAL DE ESPECIALIDADES 01 (CDMX NORTE) LA RAZA ,IMSS,CRÍTICA,CRÍTICA,"19.467169, -99.143785"
2020-04-19,HOSPITAL GENERAL DE ZONA C/MF 29 (S. JUAN ARAGÓN),IMSS,CRÍTICA,CRÍTICA,"19.465117, -99.085162"
2020-04-19,HOSPITAL GENERAL DE ZONA 47 (CDMX SUR) (IZP),IMSS,MEDIA,CRÍTICA,"19.357566, -99.054269"
2020-04-19,HOSPITAL GENERAL REGIONAL 72,IMSS,MEDIA,MEDIA,"19.542797, -99.205022"
2020-04-19,HOSPITAL GENERAL REGIONAL 196,IMSS,MEDIA,MEDIA,"19.529016, -99.030983"
2020-04-19,HOSPITAL GENERAL REGIONAL 200,IMSS,CRÍTICA,CRÍTICA,"19.742905, -98.972971"
2020-04-19,HOSPITAL GENERAL DE ZONA 53,IMSS,MEDIA,MEDIA,"19.356913, -98.990929"
2020-04-19,HOSPITAL GENERAL DE ZONA 197,IMSS,MEDIA,MEDIA,"19.515133, -98.891450"
2020-04-19,HOSPITAL GENERAL DE ZONA 194,IMSS,MEDIA,CRÍTICA,"19.470300, -99.234208"
2020-04-19,HOSPITAL GENERAL DE ZONA 57 (LA QUEBRADA) ,IMSS,CRÍTICA,CRÍTICA,"19.597387, -99.188426"
2020-04-19,HOSPITAL GENERAL DE ZONA 58 (LAS MARGARITAS) ,IMSS,CRÍTICA,CRÍTICA,"19.530797, -99.222446"
2020-04-19,HOSPITAL GENERAL DE ZONA 68 (TULPETLAC) ,IMSS,CRÍTICA,CRÍTICA,"19.570070, -99.044009"
2020-04-19,HOSPITAL GENERAL DE ZONA 71 (CHALCO) ,IMSS,CRÍTICA,MEDIA,"19.259803, -98.893368"
2020-04-19,HOSPITAL GENERAL DE ZONA 76 (XALOSTOC) ,IMSS,CRÍTICA,CRÍTICA,"19.526677, -99.082058"
2020-04-19,HOSPITAL GENERAL DE ZONA 98 (COACALCO) ,IMSS,CRÍTICA,CRÍTICA,"19.638165, -99.098892"
2020-04-19,CENTRO MÉDICO 20 DE NOVIEMBRE,ISSSTE,MEDIA,MEDIA,"19.372720, -99.171205"
2020-04-19,HG DARIO FERNANDEZ FIERRO,ISSSTE,,,"19.363602, -99.188608"
2020-04-19,HG JOSÉ MARÍA MORELOS,ISSSTE,BUENA,BUENA,"19.363918, -98.995393"
2020-04-19,HG TACUBA,ISSSTE,,,"19.454384, -99.191231"
2020-04-19,HG DR FERNANDO QUIROZ ,ISSSTE,BUENA,MEDIA,"19.394242, -99.194187"
2020-04-19,HG IGNACIO ZARAGOZA,ISSSTE,BUENA,BUENA,"19.389472, -99.045019"
2020-04-19,HR PRIMERO DE OCTUBRE,ISSSTE,BUENA,BUENA,"19.486751, -99.133249"
2020-04-19,HR LIC ADOLFO LÓPEZ MATEOS ,ISSSTE,BUENA,BUENA,"19.358451, -99.172716"
2020-04-19,HR BICENTARIO DE LA INDEPENDENCIA ,ISSSTE,BUENA,MEDIA,"19.628814, -99.163343"
2020-04-19,HG TOLUCA,ISSSTE,CRÍTICA,MEDIA,"19.256918, -99.635872"
2020-04-19,HOSPITAL CENTRAL MILITAR,SEDENA,,,"19.437367, -99.216057"
2020-04-19,HOSPITAL MILITAR DE ZONA CAMPO NO. 1-A,SEDENA,,,"19.457977, -99.227768"
2020-04-19,HOSPITAL MILITAR DE ZONA EL VERGEL,SEDENA,,,"19.312522, -99.082521"
2020-04-19,CAMPO MILITAR NO. 1-A 6/O GRUPO DE MORTEROS,SEDENA,,,"19.449179, -99.232137"
2020-04-19,22/O BATALLÓN DE POLÍCIA MILITAR ,SEDENA,,,"19.405526, -99.135839"
2020-04-19,81/0 BATALLÓN DE INFANTERÍA Y ESCUELA MILITAR DE INFANTERÍA ,SEDENA,,,"19.264736, -99.152936"
2020-04-19,CAMPO MILITAR NO 37-B HOSPITAL MILITAR DE ZONA TEMAMATLA,SEDENA,,,"19.188076, -98.870108"
2020-04-19,CAMPO MILITAR NO 37-B 6/O BATALLÓN DE FUERZAS ESPECIALES ,SEDENA,,,"19.188076, -98.870108"
2020-04-19,HOSPITAL MILITAR DE ZONA SANTA MARÍA RAYÓN ,SEDENA,,,"19.137953, -99.594466"
2020-04-19,8/O REGIMIENTO MECANIZADO ALMOLOYA DE JUÁREZ ,SEDENA,,,"19.403838, -99.742294"
2020-04-19,CENTRO MÉDICO NAVAL,SEMAR,,BUENA,"19.324032, -99.125233"
2020-04-19,HOSPITAL CENTRAL SUR DE ALTA ESPECIALIDAD ,PEMEX,CRÍTICA,CRÍTICA,"19.308751, -99.218739"
2020-04-19,HOSPITAL CENTRAL NORTE ,PEMEX,,,"19.479895, -99.200880"
2020-04-19,ALTA ESPECIALIDAD DE ZUMPANGO ,EDOMEX,MEDIA,MEDIA,"19.815464, -99.089197"
2020-04-19,HOSPITAL REGIONAL TLANEPANTLA ISSEMYM ,EDOMEX,,,"19.319081, -98.855395"
2020-04-19,CENTRO MÉDICO TOLUCA ISSEMYM ,EDOMEX,MEDIA,MEDIA,"19.286408, -99.586018"
2020-04-19,HOSPITAL PARA EL NIÑO IMIEM ,EDOMEX,CRÍTICA,MEDIA,"19.272268, -99.660899"
2020-04-19,CENTRO MÉDICO ADOLFO LÓPEZ MATEOS ,EDOMEX,BUENA,BUENA,"19.321045, -99.633308"
2020-04-19,"HOSPITAL GENERAL ECATEPEC ""LAS AMÉRICAS"" ",EDOMEX,,,"19.594136, -99.018679"
2020-04-19,HOSPITAL ÁNGELES MOCEL ,PRIVADOS,BUENA,BUENA,"19.410855, -99.184695"
2020-04-19,HOSPITAL SEDNA,PRIVADOS,,,"19.303597, -99.174177"
2020-04-19,HOSPITAL ÁNGELES PEDREGAL ,PRIVADOS,BUENA,BUENA,"19.312440, -99.221240"
2020-04-19,MÉDICA SUR ,PRIVADOS,,,"19.297207, -99.160809"
2020-04-19,NUEVO SANATORIO DURANGO  ,PRIVADOS,MEDIA,BUENA,"19.418455, -99.171747"
2020-04-19,HOSPITAL ÁNGELES ROMA (SANTELENA)   ,PRIVADOS,,,"19.415243, -99.157081"
2020-04-19,HOSPITAL ÁNGELES SANTA MÓNICA  ,PRIVADOS,,,"19.434303, -99.191799"
2020-04-19,CENTRO MÉDICO ABC CAMPUS OBSERVATORIO  ,PRIVADOS,BUENA,BUENA,"19.400754, -99.204033"
2020-04-19,CENTRO MÉDICO ABC CAMPUS SANTA FE,PRIVADOS,CRÍTICA,CRÍTICA,"19.356363, -99.282374"
2020-04-19,HOSPITAL SAN ÁNGEL INN CHAPULTEPEC,PRIVADOS,CRÍTICA,CRÍTICA,"19.421896, -99.172987"
2020-04-19,HOSPITAL SAN ÁNGEL INN PATRIOTISMO  ,PRIVADOS,CRÍTICA,CRÍTICA,"19.376412, -99.186388"
2020-04-19,HOSPITAL SAN ÁNGEL INN SUR   ,PRIVADOS,CRÍTICA,CRÍTICA,"19.340277, -99.200021"
2020-04-19,HOSPITAL SAN ÁNGEL INN UNIVERSIDAD  ,PRIVADOS,,,"19.358908, -99.167569"
2020-04-19,CENTRO DE ATENCIÓN MÉDICA INTEGRAL (HOSPITAL CAMI)   ,PRIVADOS,,,"19.424002, -99.105060"
2020-04-19,CENTRO MÉDICO DALINDE ,PRIVADOS,MEDIA,MEDIA,"19.405260,-99.168017"
2020-04-19,CENTRO MÉDICO QIRÚGICO ESCANDÓN ,PRIVADOS,,,"19.402588, -99.172236"
2020-04-19,FUNDACIÓN HOSPITAL NUESTRA SEÑORA DE LA LUZ ,PRIVADOS,,,"19.434591, -99.157036"
2020-04-19,HMG HOSPITAL COYOACÁN ,PRIVADOS,MEDIA,MEDIA,"19.328044, -99.143601"
2020-04-19,HOSPITAL ÁNGELES ACOXPA ,PRIVADOS,BUENA,CRÍTICA,"19.299431, -99.134953"
2020-04-19,HOSPITAL DE COS ,PRIVADOS,,,"19.416104, -99.162514"
2020-04-19,HOSPITAL ÁNGELES CLÍNICA LONDRES ,PRIVADOS,CRÍTICA,BUENA,"19.421804, -99.156942"
2020-04-19,HOSPITAL DE ESPECIALIDADES MIG  ,PRIVADOS,CRÍTICA,CRÍTICA,"19.491619, -99.126656"
2020-04-19,HOSPITAL ÁNGELES LINDAVSTA ,PRIVADOS,,,"19.486673, -99.129583"
2020-04-19,HOSPITAL DIOMED ,PRIVADOS,CRÍTICA,CRÍTICA,"19.401424, -99.205282"
2020-04-19,HOSPITAL ÁNGELES METROPOLITANO  ,PRIVADOS,BUENA,CRÍTICA,"19.407125, -99.167048"
2020-04-19,HOSPITAL ÁNGELES MÉXICO  ,PRIVADOS,MEDIA,MEDIA,"19.400075, -99.172655"
2020-04-19,HOSPITAL ESPAÑOL  ,PRIVADOS,,,"19.439382, -99.197221"
2020-04-19,HOSPITAL OBREGÓN ,PRIVADOS,CRÍTICA,,"19.418468, -99.160702"
2020-04-19,CORPORATIVO HOSPITAL SATÉLITE,PRIVADOS,BUENA,,"19.513536, -99.237738"
2020-04-19,HOSPITAL GENERAL MILPA ALTA,SEDESA,,,"19.200951, -99.011210"
2020-04-19,HOSPITAL GENERAL DR RUBÉN LEÑERO,SEDESA,,,"19.451398, -99.169565"
2020-04-19,HOSPITAL GENERAL BALBUENA,SEDESA,,,"19.424195, -99.115412"
2020-04-19,HOSPITAL GENERAL XOCO,SEDESA,,,"19.360313, -99.162275"
2020-04-19,CLÍNICA HOSPITAL EMILIANO ZAPATA,SEDESA,,,"19.339225, -98.978282"
2020-04-19,HOSPITAL GENERAL VILLA,SEDESA,,,"19.480079, -99.103353"
2020-04-19,HOSPITAL GENERAL TICOMAN,SEDESA,,,"19.514444, -99.137778"
2020-04-19,HOSPITAL PEDIÁTRICO IZTACALCO,SEDESA,,,"19.402722, -99.117628"
2020-04-19,HOSPITAL PEDIÁTRICO AZCAPOTZALCO,SEDESA,,,"19.484418, -99.185442"
2020-04-19,HOSPITAL PEDIÁTRICO MOCTEZUMA,SEDESA,,,"19.432814, -99.098151"
2020-04-19,HOSPITAL MATERNO INFANTIL TOPILEJO,SEDESA,,,"19.199206, -99.140064"
2020-04-19,HOSPITAL MATERNO INFANTIL MAGDALENA CONTRERAS,SEDESA,,,"19.319364, -99.239095"
2020-04-19,HOSPITAL PEDIÁTRICO LEGARIA,SEDESA,,,"19.450699, -99.203637"
2020-04-19,HOSPITAL GENERAL AJUSCO MEDIO ,SEDESA,,,"19.272165, -99.207846"
2020-04-19,HOSPITAL MATERNO PEDIÁTRICO XOCHIMILCO,SEDESA,,,"19.254376, -99.104643"
2020-04-19,HOSPITAL PEDIÁTRICO TACUBAYA,SEDESA,,,"19.402594, -99.190990"
2020-04-19,HOSPITAL MATERNO INFANTIL CUAUTEPEC,SEDESA,,,"19.539787, -99.140977"
2020-04-19,HOSPITAL MATERNO INFANTIL TLÁHUAC,SEDESA,,,"19.265167, -98.998000"
2020-04-19,HOSPITAL TORRE MÉDICA TEPEPAN,SEDESA,,,"19.275556, -99.144313"
2020-04-19,HOSPITAL PEDIÁTRICO PERALVILLO,SEDESA,,,"19.459610, -99.141249"
2020-04-19,HOSPITAL GENERAL GREGORIO SALAS,SEDESA,,,"19.437705, -99.129572"
2020-04-19,HOSPITAL PEDIÁTRICO COYOACÁN,SEDESA,,,"19.345818, -99.168076"
2020-04-19,HOSPITAL PEDIÁTRICO IZTAPALAPA,SEDESA,,,"19.356711, -99.107652"
2020-04-19,HOSPITAL GENERAL IZTAPALAPA,SEDESA,,,"19.343426, -99.027236"
2020-04-20,INSTITUTO NACIONAL DE NUTRICIÓN ,SSA,,,"19.289599, -99.155441"
2020-04-20,INSTITUTO NACIONAL DE ENFERMEDADES RESPIRATORIAS,SSA,MEDIA,BUENA,"19.291375, -99.158653"
2020-04-20,HOSPITAL GENERAL DE MÉXICO,SSA,,,"19.4129258, -99.1520225"
2020-04-20,HOSPITAL JUÁREZ,SSA,BUENA,BUENA,"19.481829, -99.135576"
2020-04-20,HOSPITAL GENERAL DR MANUEL GEA GONZÁLEZ,SSA,,,"19.290295, -99.160861"
2020-04-20,HOSPITAL REGIONAL DE ALTA ESPECIALIDAD DE IXTAPALUCA ,SSA,,,"19.318796, -98.855353"
2020-04-20,HOSPITAL INFANTIL DE MÉXICO FEDERICO GÓMEZ,SSA,CRÍTICA,CRÍTICA,"19.410839, -99.151941"
2020-04-20,INSTITUTO NACIONAL DE CARDIOLOGÍA IGNACIO CHÁVEZ,SSA,CRÍTICA,BUENA,"19.290598, -99.153838"
2020-04-20,HOSPITAL DE ESPECIALIDADES DE LA CIUDAD DE MÉXICO DR BELISARIO DOMÍNGUEZ,SEDESA,,,"19.307226, -99.065356"
2020-04-20,HOSPITAL GENERAL DR ENRIQUE CABRERA,SEDESA,,,"19.361675, -99.224432"
2020-04-20,HOSPITAL GENERAL TLÁHUAC ,SEDESA,MEDIA,MEDIA,"19.287492, -99.052665"
2020-04-20,CITIBANAMEX,SEDESA,,,"19.439732, -99.224235"
2020-04-20,HOSPITAL PEDIÁTRICO LA VILLA,SEDESA,MEDIA,MEDIA,"19.487355, -99.114316"
2020-04-20,HOSPITAL DE ESPECIALIDADES 01 CMN SIGLO XXI ,IMSS,CRÍTICA,MEDIA,"19.466549, -99.145102"
2020-04-20,HOSPITAL DE PEDIATRÍA 01 CMN SIGLO XXI (CDMX SUR) ,IMSS,CRÍTICA,CRÍTICA,"19.3696537, -99.1558374"
2020-04-20,HOSPITAL GENERAL DE ZONA 01 CARLOS MC GREGOR (CDMX SUR) ,IMSS,MEDIA,MEDIA,"19.395912, -99.161610"
2020-04-20,HOSPITAL GENERAL DE ZONA 1A PARQUE DE LOS VENADOS (CDMX SUR) ,IMSS,,,"19.369978, -99.155870"
2020-04-20,HOSPITAL DE INFECTOLOGÍA 01 LA RAZA (CDMX NORTE) ,IMSS,BUENA,BUENA,"19.465067, -99.144881"
2020-04-20,HOSPITAL GENERAL 01 (CDMX NORTE)  LA RAZA,IMSS,CRÍTICA,MEDIA,"19.395740, -99.161677"
2020-04-20,HOSPITAL GENERAL DE ZONA 24 (CDMX NORTE) ,IMSS,MEDIA,CRÍTICA,"19.483221, -99.128448"
2020-04-20,HOSPITAL GENERAL DE ZONA 27 (CDMX NORTE),IMSS,MEDIA,CRÍTICA,"19.454776, -99.140007"
2020-04-20,HOSPITAL GENERAL DE ZONA 2A (CDMX SUR) ,IMSS,MEDIA,CRÍTICA,"19.405495, -99.112200"
2020-04-20,HOSPITAL GENERAL DE ZONA 30 (CDMX SUR) ,IMSS,,,"19.398836, -99.116913"
2020-04-20,HOSPITAL GENERAL DE ZONA 32 (CDMX SUR) ,IMSS,BUENA,CRÍTICA,"19.307964, -99.130677"
2020-04-20,HOSPITAL GENERAL DE ZONA C/MF 08 (CDMX SUR) ,IMSS,,,"19.337137, -99.200142"
2020-04-20,HOSPITAL GENERAL DE ZONA C/UMAA 48 (CDMX NORTE) ,IMSS,MEDIA,MEDIA,"19.482375, -99.213046"
2020-04-20,HOSPITAL GENERAL 02 (CDMX SUR) VILLA COAPA ,IMSS,CRÍTICA,CRÍTICA,"19.309194, -99.129593"
2020-04-20,HOSPITAL DE ESPECIALIDADES 01 (CDMX NORTE) LA RAZA ,IMSS,CRÍTICA,CRÍTICA,"19.467169, -99.143785"
2020-04-20,HOSPITAL GENERAL DE ZONA C/MF 29 (S. JUAN ARAGÓN),IMSS,CRÍTICA,CRÍTICA,"19.465117, -99.085162"
2020-04-20,HOSPITAL GENERAL DE ZONA 47 (CDMX SUR) (IZP),IMSS,MEDIA,CRÍTICA,"19.357566, -99.054269"
2020-04-20,HOSPITAL GENERAL REGIONAL 72,IMSS,MEDIA,MEDIA,"19.542797, -99.205022"
2020-04-20,HOSPITAL GENERAL REGIONAL 196,IMSS,MEDIA,MEDIA,"19.529016, -99.030983"
2020-04-20,HOSPITAL GENERAL REGIONAL 200,IMSS,MEDIA,CRÍTICA,"19.742905, -98.972971"
2020-04-20,HOSPITAL GENERAL DE ZONA 53,IMSS,MEDIA,MEDIA,"19.356913, -98.990929"
2020-04-20,HOSPITAL GENERAL DE ZONA 197,IMSS,MEDIA,MEDIA,"19.515133, -98.891450"
2020-04-20,HOSPITAL GENERAL DE ZONA 194,IMSS,MEDIA,CRÍTICA,"19.470300, -99.234208"
2020-04-20,HOSPITAL GENERAL DE ZONA 57 (LA QUEBRADA) ,IMSS,CRÍTICA,CRÍTICA,"19.597387, -99.188426"
2020-04-20,HOSPITAL GENERAL DE ZONA 58 (LAS MARGARITAS) ,IMSS,MEDIA,MEDIA,"19.530797, -99.222446"
2020-04-20,HOSPITAL GENERAL DE ZONA 68 (TULPETLAC) ,IMSS,CRÍTICA,CRÍTICA,"19.570070, -99.044009"
2020-04-20,HOSPITAL GENERAL DE ZONA 71 (CHALCO) ,IMSS,CRÍTICA,MEDIA,"19.259803, -98.893368"
2020-04-20,HOSPITAL GENERAL DE ZONA 76 (XALOSTOC) ,IMSS,CRÍTICA,CRÍTICA,"19.526677, -99.082058"
2020-04-20,HOSPITAL GENERAL DE ZONA 98 (COACALCO) ,IMSS,CRÍTICA,CRÍTICA,"19.638165, -99.098892"
2020-04-20,CENTRO MÉDICO 20 DE NOVIEMBRE,ISSSTE,MEDIA,MEDIA,"19.372720, -99.171205"
2020-04-20,HG DARIO FERNANDEZ FIERRO,ISSSTE,BUENA,MEDIA,"19.363602, -99.188608"
2020-04-20,HG JOSÉ MARÍA MORELOS,ISSSTE,,,"19.363918, -98.995393"
2020-04-20,HG TACUBA,ISSSTE,,,"19.454384, -99.191231"
2020-04-20,HG DR FERNANDO QUIROZ ,ISSSTE,MEDIA,MEDIA,"19.394242, -99.194187"
2020-04-20,HG IGNACIO ZARAGOZA,ISSSTE,,,"19.389472, -99.045019"
2020-04-20,HR PRIMERO DE OCTUBRE,ISSSTE,BUENA,BUENA,"19.486751, -99.133249"
2020-04-20,HR LIC ADOLFO LÓPEZ MATEOS ,ISSSTE,,,"19.358451, -99.172716"
2020-04-20,HR BICENTARIO DE LA INDEPENDENCIA ,ISSSTE,,,"19.628814, -99.163343"
2020-04-20,HG TOLUCA,ISSSTE,CRÍTICA,MEDIA,"19.256918, -99.635872"
2020-04-20,HOSPITAL CENTRAL MILITAR,SEDENA,,,"19.437367, -99.216057"
2020-04-20,HOSPITAL MILITAR DE ZONA CAMPO NO. 1-A,SEDENA,,,"19.457977, -99.227768"
2020-04-20,HOSPITAL MILITAR DE ZONA EL VERGEL,SEDENA,,,"19.312522, -99.082521"
2020-04-20,CAMPO MILITAR NO 1-A 6/O GRUPO DE MORTEROS ,SEDENA,,,"19.449179, -99.232137"
2020-04-20,22/O BATALLÓN DE POLÍCIA MILITAR ,SEDENA,,,"19.405526, -99.135839"
2020-04-20,81/0 BATALLÓN DE INFANTERÍA Y ESCUELA MILITAR DE INFANTERÍA ,SEDENA,,,"19.264736, -99.152936"
2020-04-20,CAMPO MILITAR NO 37-B HOSPITAL MILITAR DE ZONA TEMAMATLA,SEDENA,,,"19.188076, -98.870108"
2020-04-20,CAMPO MILITAR NO 37-B 6/O BATALLÓN DE FUERZAS ESPECIALES ,SEDENA,,,"19.188076, -98.870108"
2020-04-20,HOSPITAL MILITAR DE ZONA SANTA MARÍA RAYÓN ,SEDENA,,,"19.137953, -99.594466"
2020-04-20,8/O REGIMIENTO MECANIZADO ALMOLOYA DE JUÁREZ ,SEDENA,,,"19.403838, -99.742294"
2020-04-20,CENTRO MÉDICO NAVAL,SEMAR,,BUENA,"19.324032, -99.125233"
2020-04-20,HOSPITAL CENTRAL SUR DE ALTA ESPECIALIDAD ,PEMEX,CRÍTICA,CRÍTICA,"19.308751, -99.218739"
2020-04-20,HOSPITAL CENTRAL NORTE ,PEMEX,MEDIA,MEDIA,"19.479895, -99.200880"
2020-04-20,ALTA ESPECIALIDAD DE ZUMPANGO ,EDOMEX,MEDIA,MEDIA,"19.815464, -99.089197"
2020-04-20,HOSPITAL REGIONAL TLANEPANTLA ISSEMYM ,EDOMEX,,,"19.319081, -98.855395"
2020-04-20,CENTRO MÉDICO TOLUCA ISSEMYM ,EDOMEX,MEDIA,MEDIA,"19.286408, -99.586018"
2020-04-20,HOSPITAL PARA EL NIÑO IMIEM ,EDOMEX,CRÍTICA,CRÍTICA,"19.272268, -99.660899"
2020-04-20,CENTRO MÉDICO ADOLFO LÓPEZ MATEOS ,EDOMEX,,,"19.321045, -99.633308"
2020-04-20,"HOSPITAL GENERAL ECATEPEC ""LAS AMÉRICAS"" ",EDOMEX,,,"19.594136, -99.018679"
2020-04-20,HOSPITAL ÁNGELES MOCEL ,PRIVADOS,BUENA,BUENA,"19.410855, -99.184695"
2020-04-20,HOSPITAL SEDNA,PRIVADOS,,,"19.303597, -99.174177"
2020-04-20,HOSPITAL ÁNGELES PEDREGAL ,PRIVADOS,BUENA,BUENA,"19.312440, -99.221240"
2020-04-20,MÉDICA SUR ,PRIVADOS,,,"19.297207, -99.160809"
2020-04-20,NUEVO SANATORIO DURANGO  ,PRIVADOS,,,"19.418455, -99.171747"
2020-04-20,HOSPITAL ÁNGELES ROMA (SANTELENA)   ,PRIVADOS,,,"19.415243, -99.157081"
2020-04-20,HOSPITAL ÁNGELES SANTA MÓNICA  ,PRIVADOS,,BUENA,"19.434303, -99.191799"
2020-04-20,CENTRO MÉDICO ABC CAMPUS OBSERVATORIO  ,PRIVADOS,BUENA,BUENA,"19.400754, -99.204033"
2020-04-20,CENTRO MÉDICO ABC CAMPUS SANTA FE,PRIVADOS,CRÍTICA,CRÍTICA,"19.356363, -99.282374"
2020-04-20,HOSPITAL SAN ÁNGEL INN CHAPULTEPEC,PRIVADOS,MEDIA,CRÍTICA,"19.421896, -99.172987"
2020-04-20,HOSPITAL SAN ÁNGEL INN PATRIOTISMO  ,PRIVADOS,CRÍTICA,CRÍTICA,"19.376412, -99.186388"
2020-04-20,HOSPITAL SAN ÁNGEL INN SUR   ,PRIVADOS,CRÍTICA,CRÍTICA,"19.340277, -99.200021"
2020-04-20,HOSPITAL SAN ÁNGEL INN UNIVERSIDAD  ,PRIVADOS,,,"19.358908, -99.167569"
2020-04-20,CENTRO DE ATENCIÓN MÉDICA INTEGRAL (HOSPITAL CAMI)   ,PRIVADOS,,,"19.424002, -99.105060"
2020-04-20,CENTRO MÉDICO DALINDE ,PRIVADOS,,,"19.405260,-99.168017"
2020-04-20,CENTRO MÉDICO QIRÚGICO ESCANDÓN ,PRIVADOS,,,"19.402588, -99.172236"
2020-04-20,FUNDACIÓN HOSPITAL NUESTRA SEÑORA DE LA LUZ ,PRIVADOS,,,"19.434591, -99.157036"
2020-04-20,HMG HOSPITAL COYOACÁN ,PRIVADOS,MEDIA,MEDIA,"19.328044, -99.143601"
2020-04-20,HOSPITAL ÁNGELES ACOXPA ,PRIVADOS,BUENA,CRÍTICA,"19.299431, -99.134953"
2020-04-20,HOSPITAL DE COS ,PRIVADOS,,,"19.416104, -99.162514"
2020-04-20,HOSPITAL ÁNGELES CLÍNICA LONDRES ,PRIVADOS,CRÍTICA,BUENA,"19.421804, -99.156942"
2020-04-20,HOSPITAL DE ESPECIALIDADES MIG  ,PRIVADOS,CRÍTICA,CRÍTICA,"19.491619, -99.126656"
2020-04-20,HOSPITAL ÁNGELES LINDAVSTA ,PRIVADOS,,,"19.486673, -99.129583"
2020-04-20,HOSPITAL DIOMED ,PRIVADOS,CRÍTICA,CRÍTICA,"19.401424, -99.205282"
2020-04-20,HOSPITAL ÁNGELES METROPOLITANO  ,PRIVADOS,BUENA,CRÍTICA,"19.407125, -99.167048"
2020-04-20,HOSPITAL ÁNGELES MÉXICO  ,PRIVADOS,MEDIA,MEDIA,"19.400075, -99.172655"
2020-04-20,HOSPITAL ESPAÑOL  ,PRIVADOS,,,"19.439382, -99.197221"
2020-04-20,HOSPITAL OBREGÓN ,PRIVADOS,CRÍTICA,,"19.418468, -99.160702"
2020-04-20,CORPORATIVO HOSPITAL SATÉLITE,PRIVADOS,BUENA,,"19.513536, -99.237738"
2020-04-20,HOSPITAL GENERAL MILPA ALTA,SEDESA,,,"19.200951, -99.011210"
2020-04-20,HOSPITAL GENERAL DR RUBÉN LEÑERO,SEDESA,,,"19.451398, -99.169565"
2020-04-20,HOSPITAL GENERAL BALBUENA,SEDESA,,,"19.424195, -99.115412"
2020-04-20,HOSPITAL GENERAL XOCO,SEDESA,,,"19.360313, -99.162275"
2020-04-20,CLÍNICA HOSPITAL EMILIANO ZAPATA,SEDESA,,,"19.339225, -98.978282"
2020-04-20,HOSPITAL GENERAL VILLA,SEDESA,,,"19.480079, -99.103353"
2020-04-20,HOSPITAL GENERAL TICOMAN,SEDESA,,,"19.514444, -99.137778"
2020-04-20,HOSPITAL PEDIÁTRICO IZTACALCO,SEDESA,,,"19.402722, -99.117628"
2020-04-20,HOSPITAL PEDIÁTRICO AZCAPOTZALCO,SEDESA,,,"19.484418, -99.185442"
2020-04-20,HOSPITAL PEDIÁTRICO MOCTEZUMA,SEDESA,,,"19.432814, -99.098151"
2020-04-20,HOSPITAL MATERNO INFANTIL TOPILEJO,SEDESA,,,"19.199206, -99.140064"
2020-04-20,HOSPITAL MATERNO INFANTIL MAGDALENA CONTRERAS,SEDESA,,,"19.319364, -99.239095"
2020-04-20,HOSPITAL PEDIÁTRICO LEGARIA,SEDESA,,,"19.450699, -99.203637"
2020-04-20,HOSPITAL GENERAL AJUSCO MEDIO ,SEDESA,,,"19.272165, -99.207846"
2020-04-20,HOSPITAL MATERNO PEDIÁTRICO XOCHIMILCO,SEDESA,,,"19.254376, -99.104643"
2020-04-20,HOSPITAL PEDIÁTRICO TACUBAYA,SEDESA,,,"19.402594, -99.190990"
2020-04-20,HOSPITAL MATERNO INFANTIL CUAUTEPEC,SEDESA,,,"19.539787, -99.140977"
2020-04-20,HOSPITAL MATERNO INFANTIL TLÁHUAC,SEDESA,,,"19.265167, -98.998000"
2020-04-20,HOSPITAL TORRE MÉDICA TEPEPAN,SEDESA,,,"19.275556, -99.144313"
2020-04-20,HOSPITAL PEDIÁTRICO PERALVILLO,SEDESA,,,"19.459610, -99.141249"
2020-04-20,HOSPITAL GENERAL GREGORIO SALAS,SEDESA,,,"19.437705, -99.129572"
2020-04-20,HOSPITAL PEDIÁTRICO COYOACÁN,SEDESA,,,"19.345818, -99.168076"
2020-04-20,HOSPITAL PEDIÁTRICO IZTAPALAPA,SEDESA,,,"19.356711, -99.107652"
2020-04-20,HOSPITAL GENERAL IZTAPALAPA,SEDESA,,,"19.343426, -99.027236"
2020-04-21,INSTITUTO NACIONAL DE NUTRICIÓN ,SSA,,,"19.289599, -99.155441"
2020-04-21,INSTITUTO NACIONAL DE ENFERMEDADES RESPIRATORIAS,SSA,MEDIA,BUENA,"19.291375, -99.158653"
2020-04-21,HOSPITAL GENERAL DE MÉXICO,SSA,,,"19.4129258, -99.1520225"
2020-04-21,HOSPITAL JUÁREZ,SSA,BUENA,BUENA,"19.481829, -99.135576"
2020-04-21,HOSPITAL GENERAL DR MANUEL GEA GONZÁLEZ,SSA,BUENA,BUENA,"19.290295, -99.160861"
2020-04-21,HOSPITAL REGIONAL DE ALTA ESPECIALIDAD DE IXTAPALUCA ,SSA,BUENA,BUENA,"19.318796, -98.855353"
2020-04-21,HOSPITAL INFANTIL DE MÉXICO FEDERICO GÓMEZ,SSA,CRÍTICA,MEDIA,"19.410839, -99.151941"
2020-04-21,INSTITUTO NACIONAL DE CARDIOLOGÍA IGNACIO CHÁVEZ,SSA,CRÍTICA,BUENA,"19.290598, -99.153838"
2020-04-21,HOSPITAL DE ESPECIALIDADES DE LA CIUDAD DE MÉXICO DR BELISARIO DOMÍNGUEZ,SEDESA,BUENA,MEDIA,"19.307226, -99.065356"
2020-04-21,HOSPITAL GENERAL DR ENRIQUE CABRERA,SEDESA,BUENA,MEDIA,"19.361675, -99.224432"
2020-04-21,HOSPITAL GENERAL TLÁHUAC ,SEDESA,MEDIA,MEDIA,"19.287492, -99.052665"
2020-04-21,CITIBANAMEX,SEDESA,,BUENA,"19.439732, -99.224235"
2020-04-21,HOSPITAL PEDIÁTRICO LA VILLA,SEDESA,MEDIA,MEDIA,"19.487355, -99.114316"
2020-04-21,HOSPITAL DE ESPECIALIDADES 01 CMN SIGLO XXI ,IMSS,CRÍTICA,MEDIA,"19.466549, -99.145102"
2020-04-21,HOSPITAL DE PEDIATRÍA 01 CMN SIGLO XXI (CDMX SUR) ,IMSS,CRÍTICA,CRÍTICA,"19.3696537, -99.1558374"
2020-04-21,HOSPITAL GENERAL DE ZONA 01 CARLOS MC GREGOR (CDMX SUR) ,IMSS,BUENA,MEDIA,"19.395912, -99.161610"
2020-04-21,HOSPITAL GENERAL DE ZONA 1A PARQUE DE LOS VENADOS (CDMX SUR) ,IMSS,,,"19.369978, -99.155870"
2020-04-21,HOSPITAL DE INFECTOLOGÍA 01 LA RAZA (CDMX NORTE) ,IMSS,BUENA,MEDIA,"19.465067, -99.144881"
2020-04-21,HOSPITAL GENERAL 01 (CDMX NORTE)  LA RAZA,IMSS,CRÍTICA,CRÍTICA,"19.395740, -99.161677"
2020-04-21,HOSPITAL GENERAL DE ZONA 24 (CDMX NORTE) ,IMSS,MEDIA,MEDIA,"19.483221, -99.128448"
2020-04-21,HOSPITAL GENERAL DE ZONA 27 (CDMX NORTE),IMSS,MEDIA,CRÍTICA,"19.454776, -99.140007"
2020-04-21,HOSPITAL GENERAL DE ZONA 2A (CDMX SUR) ,IMSS,MEDIA,CRÍTICA,"19.405495, -99.112200"
2020-04-21,HOSPITAL GENERAL DE ZONA 30 (CDMX SUR) ,IMSS,,,"19.398836, -99.116913"
2020-04-21,HOSPITAL GENERAL DE ZONA 32 (CDMX SUR) ,IMSS,BUENA,CRÍTICA,"19.307964, -99.130677"
2020-04-21,HOSPITAL GENERAL DE ZONA C/MF 08 (CDMX SUR) ,IMSS,,,"19.337137, -99.200142"
2020-04-21,HOSPITAL GENERAL DE ZONA C/UMAA 48 (CDMX NORTE) ,IMSS,MEDIA,MEDIA,"19.482375, -99.213046"
2020-04-21,HOSPITAL GENERAL 02 (CDMX SUR) VILLA COAPA ,IMSS,CRÍTICA,CRÍTICA,"19.309194, -99.129593"
2020-04-21,HOSPITAL DE ESPECIALIDADES 01 (CDMX NORTE) LA RAZA ,IMSS,CRÍTICA,CRÍTICA,"19.467169, -99.143785"
2020-04-21,HOSPITAL GENERAL DE ZONA C/MF 29 (S. JUAN ARAGÓN),IMSS,CRÍTICA,CRÍTICA,"19.465117, -99.085162"
2020-04-21,HOSPITAL GENERAL DE ZONA 47 (CDMX SUR) (IZP),IMSS,MEDIA,CRÍTICA,"19.357566, -99.054269"
2020-04-21,HOSPITAL GENERAL REGIONAL 72,IMSS,MEDIA,MEDIA,"19.542797, -99.205022"
2020-04-21,HOSPITAL GENERAL REGIONAL 196,IMSS,MEDIA,MEDIA,"19.529016, -99.030983"
2020-04-21,HOSPITAL GENERAL REGIONAL 200,IMSS,MEDIA,MEDIA,"19.742905, -98.972971"
2020-04-21,HOSPITAL GENERAL DE ZONA 53,IMSS,MEDIA,MEDIA,"19.356913, -98.990929"
2020-04-21,HOSPITAL GENERAL DE ZONA 197,IMSS,MEDIA,MEDIA,"19.515133, -98.891450"
2020-04-21,HOSPITAL GENERAL DE ZONA 194,IMSS,MEDIA,CRÍTICA,"19.470300, -99.234208"
2020-04-21,HOSPITAL GENERAL DE ZONA 57 (LA QUEBRADA) ,IMSS,CRÍTICA,CRÍTICA,"19.597387, -99.188426"
2020-04-21,HOSPITAL GENERAL DE ZONA 58 (LAS MARGARITAS) ,IMSS,MEDIA,MEDIA,"19.530797, -99.222446"
2020-04-21,HOSPITAL GENERAL DE ZONA 68 (TULPETLAC) ,IMSS,CRÍTICA,MEDIA,"19.570070, -99.044009"
2020-04-21,HOSPITAL GENERAL DE ZONA 71 (CHALCO) ,IMSS,CRÍTICA,MEDIA,"19.259803, -98.893368"
2020-04-21,HOSPITAL GENERAL DE ZONA 76 (XALOSTOC) ,IMSS,CRÍTICA,CRÍTICA,"19.526677, -99.082058"
2020-04-21,HOSPITAL GENERAL DE ZONA 98 (COACALCO) ,IMSS,CRÍTICA,CRÍTICA,"19.638165, -99.098892"
2020-04-21,CENTRO MÉDICO 20 DE NOVIEMBRE,ISSSTE,MEDIA,MEDIA,"19.372720, -99.171205"
2020-04-21,HG DARIO FERNANDEZ FIERRO,ISSSTE,BUENA,MEDIA,"19.363602, -99.188608"
2020-04-21,HG JOSÉ MARÍA MORELOS,ISSSTE,,,"19.363918, -98.995393"
2020-04-21,HG TACUBA,ISSSTE,,,"19.454384, -99.191231"
2020-04-21,HG DR FERNANDO QUIROZ ,ISSSTE,MEDIA,CRÍTICA,"19.394242, -99.194187"
2020-04-21,HG IGNACIO ZARAGOZA,ISSSTE,,,"19.389472, -99.045019"
2020-04-21,HR PRIMERO DE OCTUBRE,ISSSTE,BUENA,BUENA,"19.486751, -99.133249"
2020-04-21,HR LIC ADOLFO LÓPEZ MATEOS ,ISSSTE,MEDIA,MEDIA,"19.358451, -99.172716"
2020-04-21,HR BICENTARIO DE LA INDEPENDENCIA ,ISSSTE,,,"19.628814, -99.163343"
2020-04-21,HG TOLUCA,ISSSTE,CRÍTICA,MEDIA,"19.256918, -99.635872"
2020-04-21,HOSPITAL CENTRAL MILITAR,SEDENA,,,"19.437367, -99.216057"
2020-04-21,HOSPITAL MILITAR DE ZONA CAMPO NO. 1-A,SEDENA,,,"19.457977, -99.227768"
2020-04-21,HOSPITAL MILITAR DE ZONA EL VERGEL,SEDENA,,,"19.312522, -99.082521"
2020-04-21,CAMPO MILITAR NO 1-A 6/O GRUPO DE MORTEROS ,SEDENA,,,"19.449179, -99.232137"
2020-04-21,22/O BATALLÓN DE POLÍCIA MILITAR ,SEDENA,,,"19.405526, -99.135839"
2020-04-21,81/0 BATALLÓN DE INFANTERÍA Y ESCUELA MILITAR DE INFANTERÍA ,SEDENA,,,"19.264736, -99.152936"
2020-04-21,CAMPO MILITAR NO 37-B HOSPITAL MILITAR DE ZONA TEMAMATLA,SEDENA,,,"19.188076, -98.870108"
2020-04-21,CAMPO MILITAR NO 37-B 6/O BATALLÓN DE FUERZAS ESPECIALES ,SEDENA,,,"19.188076, -98.870108"
2020-04-21,HOSPITAL MILITAR DE ZONA SANTA MARÍA RAYÓN ,SEDENA,,,"19.137953, -99.594466"
2020-04-21,8/O REGIMIENTO MECANIZADO ALMOLOYA DE JUÁREZ ,SEDENA,,,"19.403838, -99.742294"
2020-04-21,CENTRO MÉDICO NAVAL,SEMAR,,BUENA,"19.324032, -99.125233"
2020-04-21,HOSPITAL CENTRAL SUR DE ALTA ESPECIALIDAD ,PEMEX,CRÍTICA,CRÍTICA,"19.308751, -99.218739"
2020-04-21,HOSPITAL CENTRAL NORTE ,PEMEX,,,"19.479895, -99.200880"
2020-04-21,ALTA ESPECIALIDAD DE ZUMPANGO ,EDOMEX,MEDIA,MEDIA,"19.815464, -99.089197"
2020-04-21,HOSPITAL REGIONAL TLANEPANTLA ISSEMYM ,EDOMEX,,,"19.319081, -98.855395"
2020-04-21,CENTRO MÉDICO TOLUCA ISSEMYM ,EDOMEX,MEDIA,MEDIA,"19.286408, -99.586018"
2020-04-21,HOSPITAL PARA EL NIÑO IMIEM ,EDOMEX,CRÍTICA,CRÍTICA,"19.272268, -99.660899"
2020-04-21,CENTRO MÉDICO ADOLFO LÓPEZ MATEOS ,EDOMEX,,,"19.321045, -99.633308"
2020-04-21,"HOSPITAL GENERAL ECATEPEC ""LAS AMÉRICAS"" ",EDOMEX,,,"19.594136, -99.018679"
2020-04-21,HOSPITAL ÁNGELES MOCEL ,PRIVADOS,BUENA,MEDIA,"19.410855, -99.184695"
2020-04-21,HOSPITAL SEDNA,PRIVADOS,,,"19.303597, -99.174177"
2020-04-21,HOSPITAL ÁNGELES PEDREGAL ,PRIVADOS,BUENA,BUENA,"19.312440, -99.221240"
2020-04-21,MÉDICA SUR ,PRIVADOS,,,"19.297207, -99.160809"
2020-04-21,NUEVO SANATORIO DURANGO  ,PRIVADOS,,,"19.418455, -99.171747"
2020-04-21,HOSPITAL ÁNGELES ROMA (SANTELENA)   ,PRIVADOS,BUENA,CRÍTICA,"19.415243, -99.157081"
2020-04-21,HOSPITAL ÁNGELES SANTA MÓNICA  ,PRIVADOS,,BUENA,"19.434303, -99.191799"
2020-04-21,CENTRO MÉDICO ABC CAMPUS OBSERVATORIO  ,PRIVADOS,BUENA,BUENA,"19.400754, -99.204033"
2020-04-21,CENTRO MÉDICO ABC CAMPUS SANTA FE,PRIVADOS,CRÍTICA,CRÍTICA,"19.356363, -99.282374"
2020-04-21,HOSPITAL SAN ÁNGEL INN CHAPULTEPEC,PRIVADOS,CRÍTICA,CRÍTICA,"19.421896, -99.172987"
2020-04-21,HOSPITAL SAN ÁNGEL INN PATRIOTISMO  ,PRIVADOS,CRÍTICA,CRÍTICA,"19.376412, -99.186388"
2020-04-21,HOSPITAL SAN ÁNGEL INN SUR   ,PRIVADOS,CRÍTICA,CRÍTICA,"19.340277, -99.200021"
2020-04-21,HOSPITAL SAN ÁNGEL INN UNIVERSIDAD  ,PRIVADOS,,,"19.358908, -99.167569"
2020-04-21,CENTRO DE ATENCIÓN MÉDICA INTEGRAL (HOSPITAL CAMI)   ,PRIVADOS,,,"19.424002, -99.105060"
2020-04-21,CENTRO MÉDICO DALINDE ,PRIVADOS,,,"19.405260,-99.168017"
2020-04-21,CENTRO MÉDICO QIRÚGICO ESCANDÓN ,PRIVADOS,,,"19.402588, -99.172236"
2020-04-21,FUNDACIÓN HOSPITAL NUESTRA SEÑORA DE LA LUZ ,PRIVADOS,,,"19.434591, -99.157036"
2020-04-21,HMG HOSPITAL COYOACÁN ,PRIVADOS,MEDIA,MEDIA,"19.328044, -99.143601"
2020-04-21,HOSPITAL ÁNGELES LOMAS,PRIVADOS,,,"19.394636, -99.282021"
2020-04-21,HOSPITAL ÁNGELES ACOXPA ,PRIVADOS,BUENA,CRÍTICA,"19.299431, -99.134953"
2020-04-21,HOSPITAL DE COS ,PRIVADOS,,,"19.416104, -99.162514"
2020-04-21,HOSPITAL ÁNGELES CLÍNICA LONDRES ,PRIVADOS,CRÍTICA,BUENA,"19.421804, -99.156942"
2020-04-21,HOSPITAL DE ESPECIALIDADES MIG  ,PRIVADOS,CRÍTICA,CRÍTICA,"19.491619, -99.126656"
2020-04-21,HOSPITAL ÁNGELES LINDAVSTA ,PRIVADOS,MEDIA,BUENA,"19.486673, -99.129583"
2020-04-21,HOSPITAL DIOMED ,PRIVADOS,CRÍTICA,CRÍTICA,"19.401424, -99.205282"
2020-04-21,HOSPITAL ÁNGELES METROPOLITANO  ,PRIVADOS,BUENA,MEDIA,"19.407125, -99.167048"
2020-04-21,HOSPITAL ÁNGELES MÉXICO  ,PRIVADOS,BUENA,CRÍTICA,"19.400075, -99.172655"
2020-04-21,HOSPITAL ESPAÑOL  ,PRIVADOS,BUENA,BUENA,"19.439382, -99.197221"
2020-04-21,HOSPITAL OBREGÓN ,PRIVADOS,CRÍTICA,,"19.418468, -99.160702"
2020-04-21,CORPORATIVO HOSPITAL SATÉLITE,PRIVADOS,BUENA,,"19.513536, -99.237738"
2020-04-21,HOSPITAL GENERAL MILPA ALTA,SEDESA,,,"19.200951, -99.011210"
2020-04-21,HOSPITAL GENERAL DR RUBÉN LEÑERO,SEDESA,,,"19.451398, -99.169565"
2020-04-21,HOSPITAL GENERAL BALBUENA,SEDESA,,,"19.424195, -99.115412"
2020-04-21,HOSPITAL GENERAL XOCO,SEDESA,,,"19.360313, -99.162275"
2020-04-21,CLÍNICA HOSPITAL EMILIANO ZAPATA,SEDESA,,,"19.339225, -98.978282"
2020-04-21,HOSPITAL GENERAL VILLA,SEDESA,,,"19.480079, -99.103353"
2020-04-21,HOSPITAL GENERAL TICOMAN,SEDESA,,,"19.514444, -99.137778"
2020-04-21,HOSPITAL PEDIÁTRICO IZTACALCO,SEDESA,,,"19.402722, -99.117628"
2020-04-21,HOSPITAL PEDIÁTRICO AZCAPOTZALCO,SEDESA,,,"19.484418, -99.185442"
2020-04-21,HOSPITAL PEDIÁTRICO MOCTEZUMA,SEDESA,,,"19.432814, -99.098151"
2020-04-21,HOSPITAL MATERNO INFANTIL TOPILEJO,SEDESA,,,"19.199206, -99.140064"
2020-04-21,HOSPITAL MATERNO INFANTIL MAGDALENA CONTRERAS,SEDESA,,,"19.319364, -99.239095"
2020-04-21,HOSPITAL PEDIÁTRICO LEGARIA,SEDESA,,,"19.450699, -99.203637"
2020-04-21,HOSPITAL GENERAL AJUSCO MEDIO ,SEDESA,,,"19.272165, -99.207846"
2020-04-21,HOSPITAL MATERNO PEDIÁTRICO XOCHIMILCO,SEDESA,,,"19.254376, -99.104643"
2020-04-21,HOSPITAL PEDIÁTRICO TACUBAYA,SEDESA,,,"19.402594, -99.190990"
2020-04-21,HOSPITAL MATERNO INFANTIL CUAUTEPEC,SEDESA,,,"19.539787, -99.140977"
2020-04-21,HOSPITAL MATERNO INFANTIL TLÁHUAC,SEDESA,,,"19.265167, -98.998000"
2020-04-21,HOSPITAL TORRE MÉDICA TEPEPAN,SEDESA,,,"19.275556, -99.144313"
2020-04-21,HOSPITAL PEDIÁTRICO PERALVILLO,SEDESA,,,"19.459610, -99.141249"
2020-04-21,HOSPITAL GENERAL GREGORIO SALAS,SEDESA,,,"19.437705, -99.129572"
2020-04-21,HOSPITAL PEDIÁTRICO COYOACÁN,SEDESA,,,"19.345818, -99.168076"
2020-04-21,HOSPITAL PEDIÁTRICO IZTAPALAPA,SEDESA,,,"19.356711, -99.107652"
2020-04-21,HOSPITAL GENERAL IZTAPALAPA,SEDESA,,,"19.343426, -99.027236"
2020-04-22,INSTITUTO NACIONAL DE NUTRICIÓN ,SSA,,,"19.289599, -99.155441"
2020-04-22,INSTITUTO NACIONAL DE ENFERMEDADES RESPIRATORIAS,SSA,MEDIA,BUENA,"19.291375, -99.158653"
2020-04-22,HOSPITAL GENERAL DE MÉXICO,SSA,,,"19.4129258, -99.1520225"
2020-04-22,HOSPITAL JUÁREZ,SSA,BUENA,BUENA,"19.481829, -99.135576"
2020-04-22,HOSPITAL GENERAL DR MANUEL GEA GONZÁLEZ,SSA,BUENA,BUENA,"19.290295, -99.160861"
2020-04-22,HOSPITAL REGIONAL DE ALTA ESPECIALIDAD DE IXTAPALUCA ,SSA,BUENA,BUENA,"19.318796, -98.855353"
2020-04-22,HOSPITAL INFANTIL DE MÉXICO FEDERICO GÓMEZ,SSA,CRÍTICA,MEDIA,"19.410839, -99.151941"
2020-04-22,INSTITUTO NACIONAL DE CARDIOLOGÍA IGNACIO CHÁVEZ,SSA,CRÍTICA,BUENA,"19.290598, -99.153838"
2020-04-22,HOSPITAL DE ESPECIALIDADES DE LA CIUDAD DE MÉXICO DR BELISARIO DOMÍNGUEZ,SEDESA,,,"19.307226, -99.065356"
2020-04-22,HOSPITAL GENERAL DR ENRIQUE CABRERA,SEDESA,BUENA,MEDIA,"19.361675, -99.224432"
2020-04-22,HOSPITAL GENERAL TLÁHUAC ,SEDESA,MEDIA,MEDIA,"19.287492, -99.052665"
2020-04-22,CITIBANAMEX,SEDESA,,,"19.439732, -99.224235"
2020-04-22,HOSPITAL PEDIÁTRICO LA VILLA,SEDESA,MEDIA,MEDIA,"19.487355, -99.114316"
2020-04-22,HOSPITAL DE ESPECIALIDADES 01 CMN SIGLO XXI ,IMSS,CRÍTICA,MEDIA,"19.466549, -99.145102"
2020-04-22,HOSPITAL DE PEDIATRÍA 01 CMN SIGLO XXI (CDMX SUR) ,IMSS,CRÍTICA,CRÍTICA,"19.3696537, -99.1558374"
2020-04-22,HOSPITAL GENERAL DE ZONA 01 CARLOS MC GREGOR (CDMX SUR) ,IMSS,BUENA,MEDIA,"19.395912, -99.161610"
2020-04-22,HOSPITAL GENERAL DE ZONA 1A PARQUE DE LOS VENADOS (CDMX SUR) ,IMSS,,,"19.369978, -99.155870"
2020-04-22,HOSPITAL DE INFECTOLOGÍA 01 LA RAZA (CDMX NORTE) ,IMSS,BUENA,MEDIA,"19.465067, -99.144881"
2020-04-22,HOSPITAL GENERAL 01 (CDMX NORTE)  LA RAZA,IMSS,CRÍTICA,CRÍTICA,"19.395740, -99.161677"
2020-04-22,HOSPITAL GENERAL DE ZONA 24 (CDMX NORTE) ,IMSS,,,"19.483221, -99.128448"
2020-04-22,HOSPITAL GENERAL DE ZONA 27 (CDMX NORTE),IMSS,,,"19.454776, -99.140007"
2020-04-22,HOSPITAL GENERAL DE ZONA 2A (CDMX SUR) ,IMSS,MEDIA,CRÍTICA,"19.405495, -99.112200"
2020-04-22,HOSPITAL GENERAL DE ZONA 30 (CDMX SUR) ,IMSS,,,"19.398836, -99.116913"
2020-04-22,HOSPITAL GENERAL DE ZONA 32 (CDMX SUR) ,IMSS,BUENA,CRÍTICA,"19.307964, -99.130677"
2020-04-22,HOSPITAL GENERAL DE ZONA C/MF 08 (CDMX SUR) ,IMSS,,,"19.337137, -99.200142"
2020-04-22,HOSPITAL GENERAL DE ZONA C/UMAA 48 (CDMX NORTE) ,IMSS,MEDIA,MEDIA,"19.482375, -99.213046"
2020-04-22,HOSPITAL GENERAL 02 (CDMX SUR) VILLA COAPA ,IMSS,CRÍTICA,CRÍTICA,"19.309194, -99.129593"
2020-04-22,HOSPITAL DE ESPECIALIDADES 01 (CDMX NORTE) LA RAZA ,IMSS,CRÍTICA,CRÍTICA,"19.467169, -99.143785"
2020-04-22,HOSPITAL GENERAL DE ZONA C/MF 29 (S. JUAN ARAGÓN),IMSS,CRÍTICA,CRÍTICA,"19.465117, -99.085162"
2020-04-22,HOSPITAL GENERAL DE ZONA 47 (CDMX SUR) (IZP),IMSS,,,"19.357566, -99.054269"
2020-04-22,HOSPITAL GENERAL REGIONAL 72,IMSS,MEDIA,MEDIA,"19.542797, -99.205022"
2020-04-22,HOSPITAL GENERAL REGIONAL 196,IMSS,MEDIA,MEDIA,"19.529016, -99.030983"
2020-04-22,HOSPITAL GENERAL REGIONAL 200,IMSS,MEDIA,CRÍTICA,"19.742905, -98.972971"
2020-04-22,HOSPITAL GENERAL DE ZONA 53,IMSS,,,"19.356913, -98.990929"
2020-04-22,HOSPITAL GENERAL DE ZONA 197,IMSS,MEDIA,MEDIA,"19.515133, -98.891450"
2020-04-22,HOSPITAL GENERAL DE ZONA 194,IMSS,MEDIA,CRÍTICA,"19.470300, -99.234208"
2020-04-22,HOSPITAL GENERAL DE ZONA 57 (LA QUEBRADA) ,IMSS,CRÍTICA,CRÍTICA,"19.597387, -99.188426"
2020-04-22,HOSPITAL GENERAL DE ZONA 58 (LAS MARGARITAS) ,IMSS,MEDIA,MEDIA,"19.530797, -99.222446"
2020-04-22,HOSPITAL GENERAL DE ZONA 68 (TULPETLAC) ,IMSS,CRÍTICA,MEDIA,"19.570070, -99.044009"
2020-04-22,HOSPITAL GENERAL DE ZONA 71 (CHALCO) ,IMSS,MEDIA,MEDIA,"19.259803, -98.893368"
2020-04-22,HOSPITAL GENERAL DE ZONA 76 (XALOSTOC) ,IMSS,MEDIA,MEDIA,"19.526677, -99.082058"
2020-04-22,HOSPITAL GENERAL DE ZONA 98 (COACALCO) ,IMSS,MEDIA,CRÍTICA,"19.638165, -99.098892"
2020-04-22,CENTRO MÉDICO 20 DE NOVIEMBRE,ISSSTE,,,"19.372720, -99.171205"
2020-04-22,HG DARIO FERNANDEZ FIERRO,ISSSTE,BUENA,MEDIA,"19.363602, -99.188608"
2020-04-22,HG JOSÉ MARÍA MORELOS,ISSSTE,,,"19.363918, -98.995393"
2020-04-22,HG TACUBA,ISSSTE,,,"19.454384, -99.191231"
2020-04-22,HG DR FERNANDO QUIROZ ,ISSSTE,MEDIA,CRÍTICA,"19.394242, -99.194187"
2020-04-22,HG IGNACIO ZARAGOZA,ISSSTE,BUENA,BUENA,"19.389472, -99.045019"
2020-04-22,HR PRIMERO DE OCTUBRE,ISSSTE,BUENA,BUENA,"19.486751, -99.133249"
2020-04-22,HR LIC ADOLFO LÓPEZ MATEOS ,ISSSTE,CRÍTICA,MEDIA,"19.358451, -99.172716"
2020-04-22,HR BICENTARIO DE LA INDEPENDENCIA ,ISSSTE,,,"19.628814, -99.163343"
2020-04-22,HG TOLUCA,ISSSTE,CRÍTICA,MEDIA,"19.256918, -99.635872"
2020-04-22,HOSPITAL CENTRAL MILITAR,SEDENA,,,"19.437367, -99.216057"
2020-04-22,HOSPITAL MILITAR DE ZONA CAMPO NO. 1-A,SEDENA,,,"19.457977, -99.227768"
2020-04-22,HOSPITAL MILITAR DE ZONA EL VERGEL,SEDENA,,,"19.312522, -99.082521"
2020-04-22,CAMPO MILITAR NO 1-A 6/O GRUPO DE MORTEROS ,SEDENA,,,"19.449179, -99.232137"
2020-04-22,22/O BATALLÓN DE POLÍCIA MILITAR ,SEDENA,,,"19.405526, -99.135839"
2020-04-22,81/0 BATALLÓN DE INFANTERÍA Y ESCUELA MILITAR DE INFANTERÍA ,SEDENA,,,"19.264736, -99.152936"
2020-04-22,CAMPO MILITAR NO 37-B HOSPITAL MILITAR DE ZONA TEMAMATLA,SEDENA,,,"19.188076, -98.870108"
2020-04-22,CAMPO MILITAR NO 37-B 6/O BATALLÓN DE FUERZAS ESPECIALES ,SEDENA,,,"19.188076, -98.870108"
2020-04-22,HOSPITAL MILITAR DE ZONA SANTA MARÍA RAYÓN ,SEDENA,,,"19.137953, -99.594466"
2020-04-22,8/O REGIMIENTO MECANIZADO ALMOLOYA DE JUÁREZ ,SEDENA,,,"19.403838, -99.742294"
2020-04-22,CENTRO MÉDICO NAVAL,SEMAR,MEDIA,BUENA,"19.324032, -99.125233"
2020-04-22,HOSPITAL CENTRAL SUR DE ALTA ESPECIALIDAD ,PEMEX,CRÍTICA,CRÍTICA,"19.308751, -99.218739"
2020-04-22,HOSPITAL CENTRAL NORTE ,PEMEX,,,"19.479895, -99.200880"
2020-04-22,ALTA ESPECIALIDAD DE ZUMPANGO ,EDOMEX,MEDIA,MEDIA,"19.815464, -99.089197"
2020-04-22,HOSPITAL REGIONAL TLANEPANTLA ISSEMYM ,EDOMEX,,,"19.319081, -98.855395"
2020-04-22,CENTRO MÉDICO TOLUCA ISSEMYM ,EDOMEX,MEDIA,MEDIA,"19.286408, -99.586018"
2020-04-22,HOSPITAL PARA EL NIÑO IMIEM ,EDOMEX,MEDIA,CRÍTICA,"19.272268, -99.660899"
2020-04-22,CENTRO MÉDICO ADOLFO LÓPEZ MATEOS ,EDOMEX,,,"19.321045, -99.633308"
2020-04-22,"HOSPITAL GENERAL ECATEPEC ""LAS AMÉRICAS"" ",EDOMEX,BUENA,MEDIA,"19.594136, -99.018679"
2020-04-22,HOSPITAL ÁNGELES MOCEL ,PRIVADOS,BUENA,BUENA,"19.410855, -99.184695"
2020-04-22,HOSPITAL SEDNA,PRIVADOS,,,"19.303597, -99.174177"
2020-04-22,HOSPITAL ÁNGELES PEDREGAL ,PRIVADOS,BUENA,BUENA,"19.312440, -99.221240"
2020-04-22,MÉDICA SUR ,PRIVADOS,,,"19.297207, -99.160809"
2020-04-22,NUEVO SANATORIO DURANGO  ,PRIVADOS,BUENA,BUENA,"19.418455, -99.171747"
2020-04-22,HOSPITAL ÁNGELES ROMA (SANTELENA)   ,PRIVADOS,MEDIA,CRÍTICA,"19.415243, -99.157081"
2020-04-22,HOSPITAL ÁNGELES SANTA MÓNICA  ,PRIVADOS,,,"19.434303, -99.191799"
2020-04-22,CENTRO MÉDICO ABC CAMPUS OBSERVATORIO  ,PRIVADOS,BUENA,BUENA,"19.400754, -99.204033"
2020-04-22,CENTRO MÉDICO ABC CAMPUS SANTA FE,PRIVADOS,CRÍTICA,CRÍTICA,"19.356363, -99.282374"
2020-04-22,HOSPITAL SAN ÁNGEL INN CHAPULTEPEC,PRIVADOS,MEDIA,CRÍTICA,"19.421896, -99.172987"
2020-04-22,HOSPITAL SAN ÁNGEL INN PATRIOTISMO  ,PRIVADOS,CRÍTICA,CRÍTICA,"19.376412, -99.186388"
2020-04-22,HOSPITAL SAN ÁNGEL INN SUR   ,PRIVADOS,CRÍTICA,CRÍTICA,"19.340277, -99.200021"
2020-04-22,HOSPITAL SAN ÁNGEL INN UNIVERSIDAD  ,PRIVADOS,,,"19.358908, -99.167569"
2020-04-22,CENTRO DE ATENCIÓN MÉDICA INTEGRAL (HOSPITAL CAMI)   ,PRIVADOS,,,"19.424002, -99.105060"
2020-04-22,CENTRO MÉDICO DALINDE ,PRIVADOS,,,"19.405260,-99.168017"
2020-04-22,CENTRO MÉDICO QIRÚGICO ESCANDÓN ,PRIVADOS,,,"19.402588, -99.172236"
2020-04-22,FUNDACIÓN HOSPITAL NUESTRA SEÑORA DE LA LUZ ,PRIVADOS,,,"19.434591, -99.157036"
2020-04-22,HMG HOSPITAL COYOACÁN ,PRIVADOS,,,"19.328044, -99.143601"
2020-04-22,HOSPITAL ÁNGELES LOMAS,PRIVADOS,,,"19.394636, -99.282021"
2020-04-22,HOSPITAL ÁNGELES ACOXPA ,PRIVADOS,BUENA,MEDIA,"19.299431, -99.134953"
2020-04-22,HOSPITAL DE COS ,PRIVADOS,,,"19.416104, -99.162514"
2020-04-22,HOSPITAL ÁNGELES CLÍNICA LONDRES ,PRIVADOS,CRÍTICA,BUENA,"19.421804, -99.156942"
2020-04-22,HOSPITAL DE ESPECIALIDADES MIG  ,PRIVADOS,CRÍTICA,CRÍTICA,"19.491619, -99.126656"
2020-04-22,HOSPITAL ÁNGELES LINDAVSTA ,PRIVADOS,MEDIA,BUENA,"19.486673, -99.129583"
2020-04-22,HOSPITAL DIOMED ,PRIVADOS,CRÍTICA,CRÍTICA,"19.401424, -99.205282"
2020-04-22,HOSPITAL ÁNGELES METROPOLITANO  ,PRIVADOS,BUENA,MEDIA,"19.407125, -99.167048"
2020-04-22,HOSPITAL ÁNGELES MÉXICO  ,PRIVADOS,BUENA,CRÍTICA,"19.400075, -99.172655"
2020-04-22,HOSPITAL ESPAÑOL  ,PRIVADOS,BUENA,BUENA,"19.439382, -99.197221"
2020-04-22,HOSPITAL OBREGÓN ,PRIVADOS,CRÍTICA,,"19.418468, -99.160702"
2020-04-22,CORPORATIVO HOSPITAL SATÉLITE,PRIVADOS,BUENA,,"19.513536, -99.237738"
2020-04-22,HOSPITAL GENERAL MILPA ALTA,SEDESA,,,"19.200951, -99.011210"
2020-04-22,HOSPITAL GENERAL DR RUBÉN LEÑERO,SEDESA,,,"19.451398, -99.169565"
2020-04-22,HOSPITAL GENERAL BALBUENA,SEDESA,,,"19.424195, -99.115412"
2020-04-22,HOSPITAL GENERAL XOCO,SEDESA,,,"19.360313, -99.162275"
2020-04-22,CLÍNICA HOSPITAL EMILIANO ZAPATA,SEDESA,,,"19.339225, -98.978282"
2020-04-22,HOSPITAL GENERAL VILLA,SEDESA,,,"19.480079, -99.103353"
2020-04-22,HOSPITAL GENERAL TICOMAN,SEDESA,,,"19.514444, -99.137778"
2020-04-22,HOSPITAL PEDIÁTRICO IZTACALCO,SEDESA,,,"19.402722, -99.117628"
2020-04-22,HOSPITAL PEDIÁTRICO AZCAPOTZALCO,SEDESA,,,"19.484418, -99.185442"
2020-04-22,HOSPITAL PEDIÁTRICO MOCTEZUMA,SEDESA,,,"19.432814, -99.098151"
2020-04-22,HOSPITAL MATERNO INFANTIL TOPILEJO,SEDESA,,,"19.199206, -99.140064"
2020-04-22,HOSPITAL MATERNO INFANTIL MAGDALENA CONTRERAS,SEDESA,,,"19.319364, -99.239095"
2020-04-22,HOSPITAL PEDIÁTRICO LEGARIA,SEDESA,,,"19.450699, -99.203637"
2020-04-22,HOSPITAL GENERAL AJUSCO MEDIO ,SEDESA,,,"19.272165, -99.207846"
2020-04-22,HOSPITAL MATERNO PEDIÁTRICO XOCHIMILCO,SEDESA,,,"19.254376, -99.104643"
2020-04-22,HOSPITAL PEDIÁTRICO TACUBAYA,SEDESA,,,"19.402594, -99.190990"
2020-04-22,HOSPITAL MATERNO INFANTIL CUAUTEPEC,SEDESA,,,"19.539787, -99.140977"
2020-04-22,HOSPITAL MATERNO INFANTIL TLÁHUAC,SEDESA,,,"19.265167, -98.998000"
2020-04-22,HOSPITAL TORRE MÉDICA TEPEPAN,SEDESA,,,"19.275556, -99.144313"
2020-04-22,HOSPITAL PEDIÁTRICO PERALVILLO,SEDESA,,,"19.459610, -99.141249"
2020-04-22,HOSPITAL GENERAL GREGORIO SALAS,SEDESA,,,"19.437705, -99.129572"
2020-04-22,HOSPITAL PEDIÁTRICO COYOACÁN,SEDESA,,,"19.345818, -99.168076"
2020-04-22,HOSPITAL PEDIÁTRICO IZTAPALAPA,SEDESA,,,"19.356711, -99.107652"
2020-04-22,HOSPITAL GENERAL IZTAPALAPA,SEDESA,,,"19.343426, -99.027236"
2020-04-23,INSTITUTO NACIONAL DE NUTRICIÓN,SSA,,,"19.289599, -99.155441"
2020-04-23,INSTITUTO NACIONAL DE ENFERMEDADES RESPIRATORIAS,SSA,BUENA,MEDIA,"19.291375, -99.158653"
2020-04-23,HOSPITAL GENERAL DE MÉXICO ,SSA,,,"19.4129258, -99.1520225"
2020-04-23,HOSPITAL JUÁREZ,SSA,CRÍTICA,CRÍTICA,"19.481829, -99.135576"
2020-04-23,HOSPITAL GENERAL DR MANUEL GEA GONZÁLEZ,SSA,CRÍTICA,CRÍTICA,"19.290295, -99.160861"
2020-04-23,HOSPITAL REGIONAL DE ALTA ESPECIALIDAD DE IXTAPALUCA,SSA,,,"19.318796, -98.855353"
2020-04-23,HOSPITAL INFANTIL DE MÉXICO FEDERICO GÓMEZ,SSA,BUENA,BUENA,"19.410839, -99.151941"
2020-04-23,INSTITUTO NACIONAL DE CARDIOLOGÍA IGNACIO CHÁVEZ,SSA,,,"19.290598, -99.153838"
2020-04-23,HOSPITAL DE ESPECIALIDADES DE LA CIUDAD DE MÉXICO DR BELISARIO DOMÍNGUEZ,SEDESA,CRÍTICA,BUENA,"19.307226, -99.065356"
2020-04-23,HOSPITAL GENERAL DR ENRIQUE CABRERA,SEDESA,BUENA,BUENA,"19.361675, -99.224432"
2020-04-23,HOSPITAL GENERAL TLÁHUAC ,SEDESA,BUENA,BUENA,"19.287492, -99.052665"
2020-04-23,CITIBANAMEX,SEDESA,,BUENA,"19.439732, -99.224235"
2020-04-23,HOSPITAL PEDIÁTRICO DE LA VILLA,SEDESA,BUENA,BUENA,"19.487355, -99.114316"
2020-04-23,HOSPITAL DE ESPECIALIDAD 01 CMN SIGLO XXI (CDMX SUR) ,IMSS,BUENA,BUENA,"19.466549, -99.145102"
2020-04-23,HOSPITAL DE PEDIATRÍA 01 CMN SIGLO XXI (CDMX SUR) ,IMSS,BUENA,BUENA,"19.407531, -99.151986"
2020-04-23,HOSPITAL GENERAL DE ZONA 01 CARLOS MC GREGOR (CDMX SUR) ,IMSS,BUENA,BUENA,"19.395912, -99.161610"
2020-04-23,HOSPITAL GENERAL DE ZONA 1A PARQUE DE LOS VENADOS (CDMX SUR) ,IMSS,BUENA,BUENA,"19.374431, -99.151203"
2020-04-23,HOSPITAL DE INFECTOLOGÍA 01 LA RAZA (CDMX NORTE) ,IMSS,,,"19.464865, -99.144859"
2020-04-23,HOSPITAL GENERAL 01 (CDMX NORTE)  LA RAZA,IMSS,BUENA,BUENA,"19.395740, -99.161677"
2020-04-23,HOSPITAL GENERAL DE ZONA 24 (CDMX NORTE) ,IMSS,BUENA,BUENA,"19.483221, -99.128448"
2020-04-23,HOSPITAL GENERAL DE ZONA 27 (CDMX NORTE),IMSS,BUENA,BUENA,"19.454776, -99.140007"
2020-04-23,HOSPITAL GENERAL DE ZONA 2A (CDMX SUR) ,IMSS,BUENA,BUENA,"19.405495, -99.112200"
2020-04-23,HOSPITAL GENERAL DE ZONA 30 (CDMX SUR) ,IMSS,BUENA,BUENA,"19.398836, -99.116913"
2020-04-23,HOSPITAL GENERAL DE ZONA 32 (CDMX SUR) ,IMSS,,,"19.307964, -99.130677"
2020-04-23,HOSPITAL GENERAL DE ZONA C/MF 08 (CDMX SUR) ,IMSS,BUENA,BUENA,"19.337137, -99.200142"
2020-04-23,HOSPITAL GENERAL DE ZONA C/UMAA 48 (CDMX NORTE) ,IMSS,BUENA,BUENA,"19.482375, -99.213046"
2020-04-23,HOSPITAL GENERAL 02 (CDMX SUR) VILLA COAPA ,IMSS,BUENA,BUENA,"19.309194, -99.129593"
2020-04-23,HOSPITAL DE ESPECIALIDADES 01 (CDMX NORTE) LA RAZA ,IMSS,BUENA,BUENA,"19.467169, -99.143785"
2020-04-23,HOSPITAL GENERAL DE ZONA C/MF 29 (S. JUAN ARAGÓN),IMSS,BUENA,BUENA,"19.465117, -99.085162"
2020-04-23,HOSPITAL GENERAL DE ZONA 47 (CDMX SUR) (IZP),IMSS,BUENA,BUENA,"19.357566, -99.054269"
2020-04-23,HOSPITAL GENERAL REGIONAL 72,IMSS,BUENA,BUENA,"19.542797, -99.205022"
2020-04-23,HOSPITAL GENERAL REGIONAL 196,IMSS,BUENA,BUENA,"19.529016, -99.030983"
2020-04-23,HOSPITAL GENERAL REGIONAL 200,IMSS,BUENA,BUENA,"19.742905, -98.972971"
2020-04-23,HOSPITAL GENERAL DE ZONA 53,IMSS,BUENA,BUENA,"19.356913, -98.990929"
2020-04-23,HOSPITAL GENERAL DE ZONA 197,IMSS,BUENA,BUENA,"19.515133, -98.891450"
2020-04-23,HOSPITAL GENERAL DE ZONA 194,IMSS,BUENA,BUENA,"19.470300, -99.234208"
2020-04-23,HOSPITAL GENERAL DE ZONA 57 (LA QUEBRADA) ,IMSS,BUENA,BUENA,"19.597387, -99.188426"
2020-04-23,HOSPITAL GENERAL DE ZONA 58 (LAS MARGARITAS) ,IMSS,BUENA,BUENA,"19.530797, -99.222446"
2020-04-23,HOSPITAL GENERAL DE ZONA 68 (TULPETLAC) ,IMSS,BUENA,BUENA,"19.570070, -99.044009"
2020-04-23,HOSPITAL GENERAL DE ZONA 71 (CHALCO) ,IMSS,BUENA,BUENA,"19.259803, -98.893368"
2020-04-23,HOSPITAL GENERAL DE ZONA 76 (XALOSTOC) ,IMSS,BUENA,BUENA,"19.526677, -99.082058"
2020-04-23,HOSPITAL GENERAL DE ZONA 98 (COACALCO) ,IMSS,BUENA,BUENA,"19.638165, -99.098892"
2020-04-23,CENTRO MÉDICO 20 DE NOVIEMBRE ,ISSSTE,,,"19.372720, -99.171205"
2020-04-23,HG DARIO FERNÁNDEZ FIERRO ,ISSSTE,,,"19.363602, -99.188608"
2020-04-23,HG JOSÉ MARÍA MORELOS ,ISSSTE,,,"19.363918, -98.995393"
2020-04-23,HG TACUBA ,ISSSTE,,,"19.454384, -99.191231"
2020-04-23,HG DR FERNANDO QUIROZ ,ISSSTE,BUENA,BUENA,"19.394242, -99.194187"
2020-04-23,HG IGNACIO ZARAGOZA ,ISSSTE,,,"19.389472, -99.045019"
2020-04-23,HG PRIMERO DE OCTUBRE,ISSSTE,,,"19.486751, -99.133249"
2020-04-23,HR LIC ADOLFO LÓPEZ MATEOS ,ISSSTE,BUENA,BUENA,"19.358451, -99.172716"
2020-04-23,HR BICENTARIO DE LA INDEPENDENCIA ,ISSSTE,,,"19.628814, -99.163343"
2020-04-23,HG TOLUCA,ISSSTE,BUENA,BUENA,"19.256918, -99.635872"
2020-04-23,HOSPITAL CENTRAL MILITAR ,SEDENA,,,"19.437367, -99.216057"
2020-04-23,HOSPITAL MILITAR DE ZONA CAMPO NO 1-A,SEDENA,,,"19.457977, -99.227768"
2020-04-23,HOSPITAL MILITAR DE ZONA EL VERGEL ,SEDENA,,,"19.312522, -99.082521"
2020-04-23,CAMPO MILITAR NO 1-A 6/O GRUPO DE MORTEROS ,SEDENA,,,"19.449179, -99.232137"
2020-04-23,22/O BATALLÓN DE POLÍCIA MILITAR ,SEDENA,,,"19.405526, -99.135839"
2020-04-23,81/O BATALLÓN DE INFANTERÍA Y ESCUELA MILITAR ,SEDENA,,,"19.264736, -99.152936"
2020-04-23,CAMPO MILITAR NO 37-B HOSPITAL MILITAR DE ZONA TEMAMATLA,SEDENA,,,"19.188076, -98.870108"
2020-04-23,CAMPO MILITAR NO 37-B 6/O BATALLÓN DE FUERZAS ESPECIALES ,SEDENA,,,"19.188076, -98.870108"
2020-04-23,HOSPITAL MILITAR DE ZONA SANTA MARÍA RAYÓN ,SEDENA,,BUENA,"19.137953, -99.594466"
2020-04-23,8/O REGIMIENTO MECANIZADO ALMOLOYA DE JUÁREZ ,SEDENA,,,"19.403838, -99.742294"
2020-04-23,CENTRO MÉDICO NAVAL ,SEMAR,CRÍTICA,CRÍTICA,"19.324032, -99.125233"
2020-04-23,HOSPITAL CENTRAL SUR DE ALTA ESPECIALIDAD ,PEMEX,BUENA,BUENA,"19.308751, -99.218739"
2020-04-23,HOSPITAL CENTRAL NORTE ,PEMEX,BUENA,BUENA,"19.479895, -99.200880"
2020-04-23,ALTA ESPECIALIDAD DE ZUMPANGO ,EDOMEX,BUENA,BUENA,"19.815198, -99.089196"
2020-04-23,HOSPITAL REGIONAL TLALNEPANTLA ISSEMYM ,EDOMEX,,,"19.521706, -99.187341"
2020-04-23,CENTRO MÉDICO TOLUCA ISSEMYM ,EDOMEX,BUENA,BUENA,"19.286062, -99.585976"
2020-04-23,HOSPITAL PARA EL NIÑO IMIEM ,EDOMEX,BUENA,BUENA,"19.272014, -99.660919"
2020-04-23,CENTRO MÉDICO ADOLFO LÓPEZ MATEOS ,EDOMEX,,,"19.320789, -99.633339"
2020-04-23,"HOSPITAL GENERAL ECATEPEC ""LAS AMÉRICAS"" ",EDOMEX,,,"19.594136, -99.018679"
2020-04-23,HOSPITAL ÁNGELES MOCEL ,PRIVADOS,,,"19.410855, -99.184695"
2020-04-23,HOSPITAL SEDNA,PRIVADOS,BUENA,MEDIA,"19.303354, -99.174220"
2020-04-23,HOSPITAL ÁNGELES PEDREGAL ,PRIVADOS,CRÍTICA,CRÍTICA,"19.312440, -99.221240"
2020-04-23,MÉDICA SUR,PRIVADOS,BUENA,CRÍTICA,"19.312440, -99.221240"
2020-04-23,NUEVO SANATORIO DURANGO ,PRIVADOS,,,"19.418658, -99.171260"
2020-04-23,HOSPITAL ÁNGELES ROMA (SANTELENA) ,PRIVADOS,,,"19.415093, -99.157032"
2020-04-23,HOSPITAL ÁNGELES SANTA MÓNICA ,PRIVADOS,,,"19.434256, -99.191809"
2020-04-23,CENTRO MÉDICO ABC CAMPUS OBSERVATORIO ,PRIVADOS,CRÍTICA,CRÍTICA,"19.400754, -99.204033"
2020-04-23,CENTRO MÉDICO ABC CAMPUS SANTA FE,PRIVADOS,BUENA,BUENA,"19.356363, -99.282374"
2020-04-23,HOSPITAL SAN ÁNGEL INN CHAPULTEPEC,PRIVADOS,BUENA,MEDIA,"19.421896, -99.172987"
2020-04-23,HOSPITAL SAN ÁNGEL INN PATRIOTISMO ,PRIVADOS,BUENA,BUENA,"19.376412, -99.186388"
2020-04-23,HOSPITAL SAN ÁNGEL INN SUR  ,PRIVADOS,BUENA,BUENA,"19.340277, -99.200021"
2020-04-23,HOSPITAL SAN ÁNGEL INN UNIVERSIDAD ,PRIVADOS,,,"19.358908, -99.167569"
2020-04-23,CENTRO DE ATENCIÓN MÉDICA INTEGRAL (HOSPITAL CAMI)  ,PRIVADOS,BUENA,BUENA,"19.424002, -99.105060"
2020-04-23,CENTRO MÉDICO DALINDE,PRIVADOS,BUENA,BUENA,"19.405260,-99.168017"
2020-04-23,CENTRO MÉDICO QUIRÚRGICO ESCANDÓN,PRIVADOS,,,"19.402517, -99.172257"
2020-04-23,FUNDACIÓN HOSPITAL NUESTRA SEÑORA DE LA LUZ,PRIVADOS,,,"19.434591, -99.157036"
2020-04-23,HMG HOSPITAL COYOACÁN,PRIVADOS,BUENA,MEDIA,"19.326990, -99.144988"
2020-04-23,HOSPITAL ÁNGELES LOMAS,PRIVADOS,,,"19.394636, -99.282021"
2020-04-23,HOSPITAL ÁNGELES ACOXPA,PRIVADOS,CRÍTICA,CRÍTICA,"19.299431, -99.134953"
2020-04-23,HOSPITAL DE COS,PRIVADOS,,,"19.416040, -99.162523"
2020-04-23,HOSPITAL ÁNGELES CLÍNICA LONDRES,PRIVADOS,BUENA,CRÍTICA,"19.421693, -99.156934"
2020-04-23,HOSPITAL DE ESPECIALIDADES MIG ,PRIVADOS,BUENA,BUENA,"19.491579, -99.126636"
2020-04-23,HOSPITAL ÁNGELES LINDAVISTA,PRIVADOS,BUENA,CRÍTICA,"19.486673, -99.129583"
2020-04-23,HOSPITAL DIOMED,PRIVADOS,BUENA,BUENA,"19.401376, -99.205282"
2020-04-23,HOSPITAL ÁNGELES METROPOLITANO ,PRIVADOS,CRÍTICA,MEDIA,"19.407125, -99.167048"
2020-04-23,HOSPITAL ÁNGELES MÉXICO ,PRIVADOS,CRÍTICA,BUENA,"19.400075, -99.172655"
2020-04-23,HOSPITAL ESPAÑOL ,PRIVADOS,,,"19.439382, -99.197221"
2020-04-23,HOSPITAL OBREGÓN,PRIVADOS,BUENA,BUENA,"19.418468, -99.160702"
2020-04-23,CORPORATIVO HOSPITAL SATÉLITE,PRIVADOS,BUENA,CRÍTICA,"19.513536, -99.237738"
2020-04-23,HOSPITAL GENERAL MILPA ALTA,SEDESA,,,"19.200951, -99.011210"
2020-04-23,HOSPITAL GENERAL DR RUBÉN LEÑERO,SEDESA,,,"19.451398, -99.169565"
2020-04-23,HOSPITAL GENERAL BALBUENA,SEDESA,,,"19.424195, -99.115412"
2020-04-23,HOSPITAL GENERAL XOCO,SEDESA,,,"19.360313, -99.162275"
2020-04-23,CLÍNICA HOSPITAL EMILIANO ZAPATA,SEDESA,,,"19.339225, -98.978282"
2020-04-23,HOSPITAL GENERAL VILLA,SEDESA,,,"19.480079, -99.103353"
2020-04-23,HOSPITAL GENERAL TICOMAN,SEDESA,,,"19.514444, -99.137778"
2020-04-23,HOSPITAL PEDIÁTRICO IZTACALCO,SEDESA,,,"19.402722, -99.117628"
2020-04-23,HOSPITAL PEDIÁTRICO AZCAPOTZALCO,SEDESA,,,"19.484418, -99.185442"
2020-04-23,HOSPITAL PEDIÁTRICO MOCTEZUMA,SEDESA,,,"19.432814, -99.098151"
2020-04-23,HOSPITAL MATERNO INFANTIL TOPILEJO,SEDESA,,,"19.199206, -99.140064"
2020-04-23,HOSPITAL MATERNO INFANTIL MAGDALENA CONTRERAS,SEDESA,,,"19.319364, -99.239095"
2020-04-23,HOSPITAL PEDIÁTRICO LEGARIA,SEDESA,,,"19.450699, -99.203637"
2020-04-23,HOSPITAL GENERAL AJUSCO MEDIO ,SEDESA,,,"19.272165, -99.207846"
2020-04-23,HOSPITAL MATERNO PEDIÁTRICO XOCHIMILCO,SEDESA,,,"19.254376, -99.104643"
2020-04-23,HOSPITAL PEDIÁTRICO TACUBAYA,SEDESA,,,"19.402594, -99.190990"
2020-04-23,HOSPITAL MATERNO INFANTIL CUAUTEPEC,SEDESA,,,"19.539787, -99.140977"
2020-04-23,HOSPITAL MATERNO INFANTIL TLÁHUAC,SEDESA,,,"19.265167, -98.998000"
2020-04-23,HOSPITAL TORRE MÉDICA TEPEPAN,SEDESA,,,"19.275556, -99.144313"
2020-04-23,HOSPITAL PEDIÁTRICO PERALVILLO,SEDESA,,,"19.459610, -99.141249"
2020-04-23,HOSPITAL GENERAL GREGORIO SALAS,SEDESA,,,"19.437705, -99.129572"
2020-04-23,HOSPITAL PEDIÁTRICO COYOACÁN,SEDESA,,,"19.345818, -99.168076"
2020-04-23,HOSPITAL PEDIÁTRICO IZTAPALAPA,SEDESA,,,"19.356711, -99.107652"
2020-04-23,HOSPITAL GENERAL IZTAPALAPA,SEDESA,,,"19.343426, -99.027236"
2020-04-24,INSTITUTO NACIONAL DE NUTRICIÓN,SSA,Media,CRÍTICA,"19.289599, -99.155441"
2020-04-24,INER,SSA,Buena,Media,"19.291375, -99.158653"
2020-04-24,HOSPITAL GENERAL DE MÉXICO,SSA,Media,CRÍTICA,"19.4129258, -99.1520225"
2020-04-24,HOSPITAL JUAREZ,SSA,CRÍTICA,CRÍTICA,"19.481829, -99.135576"
2020-04-24,HOSPITAL GENERAL DR. MANUEL GEA GONZÁLEZ,SSA,CRÍTICA,CRÍTICA,"19.290295, -99.160861"
2020-04-24,HOSPITAL REGIONAL DE ALTA ESPECIALIDAD DE IXTAPALUCA,SSA,Media,Media,"19.318796, -98.855353"
2020-04-24,HOSPITAL INFANTIL DE MÉXICO FEDERICO GÓMEZ,SSA,Buena,Buena,"19.410839, -99.151941"
2020-04-24,INSTITUTO  NACIONAL DE CARDIOLOGÍA IGNACIO CHÁVEZ,SSA,Media,Buena,"19.290598, -99.153838"
2020-04-24,BELISARIO DOMINGUEZ,SEDESA,CRÍTICA,Buena,"19.307226, -99.065356"
2020-04-24,ENRIQUE CABRERA,SEDESA,Buena,Buena,"19.361675, -99.224432"
2020-04-24,GENERAL TLAHUAC,SEDESA,Buena,Buena,"19.287492, -99.052665"
2020-04-24,CITIBANAMEX,SEDESA,,,"19.439732, -99.224235"
2020-04-24,PEDIATRICO DE LA VILLA,SEDESA,Buena,Buena,"19.487355, -99.114316"
2020-04-24,HOSPITAL DE ESPECIALIDADES 01 CMN SIGLO XXI (CDMX SUR),IMSS,Buena,Buena,"19.466549, -99.145102"
2020-04-24,HOSPITAL DE PEDIATRIA 01 CMN SIGLO XXI (CDMX SUR),IMSS,Buena,Buena,"19.407458, -99.152267"
2020-04-24,HOSPITAL GENERAL DE ZONA 01 CARLOS MC GREGOR (CDMX SUR),IMSS,Media,Buena,"19.395912, -99.161610"
2020-04-24,HOSPITAL GENERAL DE ZONA 1A PARQUE DE LOS VENADOS (CDMX SUR),IMSS,Buena,Buena,"19.374431, -99.151203"
2020-04-24,HOSPITAL DE INFECTOLOGIA 01 LA RAZA (CDMX NORTE),IMSS,CRÍTICA,CRÍTICA,"19.464865, -99.144859"
2020-04-24,HOSPITAL GENERAL 01 (CDMX NORTE) LA RAZA,IMSS,Buena,Buena,"19.395740, -99.161677"
2020-04-24,HOSPITAL GENERAL DE ZONA 24 (CDMX NORTE),IMSS,Buena,Buena,"19.483221, -99.128448"
2020-04-24,HOSPITAL GENERAL DE ZONA 27 (CDMX NORTE),IMSS,Buena,Buena,"19.454776, -99.140007"
2020-04-24,HOSPITAL GENERAL DE ZONA 2A (CDMX SUR),IMSS,Buena,Buena,"19.405495, -99.112200"
2020-04-24,HOSPITAL GENERAL DE ZONA 30 (CDMX SUR),IMSS,Buena,Buena,"19.398836, -99.116913"
2020-04-24,HOSPITAL GENERAL DE ZONA 32 (CDMX SUR),IMSS,Media,Buena,"19.307964, -99.130677"
2020-04-24,HOSPITAL GENERAL DE ZONA C/MF 08 (CDMX SUR),IMSS,Buena,Buena,"19.337137, -99.200142"
2020-04-24,HOSPITAL GENERAL DE ZONA C/UMAA 48 (CDMX NORTE),IMSS,Buena,Buena,"19.482375, -99.213046"
2020-04-24,HOSPITAL GENERAL 02 (CDMX SUR) VILLA COAPA (COY.),IMSS,Buena,Buena,"19.309194, -99.129593"
2020-04-24,HOSPITAL DE ESPECIALIDADES 01 (CDMX NORTE) LA RAZA (AZC),IMSS,Buena,Buena,"19.467169, -99.143785"
2020-04-24,HOSPITAL GENERAL DE ZONA C/MF 29 (S. JUAN ARAGÓN),IMSS,Buena,Buena,"19.465117, -99.085162"
2020-04-24,HOSPITAL GENERAL DE ZONA 47 (CDMX SUR) (IZP),IMSS,Buena,Buena,"19.357566, -99.054269"
2020-04-24,HOSPITAL GENERAL REGIONAL 72,IMSS,Buena,Buena,"19.542797, -99.205022"
2020-04-24,HOSPITAL GENERAL REGIONAL 196,IMSS,Buena,Buena,"19.529016, -99.030983"
2020-04-24,HOSPITAL GENERAL REGIONAL 200,IMSS,Buena,Buena,"19.742905, -98.972971"
2020-04-24,HOSPITAL GENERAL DE ZONA 53,IMSS,Buena,Buena,"19.356913, -98.990929"
2020-04-24,HOSPITAL GENERAL DE ZONA 197,IMSS,Buena,Buena,"19.515133, -98.891450"
2020-04-24,HOSPITAL GENERAL DE ZONA 194,IMSS,Buena,Buena,"19.470300, -99.234208"
2020-04-24,HOSPITAL GENERAL DE ZONA 57 (LA QUEBRADA),IMSS,Buena,Buena,"19.597387, -99.188426"
2020-04-24,HOSPITAL GENERAL DE ZONA 58 (LAS MARGARITAS),IMSS,Buena,Buena,"19.530797, -99.222446"
2020-04-24,HOSPITAL GENERAL DE ZONA 68 (TULPETLAC),IMSS,Buena,Buena,"19.570070, -99.044009"
2020-04-24,HOSPITAL GENERAL DE ZONA 71 (CHALCO),IMSS,Buena,Buena,"19.259803, -98.893368"
2020-04-24,HOSPITAL GENERAL DE ZONA 76 (XALOSTOC),IMSS,Buena,Buena,"19.526677, -99.082058"
2020-04-24,HOSPITAL GENERAL DE ZONA 98 (COACALCO),IMSS,Buena,Buena,"19.638165, -99.098892"
2020-04-24,CENTRO MEDICO 20 DE NOVIEMBRE,ISSSTE,Media,Buena,"19.372720, -99.171205"
2020-04-24,HG DARIO FERNANDEZ FIERRO,ISSSTE,Buena,Buena,"19.363602, -99.188608"
2020-04-24,HG JOSE MARIA MORELOS,ISSSTE,Crítica,CRÍTICA,"19.363918, -98.995393"
2020-04-24,HG TACUBA,ISSSTE,Media,Media,"19.454384, -99.191231"
2020-04-24,HG DR FERNANDO QUIROZ,ISSSTE,Buena,Buena,"19.394242, -99.194187"
2020-04-24,HG IGNACIO ZARAGOZA,ISSSTE,Media,Media,"19.389472, -99.045019"
2020-04-24,HR PRIMERO DE OCTUBRE,ISSSTE,Media,Media,"19.486751, -99.133249"
2020-04-24,HR LIC. ADOLFO LÓPEZ MATEOS,ISSSTE,Buena,Buena,"19.358451, -99.172716"
2020-04-24,HR BICENTENARIO DE LA INDEPENDENCIA,ISSSTE,Media,Media,"19.628814, -99.163343"
2020-04-24,H.G.TOLUCA,ISSSTE,Buena,Buena,"19.256918, -99.635872"
2020-04-24,HOSPITAL CENTRAL MILITAR,SEDENA,,,"19.437367, -99.216057"
2020-04-24,"HOSPITAL MILITAR DE ZONA, CAMPO NO. 1-A",SEDENA,,,"19.457977, -99.227768"
2020-04-24,"HOSPITAL MILITAR DE ZONA, EL VERGEL",SEDENA,,,"19.312522, -99.082521"
2020-04-24,"CAMPO MIL. NO. 1-A,  6/O GRUPO DE MORTEROS",SEDENA,,,"19.449179, -99.232137"
2020-04-24,22/O. BATALLÓN DE POLICÍA MILITAR,SEDENA,,,"19.405526, -99.135839"
2020-04-24,81/O. BATALLÓN DE INFANTERÍA Y ESCUELA MILITAR DE INFANTERÍA,SEDENA,,,"19.264736, -99.152936"
2020-04-24,"CAMPO MIL. NO. 37-B.     HOSPITAL MILITAR DE ZONA, TEMAMATLA",SEDENA,,,"19.188076, -98.870108"
2020-04-24,"CAMPO MIL. NO. 37-B, 6/O. BATALLÓN DE FUERZAS ESPECIALES",SEDENA,,,"19.188076, -98.870108"
2020-04-24,"HOSPITAL MILITAR DE ZONA, SANTA MARÍA RAYÓN",SEDENA,,,"19.137953, -99.594466"
2020-04-24,"8/O. REGIMIENTO MECANIZADO, ALMOLOYA DE JUÁREZ",SEDENA,,,"19.403838, -99.742294"
2020-04-24,CENTRO MÉDICO NAVAL,SEMAR,CRÍTICA,CRÍTICA,"19.324032, -99.125233"
2020-04-24,HOSPITAL CENTRAL SUR DE ALTA ESPECIALIDAD,PEMEX,Buena,Buena,"19.308751, -99.218739"
2020-04-24,HOSPITAL CENTRAL NORTE,PEMEX,Buena,Buena,"19.479895, -99.200880"
2020-04-24,ALTA ESPECIALIDAD DE ZUMPANGO,EDOMEX,Buena,Buena,"19.815198, -99.089196"
2020-04-24,HOSPITAL REGIONAL TLALNEPANTLA ISSEMYM,EDOMEX,Media,Buena,"19.521706, -99.187341"
2020-04-24,CENTRO MÉDICO TOLUCA ISSEMYM,EDOMEX,Buena,Buena,"19.286062, -99.585976"
2020-04-24,HOSPITAL PARA EL NIÑO IMIEM,EDOMEX,Buena,Buena,"19.272014, -99.660919"
2020-04-24,CENTRO MÉDICO ADOLFO LÓPEZ MATEOS,EDOMEX,Media,Media,"19.320789, -99.633339"
2020-04-24,"HOSPITAL GENERAL ECATEPEC ""LAS AMÉRICAS""",EDOMEX,Media,Buena,"19.594136, -99.018679"
2020-04-24,HOSPITAL ÁNGELES MOCEL,PRIVADOS,Media,CRÍTICA,"19.410855, -99.184695"
2020-04-24,HOSPITAL SEDNA,PRIVADOS,Buena,Media,"19.303354, -99.174220"
2020-04-24,HOSPITAL ÁNGELES PEDREGAL,PRIVADOS,CRÍTICA,CRÍTICA,"19.312440, -99.221240"
2020-04-24,MÉDICA SUR,PRIVADOS,Buena,CRÍTICA,"19.312440, -99.221240"
2020-04-24,NUEVO SANATORIO DURANGO,PRIVADOS,Media,Media,"19.418658, -99.171260"
2020-04-24,HOSPITAL ÁNGELES ROMA (SANTELENA),PRIVADOS,Buena,Buena,"19.415093, -99.157032"
2020-04-24,HOSPITAL ÁNGELES SANTA MÓNICA,PRIVADOS,,,"19.434256, -99.191809"
2020-04-24,CENTRO MÉDICO ABC CAMPUS OBSERVATORIO,PRIVADOS,CRÍTICA,CRÍTICA,"19.400754, -99.204033"
2020-04-24,CENTRO MÉDICO ABC CAMPUS SANTA FE,PRIVADOS,Buena,Buena,"19.356363, -99.282374"
2020-04-24,HOSPITAL SAN ÁNGEL INN CHAPULTEPEC,PRIVADOS,Buena,Media,"19.421896, -99.172987"
2020-04-24,HOSPITAL SAN ÁNGEL INN PATRIOTISMO,PRIVADOS,Buena,Buena,"19.376412, -99.186388"
2020-04-24,HOSPITAL SAN ÁNGEL INN SUR,PRIVADOS,Buena,Buena,"19.340277, -99.200021"
2020-04-24,HOSPITAL SAN ÁNGEL INN UNIVERSIDAD,PRIVADOS,Media,Buena,"19.358908, -99.167569"
2020-04-24,CENTRO DE ATENCIÓN MÉDICA INTEGRAL (HOSPITAL CAMI),PRIVADOS,Buena,Buena,"19.424002, -99.105060"
2020-04-24,CENTRO MÉDICO DALINDE,PRIVADOS,Buena,Buena,"19.405260,-99.168017"
2020-04-24,CENTRO MÉDICO QUIRÚRGICO ESCANDÓN,PRIVADOS,,,"19.402517, -99.172257"
2020-04-24,FUNDACIÓN HOSPITAL NUESTRA SEÑORA DE LA LUZ,PRIVADOS,,,"19.434591, -99.157036"
2020-04-24,HMG HOSPITAL COYOACÁN,PRIVADOS,Buena,Media,"19.326990, -99.144988"
2020-04-24,HOSPITAL ÁNGELES LOMAS,PRIVADOS,,,"19.394636, -99.282021"
2020-04-24,HOSPITAL ÁNGELES ACOXPA,PRIVADOS,CRÍTICA,Media,"19.299431, -99.134953"
2020-04-24,HOSPITAL DE COS,PRIVADOS,,,"19.416040, -99.162523"
2020-04-24,HOSPITAL ÁNGELES CLÍNICA LONDRES,PRIVADOS,Buena,CRÍTICA,"19.421693, -99.156934"
2020-04-24,HOSPITAL DE ESPECIALIDADES MIG,PRIVADOS,Buena,Buena,"19.491579, -99.126636"
2020-04-24,HOSPITAL ÁNGELES LINDAVISTA,PRIVADOS,Buena,CRÍTICA,"19.486673, -99.129583"
2020-04-24,HOSPITAL DIOMED,PRIVADOS,Buena,Buena,"19.401376, -99.205282"
2020-04-24,HOSPITAL ÁNGELES METROPOLITANO,PRIVADOS,CRÍTICA,Media,"19.407125, -99.167048"
2020-04-24,HOSPITAL ÁNGELES MÉXICO,PRIVADOS,Media,Buena,"19.400075, -99.172655"
2020-04-24,HOSPITAL ESPAÑOL,PRIVADOS,CRÍTICA,Media,"19.439382, -99.197221"
2020-04-24,HOSPITAL OBREGÓN,PRIVADOS,Buena,,"19.418468, -99.160702"
2020-04-24,CORPORATIVO HOSPITAL SATÉLITE,PRIVADOS,CRÍTICA,CRÍTICA,"19.513536, -99.237738"
2020-04-24,HOSPITAL GENERAL MILPA ALTA,SEDESA,,,"19.200951, -99.011210"
2020-04-24,HOSPITAL GENERAL DR. RUBÉN LEÑERO,SEDESA,,,"19.451398, -99.169565"
2020-04-24,HOSPITAL GENERAL BALBUENA,SEDESA,,,"19.424195, -99.115412"
2020-04-24,HOSPITAL GENERAL XOCO,SEDESA,,,"19.360313, -99.162275"
2020-04-24,CLÍNICA HOSPITAL EMILIANO ZAPATA,SEDESA,,,"19.339225, -98.978282"
2020-04-24,HOSPITAL GENERAL VILLA,SEDESA,,,"19.480079, -99.103353"
2020-04-24,HOSPITAL GENERAL TICOMAN,SEDESA,,,"19.514444, -99.137778"
2020-04-24,HOSPITAL PEDIÁTRICO IZTACALCO,SEDESA,,,"19.402722, -99.117628"
2020-04-24,HOSPITAL PEDIÁTRICO AZCAPOTZALCO,SEDESA,,,"19.484418, -99.185442"
2020-04-24,HOSPITAL PEDIÁTRICO MOCTEZUMA,SEDESA,,,"19.432814, -99.098151"
2020-04-24,HOSPITAL MATERNO INFANTIL TOPILEJO,SEDESA,,,"19.199206, -99.140064"
2020-04-24,HOSPITAL MATERNO INFANTIL MAGDALENA CONTRERAS,SEDESA,,,"19.319364, -99.239095"
2020-04-24,HOSPITAL PEDIÁTRICO LEGARIA,SEDESA,,,"19.450699, -99.203637"
2020-04-24,HOSPITAL GENERAL AJUSCO MEDIO,SEDESA,,,"19.272165, -99.207846"
2020-04-24,HOSPITAL MATERNO PEDIÁTRICO XOCHIMILCO,SEDESA,,,"19.254376, -99.104643"
2020-04-24,HOSPITAL PEDIÁTRICO TACUBAYA,SEDESA,,,"19.402594, -99.190990"
2020-04-24,HOSPITAL MATERNO INFANTIL CUAUTEPEC,SEDESA,,,"19.539787, -99.140977"
2020-04-24,HOSPITAL MATERNO INFANTIL TLÁHUAC,SEDESA,,,"19.265167, -98.998000"
2020-04-24,HOSPITAL TORRE MÉDICA TEPEPAN,SEDESA,,,"19.275556, -99.144313"
2020-04-24,HOSPITAL PEDIÁTRICO PERALVILLO,SEDESA,,,"19.459610, -99.141249"
2020-04-24,HOSPITAL GENERAL GREGORIO SALAS,SEDESA,,,"19.437705, -99.129572"
2020-04-24,HOSPITAL PEDIÁTRICO COYOACÁN,SEDESA,,,"19.345818, -99.168076"
2020-04-24,HOSPITAL PEDIÁTRICO IZTAPALAPA,SEDESA,,,"19.356711, -99.107652"
2020-04-24,HOSPITAL GENERAL IZTAPALAPA,SEDESA,,,"19.343426, -99.027236"
2020-04-25,INSTITUTO NACIONAL DE NUTRICIÓN,SSA,Media,CRÍTICA,"19.289599, -99.155441"
2020-04-25,INER,SSA,Buena,Media,"19.291375, -99.158653"
2020-04-25,HOSPITAL GENERAL DE MÉXICO,SSA,Media,CRÍTICA,"19.4129258, -99.1520225"
2020-04-25,HOSPITAL JUAREZ,SSA,CRÍTICA,CRÍTICA,"19.481829, -99.135576"
2020-04-25,HOSPITAL GENERAL DR. MANUEL GEA GONZÁLEZ,SSA,CRÍTICA,CRÍTICA,"19.290295, -99.160861"
2020-04-25,HOSPITAL REGIONAL DE ALTA ESPECIALIDAD DE IXTAPALUCA,SSA,Media,Media,"19.318796, -98.855353"
2020-04-25,HOSPITAL INFANTIL DE MÉXICO FEDERICO GÓMEZ,SSA,Buena,Buena,"19.410839, -99.151941"
2020-04-25,INSTITUTO  NACIONAL DE CARDIOLOGÍA IGNACIO CHÁVEZ,SSA,Media,Buena,"19.290598, -99.153838"
2020-04-25,BELISARIO DOMINGUEZ,SEDESA,CRÍTICA,Media,"19.307226, -99.065356"
2020-04-25,ENRIQUE CABRERA,SEDESA,CRÍTICA,Buena,"19.361675, -99.224432"
2020-04-25,GENERAL TLAHUAC,SEDESA,Buena,Buena,"19.287492, -99.052665"
2020-04-25,CITIBANAMEX,SEDESA,,,"19.439732, -99.224235"
2020-04-25,PEDIATRICO DE LA VILLA,SEDESA,Buena,Buena,"19.487355, -99.114316"
2020-04-25,HOSPITAL DE ESPECIALIDADES 01 CMN SIGLO XXI (CDMX SUR),IMSS,Buena,Buena,"19.466549, -99.145102"
2020-04-25,HOSPITAL DE PEDIATRIA 01 CMN SIGLO XXI (CDMX SUR),IMSS,Buena,Buena,"19.407458, -99.152267"
2020-04-25,HOSPITAL GENERAL DE ZONA 01 CARLOS MC GREGOR (CDMX SUR),IMSS,Media,Buena,"19.395912, -99.161610"
2020-04-25,HOSPITAL GENERAL DE ZONA 1A PARQUE DE LOS VENADOS (CDMX SUR),IMSS,Buena,Buena,"19.374431, -99.151203"
2020-04-25,HOSPITAL DE INFECTOLOGIA 01 LA RAZA (CDMX NORTE),IMSS,CRÍTICA,CRÍTICA,"19.464865, -99.144859"
2020-04-25,HOSPITAL GENERAL 01 (CDMX NORTE) LA RAZA,IMSS,Buena,Buena,"19.395740, -99.161677"
2020-04-25,HOSPITAL GENERAL DE ZONA 24 (CDMX NORTE),IMSS,Buena,Buena,"19.483221, -99.128448"
2020-04-25,HOSPITAL GENERAL DE ZONA 27 (CDMX NORTE),IMSS,Buena,Buena,"19.454776, -99.140007"
2020-04-25,HOSPITAL GENERAL DE ZONA 2A (CDMX SUR),IMSS,Buena,Buena,"19.405495, -99.112200"
2020-04-25,HOSPITAL GENERAL DE ZONA 30 (CDMX SUR),IMSS,Buena,Media,"19.398836, -99.116913"
2020-04-25,HOSPITAL GENERAL DE ZONA 32 (CDMX SUR),IMSS,Media,Media,"19.307964, -99.130677"
2020-04-25,HOSPITAL GENERAL DE ZONA C/MF 08 (CDMX SUR),IMSS,Buena,Buena,"19.337137, -99.200142"
2020-04-25,HOSPITAL GENERAL DE ZONA C/UMAA 48 (CDMX NORTE),IMSS,Buena,Media,"19.482375, -99.213046"
2020-04-25,HOSPITAL GENERAL 02 (CDMX SUR) VILLA COAPA (COY.),IMSS,Buena,Media,"19.309194, -99.129593"
2020-04-25,HOSPITAL DE ESPECIALIDADES 01 (CDMX NORTE) LA RAZA (AZC),IMSS,Buena,Media,"19.467169, -99.143785"
2020-04-25,HOSPITAL GENERAL DE ZONA C/MF 29 (S. JUAN ARAGÓN),IMSS,Buena,Media,"19.465117, -99.085162"
2020-04-25,HOSPITAL GENERAL DE ZONA 47 (CDMX SUR) (IZP),IMSS,Buena,Media,"19.357566, -99.054269"
2020-04-25,HOSPITAL GENERAL REGIONAL 72,IMSS,Buena,Media,"19.542797, -99.205022"
2020-04-25,HOSPITAL GENERAL REGIONAL 196,IMSS,Buena,Media,"19.529016, -99.030983"
2020-04-25,HOSPITAL GENERAL REGIONAL 200,IMSS,Buena,Buena,"19.742905, -98.972971"
2020-04-25,HOSPITAL GENERAL DE ZONA 53,IMSS,Buena,Buena,"19.356913, -98.990929"
2020-04-25,HOSPITAL GENERAL DE ZONA 197,IMSS,Buena,Media,"19.515133, -98.891450"
2020-04-25,HOSPITAL GENERAL DE ZONA 194,IMSS,Buena,Buena,"19.470300, -99.234208"
2020-04-25,HOSPITAL GENERAL DE ZONA 57 (LA QUEBRADA),IMSS,Buena,CRÍTICA,"19.597387, -99.188426"
2020-04-25,HOSPITAL GENERAL DE ZONA 58 (LAS MARGARITAS),IMSS,Buena,Media,"19.530797, -99.222446"
2020-04-25,HOSPITAL GENERAL DE ZONA 68 (TULPETLAC),IMSS,Buena,CRÍTICA,"19.570070, -99.044009"
2020-04-25,HOSPITAL GENERAL DE ZONA 71 (CHALCO),IMSS,Buena,Buena,"19.259803, -98.893368"
2020-04-25,HOSPITAL GENERAL DE ZONA 76 (XALOSTOC),IMSS,Buena,Media,"19.526677, -99.082058"
2020-04-25,HOSPITAL GENERAL DE ZONA 98 (COACALCO),IMSS,Buena,Buena,"19.638165, -99.098892"
2020-04-25,CENTRO MEDICO 20 DE NOVIEMBRE,ISSSTE,Media,Media,"19.372720, -99.171205"
2020-04-25,HG DARIO FERNANDEZ FIERRO,ISSSTE,Media,Buena,"19.363602, -99.188608"
2020-04-25,HG JOSE MARIA MORELOS,ISSSTE,Media,CRÍTICA,"19.363918, -98.995393"
2020-04-25,HG TACUBA,ISSSTE,Media,Media,"19.454384, -99.191231"
2020-04-25,HG DR FERNANDO QUIROZ,ISSSTE,Media,Buena,"19.394242, -99.194187"
2020-04-25,HG IGNACIO ZARAGOZA,ISSSTE,CRÍTICA,CRÍTICA,"19.389472, -99.045019"
2020-04-25,HR PRIMERO DE OCTUBRE,ISSSTE,Media,Media,"19.486751, -99.133249"
2020-04-25,HR LIC. ADOLFO LÓPEZ MATEOS,ISSSTE,Buena,Buena,"19.358451, -99.172716"
2020-04-25,HR BICENTENARIO DE LA INDEPENDENCIA,ISSSTE,Media,Media,"19.628814, -99.163343"
2020-04-25,H.G.TOLUCA,ISSSTE,Buena,Buena,"19.256918, -99.635872"
2020-04-25,HOSPITAL CENTRAL MILITAR,SEDENA,,,"19.437367, -99.216057"
2020-04-25,"HOSPITAL MILITAR DE ZONA, CAMPO NO. 1-A",SEDENA,,,"19.457977, -99.227768"
2020-04-25,"HOSPITAL MILITAR DE ZONA, EL VERGEL",SEDENA,,,"19.312522, -99.082521"
2020-04-25,"CAMPO MIL. NO. 1-A,  6/O GRUPO DE MORTEROS",SEDENA,,,"19.449179, -99.232137"
2020-04-25,22/O. BATALLÓN DE POLICÍA MILITAR,SEDENA,,,"19.405526, -99.135839"
2020-04-25,81/O. BATALLÓN DE INFANTERÍA Y ESCUELA MILITAR DE INFANTERÍA,SEDENA,,,"19.264736, -99.152936"
2020-04-25,"CAMPO MIL. NO. 37-B.     HOSPITAL MILITAR DE ZONA, TEMAMATLA",SEDENA,,,"19.188076, -98.870108"
2020-04-25,"CAMPO MIL. NO. 37-B, 6/O. BATALLÓN DE FUERZAS ESPECIALES",SEDENA,,,"19.188076, -98.870108"
2020-04-25,"HOSPITAL MILITAR DE ZONA, SANTA MARÍA RAYÓN",SEDENA,,,"19.137953, -99.594466"
2020-04-25,"8/O. REGIMIENTO MECANIZADO, ALMOLOYA DE JUÁREZ",SEDENA,,,"19.403838, -99.742294"
2020-04-25,CENTRO MÉDICO NAVAL,SEMAR,CRÍTICA,CRÍTICA,"19.324032, -99.125233"
2020-04-25,HOSPITAL CENTRAL SUR DE ALTA ESPECIALIDAD,PEMEX,Buena,Buena,"19.308751, -99.218739"
2020-04-25,HOSPITAL CENTRAL NORTE,PEMEX,Buena,Buena,"19.479895, -99.200880"
2020-04-25,ALTA ESPECIALIDAD DE ZUMPANGO,EDOMEX,Buena,Media,"19.815198, -99.089196"
2020-04-25,HOSPITAL REGIONAL TLALNEPANTLA ISSEMYM,EDOMEX,Media,Buena,"19.521706, -99.187341"
2020-04-25,CENTRO MÉDICO TOLUCA ISSEMYM,EDOMEX,Buena,Buena,"19.286062, -99.585976"
2020-04-25,HOSPITAL PARA EL NIÑO IMIEM,EDOMEX,Media,Buena,"19.272014, -99.660919"
2020-04-25,CENTRO MÉDICO ADOLFO LÓPEZ MATEOS,EDOMEX,Media,Media,"19.320789, -99.633339"
2020-04-25,"HOSPITAL GENERAL ECATEPEC ""LAS AMÉRICAS""",EDOMEX,Media,Buena,"19.594136, -99.018679"
2020-04-25,HOSPITAL ÁNGELES MOCEL,PRIVADOS,Media,CRÍTICA,"19.410855, -99.184695"
2020-04-25,HOSPITAL SEDNA,PRIVADOS,Buena,Media,"19.303354, -99.174220"
2020-04-25,HOSPITAL ÁNGELES PEDREGAL,PRIVADOS,CRÍTICA,CRÍTICA,"19.312440, -99.221240"
2020-04-25,MÉDICA SUR,PRIVADOS,Buena,CRÍTICA,"19.312440, -99.221240"
2020-04-25,NUEVO SANATORIO DURANGO,PRIVADOS,Media,Media,"19.418658, -99.171260"
2020-04-25,HOSPITAL ÁNGELES ROMA (SANTELENA),PRIVADOS,Media,Buena,"19.415093, -99.157032"
2020-04-25,HOSPITAL ÁNGELES SANTA MÓNICA,PRIVADOS,,,"19.434256, -99.191809"
2020-04-25,CENTRO MÉDICO ABC CAMPUS OBSERVATORIO,PRIVADOS,CRÍTICA,CRÍTICA,"19.400754, -99.204033"
2020-04-25,CENTRO MÉDICO ABC CAMPUS SANTA FE,PRIVADOS,Buena,Buena,"19.356363, -99.282374"
2020-04-25,HOSPITAL SAN ÁNGEL INN CHAPULTEPEC,PRIVADOS,Buena,Media,"19.421896, -99.172987"
2020-04-25,HOSPITAL SAN ÁNGEL INN PATRIOTISMO,PRIVADOS,Buena,Buena,"19.376412, -99.186388"
2020-04-25,HOSPITAL SAN ÁNGEL INN SUR,PRIVADOS,Buena,Buena,"19.340277, -99.200021"
2020-04-25,HOSPITAL SAN ÁNGEL INN UNIVERSIDAD,PRIVADOS,Media,Buena,"19.358908, -99.167569"
2020-04-25,CENTRO DE ATENCIÓN MÉDICA INTEGRAL (HOSPITAL CAMI),PRIVADOS,Buena,Buena,"19.424002, -99.105060"
2020-04-25,CENTRO MÉDICO DALINDE,PRIVADOS,Buena,Buena,"19.405260,-99.168017"
2020-04-25,CENTRO MÉDICO QUIRÚRGICO ESCANDÓN,PRIVADOS,,,"19.402517, -99.172257"
2020-04-25,FUNDACIÓN HOSPITAL NUESTRA SEÑORA DE LA LUZ,PRIVADOS,,,"19.434591, -99.157036"
2020-04-25,HMG HOSPITAL COYOACÁN,PRIVADOS,Buena,Media,"19.326990, -99.144988"
2020-04-25,HOSPITAL ÁNGELES LOMAS,PRIVADOS,,,"19.394636, -99.282021"
2020-04-25,HOSPITAL ÁNGELES ACOXPA,PRIVADOS,CRÍTICA,Media,"19.299431, -99.134953"
2020-04-25,HOSPITAL DE COS,PRIVADOS,,,"19.416040, -99.162523"
2020-04-25,HOSPITAL ÁNGELES CLÍNICA LONDRES,PRIVADOS,Buena,CRÍTICA,"19.421693, -99.156934"
2020-04-25,HOSPITAL DE ESPECIALIDADES MIG,PRIVADOS,Buena,Buena,"19.491579, -99.126636"
2020-04-25,HOSPITAL ÁNGELES LINDAVISTA,PRIVADOS,Buena,CRÍTICA,"19.486673, -99.129583"
2020-04-25,HOSPITAL DIOMED,PRIVADOS,Buena,Buena,"19.401376, -99.205282"
2020-04-25,HOSPITAL ÁNGELES METROPOLITANO,PRIVADOS,Buena,Media,"19.407125, -99.167048"
2020-04-25,HOSPITAL ÁNGELES MÉXICO,PRIVADOS,Media,Media,"19.400075, -99.172655"
2020-04-25,HOSPITAL ESPAÑOL,PRIVADOS,CRÍTICA,CRÍTICA,"19.439382, -99.197221"
2020-04-25,HOSPITAL OBREGÓN,PRIVADOS,Buena,,"19.418468, -99.160702"
2020-04-25,CORPORATIVO HOSPITAL SATÉLITE,PRIVADOS,CRÍTICA,CRÍTICA,"19.513536, -99.237738"
2020-04-25,HOSPITAL GENERAL MILPA ALTA,SEDESA,,,"19.200951, -99.011210"
2020-04-25,HOSPITAL GENERAL DR. RUBÉN LEÑERO,SEDESA,,,"19.451398, -99.169565"
2020-04-25,HOSPITAL GENERAL BALBUENA,SEDESA,,,"19.424195, -99.115412"
2020-04-25,HOSPITAL GENERAL XOCO,SEDESA,,,"19.360313, -99.162275"
2020-04-25,CLÍNICA HOSPITAL EMILIANO ZAPATA,SEDESA,,,"19.339225, -98.978282"
2020-04-25,HOSPITAL GENERAL VILLA,SEDESA,,,"19.480079, -99.103353"
2020-04-25,HOSPITAL GENERAL TICOMAN,SEDESA,,,"19.514444, -99.137778"
2020-04-25,HOSPITAL PEDIÁTRICO IZTACALCO,SEDESA,,,"19.402722, -99.117628"
2020-04-25,HOSPITAL PEDIÁTRICO AZCAPOTZALCO,SEDESA,,,"19.484418, -99.185442"
2020-04-25,HOSPITAL PEDIÁTRICO MOCTEZUMA,SEDESA,,,"19.432814, -99.098151"
2020-04-25,HOSPITAL MATERNO INFANTIL TOPILEJO,SEDESA,,,"19.199206, -99.140064"
2020-04-25,HOSPITAL MATERNO INFANTIL MAGDALENA CONTRERAS,SEDESA,,,"19.319364, -99.239095"
2020-04-25,HOSPITAL PEDIÁTRICO LEGARIA,SEDESA,,,"19.450699, -99.203637"
2020-04-25,HOSPITAL GENERAL AJUSCO MEDIO,SEDESA,,,"19.272165, -99.207846"
2020-04-25,HOSPITAL MATERNO PEDIÁTRICO XOCHIMILCO,SEDESA,,,"19.254376, -99.104643"
2020-04-25,HOSPITAL PEDIÁTRICO TACUBAYA,SEDESA,,,"19.402594, -99.190990"
2020-04-25,HOSPITAL MATERNO INFANTIL CUAUTEPEC,SEDESA,,,"19.539787, -99.140977"
2020-04-25,HOSPITAL MATERNO INFANTIL TLÁHUAC,SEDESA,,,"19.265167, -98.998000"
2020-04-25,HOSPITAL TORRE MÉDICA TEPEPAN,SEDESA,,,"19.275556, -99.144313"
2020-04-25,HOSPITAL PEDIÁTRICO PERALVILLO,SEDESA,,,"19.459610, -99.141249"
2020-04-25,HOSPITAL GENERAL GREGORIO SALAS,SEDESA,,,"19.437705, -99.129572"
2020-04-25,HOSPITAL PEDIÁTRICO COYOACÁN,SEDESA,,,"19.345818, -99.168076"
2020-04-25,HOSPITAL PEDIÁTRICO IZTAPALAPA,SEDESA,,,"19.356711, -99.107652"
2020-04-25,HOSPITAL GENERAL IZTAPALAPA,SEDESA,,,"19.343426, -99.027236"
2020-04-26,INSTITUTO NACIONAL DE NUTRICIÓN,SSA,Media,CRÍTICA,"19.289599, -99.155441"
2020-04-26,INER,SSA,Buena,Media,"19.291375, -99.158653"
2020-04-26,HOSPITAL GENERAL DE MÉXICO,SSA,Media,CRÍTICA,"19.4129258, -99.1520225"
2020-04-26,HOSPITAL JUAREZ,SSA,Media,CRÍTICA,"19.481829, -99.135576"
2020-04-26,HOSPITAL GENERAL DR. MANUEL GEA GONZÁLEZ,SSA,CRÍTICA,CRÍTICA,"19.290295, -99.160861"
2020-04-26,HOSPITAL REGIONAL DE ALTA ESPECIALIDAD DE IXTAPALUCA,SSA,Media,Media,"19.318796, -98.855353"
2020-04-26,HOSPITAL INFANTIL DE MÉXICO FEDERICO GÓMEZ,SSA,Buena,Buena,"19.410839, -99.151941"
2020-04-26,INSTITUTO  NACIONAL DE CARDIOLOGÍA IGNACIO CHÁVEZ,SSA,Media,Buena,"19.290598, -99.153838"
2020-04-26,BELISARIO DOMINGUEZ,SEDESA,CRÍTICA,Media,"19.307226, -99.065356"
2020-04-26,ENRIQUE CABRERA,SEDESA,Buena,Media,"19.361675, -99.224432"
2020-04-26,GENERAL TLAHUAC,SEDESA,Media,Buena,"19.287492, -99.052665"
2020-04-26,CITIBANAMEX,SEDESA,,,"19.439732, -99.224235"
2020-04-26,PEDIATRICO DE LA VILLA,SEDESA,Buena,Buena,"19.487355, -99.114316"
2020-04-26,HOSPITAL DE ESPECIALIDADES 01 CMN SIGLO XXI (CDMX SUR),IMSS,Buena,Buena,"19.466549, -99.145102"
2020-04-26,HOSPITAL DE PEDIATRIA 01 CMN SIGLO XXI (CDMX SUR),IMSS,Buena,Buena,"19.407458, -99.152267"
2020-04-26,HOSPITAL GENERAL DE ZONA 01 CARLOS MC GREGOR (CDMX SUR),IMSS,Media,Buena,"19.395912, -99.161610"
2020-04-26,HOSPITAL GENERAL DE ZONA 1A PARQUE DE LOS VENADOS (CDMX SUR),IMSS,Buena,Buena,"19.374431, -99.151203"
2020-04-26,HOSPITAL DE INFECTOLOGIA 01 LA RAZA (CDMX NORTE),IMSS,Media,CRÍTICA,"19.464865, -99.144859"
2020-04-26,HOSPITAL GENERAL 01 (CDMX NORTE) LA RAZA,IMSS,Buena,Buena,"19.395740, -99.161677"
2020-04-26,HOSPITAL GENERAL DE ZONA 24 (CDMX NORTE),IMSS,Buena,Buena,"19.483221, -99.128448"
2020-04-26,HOSPITAL GENERAL DE ZONA 27 (CDMX NORTE),IMSS,Media,Buena,"19.454776, -99.140007"
2020-04-26,HOSPITAL GENERAL DE ZONA 2A (CDMX SUR),IMSS,Buena,Buena,"19.405495, -99.112200"
2020-04-26,HOSPITAL GENERAL DE ZONA 30 (CDMX SUR),IMSS,Buena,Buena,"19.398836, -99.116913"
2020-04-26,HOSPITAL GENERAL DE ZONA 32 (CDMX SUR),IMSS,Media,Buena,"19.307964, -99.130677"
2020-04-26,HOSPITAL GENERAL DE ZONA C/MF 08 (CDMX SUR),IMSS,Buena,Buena,"19.337137, -99.200142"
2020-04-26,HOSPITAL GENERAL DE ZONA C/UMAA 48 (CDMX NORTE),IMSS,Buena,Buena,"19.482375, -99.213046"
2020-04-26,HOSPITAL GENERAL 02 (CDMX SUR) VILLA COAPA (COY.),IMSS,Buena,Buena,"19.309194, -99.129593"
2020-04-26,HOSPITAL DE ESPECIALIDADES 01 (CDMX NORTE) LA RAZA (AZC),IMSS,Buena,Buena,"19.467169, -99.143785"
2020-04-26,HOSPITAL GENERAL DE ZONA C/MF 29 (S. JUAN ARAGÓN),IMSS,Buena,Buena,"19.465117, -99.085162"
2020-04-26,HOSPITAL GENERAL DE ZONA 47 (CDMX SUR) (IZP),IMSS,Buena,Buena,"19.357566, -99.054269"
2020-04-26,HOSPITAL GENERAL REGIONAL 72,IMSS,Buena,Media,"19.542797, -99.205022"
2020-04-26,HOSPITAL GENERAL REGIONAL 196,IMSS,Buena,Buena,"19.529016, -99.030983"
2020-04-26,HOSPITAL GENERAL REGIONAL 200,IMSS,Buena,Buena,"19.742905, -98.972971"
2020-04-26,HOSPITAL GENERAL DE ZONA 53,IMSS,Media,Buena,"19.356913, -98.990929"
2020-04-26,HOSPITAL GENERAL DE ZONA 197,IMSS,Buena,Buena,"19.515133, -98.891450"
2020-04-26,HOSPITAL GENERAL DE ZONA 194,IMSS,Buena,Buena,"19.470300, -99.234208"
2020-04-26,HOSPITAL GENERAL DE ZONA 57 (LA QUEBRADA),IMSS,Buena,Buena,"19.597387, -99.188426"
2020-04-26,HOSPITAL GENERAL DE ZONA 58 (LAS MARGARITAS),IMSS,Buena,Buena,"19.530797, -99.222446"
2020-04-26,HOSPITAL GENERAL DE ZONA 68 (TULPETLAC),IMSS,Buena,Buena,"19.570070, -99.044009"
2020-04-26,HOSPITAL GENERAL DE ZONA 71 (CHALCO),IMSS,Buena,Buena,"19.259803, -98.893368"
2020-04-26,HOSPITAL GENERAL DE ZONA 76 (XALOSTOC),IMSS,Buena,Buena,"19.526677, -99.082058"
2020-04-26,HOSPITAL GENERAL DE ZONA 98 (COACALCO),IMSS,Buena,Buena,"19.638165, -99.098892"
2020-04-26,CENTRO MEDICO 20 DE NOVIEMBRE,ISSSTE,Media,Media,"19.372720, -99.171205"
2020-04-26,HG DARIO FERNANDEZ FIERRO,ISSSTE,Media,Buena,"19.363602, -99.188608"
2020-04-26,HG JOSE MARIA MORELOS,ISSSTE,CRÍTICA,Media,"19.363918, -98.995393"
2020-04-26,HG TACUBA,ISSSTE,Buena,Media,"19.454384, -99.191231"
2020-04-26,HG DR FERNANDO QUIROZ,ISSSTE,Media,Buena,"19.394242, -99.194187"
2020-04-26,HG IGNACIO ZARAGOZA,ISSSTE,CRÍTICA,Media,"19.389472, -99.045019"
2020-04-26,HR PRIMERO DE OCTUBRE,ISSSTE,CRÍTICA,Media,"19.486751, -99.133249"
2020-04-26,HR LIC. ADOLFO LÓPEZ MATEOS,ISSSTE,Buena,Buena,"19.358451, -99.172716"
2020-04-26,HR BICENTENARIO DE LA INDEPENDENCIA,ISSSTE,Media,Media,"19.628814, -99.163343"
2020-04-26,H.G.TOLUCA,ISSSTE,Buena,Buena,"19.256918, -99.635872"
2020-04-26,HOSPITAL CENTRAL MILITAR,SEDENA,,,"19.437367, -99.216057"
2020-04-26,"HOSPITAL MILITAR DE ZONA, CAMPO NO. 1-A",SEDENA,,,"19.457977, -99.227768"
2020-04-26,"HOSPITAL MILITAR DE ZONA, EL VERGEL",SEDENA,,,"19.312522, -99.082521"
2020-04-26,"CAMPO MIL. NO. 1-A,  6/O GRUPO DE MORTEROS",SEDENA,,,"19.449179, -99.232137"
2020-04-26,22/O. BATALLÓN DE POLICÍA MILITAR,SEDENA,,,"19.405526, -99.135839"
2020-04-26,81/O. BATALLÓN DE INFANTERÍA Y ESCUELA MILITAR DE INFANTERÍA,SEDENA,,,"19.264736, -99.152936"
2020-04-26,"CAMPO MIL. NO. 37-B.     HOSPITAL MILITAR DE ZONA, TEMAMATLA",SEDENA,,,"19.188076, -98.870108"
2020-04-26,"CAMPO MIL. NO. 37-B, 6/O. BATALLÓN DE FUERZAS ESPECIALES",SEDENA,,,"19.188076, -98.870108"
2020-04-26,"HOSPITAL MILITAR DE ZONA, SANTA MARÍA RAYÓN",SEDENA,,,"19.137953, -99.594466"
2020-04-26,"8/O. REGIMIENTO MECANIZADO, ALMOLOYA DE JUÁREZ",SEDENA,,,"19.403838, -99.742294"
2020-04-26,CENTRO MÉDICO NAVAL,SEMAR,Buena,CRÍTICA,"19.324032, -99.125233"
2020-04-26,HOSPITAL CENTRAL SUR DE ALTA ESPECIALIDAD,PEMEX,Buena,Buena,"19.308751, -99.218739"
2020-04-26,HOSPITAL CENTRAL NORTE,PEMEX,Buena,Buena,"19.479895, -99.200880"
2020-04-26,ALTA ESPECIALIDAD DE ZUMPANGO,EDOMEX,Buena,Buena,"19.815198, -99.089196"
2020-04-26,HOSPITAL REGIONAL TLALNEPANTLA ISSEMYM,EDOMEX,Media,Media,"19.521706, -99.187341"
2020-04-26,CENTRO MÉDICO TOLUCA ISSEMYM,EDOMEX,Buena,Buena,"19.286062, -99.585976"
2020-04-26,HOSPITAL PARA EL NIÑO IMIEM,EDOMEX,Media,Buena,"19.272014, -99.660919"
2020-04-26,CENTRO MÉDICO ADOLFO LÓPEZ MATEOS,EDOMEX,Media,Media,"19.320789, -99.633339"
2020-04-26,"HOSPITAL GENERAL ECATEPEC ""LAS AMÉRICAS""",EDOMEX,Media,Buena,"19.594136, -99.018679"
2020-04-26,HOSPITAL ÁNGELES MOCEL,PRIVADOS,Media,CRÍTICA,"19.410855, -99.184695"
2020-04-26,HOSPITAL SEDNA,PRIVADOS,Buena,Media,"19.303354, -99.174220"
2020-04-26,HOSPITAL ÁNGELES PEDREGAL,PRIVADOS,CRÍTICA,CRÍTICA,"19.312440, -99.221240"
2020-04-26,MÉDICA SUR,PRIVADOS,Buena,CRÍTICA,"19.312440, -99.221240"
2020-04-26,NUEVO SANATORIO DURANGO,PRIVADOS,Media,Media,"19.418658, -99.171260"
2020-04-26,HOSPITAL ÁNGELES ROMA (SANTELENA),PRIVADOS,Media,Buena,"19.415093, -99.157032"
2020-04-26,HOSPITAL ÁNGELES SANTA MÓNICA,PRIVADOS,,,"19.434256, -99.191809"
2020-04-26,CENTRO MÉDICO ABC CAMPUS OBSERVATORIO,PRIVADOS,CRÍTICA,CRÍTICA,"19.400754, -99.204033"
2020-04-26,CENTRO MÉDICO ABC CAMPUS SANTA FE,PRIVADOS,Buena,Buena,"19.356363, -99.282374"
2020-04-26,HOSPITAL SAN ÁNGEL INN CHAPULTEPEC,PRIVADOS,Buena,Media,"19.421896, -99.172987"
2020-04-26,HOSPITAL SAN ÁNGEL INN PATRIOTISMO,PRIVADOS,Buena,Buena,"19.376412, -99.186388"
2020-04-26,HOSPITAL SAN ÁNGEL INN SUR,PRIVADOS,Buena,Buena,"19.340277, -99.200021"
2020-04-26,HOSPITAL SAN ÁNGEL INN UNIVERSIDAD,PRIVADOS,Media,Buena,"19.358908, -99.167569"
2020-04-26,CENTRO DE ATENCIÓN MÉDICA INTEGRAL (HOSPITAL CAMI),PRIVADOS,Buena,Buena,"19.424002, -99.105060"
2020-04-26,CENTRO MÉDICO DALINDE,PRIVADOS,Media,Media,"19.405260,-99.168017"
2020-04-26,CENTRO MÉDICO QUIRÚRGICO ESCANDÓN,PRIVADOS,,,"19.402517, -99.172257"
2020-04-26,FUNDACIÓN HOSPITAL NUESTRA SEÑORA DE LA LUZ,PRIVADOS,,,"19.434591, -99.157036"
2020-04-26,HMG HOSPITAL COYOACÁN,PRIVADOS,Buena,Media,"19.326990, -99.144988"
2020-04-26,HOSPITAL ÁNGELES LOMAS,PRIVADOS,,,"19.394636, -99.282021"
2020-04-26,HOSPITAL ÁNGELES ACOXPA,PRIVADOS,CRÍTICA,Media,"19.299431, -99.134953"
2020-04-26,HOSPITAL DE COS,PRIVADOS,,,"19.416040, -99.162523"
2020-04-26,HOSPITAL ÁNGELES CLÍNICA LONDRES,PRIVADOS,Buena,CRÍTICA,"19.421693, -99.156934"
2020-04-26,HOSPITAL DE ESPECIALIDADES MIG,PRIVADOS,Buena,Buena,"19.491579, -99.126636"
2020-04-26,HOSPITAL ÁNGELES LINDAVISTA,PRIVADOS,Buena,CRÍTICA,"19.486673, -99.129583"
2020-04-26,HOSPITAL DIOMED,PRIVADOS,Buena,Buena,"19.401376, -99.205282"
2020-04-26,HOSPITAL ÁNGELES METROPOLITANO,PRIVADOS,Buena,Media,"19.407125, -99.167048"
2020-04-26,HOSPITAL ÁNGELES MÉXICO,PRIVADOS,Media,Media,"19.400075, -99.172655"
2020-04-26,HOSPITAL ESPAÑOL,PRIVADOS,CRÍTICA,CRÍTICA,"19.439382, -99.197221"
2020-04-26,HOSPITAL OBREGÓN,PRIVADOS,Buena,,"19.418468, -99.160702"
2020-04-26,CORPORATIVO HOSPITAL SATÉLITE,PRIVADOS,CRÍTICA,CRÍTICA,"19.513536, -99.237738"
2020-04-26,HOSPITAL GENERAL MILPA ALTA,SEDESA,,,"19.200951, -99.011210"
2020-04-26,HOSPITAL GENERAL DR. RUBÉN LEÑERO,SEDESA,,,"19.451398, -99.169565"
2020-04-26,HOSPITAL GENERAL BALBUENA,SEDESA,,,"19.424195, -99.115412"
2020-04-26,HOSPITAL GENERAL XOCO,SEDESA,,,"19.360313, -99.162275"
2020-04-26,CLÍNICA HOSPITAL EMILIANO ZAPATA,SEDESA,,,"19.339225, -98.978282"
2020-04-26,HOSPITAL GENERAL VILLA,SEDESA,,,"19.480079, -99.103353"
2020-04-26,HOSPITAL GENERAL TICOMAN,SEDESA,,,"19.514444, -99.137778"
2020-04-26,HOSPITAL PEDIÁTRICO IZTACALCO,SEDESA,,,"19.402722, -99.117628"
2020-04-26,HOSPITAL PEDIÁTRICO AZCAPOTZALCO,SEDESA,,,"19.484418, -99.185442"
2020-04-26,HOSPITAL PEDIÁTRICO MOCTEZUMA,SEDESA,,,"19.432814, -99.098151"
2020-04-26,HOSPITAL MATERNO INFANTIL TOPILEJO,SEDESA,,,"19.199206, -99.140064"
2020-04-26,HOSPITAL MATERNO INFANTIL MAGDALENA CONTRERAS,SEDESA,,,"19.319364, -99.239095"
2020-04-26,HOSPITAL PEDIÁTRICO LEGARIA,SEDESA,,,"19.450699, -99.203637"
2020-04-26,HOSPITAL GENERAL AJUSCO MEDIO,SEDESA,,,"19.272165, -99.207846"
2020-04-26,HOSPITAL MATERNO PEDIÁTRICO XOCHIMILCO,SEDESA,,,"19.254376, -99.104643"
2020-04-26,HOSPITAL PEDIÁTRICO TACUBAYA,SEDESA,,,"19.402594, -99.190990"
2020-04-26,HOSPITAL MATERNO INFANTIL CUAUTEPEC,SEDESA,,,"19.539787, -99.140977"
2020-04-26,HOSPITAL MATERNO INFANTIL TLÁHUAC,SEDESA,,,"19.265167, -98.998000"
2020-04-26,HOSPITAL TORRE MÉDICA TEPEPAN,SEDESA,,,"19.275556, -99.144313"
2020-04-26,HOSPITAL PEDIÁTRICO PERALVILLO,SEDESA,,,"19.459610, -99.141249"
2020-04-26,HOSPITAL GENERAL GREGORIO SALAS,SEDESA,,,"19.437705, -99.129572"
2020-04-26,HOSPITAL PEDIÁTRICO COYOACÁN,SEDESA,,,"19.345818, -99.168076"
2020-04-26,HOSPITAL PEDIÁTRICO IZTAPALAPA,SEDESA,,,"19.356711, -99.107652"
2020-04-26,HOSPITAL GENERAL IZTAPALAPA,SEDESA,,,"19.343426, -99.027236"
2020-04-27,INSTITUTO NACIONAL DE NUTRICIÓN,SSA,Media,CRÍTICA,"19.289599, -99.155441"
2020-04-27,INER,SSA,Buena,CRÍTICA,"19.291375, -99.158653"
2020-04-27,HOSPITAL GENERAL DE MÉXICO,SSA,Media,CRÍTICA,"19.4129258, -99.1520225"
2020-04-27,HOSPITAL JUAREZ,SSA,Media,CRÍTICA,"19.481829, -99.135576"
2020-04-27,HOSPITAL GENERAL DR. MANUEL GEA GONZÁLEZ,SSA,CRÍTICA,CRÍTICA,"19.290295, -99.160861"
2020-04-27,HOSPITAL REGIONAL DE ALTA ESPECIALIDAD DE IXTAPALUCA,SSA,Media,CRÍTICA,"19.318796, -98.855353"
2020-04-27,HOSPITAL INFANTIL DE MÉXICO FEDERICO GÓMEZ,SSA,Buena,Buena,"19.410839, -99.151941"
2020-04-27,INSTITUTO  NACIONAL DE CARDIOLOGÍA IGNACIO CHÁVEZ,SSA,Media,CRÍTICA,"19.290598, -99.153838"
2020-04-27,BELISARIO DOMINGUEZ,SEDESA,CRÍTICA,Media,"19.307226, -99.065356"
2020-04-27,ENRIQUE CABRERA,SEDESA,Buena,Media,"19.361675, -99.224432"
2020-04-27,GENERAL TLAHUAC,SEDESA,Media,Buena,"19.287492, -99.052665"
2020-04-27,CITIBANAMEX,SEDESA,,,"19.439732, -99.224235"
2020-04-27,PEDIATRICO DE LA VILLA,SEDESA,Buena,Buena,"19.487355, -99.114316"
2020-04-27,HOSPITAL DE ESPECIALIDADES 01 CMN SIGLO XXI (CDMX SUR),IMSS,Media,Buena,"19.466549, -99.145102"
2020-04-27,HOSPITAL DE PEDIATRIA 01 CMN SIGLO XXI (CDMX SUR),IMSS,Buena,Buena,"19.407458, -99.152267"
2020-04-27,HOSPITAL GENERAL DE ZONA 01 CARLOS MC GREGOR (CDMX SUR),IMSS,Media,Buena,"19.395912, -99.161610"
2020-04-27,HOSPITAL GENERAL DE ZONA 1A PARQUE DE LOS VENADOS (CDMX SUR),IMSS,Buena,Buena,"19.374431, -99.151203"
2020-04-27,HOSPITAL DE INFECTOLOGIA 01 LA RAZA (CDMX NORTE),IMSS,Media,CRÍTICA,"19.464865, -99.144859"
2020-04-27,HOSPITAL GENERAL 01 (CDMX NORTE) LA RAZA,IMSS,Buena,Buena,"19.395740, -99.161677"
2020-04-27,HOSPITAL GENERAL DE ZONA 24 (CDMX NORTE),IMSS,Buena,Buena,"19.483221, -99.128448"
2020-04-27,HOSPITAL GENERAL DE ZONA 27 (CDMX NORTE),IMSS,Media,Buena,"19.454776, -99.140007"
2020-04-27,HOSPITAL GENERAL DE ZONA 2A (CDMX SUR),IMSS,Buena,Buena,"19.405495, -99.112200"
2020-04-27,HOSPITAL GENERAL DE ZONA 30 (CDMX SUR),IMSS,Buena,Buena,"19.398836, -99.116913"
2020-04-27,HOSPITAL GENERAL DE ZONA 32 (CDMX SUR),IMSS,Buena,Buena,"19.307964, -99.130677"
2020-04-27,HOSPITAL GENERAL DE ZONA C/MF 08 (CDMX SUR),IMSS,Buena,Buena,"19.337137, -99.200142"
2020-04-27,HOSPITAL GENERAL DE ZONA C/UMAA 48 (CDMX NORTE),IMSS,Buena,Media,"19.482375, -99.213046"
2020-04-27,HOSPITAL GENERAL 02 (CDMX SUR) VILLA COAPA (COY.),IMSS,CRÍTICA,Buena,"19.309194, -99.129593"
2020-04-27,HOSPITAL DE ESPECIALIDADES 01 (CDMX NORTE) LA RAZA (AZC),IMSS,Buena,Buena,"19.467169, -99.143785"
2020-04-27,HOSPITAL GENERAL DE ZONA C/MF 29 (S. JUAN ARAGÓN),IMSS,Buena,Buena,"19.465117, -99.085162"
2020-04-27,HOSPITAL GENERAL DE ZONA 47 (CDMX SUR) (IZP),IMSS,Buena,Buena,"19.357566, -99.054269"
2020-04-27,HOSPITAL GENERAL REGIONAL 72,IMSS,Media,Media,"19.542797, -99.205022"
2020-04-27,HOSPITAL GENERAL REGIONAL 196,IMSS,Media,Buena,"19.529016, -99.030983"
2020-04-27,HOSPITAL GENERAL REGIONAL 200,IMSS,Buena,Buena,"19.742905, -98.972971"
2020-04-27,HOSPITAL GENERAL DE ZONA 53,IMSS,Media,Buena,"19.356913, -98.990929"
2020-04-27,HOSPITAL GENERAL DE ZONA 197,IMSS,Media,Buena,"19.515133, -98.891450"
2020-04-27,HOSPITAL GENERAL DE ZONA 194,IMSS,Buena,Buena,"19.470300, -99.234208"
2020-04-27,HOSPITAL GENERAL DE ZONA 57 (LA QUEBRADA),IMSS,Buena,Buena,"19.597387, -99.188426"
2020-04-27,HOSPITAL GENERAL DE ZONA 58 (LAS MARGARITAS),IMSS,Buena,Buena,"19.530797, -99.222446"
2020-04-27,HOSPITAL GENERAL DE ZONA 68 (TULPETLAC),IMSS,Buena,Buena,"19.570070, -99.044009"
2020-04-27,HOSPITAL GENERAL DE ZONA 71 (CHALCO),IMSS,Buena,Buena,"19.259803, -98.893368"
2020-04-27,HOSPITAL GENERAL DE ZONA 76 (XALOSTOC),IMSS,Media,Buena,"19.526677, -99.082058"
2020-04-27,HOSPITAL GENERAL DE ZONA 98 (COACALCO),IMSS,Buena,Buena,"19.638165, -99.098892"
2020-04-27,CENTRO MEDICO 20 DE NOVIEMBRE,ISSSTE,Media,Buena,"19.372720, -99.171205"
2020-04-27,HG DARIO FERNANDEZ FIERRO,ISSSTE,Media,Media,"19.363602, -99.188608"
2020-04-27,HG JOSE MARIA MORELOS,ISSSTE,CRÍTICA,Media,"19.363918, -98.995393"
2020-04-27,HG TACUBA,ISSSTE,Buena,Media,"19.454384, -99.191231"
2020-04-27,HG DR FERNANDO QUIROZ,ISSSTE,Media,Buena,"19.394242, -99.194187"
2020-04-27,HG IGNACIO ZARAGOZA,ISSSTE,CRÍTICA,Media,"19.389472, -99.045019"
2020-04-27,HR PRIMERO DE OCTUBRE,ISSSTE,CRÍTICA,CRÍTICA,"19.486751, -99.133249"
2020-04-27,HR LIC. ADOLFO LÓPEZ MATEOS,ISSSTE,Buena,Buena,"19.358451, -99.172716"
2020-04-27,HR BICENTENARIO DE LA INDEPENDENCIA,ISSSTE,Media,Media,"19.628814, -99.163343"
2020-04-27,H.G.TOLUCA,ISSSTE,Buena,Buena,"19.256918, -99.635872"
2020-04-27,HOSPITAL CENTRAL MILITAR,SEDENA,,,"19.437367, -99.216057"
2020-04-27,"HOSPITAL MILITAR DE ZONA, CAMPO NO. 1-A",SEDENA,,,"19.457977, -99.227768"
2020-04-27,"HOSPITAL MILITAR DE ZONA, EL VERGEL",SEDENA,,,"19.312522, -99.082521"
2020-04-27,"CAMPO MIL. NO. 1-A,  6/O GRUPO DE MORTEROS",SEDENA,,,"19.449179, -99.232137"
2020-04-27,22/O. BATALLÓN DE POLICÍA MILITAR,SEDENA,,,"19.405526, -99.135839"
2020-04-27,81/O. BATALLÓN DE INFANTERÍA Y ESCUELA MILITAR DE INFANTERÍA,SEDENA,,,"19.264736, -99.152936"
2020-04-27,"CAMPO MIL. NO. 37-B.     HOSPITAL MILITAR DE ZONA, TEMAMATLA",SEDENA,,,"19.188076, -98.870108"
2020-04-27,"CAMPO MIL. NO. 37-B, 6/O. BATALLÓN DE FUERZAS ESPECIALES",SEDENA,,,"19.188076, -98.870108"
2020-04-27,"HOSPITAL MILITAR DE ZONA, SANTA MARÍA RAYÓN",SEDENA,,,"19.137953, -99.594466"
2020-04-27,"8/O. REGIMIENTO MECANIZADO, ALMOLOYA DE JUÁREZ",SEDENA,,,"19.403838, -99.742294"
2020-04-27,CENTRO MÉDICO NAVAL,SEMAR,CRÍTICA,Buena,"19.324032, -99.125233"
2020-04-27,HOSPITAL CENTRAL SUR DE ALTA ESPECIALIDAD,PEMEX,Buena,Buena,"19.308751, -99.218739"
2020-04-27,HOSPITAL CENTRAL NORTE,PEMEX,Media,Buena,"19.479895, -99.200880"
2020-04-27,ALTA ESPECIALIDAD DE ZUMPANGO,EDOMEX,Buena,Media,"19.815198, -99.089196"
2020-04-27,HOSPITAL REGIONAL TLALNEPANTLA ISSEMYM,EDOMEX,Media,Buena,"19.521706, -99.187341"
2020-04-27,CENTRO MÉDICO TOLUCA ISSEMYM,EDOMEX,Buena,Buena,"19.286062, -99.585976"
2020-04-27,HOSPITAL PARA EL NIÑO IMIEM,EDOMEX,Buena,Buena,"19.272014, -99.660919"
2020-04-27,CENTRO MÉDICO ADOLFO LÓPEZ MATEOS,EDOMEX,Media,CRÍTICA,"19.320789, -99.633339"
2020-04-27,"HOSPITAL GENERAL ECATEPEC ""LAS AMÉRICAS""",EDOMEX,CRÍTICA,Buena,"19.594136, -99.018679"
2020-04-27,HOSPITAL ÁNGELES MOCEL,PRIVADOS,Media,CRÍTICA,"19.410855, -99.184695"
2020-04-27,HOSPITAL SEDNA,PRIVADOS,Buena,Media,"19.303354, -99.174220"
2020-04-27,HOSPITAL ÁNGELES PEDREGAL,PRIVADOS,CRÍTICA,CRÍTICA,"19.312440, -99.221240"
2020-04-27,MÉDICA SUR,PRIVADOS,Buena,CRÍTICA,"19.312440, -99.221240"
2020-04-27,NUEVO SANATORIO DURANGO,PRIVADOS,Media,Media,"19.418658, -99.171260"
2020-04-27,HOSPITAL ÁNGELES ROMA (SANTELENA),PRIVADOS,Media,Buena,"19.415093, -99.157032"
2020-04-27,HOSPITAL ÁNGELES SANTA MÓNICA,PRIVADOS,,,"19.434256, -99.191809"
2020-04-27,CENTRO MÉDICO ABC CAMPUS OBSERVATORIO,PRIVADOS,CRÍTICA,CRÍTICA,"19.400754, -99.204033"
2020-04-27,CENTRO MÉDICO ABC CAMPUS SANTA FE,PRIVADOS,Buena,Buena,"19.356363, -99.282374"
2020-04-27,HOSPITAL SAN ÁNGEL INN CHAPULTEPEC,PRIVADOS,Buena,CRÍTICA,"19.421896, -99.172987"
2020-04-27,HOSPITAL SAN ÁNGEL INN PATRIOTISMO,PRIVADOS,Buena,Buena,"19.376412, -99.186388"
2020-04-27,HOSPITAL SAN ÁNGEL INN SUR,PRIVADOS,Buena,Buena,"19.340277, -99.200021"
2020-04-27,HOSPITAL SAN ÁNGEL INN UNIVERSIDAD,PRIVADOS,Media,Buena,"19.358908, -99.167569"
2020-04-27,CENTRO DE ATENCIÓN MÉDICA INTEGRAL (HOSPITAL CAMI),PRIVADOS,Buena,Buena,"19.424002, -99.105060"
2020-04-27,CENTRO MÉDICO DALINDE,PRIVADOS,Media,Media,"19.405260,-99.168017"
2020-04-27,CENTRO MÉDICO QUIRÚRGICO ESCANDÓN,PRIVADOS,,,"19.402517, -99.172257"
2020-04-27,FUNDACIÓN HOSPITAL NUESTRA SEÑORA DE LA LUZ,PRIVADOS,,,"19.434591, -99.157036"
2020-04-27,HMG HOSPITAL COYOACÁN,PRIVADOS,Buena,Buena,"19.326990, -99.144988"
2020-04-27,HOSPITAL ÁNGELES LOMAS,PRIVADOS,CRÍTICA,,"19.394636, -99.282021"
2020-04-27,HOSPITAL ÁNGELES ACOXPA,PRIVADOS,CRÍTICA,Media,"19.299431, -99.134953"
2020-04-27,HOSPITAL DE COS,PRIVADOS,,,"19.416040, -99.162523"
2020-04-27,HOSPITAL ÁNGELES CLÍNICA LONDRES,PRIVADOS,Buena,CRÍTICA,"19.421693, -99.156934"
2020-04-27,HOSPITAL DE ESPECIALIDADES MIG,PRIVADOS,Buena,Buena,"19.491579, -99.126636"
2020-04-27,HOSPITAL ÁNGELES LINDAVISTA,PRIVADOS,Buena,CRÍTICA,"19.486673, -99.129583"
2020-04-27,HOSPITAL DIOMED,PRIVADOS,Buena,Buena,"19.401376, -99.205282"
2020-04-27,HOSPITAL ÁNGELES METROPOLITANO,PRIVADOS,Buena,Media,"19.407125, -99.167048"
2020-04-27,HOSPITAL ÁNGELES MÉXICO,PRIVADOS,Media,Media,"19.400075, -99.172655"
2020-04-27,HOSPITAL ESPAÑOL,PRIVADOS,CRÍTICA,CRÍTICA,"19.439382, -99.197221"
2020-04-27,HOSPITAL OBREGÓN,PRIVADOS,Buena,,"19.418468, -99.160702"
2020-04-27,CORPORATIVO HOSPITAL SATÉLITE,PRIVADOS,CRÍTICA,CRÍTICA,"19.513536, -99.237738"
2020-04-27,HOSPITAL GENERAL MILPA ALTA,SEDESA,,,"19.200951, -99.011210"
2020-04-27,HOSPITAL GENERAL DR. RUBÉN LEÑERO,SEDESA,,,"19.451398, -99.169565"
2020-04-27,HOSPITAL GENERAL BALBUENA,SEDESA,,,"19.424195, -99.115412"
2020-04-27,HOSPITAL GENERAL XOCO,SEDESA,,,"19.360313, -99.162275"
2020-04-27,CLÍNICA HOSPITAL EMILIANO ZAPATA,SEDESA,,,"19.339225, -98.978282"
2020-04-27,HOSPITAL GENERAL VILLA,SEDESA,,,"19.480079, -99.103353"
2020-04-27,HOSPITAL GENERAL TICOMAN,SEDESA,,,"19.514444, -99.137778"
2020-04-27,HOSPITAL PEDIÁTRICO IZTACALCO,SEDESA,,,"19.402722, -99.117628"
2020-04-27,HOSPITAL PEDIÁTRICO AZCAPOTZALCO,SEDESA,,,"19.484418, -99.185442"
2020-04-27,HOSPITAL PEDIÁTRICO MOCTEZUMA,SEDESA,,,"19.432814, -99.098151"
2020-04-27,HOSPITAL MATERNO INFANTIL TOPILEJO,SEDESA,,,"19.199206, -99.140064"
2020-04-27,HOSPITAL MATERNO INFANTIL MAGDALENA CONTRERAS,SEDESA,,,"19.319364, -99.239095"
2020-04-27,HOSPITAL PEDIÁTRICO LEGARIA,SEDESA,,,"19.450699, -99.203637"
2020-04-27,HOSPITAL GENERAL AJUSCO MEDIO,SEDESA,,,"19.272165, -99.207846"
2020-04-27,HOSPITAL MATERNO PEDIÁTRICO XOCHIMILCO,SEDESA,,,"19.254376, -99.104643"
2020-04-27,HOSPITAL PEDIÁTRICO TACUBAYA,SEDESA,,,"19.402594, -99.190990"
2020-04-27,HOSPITAL MATERNO INFANTIL CUAUTEPEC,SEDESA,,,"19.539787, -99.140977"
2020-04-27,HOSPITAL MATERNO INFANTIL TLÁHUAC,SEDESA,,,"19.265167, -98.998000"
2020-04-27,HOSPITAL TORRE MÉDICA TEPEPAN,SEDESA,,,"19.275556, -99.144313"
2020-04-27,HOSPITAL PEDIÁTRICO PERALVILLO,SEDESA,,,"19.459610, -99.141249"
2020-04-27,HOSPITAL GENERAL GREGORIO SALAS,SEDESA,,,"19.437705, -99.129572"
2020-04-27,HOSPITAL PEDIÁTRICO COYOACÁN,SEDESA,,,"19.345818, -99.168076"
2020-04-27,HOSPITAL PEDIÁTRICO IZTAPALAPA,SEDESA,,,"19.356711, -99.107652"
2020-04-27,HOSPITAL GENERAL IZTAPALAPA,SEDESA,,,"19.343426, -99.027236"
2020-04-28,INSTITUTO NACIONAL DE NUTRICIÓN,SSA,Media,CRÍTICA,"19.289599, -99.155441"
2020-04-28,INER,SSA,Buena,Media,"19.291375, -99.158653"
2020-04-28,HOSPITAL GENERAL DE MÉXICO,SSA,CRÍTICA,CRÍTICA,"19.4129258, -99.1520225"
2020-04-28,HOSPITAL JUAREZ,SSA,CRÍTICA,CRÍTICA,"19.481829, -99.135576"
2020-04-28,HOSPITAL GENERAL DR. MANUEL GEA GONZÁLEZ,SSA,CRÍTICA,CRÍTICA,"19.290295, -99.160861"
2020-04-28,HOSPITAL REGIONAL DE ALTA ESPECIALIDAD DE IXTAPALUCA,SSA,Media,Media,"19.318796, -98.855353"
2020-04-28,HOSPITAL INFANTIL DE MÉXICO FEDERICO GÓMEZ,SSA,Buena,Buena,"19.410839, -99.151941"
2020-04-28,INSTITUTO  NACIONAL DE CARDIOLOGÍA IGNACIO CHÁVEZ,SSA,Media,Buena,"19.290598, -99.153838"
2020-04-28,BELISARIO DOMINGUEZ,SEDESA,CRÍTICA,Media,"19.307226, -99.065356"
2020-04-28,ENRIQUE CABRERA,SEDESA,CRÍTICA,Buena,"19.361675, -99.224432"
2020-04-28,GENERAL TLAHUAC,SEDESA,Buena,Media,"19.287492, -99.052665"
2020-04-28,CITIBANAMEX,SEDESA,,,"19.439732, -99.224235"
2020-04-28,PEDIATRICO DE LA VILLA,SEDESA,Buena,Buena,"19.487355, -99.114316"
2020-04-28,HOSPITAL DE ESPECIALIDADES 01 CMN SIGLO XXI (CDMX SUR),IMSS,Media,Buena,"19.466549, -99.145102"
2020-04-28,HOSPITAL DE PEDIATRIA 01 CMN SIGLO XXI (CDMX SUR),IMSS,Buena,Buena,"19.407458, -99.152267"
2020-04-28,HOSPITAL GENERAL DE ZONA 01 CARLOS MC GREGOR (CDMX SUR),IMSS,Media,Buena,"19.395912, -99.161610"
2020-04-28,HOSPITAL GENERAL DE ZONA 1A PARQUE DE LOS VENADOS (CDMX SUR),IMSS,Buena,Buena,"19.374431, -99.151203"
2020-04-28,HOSPITAL DE INFECTOLOGIA 01 LA RAZA (CDMX NORTE),IMSS,Media,CRÍTICA,"19.464865, -99.144859"
2020-04-28,HOSPITAL GENERAL 01 (CDMX NORTE) LA RAZA,IMSS,Buena,Buena,"19.395740, -99.161677"
2020-04-28,HOSPITAL GENERAL DE ZONA 24 (CDMX NORTE),IMSS,Buena,Buena,"19.483221, -99.128448"
2020-04-28,HOSPITAL GENERAL DE ZONA 27 (CDMX NORTE),IMSS,Media,Buena,"19.454776, -99.140007"
2020-04-28,HOSPITAL GENERAL DE ZONA 2A (CDMX SUR),IMSS,Buena,Buena,"19.405495, -99.112200"
2020-04-28,HOSPITAL GENERAL DE ZONA 30 (CDMX SUR),IMSS,Buena,Buena,"19.398836, -99.116913"
2020-04-28,HOSPITAL GENERAL DE ZONA 32 (CDMX SUR),IMSS,Buena,Buena,"19.307964, -99.130677"
2020-04-28,HOSPITAL GENERAL DE ZONA C/MF 08 (CDMX SUR),IMSS,Buena,Buena,"19.337137, -99.200142"
2020-04-28,HOSPITAL GENERAL DE ZONA C/UMAA 48 (CDMX NORTE),IMSS,Buena,Media,"19.482375, -99.213046"
2020-04-28,HOSPITAL GENERAL 02 (CDMX SUR) VILLA COAPA (COY.),IMSS,CRÍTICA,Buena,"19.309194, -99.129593"
2020-04-28,HOSPITAL DE ESPECIALIDADES 01 (CDMX NORTE) LA RAZA (AZC),IMSS,Buena,Buena,"19.467169, -99.143785"
2020-04-28,HOSPITAL GENERAL DE ZONA C/MF 29 (S. JUAN ARAGÓN),IMSS,Buena,CRÍTICA,"19.465117, -99.085162"
2020-04-28,HOSPITAL GENERAL DE ZONA 47 (CDMX SUR) (IZP),IMSS,Buena,Buena,"19.357566, -99.054269"
2020-04-28,HOSPITAL GENERAL REGIONAL 72,IMSS,Media,Media,"19.542797, -99.205022"
2020-04-28,HOSPITAL GENERAL REGIONAL 196,IMSS,Media,Buena,"19.529016, -99.030983"
2020-04-28,HOSPITAL GENERAL REGIONAL 200,IMSS,Buena,Buena,"19.742905, -98.972971"
2020-04-28,HOSPITAL GENERAL DE ZONA 53,IMSS,Media,Buena,"19.356913, -98.990929"
2020-04-28,HOSPITAL GENERAL DE ZONA 197,IMSS,Media,Buena,"19.515133, -98.891450"
2020-04-28,HOSPITAL GENERAL DE ZONA 194,IMSS,Buena,Buena,"19.470300, -99.234208"
2020-04-28,HOSPITAL GENERAL DE ZONA 57 (LA QUEBRADA),IMSS,Buena,Buena,"19.597387, -99.188426"
2020-04-28,HOSPITAL GENERAL DE ZONA 58 (LAS MARGARITAS),IMSS,Buena,Buena,"19.530797, -99.222446"
2020-04-28,HOSPITAL GENERAL DE ZONA 68 (TULPETLAC),IMSS,Buena,Buena,"19.570070, -99.044009"
2020-04-28,HOSPITAL GENERAL DE ZONA 71 (CHALCO),IMSS,Buena,Buena,"19.259803, -98.893368"
2020-04-28,HOSPITAL GENERAL DE ZONA 76 (XALOSTOC),IMSS,Media,Buena,"19.526677, -99.082058"
2020-04-28,HOSPITAL GENERAL DE ZONA 98 (COACALCO),IMSS,Buena,Buena,"19.638165, -99.098892"
2020-04-28,CENTRO MEDICO 20 DE NOVIEMBRE,ISSSTE,Media,Media,"19.372720, -99.171205"
2020-04-28,HG DARIO FERNANDEZ FIERRO,ISSSTE,CRÍTICA,Media,"19.363602, -99.188608"
2020-04-28,HG JOSE MARIA MORELOS,ISSSTE,CRÍTICA,Media,"19.363918, -98.995393"
2020-04-28,HG TACUBA,ISSSTE,Media,Media,"19.454384, -99.191231"
2020-04-28,HG DR FERNANDO QUIROZ,ISSSTE,Media,Buena,"19.394242, -99.194187"
2020-04-28,HG IGNACIO ZARAGOZA,ISSSTE,CRÍTICA,CRÍTICA,"19.389472, -99.045019"
2020-04-28,HR PRIMERO DE OCTUBRE,ISSSTE,CRÍTICA,Media,"19.486751, -99.133249"
2020-04-28,HR LIC. ADOLFO LÓPEZ MATEOS,ISSSTE,Media,Media,"19.358451, -99.172716"
2020-04-28,HR BICENTENARIO DE LA INDEPENDENCIA,ISSSTE,CRÍTICA,CRÍTICA,"19.628814, -99.163343"
2020-04-28,H.G.TOLUCA,ISSSTE,Buena,Buena,"19.256918, -99.635872"
2020-04-28,HOSPITAL CENTRAL MILITAR,SEDENA,,,"19.437367, -99.216057"
2020-04-28,"HOSPITAL MILITAR DE ZONA, CAMPO NO. 1-A",SEDENA,,,"19.457977, -99.227768"
2020-04-28,"HOSPITAL MILITAR DE ZONA, EL VERGEL",SEDENA,,,"19.312522, -99.082521"
2020-04-28,"CAMPO MIL. NO. 1-A,  6/O GRUPO DE MORTEROS",SEDENA,,,"19.449179, -99.232137"
2020-04-28,22/O. BATALLÓN DE POLICÍA MILITAR,SEDENA,,,"19.405526, -99.135839"
2020-04-28,81/O. BATALLÓN DE INFANTERÍA Y ESCUELA MILITAR DE INFANTERÍA,SEDENA,,,"19.264736, -99.152936"
2020-04-28,"CAMPO MIL. NO. 37-B.     HOSPITAL MILITAR DE ZONA, TEMAMATLA",SEDENA,,,"19.188076, -98.870108"
2020-04-28,"CAMPO MIL. NO. 37-B, 6/O. BATALLÓN DE FUERZAS ESPECIALES",SEDENA,,,"19.188076, -98.870108"
2020-04-28,"HOSPITAL MILITAR DE ZONA, SANTA MARÍA RAYÓN",SEDENA,,,"19.137953, -99.594466"
2020-04-28,"8/O. REGIMIENTO MECANIZADO, ALMOLOYA DE JUÁREZ",SEDENA,,,"19.403838, -99.742294"
2020-04-28,CENTRO MÉDICO NAVAL,SEMAR,CRÍTICA,CRÍTICA,"19.324032, -99.125233"
2020-04-28,HOSPITAL CENTRAL SUR DE ALTA ESPECIALIDAD,PEMEX,Buena,Buena,"19.308751, -99.218739"
2020-04-28,HOSPITAL CENTRAL NORTE,PEMEX,Media,Buena,"19.479895, -99.200880"
2020-04-28,ALTA ESPECIALIDAD DE ZUMPANGO,EDOMEX,Buena,Media,"19.815198, -99.089196"
2020-04-28,HOSPITAL REGIONAL TLALNEPANTLA ISSEMYM,EDOMEX,Media,Buena,"19.521706, -99.187341"
2020-04-28,CENTRO MÉDICO TOLUCA ISSEMYM,EDOMEX,Media,Buena,"19.286062, -99.585976"
2020-04-28,HOSPITAL PARA EL NIÑO IMIEM,EDOMEX,Buena,Buena,"19.272014, -99.660919"
2020-04-28,CENTRO MÉDICO ADOLFO LÓPEZ MATEOS,EDOMEX,Media,Media,"19.320789, -99.633339"
2020-04-28,"HOSPITAL GENERAL ECATEPEC ""LAS AMÉRICAS""",EDOMEX,CRÍTICA,Buena,"19.594136, -99.018679"
2020-04-28,HOSPITAL ÁNGELES MOCEL,PRIVADOS,CRÍTICA,CRÍTICA,"19.410855, -99.184695"
2020-04-28,HOSPITAL SEDNA,PRIVADOS,Buena,CRÍTICA,"19.303354, -99.174220"
2020-04-28,HOSPITAL ÁNGELES PEDREGAL,PRIVADOS,CRÍTICA,CRÍTICA,"19.312440, -99.221240"
2020-04-28,MÉDICA SUR,PRIVADOS,Buena,CRÍTICA,"19.312440, -99.221240"
2020-04-28,NUEVO SANATORIO DURANGO,PRIVADOS,Media,Media,"19.418658, -99.171260"
2020-04-28,HOSPITAL ÁNGELES ROMA (SANTELENA),PRIVADOS,Buena,Buena,"19.415093, -99.157032"
2020-04-28,HOSPITAL ÁNGELES SANTA MÓNICA,PRIVADOS,,,"19.434256, -99.191809"
2020-04-28,CENTRO MÉDICO ABC CAMPUS OBSERVATORIO,PRIVADOS,CRÍTICA,CRÍTICA,"19.400754, -99.204033"
2020-04-28,CENTRO MÉDICO ABC CAMPUS SANTA FE,PRIVADOS,Buena,Buena,"19.356363, -99.282374"
2020-04-28,HOSPITAL SAN ÁNGEL INN CHAPULTEPEC,PRIVADOS,Buena,Media,"19.421896, -99.172987"
2020-04-28,HOSPITAL SAN ÁNGEL INN PATRIOTISMO,PRIVADOS,Buena,Buena,"19.376412, -99.186388"
2020-04-28,HOSPITAL SAN ÁNGEL INN SUR,PRIVADOS,Buena,Buena,"19.340277, -99.200021"
2020-04-28,HOSPITAL SAN ÁNGEL INN UNIVERSIDAD,PRIVADOS,Media,Buena,"19.358908, -99.167569"
2020-04-28,CENTRO DE ATENCIÓN MÉDICA INTEGRAL (HOSPITAL CAMI),PRIVADOS,Media,Buena,"19.424002, -99.105060"
2020-04-28,CENTRO MÉDICO DALINDE,PRIVADOS,Media,Media,"19.405260,-99.168017"
2020-04-28,CENTRO MÉDICO QUIRÚRGICO ESCANDÓN,PRIVADOS,,,"19.402517, -99.172257"
2020-04-28,FUNDACIÓN HOSPITAL NUESTRA SEÑORA DE LA LUZ,PRIVADOS,,,"19.434591, -99.157036"
2020-04-28,HMG HOSPITAL COYOACÁN,PRIVADOS,Buena,Buena,"19.326990, -99.144988"
2020-04-28,HOSPITAL ÁNGELES LOMAS,PRIVADOS,CRÍTICA,,"19.394636, -99.282021"
2020-04-28,HOSPITAL ÁNGELES ACOXPA,PRIVADOS,Media,Buena,"19.299431, -99.134953"
2020-04-28,HOSPITAL DE COS,PRIVADOS,,,"19.416040, -99.162523"
2020-04-28,HOSPITAL ÁNGELES CLÍNICA LONDRES,PRIVADOS,Buena,CRÍTICA,"19.421693, -99.156934"
2020-04-28,HOSPITAL DE ESPECIALIDADES MIG,PRIVADOS,Buena,Buena,"19.491579, -99.126636"
2020-04-28,HOSPITAL ÁNGELES LINDAVISTA,PRIVADOS,Media,CRÍTICA,"19.486673, -99.129583"
2020-04-28,HOSPITAL DIOMED,PRIVADOS,Buena,Buena,"19.401376, -99.205282"
2020-04-28,HOSPITAL ÁNGELES METROPOLITANO,PRIVADOS,Buena,Media,"19.407125, -99.167048"
2020-04-28,HOSPITAL ÁNGELES MÉXICO,PRIVADOS,Buena,Buena,"19.400075, -99.172655"
2020-04-28,HOSPITAL ESPAÑOL,PRIVADOS,CRÍTICA,CRÍTICA,"19.439382, -99.197221"
2020-04-28,HOSPITAL OBREGÓN,PRIVADOS,Buena,,"19.418468, -99.160702"
2020-04-28,CORPORATIVO HOSPITAL SATÉLITE,PRIVADOS,CRÍTICA,CRÍTICA,"19.513536, -99.237738"
2020-04-28,HOSPITAL GENERAL MILPA ALTA,SEDESA,,,"19.200951, -99.011210"
2020-04-28,HOSPITAL GENERAL DR. RUBÉN LEÑERO,SEDESA,,,"19.451398, -99.169565"
2020-04-28,HOSPITAL GENERAL BALBUENA,SEDESA,,,"19.424195, -99.115412"
2020-04-28,HOSPITAL GENERAL XOCO,SEDESA,,,"19.360313, -99.162275"
2020-04-28,CLÍNICA HOSPITAL EMILIANO ZAPATA,SEDESA,,,"19.339225, -98.978282"
2020-04-28,HOSPITAL GENERAL VILLA,SEDESA,,,"19.480079, -99.103353"
2020-04-28,HOSPITAL GENERAL TICOMAN,SEDESA,,,"19.514444, -99.137778"
2020-04-28,HOSPITAL PEDIÁTRICO IZTACALCO,SEDESA,,,"19.402722, -99.117628"
2020-04-28,HOSPITAL PEDIÁTRICO AZCAPOTZALCO,SEDESA,,,"19.484418, -99.185442"
2020-04-28,HOSPITAL PEDIÁTRICO MOCTEZUMA,SEDESA,,,"19.432814, -99.098151"
2020-04-28,HOSPITAL MATERNO INFANTIL TOPILEJO,SEDESA,,,"19.199206, -99.140064"
2020-04-28,HOSPITAL MATERNO INFANTIL MAGDALENA CONTRERAS,SEDESA,,,"19.319364, -99.239095"
2020-04-28,HOSPITAL PEDIÁTRICO LEGARIA,SEDESA,,,"19.450699, -99.203637"
2020-04-28,HOSPITAL GENERAL AJUSCO MEDIO,SEDESA,,,"19.272165, -99.207846"
2020-04-28,HOSPITAL MATERNO PEDIÁTRICO XOCHIMILCO,SEDESA,,,"19.254376, -99.104643"
2020-04-28,HOSPITAL PEDIÁTRICO TACUBAYA,SEDESA,,,"19.402594, -99.190990"
2020-04-28,HOSPITAL MATERNO INFANTIL CUAUTEPEC,SEDESA,,,"19.539787, -99.140977"
2020-04-28,HOSPITAL MATERNO INFANTIL TLÁHUAC,SEDESA,,,"19.265167, -98.998000"
2020-04-28,HOSPITAL TORRE MÉDICA TEPEPAN,SEDESA,,,"19.275556, -99.144313"
2020-04-28,HOSPITAL PEDIÁTRICO PERALVILLO,SEDESA,,,"19.459610, -99.141249"
2020-04-28,HOSPITAL GENERAL GREGORIO SALAS,SEDESA,,,"19.437705, -99.129572"
2020-04-28,HOSPITAL PEDIÁTRICO COYOACÁN,SEDESA,,,"19.345818, -99.168076"
2020-04-28,HOSPITAL PEDIÁTRICO IZTAPALAPA,SEDESA,,,"19.356711, -99.107652"
2020-04-28,HOSPITAL GENERAL IZTAPALAPA,SEDESA,,,"19.343426, -99.027236"
2020-04-29,INSTITUTO NACIONAL DE NUTRICIÓN,SSA,Media,CRÍTICA ,"19.289599, -99.155441"
2020-04-29,INER,SSA,Buena,CRÍTICA ,"19.291375, -99.158653"
2020-04-29,HOSPITAL GENERAL DE MÉXICO,SSA,CRÍTICA ,CRÍTICA ,"19.4129258, -99.1520225"
2020-04-29,HOSPITAL JUAREZ,SSA,CRÍTICA ,CRÍTICA ,"19.481829, -99.135576"
2020-04-29,HOSPITAL GENERAL DR. MANUEL GEA GONZÁLEZ,SSA,CRÍTICA ,CRÍTICA ,"19.290295, -99.160861"
2020-04-29,HOSPITAL REGIONAL DE ALTA ESPECIALIDAD DE IXTAPALUCA,SSA,Media,Media,"19.318796, -98.855353"
2020-04-29,HOSPITAL INFANTIL DE MÉXICO FEDERICO GÓMEZ,SSA,Buena,Buena,"19.410839, -99.151941"
2020-04-29,INSTITUTO  NACIONAL DE CARDIOLOGÍA IGNACIO CHÁVEZ,SSA,Media,Buena,"19.290598, -99.153838"
2020-04-29,BELISARIO DOMINGUEZ,SEDESA,,,"19.307226, -99.065356"
2020-04-29,ENRIQUE CABRERA,SEDESA,Media,Media,"19.361675, -99.224432"
2020-04-29,GENERAL TLAHUAC,SEDESA,CRÍTICA ,Buena,"19.287492, -99.052665"
2020-04-29,CITIBANAMEX,SEDESA,Media,Media,"19.439732, -99.224235"
2020-04-29,PEDIATRICO DE LA VILLA,SEDESA,Buena,Media,"19.487355, -99.114316"
2020-04-29,HOSPITAL DE ESPECIALIDADES 01 CMN SIGLO XXI (CDMX SUR),IMSS,Buena,Buena,"19.466549, -99.145102"
2020-04-29,HOSPITAL DE PEDIATRIA 01 CMN SIGLO XXI (CDMX SUR),IMSS,Media,Media,"19.407458, -99.152267"
2020-04-29,HOSPITAL GENERAL DE ZONA 01 CARLOS MC GREGOR (CDMX SUR),IMSS,Buena,Buena,"19.395912, -99.161610"
2020-04-29,HOSPITAL GENERAL DE ZONA 1A PARQUE DE LOS VENADOS (CDMX SUR),IMSS,Media,Buena,"19.374431, -99.151203"
2020-04-29,HOSPITAL DE INFECTOLOGIA 01 LA RAZA (CDMX NORTE),IMSS,Buena,Buena,"19.464865, -99.144859"
2020-04-29,HOSPITAL GENERAL 01 (CDMX NORTE) LA RAZA,IMSS,Media,CRÍTICA ,"19.395740, -99.161677"
2020-04-29,HOSPITAL GENERAL DE ZONA 24 (CDMX NORTE),IMSS,Buena,Buena,"19.483221, -99.128448"
2020-04-29,HOSPITAL GENERAL DE ZONA 27 (CDMX NORTE),IMSS,Buena,Buena,"19.454776, -99.140007"
2020-04-29,HOSPITAL GENERAL DE ZONA 2A (CDMX SUR),IMSS,Media,Buena,"19.405495, -99.112200"
2020-04-29,HOSPITAL GENERAL DE ZONA 30 (CDMX SUR),IMSS,Buena,Buena,"19.398836, -99.116913"
2020-04-29,HOSPITAL GENERAL DE ZONA 32 (CDMX SUR),IMSS,Buena,Buena,"19.307964, -99.130677"
2020-04-29,HOSPITAL GENERAL DE ZONA C/MF 08 (CDMX SUR),IMSS,Buena,Buena,"19.337137, -99.200142"
2020-04-29,HOSPITAL GENERAL DE ZONA C/UMAA 48 (CDMX NORTE),IMSS,Buena,Buena,"19.482375, -99.213046"
2020-04-29,HOSPITAL GENERAL 02 (CDMX SUR) VILLA COAPA (COY.),IMSS,Buena,Media,"19.309194, -99.129593"
2020-04-29,HOSPITAL DE ESPECIALIDADES 01 (CDMX NORTE) LA RAZA (AZC),IMSS,Buena,Buena,"19.467169, -99.143785"
2020-04-29,HOSPITAL GENERAL DE ZONA C/MF 29 (S. JUAN ARAGÓN),IMSS,Buena,Buena,"19.465117, -99.085162"
2020-04-29,HOSPITAL GENERAL DE ZONA 47 (CDMX SUR) (IZP),IMSS,Buena,Buena,"19.357566, -99.054269"
2020-04-29,HOSPITAL GENERAL REGIONAL 72,IMSS,Buena,Buena,"19.542797, -99.205022"
2020-04-29,HOSPITAL GENERAL REGIONAL 196,IMSS,Media,Media,"19.529016, -99.030983"
2020-04-29,HOSPITAL GENERAL REGIONAL 200,IMSS,Buena,Buena,"19.742905, -98.972971"
2020-04-29,HOSPITAL GENERAL DE ZONA 53,IMSS,Buena,Buena,"19.356913, -98.990929"
2020-04-29,HOSPITAL GENERAL DE ZONA 197,IMSS,Media,Buena,"19.515133, -98.891450"
2020-04-29,HOSPITAL GENERAL DE ZONA 194,IMSS,Media,Buena,"19.470300, -99.234208"
2020-04-29,HOSPITAL GENERAL DE ZONA 57 (LA QUEBRADA),IMSS,Buena,Buena,"19.597387, -99.188426"
2020-04-29,HOSPITAL GENERAL DE ZONA 58 (LAS MARGARITAS),IMSS,Buena,Buena,"19.530797, -99.222446"
2020-04-29,HOSPITAL GENERAL DE ZONA 68 (TULPETLAC),IMSS,Buena,Buena,"19.570070, -99.044009"
2020-04-29,HOSPITAL GENERAL DE ZONA 71 (CHALCO),IMSS,Buena,Buena,"19.259803, -98.893368"
2020-04-29,HOSPITAL GENERAL DE ZONA 76 (XALOSTOC),IMSS,Buena,Buena,"19.526677, -99.082058"
2020-04-29,HOSPITAL GENERAL DE ZONA 98 (COACALCO),IMSS,Media,Buena,"19.638165, -99.098892"
2020-04-29,CENTRO MEDICO 20 DE NOVIEMBRE,ISSSTE,Buena,Buena,"19.372720, -99.171205"
2020-04-29,HG DARIO FERNANDEZ FIERRO,ISSSTE,Media,CRÍTICA ,"19.363602, -99.188608"
2020-04-29,HG JOSE MARIA MORELOS,ISSSTE,CRÍTICA ,Media,"19.363918, -98.995393"
2020-04-29,HG TACUBA,ISSSTE,CRÍTICA ,Media,"19.454384, -99.191231"
2020-04-29,HG DR FERNANDO QUIROZ,ISSSTE,Media,Buena,"19.394242, -99.194187"
2020-04-29,HG IGNACIO ZARAGOZA,ISSSTE,Media,Buena,"19.389472, -99.045019"
2020-04-29,HR PRIMERO DE OCTUBRE,ISSSTE,CRÍTICA ,Media,"19.486751, -99.133249"
2020-04-29,HR LIC. ADOLFO LÓPEZ MATEOS,ISSSTE,CRÍTICA ,Media,"19.358451, -99.172716"
2020-04-29,HR BICENTENARIO DE LA INDEPENDENCIA,ISSSTE,CRÍTICA ,Buena,"19.628814, -99.163343"
2020-04-29,H.G.TOLUCA,ISSSTE,CRÍTICA ,CRÍTICA ,"19.256918, -99.635872"
2020-04-29,HOSPITAL CENTRAL MILITAR,SEDENA,Buena,Buena,"19.437367, -99.216057"
2020-04-29,"HOSPITAL MILITAR DE ZONA, CAMPO NO. 1-A",SEDENA,,,"19.457977, -99.227768"
2020-04-29,"HOSPITAL MILITAR DE ZONA, EL VERGEL",SEDENA,,,"19.312522, -99.082521"
2020-04-29,"CAMPO MIL. NO. 1-A,  6/O GRUPO DE MORTEROS",SEDENA,,,"19.449179, -99.232137"
2020-04-29,22/O. BATALLÓN DE POLICÍA MILITAR,SEDENA,,,"19.405526, -99.135839"
2020-04-29,81/O. BATALLÓN DE INFANTERÍA Y ESCUELA MILITAR DE INFANTERÍA,SEDENA,,,"19.264736, -99.152936"
2020-04-29,"CAMPO MIL. NO. 37-B.     HOSPITAL MILITAR DE ZONA, TEMAMATLA",SEDENA,,,"19.188076, -98.870108"
2020-04-29,"CAMPO MIL. NO. 37-B, 6/O. BATALLÓN DE FUERZAS ESPECIALES",SEDENA,,,"19.188076, -98.870108"
2020-04-29,"HOSPITAL MILITAR DE ZONA, SANTA MARÍA RAYÓN",SEDENA,,,"19.137953, -99.594466"
2020-04-29,"8/O. REGIMIENTO MECANIZADO, ALMOLOYA DE JUÁREZ",SEDENA,,,"19.403838, -99.742294"
2020-04-29,CENTRO MÉDICO NAVAL,SEMAR,,,"19.324032, -99.125233"
2020-04-29,HOSPITAL CENTRAL SUR DE ALTA ESPECIALIDAD,PEMEX,CRÍTICA ,CRÍTICA ,"19.308751, -99.218739"
2020-04-29,HOSPITAL CENTRAL NORTE,PEMEX,Buena,Buena,"19.479895, -99.200880"
2020-04-29,ALTA ESPECIALIDAD DE ZUMPANGO,EDOMEX,CRÍTICA ,Buena,"19.815198, -99.089196"
2020-04-29,HOSPITAL REGIONAL TLALNEPANTLA ISSEMYM,EDOMEX,Buena,Media,"19.521706, -99.187341"
2020-04-29,CENTRO MÉDICO TOLUCA ISSEMYM,EDOMEX,Media,Buena,"19.286062, -99.585976"
2020-04-29,HOSPITAL PARA EL NIÑO IMIEM,EDOMEX,Media,Buena,"19.272014, -99.660919"
2020-04-29,CENTRO MÉDICO ADOLFO LÓPEZ MATEOS,EDOMEX,Buena,Buena,"19.320789, -99.633339"
2020-04-29,"HOSPITAL GENERAL ECATEPEC ""LAS AMÉRICAS""",EDOMEX,Media,Media,"19.594136, -99.018679"
2020-04-29,HOSPITAL ÁNGELES MOCEL,PRIVADOS,CRÍTICA ,Buena,"19.410855, -99.184695"
2020-04-29,HOSPITAL SEDNA,PRIVADOS,CRÍTICA ,CRÍTICA ,"19.303354, -99.174220"
2020-04-29,HOSPITAL ÁNGELES PEDREGAL,PRIVADOS,Buena,Media,"19.312440, -99.221240"
2020-04-29,MÉDICA SUR,PRIVADOS,CRÍTICA ,CRÍTICA ,"19.312440, -99.221240"
2020-04-29,NUEVO SANATORIO DURANGO,PRIVADOS,Buena,CRÍTICA ,"19.418658, -99.171260"
2020-04-29,HOSPITAL ÁNGELES ROMA (SANTELENA),PRIVADOS,Buena,Media,"19.415093, -99.157032"
2020-04-29,HOSPITAL ÁNGELES SANTA MÓNICA,PRIVADOS,Buena,Buena,"19.434256, -99.191809"
2020-04-29,CENTRO MÉDICO ABC CAMPUS OBSERVATORIO,PRIVADOS,,,"19.400754, -99.204033"
2020-04-29,CENTRO MÉDICO ABC CAMPUS SANTA FE,PRIVADOS,CRÍTICA ,CRÍTICA ,"19.356363, -99.282374"
2020-04-29,HOSPITAL SAN ÁNGEL INN CHAPULTEPEC,PRIVADOS,Buena,Buena,"19.421896, -99.172987"
2020-04-29,HOSPITAL SAN ÁNGEL INN PATRIOTISMO,PRIVADOS,Buena,Buena,"19.376412, -99.186388"
2020-04-29,HOSPITAL SAN ÁNGEL INN SUR,PRIVADOS,Buena,Buena,"19.340277, -99.200021"
2020-04-29,HOSPITAL SAN ÁNGEL INN UNIVERSIDAD,PRIVADOS,Buena,Buena,"19.358908, -99.167569"
2020-04-29,CENTRO DE ATENCIÓN MÉDICA INTEGRAL (HOSPITAL CAMI),PRIVADOS,Media,Buena,"19.424002, -99.105060"
2020-04-29,CENTRO MÉDICO DALINDE,PRIVADOS,CRÍTICA ,Buena,"19.405260,-99.168017"
2020-04-29,CENTRO MÉDICO QUIRÚRGICO ESCANDÓN,PRIVADOS,Media,Media,"19.402517, -99.172257"
2020-04-29,FUNDACIÓN HOSPITAL NUESTRA SEÑORA DE LA LUZ,PRIVADOS,,,"19.434591, -99.157036"
2020-04-29,HMG HOSPITAL COYOACÁN,PRIVADOS,,,"19.326990, -99.144988"
2020-04-29,HOSPITAL ÁNGELES LOMAS,PRIVADOS,Media,Buena,"19.394636, -99.282021"
2020-04-29,HOSPITAL ÁNGELES ACOXPA,PRIVADOS,,,"19.299431, -99.134953"
2020-04-29,HOSPITAL DE COS,PRIVADOS,Media,Buena,"19.416040, -99.162523"
2020-04-29,HOSPITAL ÁNGELES CLÍNICA LONDRES,PRIVADOS,,,"19.421693, -99.156934"
2020-04-29,HOSPITAL DE ESPECIALIDADES MIG,PRIVADOS,Buena,CRÍTICA ,"19.491579, -99.126636"
2020-04-29,HOSPITAL ÁNGELES LINDAVISTA,PRIVADOS,Buena,Buena,"19.486673, -99.129583"
2020-04-29,HOSPITAL DIOMED,PRIVADOS,Media,CRÍTICA ,"19.401376, -99.205282"
2020-04-29,HOSPITAL ÁNGELES METROPOLITANO,PRIVADOS,Buena,Buena,"19.407125, -99.167048"
2020-04-29,HOSPITAL ÁNGELES MÉXICO,PRIVADOS,Buena,Media,"19.400075, -99.172655"
2020-04-29,HOSPITAL ESPAÑOL,PRIVADOS,Buena,Buena,"19.439382, -99.197221"
2020-04-29,HOSPITAL OBREGÓN,PRIVADOS,CRÍTICA ,CRÍTICA ,"19.418468, -99.160702"
2020-04-29,CORPORATIVO HOSPITAL SATÉLITE,PRIVADOS,Buena,,"19.513536, -99.237738"
2020-04-29,HOSPITAL GENERAL MILPA ALTA,SEDESA,,CRÍTICA ,"19.200951, -99.011210"
2020-04-29,HOSPITAL GENERAL DR. RUBÉN LEÑERO,SEDESA,,,"19.451398, -99.169565"
2020-04-29,HOSPITAL GENERAL BALBUENA,SEDESA,,,"19.424195, -99.115412"
2020-04-29,HOSPITAL GENERAL XOCO,SEDESA,,,"19.360313, -99.162275"
2020-04-29,CLÍNICA HOSPITAL EMILIANO ZAPATA,SEDESA,,,"19.339225, -98.978282"
2020-04-29,HOSPITAL GENERAL VILLA,SEDESA,,,"19.480079, -99.103353"
2020-04-29,HOSPITAL GENERAL TICOMAN,SEDESA,,,"19.514444, -99.137778"
2020-04-29,HOSPITAL PEDIÁTRICO IZTACALCO,SEDESA,,,"19.402722, -99.117628"
2020-04-29,HOSPITAL PEDIÁTRICO AZCAPOTZALCO,SEDESA,,,"19.484418, -99.185442"
2020-04-29,HOSPITAL PEDIÁTRICO MOCTEZUMA,SEDESA,,,"19.432814, -99.098151"
2020-04-29,HOSPITAL MATERNO INFANTIL TOPILEJO,SEDESA,,,"19.199206, -99.140064"
2020-04-29,HOSPITAL MATERNO INFANTIL MAGDALENA CONTRERAS,SEDESA,,,"19.319364, -99.239095"
2020-04-29,HOSPITAL PEDIÁTRICO LEGARIA,SEDESA,,,"19.450699, -99.203637"
2020-04-29,HOSPITAL GENERAL AJUSCO MEDIO,SEDESA,,,"19.272165, -99.207846"
2020-04-29,HOSPITAL MATERNO PEDIÁTRICO XOCHIMILCO,SEDESA,,,"19.254376, -99.104643"
2020-04-29,HOSPITAL PEDIÁTRICO TACUBAYA,SEDESA,,,"19.402594, -99.190990"
2020-04-29,HOSPITAL MATERNO INFANTIL CUAUTEPEC,SEDESA,,,"19.539787, -99.140977"
2020-04-29,HOSPITAL MATERNO INFANTIL TLÁHUAC,SEDESA,,,"19.265167, -98.998000"
2020-04-29,HOSPITAL TORRE MÉDICA TEPEPAN,SEDESA,,,"19.275556, -99.144313"
2020-04-29,HOSPITAL PEDIÁTRICO PERALVILLO,SEDESA,,,"19.459610, -99.141249"
2020-04-29,HOSPITAL GENERAL GREGORIO SALAS,SEDESA,,,"19.437705, -99.129572"
2020-04-29,HOSPITAL PEDIÁTRICO COYOACÁN,SEDESA,,,"19.345818, -99.168076"
2020-04-29,HOSPITAL PEDIÁTRICO IZTAPALAPA,SEDESA,,,"19.356711, -99.107652"
2020-04-29,HOSPITAL GENERAL IZTAPALAPA,SEDESA,,,"19.343426, -99.027236"
2020-04-30,INSTITUTO NACIONAL DE NUTRICIÓN,SSA,Media,Critica,"19.289599, -99.155441"
2020-04-30,INER,SSA,Buena,Critica,"19.291375, -99.158653"
2020-04-30,HOSPITAL GENERAL DE MÉXICO,SSA,Critica,Critica,"19.4129258, -99.1520225"
2020-04-30,HOSPITAL JUAREZ,SSA,Critica,Critica,"19.481829, -99.135576"
2020-04-30,HOSPITAL GENERAL DR. MANUEL GEA GONZÁLEZ,SSA,Critica,Critica,"19.290295, -99.160861"
2020-04-30,HOSPITAL REGIONAL DE ALTA ESPECIALIDAD DE IXTAPALUCA,SSA,Media,Media,"19.318796, -98.855353"
2020-04-30,HOSPITAL INFANTIL DE MÉXICO FEDERICO GÓMEZ,SSA,Buena,Buena,"19.410839, -99.151941"
2020-04-30,INSTITUTO  NACIONAL DE CARDIOLOGÍA IGNACIO CHÁVEZ,SSA,Media,Buena,"19.290598, -99.153838"
2020-04-30,BELISARIO DOMINGUEZ,SEDESA,,,"19.307226, -99.065356"
2020-04-30,ENRIQUE CABRERA,SEDESA,Critica,Buena,"19.361675, -99.224432"
2020-04-30,GENERAL TLAHUAC,SEDESA,Critica,Buena,"19.287492, -99.052665"
2020-04-30,CITIBANAMEX,SEDESA,Media,Media,"19.439732, -99.224235"
2020-04-30,PEDIATRICO DE LA VILLA,SEDESA,Buena,Media,"19.487355, -99.114316"
2020-04-30,HOSPITAL DE ESPECIALIDADES 01 CMN SIGLO XXI (CDMX SUR),IMSS,Buena,Buena,"19.466549, -99.145102"
2020-04-30,HOSPITAL DE PEDIATRIA 01 CMN SIGLO XXI (CDMX SUR),IMSS,Media,Media,"19.407458, -99.152267"
2020-04-30,HOSPITAL GENERAL DE ZONA 01 CARLOS MC GREGOR (CDMX SUR),IMSS,Buena,Buena,"19.395912, -99.161610"
2020-04-30,HOSPITAL GENERAL DE ZONA 1A PARQUE DE LOS VENADOS (CDMX SUR),IMSS,Buena,Media,"19.374431, -99.151203"
2020-04-30,HOSPITAL DE INFECTOLOGIA 01 LA RAZA (CDMX NORTE),IMSS,Buena,Buena,"19.464865, -99.144859"
2020-04-30,HOSPITAL GENERAL 01 (CDMX NORTE) LA RAZA,IMSS,Media,Critica,"19.395740, -99.161677"
2020-04-30,HOSPITAL GENERAL DE ZONA 24 (CDMX NORTE),IMSS,Buena,Buena,"19.483221, -99.128448"
2020-04-30,HOSPITAL GENERAL DE ZONA 27 (CDMX NORTE),IMSS,Buena,Buena,"19.454776, -99.140007"
2020-04-30,HOSPITAL GENERAL DE ZONA 2A (CDMX SUR),IMSS,Media,Buena,"19.405495, -99.112200"
2020-04-30,HOSPITAL GENERAL DE ZONA 30 (CDMX SUR),IMSS,Buena,Buena,"19.398836, -99.116913"
2020-04-30,HOSPITAL GENERAL DE ZONA 32 (CDMX SUR),IMSS,Buena,Buena,"19.307964, -99.130677"
2020-04-30,HOSPITAL GENERAL DE ZONA C/MF 08 (CDMX SUR),IMSS,Buena,Buena,"19.337137, -99.200142"
2020-04-30,HOSPITAL GENERAL DE ZONA C/UMAA 48 (CDMX NORTE),IMSS,Buena,Buena,"19.482375, -99.213046"
2020-04-30,HOSPITAL GENERAL 02 (CDMX SUR) VILLA COAPA (COY.),IMSS,Buena,Media,"19.309194, -99.129593"
2020-04-30,HOSPITAL DE ESPECIALIDADES 01 (CDMX NORTE) LA RAZA (AZC),IMSS,Critica,Buena,"19.467169, -99.143785"
2020-04-30,HOSPITAL GENERAL DE ZONA C/MF 29 (S. JUAN ARAGÓN),IMSS,Buena,Buena,"19.465117, -99.085162"
2020-04-30,HOSPITAL GENERAL DE ZONA 47 (CDMX SUR) (IZP),IMSS,Buena,Buena,"19.357566, -99.054269"
2020-04-30,HOSPITAL GENERAL REGIONAL 72,IMSS,Buena,Buena,"19.542797, -99.205022"
2020-04-30,HOSPITAL GENERAL REGIONAL 196,IMSS,Media,Media,"19.529016, -99.030983"
2020-04-30,HOSPITAL GENERAL REGIONAL 200,IMSS,Buena,Buena,"19.742905, -98.972971"
2020-04-30,HOSPITAL GENERAL DE ZONA 53,IMSS,Media,Buena,"19.356913, -98.990929"
2020-04-30,HOSPITAL GENERAL DE ZONA 197,IMSS,Media,Buena,"19.515133, -98.891450"
2020-04-30,HOSPITAL GENERAL DE ZONA 194,IMSS,Media,Buena,"19.470300, -99.234208"
2020-04-30,HOSPITAL GENERAL DE ZONA 57 (LA QUEBRADA),IMSS,Buena,Buena,"19.597387, -99.188426"
2020-04-30,HOSPITAL GENERAL DE ZONA 58 (LAS MARGARITAS),IMSS,Buena,Buena,"19.530797, -99.222446"
2020-04-30,HOSPITAL GENERAL DE ZONA 68 (TULPETLAC),IMSS,Buena,Buena,"19.570070, -99.044009"
2020-04-30,HOSPITAL GENERAL DE ZONA 71 (CHALCO),IMSS,Buena,Buena,"19.259803, -98.893368"
2020-04-30,HOSPITAL GENERAL DE ZONA 76 (XALOSTOC),IMSS,Buena,Buena,"19.526677, -99.082058"
2020-04-30,HOSPITAL GENERAL DE ZONA 98 (COACALCO),IMSS,Media,Buena,"19.638165, -99.098892"
2020-04-30,CENTRO MEDICO 20 DE NOVIEMBRE,ISSSTE,Buena,Buena,"19.372720, -99.171205"
2020-04-30,HG DARIO FERNANDEZ FIERRO,ISSSTE,Media,Critica,"19.363602, -99.188608"
2020-04-30,HG JOSE MARIA MORELOS,ISSSTE,Critica,Buena,"19.363918, -98.995393"
2020-04-30,HG TACUBA,ISSSTE,Critica,Media,"19.454384, -99.191231"
2020-04-30,HG DR FERNANDO QUIROZ,ISSSTE,Media,Buena,"19.394242, -99.194187"
2020-04-30,HG IGNACIO ZARAGOZA,ISSSTE,Critica,Buena,"19.389472, -99.045019"
2020-04-30,HR PRIMERO DE OCTUBRE,ISSSTE,Critica,Critica,"19.486751, -99.133249"
2020-04-30,HR LIC. ADOLFO LÓPEZ MATEOS,ISSSTE,Critica,Media,"19.358451, -99.172716"
2020-04-30,HR BICENTENARIO DE LA INDEPENDENCIA,ISSSTE,Critica,Buena,"19.628814, -99.163343"
2020-04-30,H.G.TOLUCA,ISSSTE,Critica,Critica,"19.256918, -99.635872"
2020-04-30,HOSPITAL CENTRAL MILITAR,SEDENA,Buena,Buena,"19.437367, -99.216057"
2020-04-30,"HOSPITAL MILITAR DE ZONA, CAMPO NO. 1-A",SEDENA,,,"19.457977, -99.227768"
2020-04-30,"HOSPITAL MILITAR DE ZONA, EL VERGEL",SEDENA,,,"19.312522, -99.082521"
2020-04-30,"CAMPO MIL. NO. 1-A,  6/O GRUPO DE MORTEROS",SEDENA,,,"19.449179, -99.232137"
2020-04-30,22/O. BATALLÓN DE POLICÍA MILITAR,SEDENA,,,"19.405526, -99.135839"
2020-04-30,81/O. BATALLÓN DE INFANTERÍA Y ESCUELA MILITAR DE INFANTERÍA,SEDENA,,,"19.264736, -99.152936"
2020-04-30,"CAMPO MIL. NO. 37-B.     HOSPITAL MILITAR DE ZONA, TEMAMATLA",SEDENA,,,"19.188076, -98.870108"
2020-04-30,"CAMPO MIL. NO. 37-B, 6/O. BATALLÓN DE FUERZAS ESPECIALES",SEDENA,,,"19.188076, -98.870108"
2020-04-30,"HOSPITAL MILITAR DE ZONA, SANTA MARÍA RAYÓN",SEDENA,,,"19.137953, -99.594466"
2020-04-30,"8/O. REGIMIENTO MECANIZADO, ALMOLOYA DE JUÁREZ",SEDENA,,,"19.403838, -99.742294"
2020-04-30,CENTRO MÉDICO NAVAL,SEMAR,,,"19.324032, -99.125233"
2020-04-30,HOSPITAL CENTRAL SUR DE ALTA ESPECIALIDAD,PEMEX,Critica,Media,"19.308751, -99.218739"
2020-04-30,HOSPITAL CENTRAL NORTE,PEMEX,Buena,Buena,"19.479895, -99.200880"
2020-04-30,ALTA ESPECIALIDAD DE ZUMPANGO,EDOMEX,Critica,Buena,"19.815198, -99.089196"
2020-04-30,HOSPITAL REGIONAL TLALNEPANTLA ISSEMYM,EDOMEX,Media,Media,"19.521706, -99.187341"
2020-04-30,CENTRO MÉDICO TOLUCA ISSEMYM,EDOMEX,Media,Buena,"19.286062, -99.585976"
2020-04-30,HOSPITAL PARA EL NIÑO IMIEM,EDOMEX,Media,Media,"19.272014, -99.660919"
2020-04-30,CENTRO MÉDICO ADOLFO LÓPEZ MATEOS,EDOMEX,Buena,Buena,"19.320789, -99.633339"
2020-04-30,"HOSPITAL GENERAL ECATEPEC ""LAS AMÉRICAS""",EDOMEX,Media,Media,"19.594136, -99.018679"
2020-04-30,HOSPITAL ÁNGELES MOCEL,PRIVADOS,Critica,Buena,"19.410855, -99.184695"
2020-04-30,HOSPITAL SEDNA,PRIVADOS,Critica,Critica,"19.303354, -99.174220"
2020-04-30,HOSPITAL ÁNGELES PEDREGAL,PRIVADOS,Media,Buena,"19.312440, -99.221240"
2020-04-30,MÉDICA SUR,PRIVADOS,Critica,Critica,"19.312440, -99.221240"
2020-04-30,NUEVO SANATORIO DURANGO,PRIVADOS,Buena,Critica,"19.418658, -99.171260"
2020-04-30,HOSPITAL ÁNGELES ROMA (SANTELENA),PRIVADOS,Buena,Media,"19.415093, -99.157032"
2020-04-30,HOSPITAL ÁNGELES SANTA MÓNICA,PRIVADOS,Buena,Buena,"19.434256, -99.191809"
2020-04-30,CENTRO MÉDICO ABC CAMPUS OBSERVATORIO,PRIVADOS,,,"19.400754, -99.204033"
2020-04-30,CENTRO MÉDICO ABC CAMPUS SANTA FE,PRIVADOS,Critica,Critica,"19.356363, -99.282374"
2020-04-30,HOSPITAL SAN ÁNGEL INN CHAPULTEPEC,PRIVADOS,Buena,Buena,"19.421896, -99.172987"
2020-04-30,HOSPITAL SAN ÁNGEL INN PATRIOTISMO,PRIVADOS,Buena,Buena,"19.376412, -99.186388"
2020-04-30,HOSPITAL SAN ÁNGEL INN SUR,PRIVADOS,Buena,Buena,"19.340277, -99.200021"
2020-04-30,HOSPITAL SAN ÁNGEL INN UNIVERSIDAD,PRIVADOS,Buena,Buena,"19.358908, -99.167569"
2020-04-30,CENTRO DE ATENCIÓN MÉDICA INTEGRAL (HOSPITAL CAMI),PRIVADOS,Media,Buena,"19.424002, -99.105060"
2020-04-30,CENTRO MÉDICO DALINDE,PRIVADOS,Critica,Buena,"19.405260,-99.168017"
2020-04-30,CENTRO MÉDICO QUIRÚRGICO ESCANDÓN,PRIVADOS,Media,Media,"19.402517, -99.172257"
2020-04-30,FUNDACIÓN HOSPITAL NUESTRA SEÑORA DE LA LUZ,PRIVADOS,,,"19.434591, -99.157036"
2020-04-30,HMG HOSPITAL COYOACÁN,PRIVADOS,,,"19.326990, -99.144988"
2020-04-30,HOSPITAL ÁNGELES LOMAS,PRIVADOS,Media,Buena,"19.394636, -99.282021"
2020-04-30,HOSPITAL ÁNGELES ACOXPA,PRIVADOS,,,"19.299431, -99.134953"
2020-04-30,HOSPITAL DE COS,PRIVADOS,Media,Buena,"19.416040, -99.162523"
2020-04-30,HOSPITAL ÁNGELES CLÍNICA LONDRES,PRIVADOS,,,"19.421693, -99.156934"
2020-04-30,HOSPITAL DE ESPECIALIDADES MIG,PRIVADOS,Buena,Critica,"19.491579, -99.126636"
2020-04-30,HOSPITAL ÁNGELES LINDAVISTA,PRIVADOS,Buena,Buena,"19.486673, -99.129583"
2020-04-30,HOSPITAL DIOMED,PRIVADOS,Media,Critica,"19.401376, -99.205282"
2020-04-30,HOSPITAL ÁNGELES METROPOLITANO,PRIVADOS,Buena,Buena,"19.407125, -99.167048"
2020-04-30,HOSPITAL ÁNGELES MÉXICO,PRIVADOS,Buena,Media,"19.400075, -99.172655"
2020-04-30,HOSPITAL ESPAÑOL,PRIVADOS,Buena,Buena,"19.439382, -99.197221"
2020-04-30,HOSPITAL OBREGÓN,PRIVADOS,Critica,Critica,"19.418468, -99.160702"
2020-04-30,CORPORATIVO HOSPITAL SATÉLITE,PRIVADOS,Buena,,"19.513536, -99.237738"
2020-04-30,HOSPITAL GENERAL MILPA ALTA,SEDESA,,Critica,"19.200951, -99.011210"
2020-04-30,HOSPITAL GENERAL DR. RUBÉN LEÑERO,SEDESA,,,"19.451398, -99.169565"
2020-04-30,HOSPITAL GENERAL BALBUENA,SEDESA,,,"19.424195, -99.115412"
2020-04-30,HOSPITAL GENERAL XOCO,SEDESA,,,"19.360313, -99.162275"
2020-04-30,CLÍNICA HOSPITAL EMILIANO ZAPATA,SEDESA,,,"19.339225, -98.978282"
2020-04-30,HOSPITAL GENERAL VILLA,SEDESA,,,"19.480079, -99.103353"
2020-04-30,HOSPITAL GENERAL TICOMAN,SEDESA,,,"19.514444, -99.137778"
2020-04-30,HOSPITAL PEDIÁTRICO IZTACALCO,SEDESA,,,"19.402722, -99.117628"
2020-04-30,HOSPITAL PEDIÁTRICO AZCAPOTZALCO,SEDESA,,,"19.484418, -99.185442"
2020-04-30,HOSPITAL PEDIÁTRICO MOCTEZUMA,SEDESA,,,"19.432814, -99.098151"
2020-04-30,HOSPITAL MATERNO INFANTIL TOPILEJO,SEDESA,,,"19.199206, -99.140064"
2020-04-30,HOSPITAL MATERNO INFANTIL MAGDALENA CONTRERAS,SEDESA,,,"19.319364, -99.239095"
2020-04-30,HOSPITAL PEDIÁTRICO LEGARIA,SEDESA,,,"19.450699, -99.203637"
2020-04-30,HOSPITAL GENERAL AJUSCO MEDIO,SEDESA,,,"19.272165, -99.207846"
2020-04-30,HOSPITAL MATERNO PEDIÁTRICO XOCHIMILCO,SEDESA,,,"19.254376, -99.104643"
2020-04-30,HOSPITAL PEDIÁTRICO TACUBAYA,SEDESA,,,"19.402594, -99.190990"
2020-04-30,HOSPITAL MATERNO INFANTIL CUAUTEPEC,SEDESA,,,"19.539787, -99.140977"
2020-04-30,HOSPITAL MATERNO INFANTIL TLÁHUAC,SEDESA,,,"19.265167, -98.998000"
2020-04-30,HOSPITAL TORRE MÉDICA TEPEPAN,SEDESA,,,"19.275556, -99.144313"
2020-04-30,HOSPITAL PEDIÁTRICO PERALVILLO,SEDESA,,,"19.459610, -99.141249"
2020-04-30,HOSPITAL GENERAL GREGORIO SALAS,SEDESA,,,"19.437705, -99.129572"
2020-04-30,HOSPITAL PEDIÁTRICO COYOACÁN,SEDESA,,,"19.345818, -99.168076"
2020-04-30,HOSPITAL PEDIÁTRICO IZTAPALAPA,SEDESA,,,"19.356711, -99.107652"
2020-04-30,HOSPITAL GENERAL IZTAPALAPA,SEDESA,,,"19.343426, -99.027236"
2020-05-01,INSTITUTO NACIONAL DE NUTRICIÓN,SSA,Media,Critica,"19.289599, -99.155441"
2020-05-01,INER,SSA,Buena,Critica,"19.291375, -99.158653"
2020-05-01,HOSPITAL GENERAL DE MÉXICO,SSA,Critica,Critica,"19.4129258, -99.1520225"
2020-05-01,HOSPITAL JUAREZ,SSA,Critica,Critica,"19.481829, -99.135576"
2020-05-01,HOSPITAL GENERAL DR. MANUEL GEA GONZÁLEZ,SSA,Critica,Critica,"19.290295, -99.160861"
2020-05-01,HOSPITAL REGIONAL DE ALTA ESPECIALIDAD DE IXTAPALUCA,SSA,Media,Media,"19.318796, -98.855353"
2020-05-01,HOSPITAL INFANTIL DE MÉXICO FEDERICO GÓMEZ,SSA,Buena,Buena,"19.410839, -99.151941"
2020-05-01,INSTITUTO  NACIONAL DE CARDIOLOGÍA IGNACIO CHÁVEZ,SSA,Media,Buena,"19.290598, -99.153838"
2020-05-01,BELISARIO DOMINGUEZ,SEDESA,Critica,Buena,"19.307226, -99.065356"
2020-05-01,ENRIQUE CABRERA,SEDESA,Critica,Buena,"19.361675, -99.224432"
2020-05-01,GENERAL TLAHUAC,SEDESA,Buena,Media,"19.287492, -99.052665"
2020-05-01,CITIBANAMEX,SEDESA,,,"19.439732, -99.224235"
2020-05-01,PEDIATRICO DE LA VILLA,SEDESA,Buena,Buena,"19.487355, -99.114316"
2020-05-01,HOSPITAL DE ESPECIALIDADES 01 CMN SIGLO XXI (CDMX SUR),IMSS,Buena,Critica,"19.466549, -99.145102"
2020-05-01,HOSPITAL DE PEDIATRIA 01 CMN SIGLO XXI (CDMX SUR),IMSS,Buena,Media,"19.407458, -99.152267"
2020-05-01,HOSPITAL GENERAL DE ZONA 01 CARLOS MC GREGOR (CDMX SUR),IMSS,Buena,Buena,"19.395912, -99.161610"
2020-05-01,HOSPITAL GENERAL DE ZONA 1A PARQUE DE LOS VENADOS (CDMX SUR),IMSS,Media,Media,"19.374431, -99.151203"
2020-05-01,HOSPITAL DE INFECTOLOGIA 01 LA RAZA (CDMX NORTE),IMSS,Buena,Buena,"19.464865, -99.144859"
2020-05-01,HOSPITAL GENERAL 01 (CDMX NORTE) LA RAZA,IMSS,Media,Critica,"19.395740, -99.161677"
2020-05-01,HOSPITAL GENERAL DE ZONA 24 (CDMX NORTE),IMSS,Buena,Buena,"19.483221, -99.128448"
2020-05-01,HOSPITAL GENERAL DE ZONA 27 (CDMX NORTE),IMSS,Buena,Buena,"19.454776, -99.140007"
2020-05-01,HOSPITAL GENERAL DE ZONA 2A (CDMX SUR),IMSS,Media,Buena,"19.405495, -99.112200"
2020-05-01,HOSPITAL GENERAL DE ZONA 30 (CDMX SUR),IMSS,Buena,Buena,"19.398836, -99.116913"
2020-05-01,HOSPITAL GENERAL DE ZONA 32 (CDMX SUR),IMSS,Buena,Buena,"19.307964, -99.130677"
2020-05-01,HOSPITAL GENERAL DE ZONA C/MF 08 (CDMX SUR),IMSS,Buena,Buena,"19.337137, -99.200142"
2020-05-01,HOSPITAL GENERAL DE ZONA C/UMAA 48 (CDMX NORTE),IMSS,Buena,Buena,"19.482375, -99.213046"
2020-05-01,HOSPITAL GENERAL 02 (CDMX SUR) VILLA COAPA (COY.),IMSS,Buena,Media,"19.309194, -99.129593"
2020-05-01,HOSPITAL DE ESPECIALIDADES 01 (CDMX NORTE) LA RAZA (AZC),IMSS,Critica,Buena,"19.467169, -99.143785"
2020-05-01,HOSPITAL GENERAL DE ZONA C/MF 29 (S. JUAN ARAGÓN),IMSS,Buena,Buena,"19.465117, -99.085162"
2020-05-01,HOSPITAL GENERAL DE ZONA 47 (CDMX SUR) (IZP),IMSS,Buena,Critica,"19.357566, -99.054269"
2020-05-01,HOSPITAL GENERAL REGIONAL 72,IMSS,Buena,Buena,"19.542797, -99.205022"
2020-05-01,HOSPITAL GENERAL REGIONAL 196,IMSS,Media,Critica,"19.529016, -99.030983"
2020-05-01,HOSPITAL GENERAL REGIONAL 200,IMSS,Buena,Buena,"19.742905, -98.972971"
2020-05-01,HOSPITAL GENERAL DE ZONA 53,IMSS,Media,Buena,"19.356913, -98.990929"
2020-05-01,HOSPITAL GENERAL DE ZONA 197,IMSS,Media,Buena,"19.515133, -98.891450"
2020-05-01,HOSPITAL GENERAL DE ZONA 194,IMSS,Media,Buena,"19.470300, -99.234208"
2020-05-01,HOSPITAL GENERAL DE ZONA 57 (LA QUEBRADA),IMSS,Buena,Buena,"19.597387, -99.188426"
2020-05-01,HOSPITAL GENERAL DE ZONA 58 (LAS MARGARITAS),IMSS,Buena,Buena,"19.530797, -99.222446"
2020-05-01,HOSPITAL GENERAL DE ZONA 68 (TULPETLAC),IMSS,Buena,Buena,"19.570070, -99.044009"
2020-05-01,HOSPITAL GENERAL DE ZONA 71 (CHALCO),IMSS,Buena,Buena,"19.259803, -98.893368"
2020-05-01,HOSPITAL GENERAL DE ZONA 76 (XALOSTOC),IMSS,Buena,Buena,"19.526677, -99.082058"
2020-05-01,HOSPITAL GENERAL DE ZONA 98 (COACALCO),IMSS,Media,Buena,"19.638165, -99.098892"
2020-05-01,CENTRO MEDICO 20 DE NOVIEMBRE,ISSSTE,Buena,Buena,"19.372720, -99.171205"
2020-05-01,HG DARIO FERNANDEZ FIERRO,ISSSTE,Media,Critica,"19.363602, -99.188608"
2020-05-01,HG JOSE MARIA MORELOS,ISSSTE,Critica,Buena,"19.363918, -98.995393"
2020-05-01,HG TACUBA,ISSSTE,Critica,Media,"19.454384, -99.191231"
2020-05-01,HG DR FERNANDO QUIROZ,ISSSTE,Media,Media,"19.394242, -99.194187"
2020-05-01,HG IGNACIO ZARAGOZA,ISSSTE,Critica,Buena,"19.389472, -99.045019"
2020-05-01,HR PRIMERO DE OCTUBRE,ISSSTE,Critica,Critica,"19.486751, -99.133249"
2020-05-01,HR LIC. ADOLFO LÓPEZ MATEOS,ISSSTE,Critica,Media,"19.358451, -99.172716"
2020-05-01,HR BICENTENARIO DE LA INDEPENDENCIA,ISSSTE,Critica,Buena,"19.628814, -99.163343"
2020-05-01,H.G.TOLUCA,ISSSTE,Critica,Critica,"19.256918, -99.635872"
2020-05-01,HOSPITAL CENTRAL MILITAR,SEDENA,Buena,Buena,"19.437367, -99.216057"
2020-05-01,"HOSPITAL MILITAR DE ZONA, CAMPO NO. 1-A",SEDENA,,,"19.457977, -99.227768"
2020-05-01,"HOSPITAL MILITAR DE ZONA, EL VERGEL",SEDENA,,,"19.312522, -99.082521"
2020-05-01,"CAMPO MIL. NO. 1-A,  6/O GRUPO DE MORTEROS",SEDENA,,,"19.449179, -99.232137"
2020-05-01,22/O. BATALLÓN DE POLICÍA MILITAR,SEDENA,,,"19.405526, -99.135839"
2020-05-01,81/O. BATALLÓN DE INFANTERÍA Y ESCUELA MILITAR DE INFANTERÍA,SEDENA,,,"19.264736, -99.152936"
2020-05-01,"CAMPO MIL. NO. 37-B.     HOSPITAL MILITAR DE ZONA, TEMAMATLA",SEDENA,,,"19.188076, -98.870108"
2020-05-01,"CAMPO MIL. NO. 37-B, 6/O. BATALLÓN DE FUERZAS ESPECIALES",SEDENA,,,"19.188076, -98.870108"
2020-05-01,"HOSPITAL MILITAR DE ZONA, SANTA MARÍA RAYÓN",SEDENA,,,"19.137953, -99.594466"
2020-05-01,"8/O. REGIMIENTO MECANIZADO, ALMOLOYA DE JUÁREZ",SEDENA,,,"19.403838, -99.742294"
2020-05-01,CENTRO MÉDICO NAVAL,SEMAR,,,"19.324032, -99.125233"
2020-05-01,HOSPITAL CENTRAL SUR DE ALTA ESPECIALIDAD,PEMEX,Critica,Critica,"19.308751, -99.218739"
2020-05-01,HOSPITAL CENTRAL NORTE,PEMEX,Buena,Buena,"19.479895, -99.200880"
2020-05-01,ALTA ESPECIALIDAD DE ZUMPANGO,EDOMEX,Critica,Buena,"19.815198, -99.089196"
2020-05-01,HOSPITAL REGIONAL TLALNEPANTLA ISSEMYM,EDOMEX,Media,Media,"19.521706, -99.187341"
2020-05-01,CENTRO MÉDICO TOLUCA ISSEMYM,EDOMEX,Media,Buena,"19.286062, -99.585976"
2020-05-01,HOSPITAL PARA EL NIÑO IMIEM,EDOMEX,Media,Media,"19.272014, -99.660919"
2020-05-01,CENTRO MÉDICO ADOLFO LÓPEZ MATEOS,EDOMEX,Buena,Buena,"19.320789, -99.633339"
2020-05-01,"HOSPITAL GENERAL ECATEPEC ""LAS AMÉRICAS""",EDOMEX,Critica,Media,"19.594136, -99.018679"
2020-05-01,HOSPITAL ÁNGELES MOCEL,PRIVADOS,Critica,Buena,"19.410855, -99.184695"
2020-05-01,HOSPITAL SEDNA,PRIVADOS,Critica,Critica,"19.303354, -99.174220"
2020-05-01,HOSPITAL ÁNGELES PEDREGAL,PRIVADOS,Buena,Media,"19.312440, -99.221240"
2020-05-01,MÉDICA SUR,PRIVADOS,Critica,Critica,"19.312440, -99.221240"
2020-05-01,NUEVO SANATORIO DURANGO,PRIVADOS,Buena,Critica,"19.418658, -99.171260"
2020-05-01,HOSPITAL ÁNGELES ROMA (SANTELENA),PRIVADOS,Buena,Media,"19.415093, -99.157032"
2020-05-01,HOSPITAL ÁNGELES SANTA MÓNICA,PRIVADOS,Buena,Buena,"19.434256, -99.191809"
2020-05-01,CENTRO MÉDICO ABC CAMPUS OBSERVATORIO,PRIVADOS,,,"19.400754, -99.204033"
2020-05-01,CENTRO MÉDICO ABC CAMPUS SANTA FE,PRIVADOS,Critica,Critica,"19.356363, -99.282374"
2020-05-01,HOSPITAL SAN ÁNGEL INN CHAPULTEPEC,PRIVADOS,Buena,Buena,"19.421896, -99.172987"
2020-05-01,HOSPITAL SAN ÁNGEL INN PATRIOTISMO,PRIVADOS,Buena,Buena,"19.376412, -99.186388"
2020-05-01,HOSPITAL SAN ÁNGEL INN SUR,PRIVADOS,Buena,Buena,"19.340277, -99.200021"
2020-05-01,HOSPITAL SAN ÁNGEL INN UNIVERSIDAD,PRIVADOS,Buena,Buena,"19.358908, -99.167569"
2020-05-01,CENTRO DE ATENCIÓN MÉDICA INTEGRAL (HOSPITAL CAMI),PRIVADOS,Media,Buena,"19.424002, -99.105060"
2020-05-01,CENTRO MÉDICO DALINDE,PRIVADOS,Critica,Buena,"19.405260,-99.168017"
2020-05-01,CENTRO MÉDICO QUIRÚRGICO ESCANDÓN,PRIVADOS,Media,Media,"19.402517, -99.172257"
2020-05-01,FUNDACIÓN HOSPITAL NUESTRA SEÑORA DE LA LUZ,PRIVADOS,,,"19.434591, -99.157036"
2020-05-01,HMG HOSPITAL COYOACÁN,PRIVADOS,,,"19.326990, -99.144988"
2020-05-01,HOSPITAL ÁNGELES LOMAS,PRIVADOS,Media,Buena,"19.394636, -99.282021"
2020-05-01,HOSPITAL ÁNGELES ACOXPA,PRIVADOS,Critica,,"19.299431, -99.134953"
2020-05-01,HOSPITAL DE COS,PRIVADOS,Media,Buena,"19.416040, -99.162523"
2020-05-01,HOSPITAL ÁNGELES CLÍNICA LONDRES,PRIVADOS,,,"19.421693, -99.156934"
2020-05-01,HOSPITAL DE ESPECIALIDADES MIG,PRIVADOS,Buena,Critica,"19.491579, -99.126636"
2020-05-01,HOSPITAL ÁNGELES LINDAVISTA,PRIVADOS,Buena,Buena,"19.486673, -99.129583"
2020-05-01,HOSPITAL DIOMED,PRIVADOS,Media,Critica,"19.401376, -99.205282"
2020-05-01,HOSPITAL ÁNGELES METROPOLITANO,PRIVADOS,Buena,Buena,"19.407125, -99.167048"
2020-05-01,HOSPITAL ÁNGELES MÉXICO,PRIVADOS,Buena,Media,"19.400075, -99.172655"
2020-05-01,HOSPITAL ESPAÑOL,PRIVADOS,Buena,Buena,"19.439382, -99.197221"
2020-05-01,HOSPITAL OBREGÓN,PRIVADOS,Critica,Critica,"19.418468, -99.160702"
2020-05-01,CORPORATIVO HOSPITAL SATÉLITE,PRIVADOS,Buena,Critica,"19.513536, -99.237738"
2020-05-01,HOSPITAL GENERAL MILPA ALTA,SEDESA,Critica,Critica,"19.200951, -99.011210"
2020-05-01,HOSPITAL GENERAL DR. RUBÉN LEÑERO,SEDESA,,,"19.451398, -99.169565"
2020-05-01,HOSPITAL GENERAL BALBUENA,SEDESA,,,"19.424195, -99.115412"
2020-05-01,HOSPITAL GENERAL XOCO,SEDESA,,,"19.360313, -99.162275"
2020-05-01,CLÍNICA HOSPITAL EMILIANO ZAPATA,SEDESA,,,"19.339225, -98.978282"
2020-05-01,HOSPITAL GENERAL VILLA,SEDESA,,,"19.480079, -99.103353"
2020-05-01,HOSPITAL GENERAL TICOMAN,SEDESA,,,"19.514444, -99.137778"
2020-05-01,HOSPITAL PEDIÁTRICO IZTACALCO,SEDESA,,,"19.402722, -99.117628"
2020-05-01,HOSPITAL PEDIÁTRICO AZCAPOTZALCO,SEDESA,,,"19.484418, -99.185442"
2020-05-01,HOSPITAL PEDIÁTRICO MOCTEZUMA,SEDESA,,,"19.432814, -99.098151"
2020-05-01,HOSPITAL MATERNO INFANTIL TOPILEJO,SEDESA,,,"19.199206, -99.140064"
2020-05-01,HOSPITAL MATERNO INFANTIL MAGDALENA CONTRERAS,SEDESA,,,"19.319364, -99.239095"
2020-05-01,HOSPITAL PEDIÁTRICO LEGARIA,SEDESA,,,"19.450699, -99.203637"
2020-05-01,HOSPITAL GENERAL AJUSCO MEDIO,SEDESA,,,"19.272165, -99.207846"
2020-05-01,HOSPITAL MATERNO PEDIÁTRICO XOCHIMILCO,SEDESA,,,"19.254376, -99.104643"
2020-05-01,HOSPITAL PEDIÁTRICO TACUBAYA,SEDESA,,,"19.402594, -99.190990"
2020-05-01,HOSPITAL MATERNO INFANTIL CUAUTEPEC,SEDESA,,,"19.539787, -99.140977"
2020-05-01,HOSPITAL MATERNO INFANTIL TLÁHUAC,SEDESA,,,"19.265167, -98.998000"
2020-05-01,HOSPITAL TORRE MÉDICA TEPEPAN,SEDESA,,,"19.275556, -99.144313"
2020-05-01,HOSPITAL PEDIÁTRICO PERALVILLO,SEDESA,,,"19.459610, -99.141249"
2020-05-01,HOSPITAL GENERAL GREGORIO SALAS,SEDESA,,,"19.437705, -99.129572"
2020-05-01,HOSPITAL PEDIÁTRICO COYOACÁN,SEDESA,,,"19.345818, -99.168076"
2020-05-01,HOSPITAL PEDIÁTRICO IZTAPALAPA,SEDESA,,,"19.356711, -99.107652"
2020-05-01,HOSPITAL GENERAL IZTAPALAPA,SEDESA,,,"19.343426, -99.027236"
2020-05-02,INSTITUTO NACIONAL DE NUTRICIÓN,SSA,Media,Critica,"19.289599, -99.155441"
2020-05-02,INER,SSA,Buena,Critica,"19.291375, -99.158653"
2020-05-02,HOSPITAL GENERAL DE MÉXICO,SSA,Critica,Critica,"19.4129258, -99.1520225"
2020-05-02,HOSPITAL JUAREZ,SSA,Critica,Critica,"19.481829, -99.135576"
2020-05-02,HOSPITAL GENERAL DR. MANUEL GEA GONZÁLEZ,SSA,Critica,Critica,"19.290295, -99.160861"
2020-05-02,HOSPITAL INFANTIL DE MÉXICO FEDERICO GÓMEZ,SSA,Buena,Buena,"19.410839, -99.151941"
2020-05-02,INSTITUTO  NACIONAL DE CARDIOLOGÍA IGNACIO CHÁVEZ,SSA,Critica,Critica,"19.290598, -99.153838"
2020-05-02,CITIBANAMEX,SSA,,,"19.439732, -99.224235"
2020-05-02,HOSPITAL REGIONAL DE ALTA ESPECIALIDAD DE IXTAPALUCA,SSA,Media,Media,"19.318796, -98.855353"
2020-05-02,BELISARIO DOMINGUEZ,SEDESA,Media,Buena,"19.307226, -99.065356"
2020-05-02,ENRIQUE CABRERA,SEDESA,Media,Media,"19.361675, -99.224432"
2020-05-02,GENERAL TLAHUAC,SEDESA,Buena,Media,"19.287492, -99.052665"
2020-05-02,PEDIATRICO DE LA VILLA,SEDESA,Buena,Buena,"19.487355, -99.114316"
2020-05-02,HOSPITAL GENERAL AJUSCO MEDIO,SEDESA,Media,Media,"19.272165, -99.207846"
2020-05-02,HOSPITAL GENERAL IZTAPALAPA,SEDESA,,,"19.343426, -99.027236"
2020-05-02,HOSPITAL GENERAL XOCO,SEDESA,,,"19.360313, -99.162275"
2020-05-02,HOSPITAL GENERAL VILLA,SEDESA,,,"19.480079, -99.103353"
2020-05-02,HOSPITAL GENERAL DR. RUBÉN LEÑERO,SEDESA,,,"19.451398, -99.169565"
2020-05-02,HOSPITAL GENERAL BALBUENA,SEDESA,,,"19.424195, -99.115412"
2020-05-02,HOSPITAL DE ESPECIALIDADES 01 CMN SIGLO XXI (CDMX SUR),IMSS,Buena,Media,"19.466549, -99.145102"
2020-05-02,HOSPITAL DE PEDIATRIA 01 CMN SIGLO XXI (CDMX SUR),IMSS,Buena,Buena,"19.407458, -99.152267"
2020-05-02,HOSPITAL GENERAL DE ZONA 01 CARLOS MC GREGOR (CDMX SUR),IMSS,Media,Media,"19.395912, -99.161610"
2020-05-02,HOSPITAL GENERAL DE ZONA 1A PARQUE DE LOS VENADOS (CDMX SUR),IMSS,Buena,Buena,"19.374431, -99.151203"
2020-05-02,HOSPITAL DE INFECTOLOGIA 01 LA RAZA (CDMX NORTE),IMSS,Media,Critica,"19.464865, -99.144859"
2020-05-02,HOSPITAL GENERAL 01 (CDMX NORTE) LA RAZA,IMSS,Buena,Buena,"19.395740, -99.161677"
2020-05-02,HOSPITAL GENERAL DE ZONA 24 (CDMX NORTE),IMSS,Buena,Buena,"19.483221, -99.128448"
2020-05-02,HOSPITAL GENERAL DE ZONA 27 (CDMX NORTE),IMSS,Media,Buena,"19.454776, -99.140007"
2020-05-02,HOSPITAL GENERAL DE ZONA 2A (CDMX SUR),IMSS,Buena,Buena,"19.405495, -99.112200"
2020-05-02,HOSPITAL GENERAL DE ZONA 30 (CDMX SUR),IMSS,Buena,Buena,"19.398836, -99.116913"
2020-05-02,HOSPITAL GENERAL DE ZONA 32 (CDMX SUR),IMSS,Buena,Buena,"19.307964, -99.130677"
2020-05-02,HOSPITAL GENERAL DE ZONA C/MF 08 (CDMX SUR),IMSS,Buena,Buena,"19.337137, -99.200142"
2020-05-02,HOSPITAL GENERAL DE ZONA C/UMAA 48 (CDMX NORTE),IMSS,Buena,Media,"19.482375, -99.213046"
2020-05-02,HOSPITAL GENERAL 02 (CDMX SUR) VILLA COAPA (COY.),IMSS,Critica,Buena,"19.309194, -99.129593"
2020-05-02,HOSPITAL DE ESPECIALIDADES 01 (CDMX NORTE) LA RAZA (AZC),IMSS,Buena,Buena,"19.467169, -99.143785"
2020-05-02,HOSPITAL GENERAL DE ZONA C/MF 29 (S. JUAN ARAGÓN),IMSS,Buena,Critica,"19.465117, -99.085162"
2020-05-02,HOSPITAL GENERAL DE ZONA 47 (CDMX SUR) (IZP),IMSS,Buena,Buena,"19.357566, -99.054269"
2020-05-02,HOSPITAL GENERAL REGIONAL 72,IMSS,Media,Critica,"19.542797, -99.205022"
2020-05-02,HOSPITAL GENERAL REGIONAL 196,IMSS,Buena,Buena,"19.529016, -99.030983"
2020-05-02,HOSPITAL GENERAL REGIONAL 200,IMSS,Media,Buena,"19.742905, -98.972971"
2020-05-02,HOSPITAL GENERAL DE ZONA 53,IMSS,Media,Buena,"19.356913, -98.990929"
2020-05-02,HOSPITAL GENERAL DE ZONA 197,IMSS,Media,Buena,"19.515133, -98.891450"
2020-05-02,HOSPITAL GENERAL DE ZONA 194,IMSS,Buena,Buena,"19.470300, -99.234208"
2020-05-02,HOSPITAL GENERAL DE ZONA 57 (LA QUEBRADA),IMSS,Buena,Buena,"19.597387, -99.188426"
2020-05-02,HOSPITAL GENERAL DE ZONA 58 (LAS MARGARITAS),IMSS,Buena,Buena,"19.530797, -99.222446"
2020-05-02,HOSPITAL GENERAL DE ZONA 68 (TULPETLAC),IMSS,Buena,Buena,"19.570070, -99.044009"
2020-05-02,HOSPITAL GENERAL DE ZONA 71 (CHALCO),IMSS,Media,Buena,"19.259803, -98.893368"
2020-05-02,HOSPITAL GENERAL DE ZONA 76 (XALOSTOC),IMSS,Media,Buena,"19.526677, -99.082058"
2020-05-02,HOSPITAL GENERAL DE ZONA 98 (COACALCO),IMSS,Buena,Buena,"19.638165, -99.098892"
2020-05-02,CENTRO MEDICO 20 DE NOVIEMBRE,ISSSTE,Media,Critica,"19.372720, -99.171205"
2020-05-02,HG DARIO FERNANDEZ FIERRO,ISSSTE,Critica,Buena,"19.363602, -99.188608"
2020-05-02,HG JOSE MARIA MORELOS,ISSSTE,Critica,Media,"19.363918, -98.995393"
2020-05-02,HG TACUBA,ISSSTE,Media,Media,"19.454384, -99.191231"
2020-05-02,HG DR FERNANDO QUIROZ,ISSSTE,Critica,Buena,"19.394242, -99.194187"
2020-05-02,HG IGNACIO ZARAGOZA,ISSSTE,Critica,Critica,"19.389472, -99.045019"
2020-05-02,HR PRIMERO DE OCTUBRE,ISSSTE,Critica,Media,"19.486751, -99.133249"
2020-05-02,HR LIC. ADOLFO LÓPEZ MATEOS,ISSSTE,Critica,Buena,"19.358451, -99.172716"
2020-05-02,HR BICENTENARIO DE LA INDEPENDENCIA,ISSSTE,Critica,Critica,"19.628814, -99.163343"
2020-05-02,H.G.TOLUCA,ISSSTE,Buena,Buena,"19.256918, -99.635872"
2020-05-02,HOSPITAL CENTRAL MILITAR,SEDENA,,,"19.437367, -99.216057"
2020-05-02,"HOSPITAL MILITAR DE ZONA, CAMPO NO. 1-A",SEDENA,,,"19.457977, -99.227768"
2020-05-02,"HOSPITAL MILITAR DE ZONA, EL VERGEL",SEDENA,,,"19.312522, -99.082521"
2020-05-02,"CAMPO MIL. NO. 1-A,  6/O GRUPO DE MORTEROS",SEDENA,,,"19.449179, -99.232137"
2020-05-02,22/O. BATALLÓN DE POLICÍA MILITAR,SEDENA,,,"19.405526, -99.135839"
2020-05-02,81/O. BATALLÓN DE INFANTERÍA Y ESCUELA MILITAR DE INFANTERÍA,SEDENA,,,"19.264736, -99.152936"
2020-05-02,"CAMPO MIL. NO. 37-B.     HOSPITAL MILITAR DE ZONA, TEMAMATLA",SEDENA,,,"19.188076, -98.870108"
2020-05-02,"CAMPO MIL. NO. 37-B, 6/O. BATALLÓN DE FUERZAS ESPECIALES",SEDENA,,,"19.188076, -98.870108"
2020-05-02,"HOSPITAL MILITAR DE ZONA, SANTA MARÍA RAYÓN",SEDENA,Critica,,"19.137953, -99.594466"
2020-05-02,"8/O. REGIMIENTO MECANIZADO, ALMOLOYA DE JUÁREZ",SEDENA,,,"19.403838, -99.742294"
2020-05-02,CENTRO MÉDICO NAVAL,SEMAR,Media,Media,"19.324032, -99.125233"
2020-05-02,HOSPITAL CENTRAL SUR DE ALTA ESPECIALIDAD,PEMEX,Buena,Buena,"19.308751, -99.218739"
2020-05-02,HOSPITAL CENTRAL NORTE,PEMEX,Critica,Buena,"19.479895, -99.200880"
2020-05-02,ALTA ESPECIALIDAD DE ZUMPANGO,EDOMEX,Media,Media,"19.815198, -99.089196"
2020-05-02,HOSPITAL REGIONAL TLALNEPANTLA ISSEMYM,EDOMEX,Media,Buena,"19.521706, -99.187341"
2020-05-02,CENTRO MÉDICO TOLUCA ISSEMYM,EDOMEX,Media,Buena,"19.286062, -99.585976"
2020-05-02,HOSPITAL PARA EL NIÑO IMIEM,EDOMEX,Buena,Buena,"19.272014, -99.660919"
2020-05-02,CENTRO MÉDICO ADOLFO LÓPEZ MATEOS,EDOMEX,Critica,Critica,"19.320789, -99.633339"
2020-05-02,"HOSPITAL GENERAL ECATEPEC ""LAS AMÉRICAS""",EDOMEX,Critica,Buena,"19.594136, -99.018679"
2020-05-02,HOSPITAL ÁNGELES ACOXPA,PRIVADOS,Media,Buena,"19.299431, -99.134953"
2020-05-02,HOSPITAL ÁNGELES CLÍNICA LONDRES,PRIVADOS,Buena,Critica,"19.421693, -99.156934"
2020-05-02,HOSPITAL ÁNGELES LINDAVISTA,PRIVADOS,Media,Critica,"19.486673, -99.129583"
2020-05-02,HOSPITAL ÁNGELES LOMAS,PRIVADOS,,,"19.394636, -99.282021"
2020-05-02,HOSPITAL ÁNGELES METROPOLITANO,PRIVADOS,Buena,Media,"19.407125, -99.167048"
2020-05-02,HOSPITAL ÁNGELES MÉXICO,PRIVADOS,Buena,Buena,"19.400075, -99.172655"
2020-05-02,HOSPITAL ÁNGELES MOCEL,PRIVADOS,Critica,Critica,"19.410855, -99.184695"
2020-05-02,HOSPITAL ÁNGELES PEDREGAL,PRIVADOS,Critica,Critica,"19.312440, -99.221240"
2020-05-02,HOSPITAL ÁNGELES ROMA (SANTELENA),PRIVADOS,Buena,Buena,"19.415093, -99.157032"
2020-05-02,HOSPITAL ÁNGELES SANTA MÓNICA,PRIVADOS,,,"19.434256, -99.191809"
2020-05-02,CENTRO MÉDICO ABC CAMPUS OBSERVATORIO,PRIVADOS,Critica,Critica,"19.400754, -99.204033"
2020-05-02,CENTRO MÉDICO ABC CAMPUS SANTA FE,PRIVADOS,Buena,Buena,"19.356363, -99.282374"
2020-05-02,HOSPITAL SAN ÁNGEL INN CHAPULTEPEC,PRIVADOS,Buena,Buena,"19.421896, -99.172987"
2020-05-02,HOSPITAL SAN ÁNGEL INN PATRIOTISMO,PRIVADOS,Buena,Buena,"19.376412, -99.186388"
2020-05-02,HOSPITAL SAN ÁNGEL INN SUR,PRIVADOS,Buena,Buena,"19.340277, -99.200021"
2020-05-02,HOSPITAL SAN ÁNGEL INN UNIVERSIDAD,PRIVADOS,Media,Buena,"19.358908, -99.167569"
2020-05-02,CENTRO DE ATENCIÓN MÉDICA INTEGRAL (HOSPITAL CAMI),PRIVADOS,Critica,Buena,"19.424002, -99.105060"
2020-05-02,CENTRO MÉDICO DALINDE,PRIVADOS,Media,Media,"19.405260,-99.168017"
2020-05-02,CENTRO MÉDICO QUIRÚRGICO ESCANDÓN,PRIVADOS,,,"19.402517, -99.172257"
2020-05-02,FUNDACIÓN HOSPITAL NUESTRA SEÑORA DE LA LUZ,PRIVADOS,,,"19.434591, -99.157036"
2020-05-02,HMG HOSPITAL COYOACÁN,PRIVADOS,Media,Buena,"19.326990, -99.144988"
2020-05-02,HOSPITAL DE COS,PRIVADOS,,,"19.416040, -99.162523"
2020-05-02,HOSPITAL DIOMED,PRIVADOS,Buena,Buena,"19.401376, -99.205282"
2020-05-02,HOSPITAL ESPAÑOL,PRIVADOS,Critica,Critica,"19.439382, -99.197221"
2020-05-02,HOSPITAL OBREGÓN,PRIVADOS,Buena,Critica,"19.418468, -99.160702"
2020-05-02,HOSPITAL SEDNA,PRIVADOS,Buena,Media,"19.303354, -99.174220"
2020-05-02,MÉDICA SUR,PRIVADOS,Buena,Critica,"19.312440, -99.221240"
2020-05-02,NUEVO SANATORIO DURANGO,PRIVADOS,Buena,Media,"19.418658, -99.171260"
2020-05-02,HOSPITAL DE ESPECIALIDADES MIG,PRIVADOS,Buena,Buena,"19.491579, -99.126636"
2020-05-02,CORPORATIVO HOSPITAL SATÉLITE,PRIVADOS,Critica,Critica,"19.513536, -99.237738"
2020-05-02,HOSPITAL GENERAL MILPA ALTA,SEDESA,,,"19.200951, -99.011210"
2020-05-02,HOSPITAL GENERAL DR. RUBÉN LEÑERO,SEDESA,,,"19.451398, -99.169565"
2020-05-02,HOSPITAL GENERAL BALBUENA,SEDESA,,,"19.424195, -99.115412"
2020-05-02,HOSPITAL GENERAL XOCO,SEDESA,,,"19.360313, -99.162275"
2020-05-02,CLÍNICA HOSPITAL EMILIANO ZAPATA,SEDESA,,,"19.339225, -98.978282"
2020-05-02,HOSPITAL GENERAL VILLA,SEDESA,,,"19.480079, -99.103353"
2020-05-02,HOSPITAL GENERAL TICOMAN,SEDESA,,,"19.514444, -99.137778"
2020-05-02,HOSPITAL PEDIÁTRICO IZTACALCO,SEDESA,,,"19.402722, -99.117628"
2020-05-02,HOSPITAL PEDIÁTRICO AZCAPOTZALCO,SEDESA,,,"19.484418, -99.185442"
2020-05-02,HOSPITAL PEDIÁTRICO MOCTEZUMA,SEDESA,,,"19.432814, -99.098151"
2020-05-02,HOSPITAL MATERNO INFANTIL TOPILEJO,SEDESA,,,"19.199206, -99.140064"
2020-05-02,HOSPITAL MATERNO INFANTIL MAGDALENA CONTRERAS,SEDESA,,,"19.319364, -99.239095"
2020-05-02,HOSPITAL PEDIÁTRICO LEGARIA,SEDESA,,,"19.450699, -99.203637"
2020-05-02,HOSPITAL GENERAL AJUSCO MEDIO,SEDESA,,,"19.272165, -99.207846"
2020-05-02,HOSPITAL MATERNO PEDIÁTRICO XOCHIMILCO,SEDESA,,,"19.254376, -99.104643"
2020-05-02,HOSPITAL PEDIÁTRICO TACUBAYA,SEDESA,,,"19.402594, -99.190990"
2020-05-02,HOSPITAL MATERNO INFANTIL CUAUTEPEC,SEDESA,,,"19.539787, -99.140977"
2020-05-02,HOSPITAL MATERNO INFANTIL TLÁHUAC,SEDESA,,,"19.265167, -98.998000"
2020-05-02,HOSPITAL TORRE MÉDICA TEPEPAN,SEDESA,,,"19.275556, -99.144313"
2020-05-02,HOSPITAL PEDIÁTRICO PERALVILLO,SEDESA,,,"19.459610, -99.141249"
2020-05-02,HOSPITAL GENERAL GREGORIO SALAS,SEDESA,,,"19.437705, -99.129572"
2020-05-02,HOSPITAL PEDIÁTRICO COYOACÁN,SEDESA,,,"19.345818, -99.168076"
2020-05-02,HOSPITAL PEDIÁTRICO IZTAPALAPA,SEDESA,,,"19.356711, -99.107652"
2020-05-02,HOSPITAL GENERAL IZTAPALAPA,SEDESA,,,"19.343426, -99.027236"
2020-05-03,INSTITUTO NACIONAL DE NUTRICIÓN,SSA,Critica,Critica,"19.289599, -99.155441"
2020-05-03,INER,SSA,Critica,Media,"19.291375, -99.158653"
2020-05-03,HOSPITAL GENERAL DE MÉXICO,SSA,Critica,Critica,"19.4129258, -99.1520225"
2020-05-03,HOSPITAL JUAREZ,SSA,Critica,Critica,"19.481829, -99.135576"
2020-05-03,HOSPITAL GENERAL DR. MANUEL GEA GONZÁLEZ,SSA,Critica,Critica,"19.290295, -99.160861"
2020-05-03,HOSPITAL INFANTIL DE MÉXICO FEDERICO GÓMEZ,SSA,Buena,Buena,"19.410839, -99.151941"
2020-05-03,INSTITUTO  NACIONAL DE CARDIOLOGÍA IGNACIO CHÁVEZ,SSA,Critica,Buena,"19.290598, -99.153838"
2020-05-03,CITIBANAMEX,SSA,,,"19.439732, -99.224235"
2020-05-03,HOSPITAL REGIONAL DE ALTA ESPECIALIDAD DE IXTAPALUCA,SSA,Media,Media,"19.318796, -98.855353"
2020-05-03,BELISARIO DOMINGUEZ,SEDESA,Media,Media,"19.307226, -99.065356"
2020-05-03,ENRIQUE CABRERA,SEDESA,Critica,Buena,"19.361675, -99.224432"
2020-05-03,GENERAL TLAHUAC,SEDESA,Buena,Media,"19.287492, -99.052665"
2020-05-03,PEDIATRICO DE LA VILLA,SEDESA,Buena,Buena,"19.487355, -99.114316"
2020-05-03,HOSPITAL GENERAL AJUSCO MEDIO,SEDESA,Media,Media,"19.272165, -99.207846"
2020-05-03,HOSPITAL GENERAL IZTAPALAPA,SEDESA,,,"19.343426, -99.027236"
2020-05-03,HOSPITAL GENERAL XOCO,SEDESA,,,"19.360313, -99.162275"
2020-05-03,HOSPITAL GENERAL VILLA,SEDESA,,,"19.480079, -99.103353"
2020-05-03,HOSPITAL GENERAL DR. RUBÉN LEÑERO,SEDESA,,,"19.451398, -99.169565"
2020-05-03,HOSPITAL GENERAL BALBUENA,SEDESA,,,"19.424195, -99.115412"
2020-05-03,HOSPITAL DE ESPECIALIDADES 01 CMN SIGLO XXI (CDMX SUR),IMSS,Media,Buena,"19.466549, -99.145102"
2020-05-03,HOSPITAL DE PEDIATRIA 01 CMN SIGLO XXI (CDMX SUR),IMSS,Buena,Buena,"19.407458, -99.152267"
2020-05-03,HOSPITAL GENERAL DE ZONA 01 CARLOS MC GREGOR (CDMX SUR),IMSS,Media,Buena,"19.395912, -99.161610"
2020-05-03,HOSPITAL GENERAL DE ZONA 1A PARQUE DE LOS VENADOS (CDMX SUR),IMSS,Buena,Buena,"19.374431, -99.151203"
2020-05-03,HOSPITAL DE INFECTOLOGIA 01 LA RAZA (CDMX NORTE),IMSS,Media,Critica,"19.464865, -99.144859"
2020-05-03,HOSPITAL GENERAL 01 (CDMX NORTE) LA RAZA,IMSS,Buena,Buena,"19.395740, -99.161677"
2020-05-03,HOSPITAL GENERAL DE ZONA 24 (CDMX NORTE),IMSS,Buena,Buena,"19.483221, -99.128448"
2020-05-03,HOSPITAL GENERAL DE ZONA 27 (CDMX NORTE),IMSS,Media,Buena,"19.454776, -99.140007"
2020-05-03,HOSPITAL GENERAL DE ZONA 2A (CDMX SUR),IMSS,Buena,Buena,"19.405495, -99.112200"
2020-05-03,HOSPITAL GENERAL DE ZONA 30 (CDMX SUR),IMSS,Buena,Buena,"19.398836, -99.116913"
2020-05-03,HOSPITAL GENERAL DE ZONA 32 (CDMX SUR),IMSS,Buena,Buena,"19.307964, -99.130677"
2020-05-03,HOSPITAL GENERAL DE ZONA C/MF 08 (CDMX SUR),IMSS,Buena,Buena,"19.337137, -99.200142"
2020-05-03,HOSPITAL GENERAL DE ZONA C/UMAA 48 (CDMX NORTE),IMSS,Buena,Media,"19.482375, -99.213046"
2020-05-03,HOSPITAL GENERAL 02 (CDMX SUR) VILLA COAPA (COY.),IMSS,Critica,Buena,"19.309194, -99.129593"
2020-05-03,HOSPITAL DE ESPECIALIDADES 01 (CDMX NORTE) LA RAZA (AZC),IMSS,Buena,Buena,"19.467169, -99.143785"
2020-05-03,HOSPITAL GENERAL DE ZONA C/MF 29 (S. JUAN ARAGÓN),IMSS,Buena,Critica,"19.465117, -99.085162"
2020-05-03,HOSPITAL GENERAL DE ZONA 47 (CDMX SUR) (IZP),IMSS,Buena,Buena,"19.357566, -99.054269"
2020-05-03,HOSPITAL GENERAL REGIONAL 72,IMSS,Media,Media,"19.542797, -99.205022"
2020-05-03,HOSPITAL GENERAL REGIONAL 196,IMSS,Media,Buena,"19.529016, -99.030983"
2020-05-03,HOSPITAL GENERAL REGIONAL 200,IMSS,Media,Buena,"19.742905, -98.972971"
2020-05-03,HOSPITAL GENERAL DE ZONA 53,IMSS,Media,Buena,"19.356913, -98.990929"
2020-05-03,HOSPITAL GENERAL DE ZONA 197,IMSS,Media,Buena,"19.515133, -98.891450"
2020-05-03,HOSPITAL GENERAL DE ZONA 194,IMSS,Buena,Buena,"19.470300, -99.234208"
2020-05-03,HOSPITAL GENERAL DE ZONA 57 (LA QUEBRADA),IMSS,Buena,Buena,"19.597387, -99.188426"
2020-05-03,HOSPITAL GENERAL DE ZONA 58 (LAS MARGARITAS),IMSS,Buena,Buena,"19.530797, -99.222446"
2020-05-03,HOSPITAL GENERAL DE ZONA 68 (TULPETLAC),IMSS,Buena,Buena,"19.570070, -99.044009"
2020-05-03,HOSPITAL GENERAL DE ZONA 71 (CHALCO),IMSS,Buena,Buena,"19.259803, -98.893368"
2020-05-03,HOSPITAL GENERAL DE ZONA 76 (XALOSTOC),IMSS,Media,Buena,"19.526677, -99.082058"
2020-05-03,HOSPITAL GENERAL DE ZONA 98 (COACALCO),IMSS,Buena,Buena,"19.638165, -99.098892"
2020-05-03,CENTRO MEDICO 20 DE NOVIEMBRE,ISSSTE,Media,Critica,"19.372720, -99.171205"
2020-05-03,HG DARIO FERNANDEZ FIERRO,ISSSTE,Critica,Buena,"19.363602, -99.188608"
2020-05-03,HG JOSE MARIA MORELOS,ISSSTE,Critica,Media,"19.363918, -98.995393"
2020-05-03,HG TACUBA,ISSSTE,Media,Buena,"19.454384, -99.191231"
2020-05-03,HG DR FERNANDO QUIROZ,ISSSTE,Critica,Buena,"19.394242, -99.194187"
2020-05-03,HG IGNACIO ZARAGOZA,ISSSTE,Critica,Critica,"19.389472, -99.045019"
2020-05-03,HR PRIMERO DE OCTUBRE,ISSSTE,Critica,Critica,"19.486751, -99.133249"
2020-05-03,HR LIC. ADOLFO LÓPEZ MATEOS,ISSSTE,Critica,Buena,"19.358451, -99.172716"
2020-05-03,HR BICENTENARIO DE LA INDEPENDENCIA,ISSSTE,Critica,Critica,"19.628814, -99.163343"
2020-05-03,H.G.TOLUCA,ISSSTE,Buena,Buena,"19.256918, -99.635872"
2020-05-03,HOSPITAL CENTRAL MILITAR,SEDENA,Media,Buena,"19.437367, -99.216057"
2020-05-03,"HOSPITAL MILITAR DE ZONA, CAMPO NO. 1-A",SEDENA,,,"19.457977, -99.227768"
2020-05-03,"HOSPITAL MILITAR DE ZONA, EL VERGEL",SEDENA,,,"19.312522, -99.082521"
2020-05-03,"CAMPO MIL. NO. 1-A,  6/O GRUPO DE MORTEROS",SEDENA,,,"19.449179, -99.232137"
2020-05-03,22/O. BATALLÓN DE POLICÍA MILITAR,SEDENA,,,"19.405526, -99.135839"
2020-05-03,81/O. BATALLÓN DE INFANTERÍA Y ESCUELA MILITAR DE INFANTERÍA,SEDENA,,,"19.264736, -99.152936"
2020-05-03,"CAMPO MIL. NO. 37-B.     HOSPITAL MILITAR DE ZONA, TEMAMATLA",SEDENA,,,"19.188076, -98.870108"
2020-05-03,"CAMPO MIL. NO. 37-B, 6/O. BATALLÓN DE FUERZAS ESPECIALES",SEDENA,,,"19.188076, -98.870108"
2020-05-03,"HOSPITAL MILITAR DE ZONA, SANTA MARÍA RAYÓN",SEDENA,,,"19.137953, -99.594466"
2020-05-03,"8/O. REGIMIENTO MECANIZADO, ALMOLOYA DE JUÁREZ",SEDENA,,,"19.403838, -99.742294"
2020-05-03,CENTRO MÉDICO NAVAL,SEMAR,Media,Critica,"19.324032, -99.125233"
2020-05-03,HOSPITAL CENTRAL SUR DE ALTA ESPECIALIDAD,PEMEX,Buena,Buena,"19.308751, -99.218739"
2020-05-03,HOSPITAL CENTRAL NORTE,PEMEX,Critica,Buena,"19.479895, -99.200880"
2020-05-03,ALTA ESPECIALIDAD DE ZUMPANGO,EDOMEX,Buena,Media,"19.815198, -99.089196"
2020-05-03,HOSPITAL REGIONAL TLALNEPANTLA ISSEMYM,EDOMEX,Media,Buena,"19.521706, -99.187341"
2020-05-03,CENTRO MÉDICO TOLUCA ISSEMYM,EDOMEX,Critica,Buena,"19.286062, -99.585976"
2020-05-03,HOSPITAL PARA EL NIÑO IMIEM,EDOMEX,Buena,Buena,"19.272014, -99.660919"
2020-05-03,CENTRO MÉDICO ADOLFO LÓPEZ MATEOS,EDOMEX,Critica,Critica,"19.320789, -99.633339"
2020-05-03,"HOSPITAL GENERAL ECATEPEC ""LAS AMÉRICAS""",EDOMEX,Critica,Buena,"19.594136, -99.018679"
2020-05-03,HOSPITAL ÁNGELES ACOXPA,PRIVADOS,Media,Buena,"19.299431, -99.134953"
2020-05-03,HOSPITAL ÁNGELES CLÍNICA LONDRES,PRIVADOS,Buena,Critica,"19.421693, -99.156934"
2020-05-03,HOSPITAL ÁNGELES LINDAVISTA,PRIVADOS,Media,Critica,"19.486673, -99.129583"
2020-05-03,HOSPITAL ÁNGELES LOMAS,PRIVADOS,,,"19.394636, -99.282021"
2020-05-03,HOSPITAL ÁNGELES METROPOLITANO,PRIVADOS,Buena,Media,"19.407125, -99.167048"
2020-05-03,HOSPITAL ÁNGELES MÉXICO,PRIVADOS,Buena,Buena,"19.400075, -99.172655"
2020-05-03,HOSPITAL ÁNGELES MOCEL,PRIVADOS,Critica,Critica,"19.410855, -99.184695"
2020-05-03,HOSPITAL ÁNGELES PEDREGAL,PRIVADOS,Critica,Critica,"19.312440, -99.221240"
2020-05-03,HOSPITAL ÁNGELES ROMA (SANTELENA),PRIVADOS,Buena,Buena,"19.415093, -99.157032"
2020-05-03,HOSPITAL ÁNGELES SANTA MÓNICA,PRIVADOS,,,"19.434256, -99.191809"
2020-05-03,CENTRO MÉDICO ABC CAMPUS OBSERVATORIO,PRIVADOS,Media,Critica,"19.400754, -99.204033"
2020-05-03,CENTRO MÉDICO ABC CAMPUS SANTA FE,PRIVADOS,Buena,Buena,"19.356363, -99.282374"
2020-05-03,HOSPITAL SAN ÁNGEL INN CHAPULTEPEC,PRIVADOS,Buena,Buena,"19.421896, -99.172987"
2020-05-03,HOSPITAL SAN ÁNGEL INN PATRIOTISMO,PRIVADOS,Buena,Buena,"19.376412, -99.186388"
2020-05-03,HOSPITAL SAN ÁNGEL INN SUR,PRIVADOS,Buena,Buena,"19.340277, -99.200021"
2020-05-03,HOSPITAL SAN ÁNGEL INN UNIVERSIDAD,PRIVADOS,Media,Buena,"19.358908, -99.167569"
2020-05-03,CENTRO DE ATENCIÓN MÉDICA INTEGRAL (HOSPITAL CAMI),PRIVADOS,Critica,Media,"19.424002, -99.105060"
2020-05-03,CENTRO MÉDICO DALINDE,PRIVADOS,Media,Media,"19.405260,-99.168017"
2020-05-03,CENTRO MÉDICO QUIRÚRGICO ESCANDÓN,PRIVADOS,,,"19.402517, -99.172257"
2020-05-03,FUNDACIÓN HOSPITAL NUESTRA SEÑORA DE LA LUZ,PRIVADOS,,,"19.434591, -99.157036"
2020-05-03,HMG HOSPITAL COYOACÁN,PRIVADOS,Media,Buena,"19.326990, -99.144988"
2020-05-03,HOSPITAL DE COS,PRIVADOS,,,"19.416040, -99.162523"
2020-05-03,HOSPITAL DIOMED,PRIVADOS,Buena,Buena,"19.401376, -99.205282"
2020-05-03,HOSPITAL ESPAÑOL,PRIVADOS,Critica,Critica,"19.439382, -99.197221"
2020-05-03,HOSPITAL OBREGÓN,PRIVADOS,Buena,Critica,"19.418468, -99.160702"
2020-05-03,HOSPITAL SEDNA,PRIVADOS,Buena,Media,"19.303354, -99.174220"
2020-05-03,MÉDICA SUR,PRIVADOS,Buena,Critica,"19.312440, -99.221240"
2020-05-03,NUEVO SANATORIO DURANGO,PRIVADOS,Buena,Media,"19.418658, -99.171260"
2020-05-03,HOSPITAL DE ESPECIALIDADES MIG,PRIVADOS,Buena,Buena,"19.491579, -99.126636"
2020-05-03,CORPORATIVO HOSPITAL SATÉLITE,PRIVADOS,Critica,Critica,"19.513536, -99.237738"
2020-05-03,HOSPITAL GENERAL MILPA ALTA,SEDESA,,,"19.200951, -99.011210"
2020-05-03,HOSPITAL GENERAL DR. RUBÉN LEÑERO,SEDESA,,,"19.451398, -99.169565"
2020-05-03,HOSPITAL GENERAL BALBUENA,SEDESA,,,"19.424195, -99.115412"
2020-05-03,HOSPITAL GENERAL XOCO,SEDESA,,,"19.360313, -99.162275"
2020-05-03,CLÍNICA HOSPITAL EMILIANO ZAPATA,SEDESA,,,"19.339225, -98.978282"
2020-05-03,HOSPITAL GENERAL VILLA,SEDESA,,,"19.480079, -99.103353"
2020-05-03,HOSPITAL GENERAL TICOMAN,SEDESA,,,"19.514444, -99.137778"
2020-05-03,HOSPITAL PEDIÁTRICO IZTACALCO,SEDESA,,,"19.402722, -99.117628"
2020-05-03,HOSPITAL PEDIÁTRICO AZCAPOTZALCO,SEDESA,,,"19.484418, -99.185442"
2020-05-03,HOSPITAL PEDIÁTRICO MOCTEZUMA,SEDESA,,,"19.432814, -99.098151"
2020-05-03,HOSPITAL MATERNO INFANTIL TOPILEJO,SEDESA,,,"19.199206, -99.140064"
2020-05-03,HOSPITAL MATERNO INFANTIL MAGDALENA CONTRERAS,SEDESA,,,"19.319364, -99.239095"
2020-05-03,HOSPITAL PEDIÁTRICO LEGARIA,SEDESA,,,"19.450699, -99.203637"
2020-05-03,HOSPITAL GENERAL AJUSCO MEDIO,SEDESA,,,"19.272165, -99.207846"
2020-05-03,HOSPITAL MATERNO PEDIÁTRICO XOCHIMILCO,SEDESA,,,"19.254376, -99.104643"
2020-05-03,HOSPITAL PEDIÁTRICO TACUBAYA,SEDESA,,,"19.402594, -99.190990"
2020-05-03,HOSPITAL MATERNO INFANTIL CUAUTEPEC,SEDESA,,,"19.539787, -99.140977"
2020-05-03,HOSPITAL MATERNO INFANTIL TLÁHUAC,SEDESA,,,"19.265167, -98.998000"
2020-05-03,HOSPITAL TORRE MÉDICA TEPEPAN,SEDESA,,,"19.275556, -99.144313"
2020-05-03,HOSPITAL PEDIÁTRICO PERALVILLO,SEDESA,,,"19.459610, -99.141249"
2020-05-03,HOSPITAL GENERAL GREGORIO SALAS,SEDESA,,,"19.437705, -99.129572"
2020-05-03,HOSPITAL PEDIÁTRICO COYOACÁN,SEDESA,,,"19.345818, -99.168076"
2020-05-03,HOSPITAL PEDIÁTRICO IZTAPALAPA,SEDESA,,,"19.356711, -99.107652"
2020-05-03,HOSPITAL GENERAL IZTAPALAPA,SEDESA,,,"19.343426, -99.027236"
2020-05-04,INSTITUTO NACIONAL DE NUTRICIÓN,SSA,Media,Critica,"19.289599, -99.155441"
2020-05-04,INER,SSA,Buena,Critica,"19.291375, -99.158653"
2020-05-04,HOSPITAL GENERAL DE MÉXICO,SSA,Critica,Critica,"19.4129258, -99.1520225"
2020-05-04,HOSPITAL JUAREZ,SSA,Critica,Media,"19.481829, -99.135576"
2020-05-04,HOSPITAL GENERAL DR. MANUEL GEA GONZÁLEZ,SSA,Media,Critica,"19.290295, -99.160861"
2020-05-04,HOSPITAL INFANTIL DE MÉXICO FEDERICO GÓMEZ,SSA,Buena,Buena,"19.410839, -99.151941"
2020-05-04,INSTITUTO  NACIONAL DE CARDIOLOGÍA IGNACIO CHÁVEZ,SSA,Media,Media,"19.290598, -99.153838"
2020-05-04,CITIBANAMEX,SSA,,,"19.439732, -99.224235"
2020-05-04,HOSPITAL REGIONAL DE ALTA ESPECIALIDAD DE IXTAPALUCA,SSA,Media,Media,"19.318796, -98.855353"
2020-05-04,BELISARIO DOMINGUEZ,SEDESA,Media,Media,"19.307226, -99.065356"
2020-05-04,ENRIQUE CABRERA,SEDESA,Media,Media,"19.361675, -99.224432"
2020-05-04,GENERAL TLAHUAC,SEDESA,Media,Media,"19.287492, -99.052665"
2020-05-04,PEDIATRICO DE LA VILLA,SEDESA,Buena,Buena,"19.487355, -99.114316"
2020-05-04,HOSPITAL GENERAL AJUSCO MEDIO,SEDESA,Media,Media,"19.272165, -99.207846"
2020-05-04,HOSPITAL GENERAL IZTAPALAPA,SEDESA,,,"19.343426, -99.027236"
2020-05-04,HOSPITAL GENERAL XOCO,SEDESA,,,"19.360313, -99.162275"
2020-05-04,HOSPITAL GENERAL VILLA,SEDESA,,,"19.480079, -99.103353"
2020-05-04,HOSPITAL GENERAL DR. RUBÉN LEÑERO,SEDESA,,,"19.451398, -99.169565"
2020-05-04,HOSPITAL GENERAL BALBUENA,SEDESA,,,"19.424195, -99.115412"
2020-05-04,HOSPITAL DE ESPECIALIDADES 01 CMN SIGLO XXI (CDMX SUR),IMSS,Media,Media,"19.466549, -99.145102"
2020-05-04,HOSPITAL DE PEDIATRIA 01 CMN SIGLO XXI (CDMX SUR),IMSS,Buena,Buena,"19.407458, -99.152267"
2020-05-04,HOSPITAL GENERAL DE ZONA 01 CARLOS MC GREGOR (CDMX SUR),IMSS,Media,Buena,"19.395912, -99.161610"
2020-05-04,HOSPITAL GENERAL DE ZONA 1A PARQUE DE LOS VENADOS (CDMX SUR),IMSS,Buena,Buena,"19.374431, -99.151203"
2020-05-04,HOSPITAL DE INFECTOLOGIA 01 LA RAZA (CDMX NORTE),IMSS,Media,Critica,"19.464865, -99.144859"
2020-05-04,HOSPITAL GENERAL 01 (CDMX NORTE) LA RAZA,IMSS,Buena,Buena,"19.395740, -99.161677"
2020-05-04,HOSPITAL GENERAL DE ZONA 24 (CDMX NORTE),IMSS,Buena,Buena,"19.483221, -99.128448"
2020-05-04,HOSPITAL GENERAL DE ZONA 27 (CDMX NORTE),IMSS,Media,Buena,"19.454776, -99.140007"
2020-05-04,HOSPITAL GENERAL DE ZONA 2A (CDMX SUR),IMSS,Buena,Buena,"19.405495, -99.112200"
2020-05-04,HOSPITAL GENERAL DE ZONA 30 (CDMX SUR),IMSS,Buena,Buena,"19.398836, -99.116913"
2020-05-04,HOSPITAL GENERAL DE ZONA 32 (CDMX SUR),IMSS,Buena,Buena,"19.307964, -99.130677"
2020-05-04,HOSPITAL GENERAL DE ZONA C/MF 08 (CDMX SUR),IMSS,Buena,Buena,"19.337137, -99.200142"
2020-05-04,HOSPITAL GENERAL DE ZONA C/UMAA 48 (CDMX NORTE),IMSS,Buena,Critica,"19.482375, -99.213046"
2020-05-04,HOSPITAL GENERAL 02 (CDMX SUR) VILLA COAPA (COY.),IMSS,Critica,Buena,"19.309194, -99.129593"
2020-05-04,HOSPITAL DE ESPECIALIDADES 01 (CDMX NORTE) LA RAZA (AZC),IMSS,Buena,Buena,"19.467169, -99.143785"
2020-05-04,HOSPITAL GENERAL DE ZONA C/MF 29 (S. JUAN ARAGÓN),IMSS,Buena,Critica,"19.465117, -99.085162"
2020-05-04,HOSPITAL GENERAL DE ZONA 47 (CDMX SUR) (IZP),IMSS,Buena,Buena,"19.357566, -99.054269"
2020-05-04,HOSPITAL GENERAL REGIONAL 72,IMSS,Media,Critica,"19.542797, -99.205022"
2020-05-04,HOSPITAL GENERAL REGIONAL 196,IMSS,Media,Buena,"19.529016, -99.030983"
2020-05-04,HOSPITAL GENERAL REGIONAL 200,IMSS,Media,Buena,"19.742905, -98.972971"
2020-05-04,HOSPITAL GENERAL DE ZONA 53,IMSS,Media,Buena,"19.356913, -98.990929"
2020-05-04,HOSPITAL GENERAL DE ZONA 197,IMSS,Media,Buena,"19.515133, -98.891450"
2020-05-04,HOSPITAL GENERAL DE ZONA 194,IMSS,Buena,Buena,"19.470300, -99.234208"
2020-05-04,HOSPITAL GENERAL DE ZONA 57 (LA QUEBRADA),IMSS,Buena,Buena,"19.597387, -99.188426"
2020-05-04,HOSPITAL GENERAL DE ZONA 58 (LAS MARGARITAS),IMSS,Buena,Buena,"19.530797, -99.222446"
2020-05-04,HOSPITAL GENERAL DE ZONA 68 (TULPETLAC),IMSS,Buena,Buena,"19.570070, -99.044009"
2020-05-04,HOSPITAL GENERAL DE ZONA 71 (CHALCO),IMSS,Buena,Buena,"19.259803, -98.893368"
2020-05-04,HOSPITAL GENERAL DE ZONA 76 (XALOSTOC),IMSS,Media,Buena,"19.526677, -99.082058"
2020-05-04,HOSPITAL GENERAL DE ZONA 98 (COACALCO),IMSS,Buena,Buena,"19.638165, -99.098892"
2020-05-04,CENTRO MEDICO 20 DE NOVIEMBRE,ISSSTE,Critica,Media,"19.372720, -99.171205"
2020-05-04,HG DARIO FERNANDEZ FIERRO,ISSSTE,Critica,Buena,"19.363602, -99.188608"
2020-05-04,HG JOSE MARIA MORELOS,ISSSTE,Critica,Media,"19.363918, -98.995393"
2020-05-04,HG TACUBA,ISSSTE,Media,Media,"19.454384, -99.191231"
2020-05-04,HG DR FERNANDO QUIROZ,ISSSTE,Media,Buena,"19.394242, -99.194187"
2020-05-04,HG IGNACIO ZARAGOZA,ISSSTE,Critica,Critica,"19.389472, -99.045019"
2020-05-04,HR PRIMERO DE OCTUBRE,ISSSTE,Critica,Media,"19.486751, -99.133249"
2020-05-04,HR LIC. ADOLFO LÓPEZ MATEOS,ISSSTE,Critica,Buena,"19.358451, -99.172716"
2020-05-04,HR BICENTENARIO DE LA INDEPENDENCIA,ISSSTE,Critica,Media,"19.628814, -99.163343"
2020-05-04,H.G.TOLUCA,ISSSTE,Buena,Buena,"19.256918, -99.635872"
2020-05-04,HOSPITAL CENTRAL MILITAR,SEDENA,Media,Media,"19.437367, -99.216057"
2020-05-04,HOSPITAL MILITAR DE ESPECIALIDADES DE LA MUJER Y NEONATOLOGÍA,SEDENA,,,"19.439733, -99.218577"
2020-05-04,"HOSPITAL MILITAR DE ZONA, CAMPO NO. 1-A",SEDENA,,,"19.457977, -99.227768"
2020-05-04,"HOSPITAL MILITAR DE ZONA, EL VERGEL",SEDENA,,,"19.312522, -99.082521"
2020-05-04,"CAMPO MIL. NO. 1-A,  6/O GRUPO DE MORTEROS",SEDENA,,,"19.449179, -99.232137"
2020-05-04,22/O. BATALLÓN DE POLICÍA MILITAR,SEDENA,,,"19.405526, -99.135839"
2020-05-04,81/O. BATALLÓN DE INFANTERÍA Y ESCUELA MILITAR DE INFANTERÍA,SEDENA,,,"19.264736, -99.152936"
2020-05-04,"CAMPO MIL. NO. 37-B.     HOSPITAL MILITAR DE ZONA, TEMAMATLA",SEDENA,,,"19.188076, -98.870108"
2020-05-04,"CAMPO MIL. NO. 37-B, 6/O. BATALLÓN DE FUERZAS ESPECIALES",SEDENA,,,"19.188076, -98.870108"
2020-05-04,"HOSPITAL MILITAR DE ZONA, SANTA MARÍA RAYÓN",SEDENA,,,"19.137953, -99.594466"
2020-05-04,"8/O. REGIMIENTO MECANIZADO, ALMOLOYA DE JUÁREZ",SEDENA,,,"19.403838, -99.742294"
2020-05-04,CENTRO MÉDICO NAVAL,SEMAR,Media,Critica,"19.324032, -99.125233"
2020-05-04,HOSPITAL CENTRAL SUR DE ALTA ESPECIALIDAD,PEMEX,Buena,Buena,"19.308751, -99.218739"
2020-05-04,HOSPITAL CENTRAL NORTE,PEMEX,Media,Buena,"19.479895, -99.200880"
2020-05-04,ALTA ESPECIALIDAD DE ZUMPANGO,EDOMEX,Buena,Media,"19.815198, -99.089196"
2020-05-04,HOSPITAL REGIONAL TLALNEPANTLA ISSEMYM,EDOMEX,Media,Media,"19.521706, -99.187341"
2020-05-04,CENTRO MÉDICO TOLUCA ISSEMYM,EDOMEX,Media,Media,"19.286062, -99.585976"
2020-05-04,HOSPITAL PARA EL NIÑO IMIEM,EDOMEX,Buena,Buena,"19.272014, -99.660919"
2020-05-04,CENTRO MÉDICO ADOLFO LÓPEZ MATEOS,EDOMEX,Critica,Critica,"19.320789, -99.633339"
2020-05-04,"HOSPITAL GENERAL ECATEPEC ""LAS AMÉRICAS""",EDOMEX,Critica,Media,"19.594136, -99.018679"
2020-05-04,"HOSPITAL GENERAL DE NAUCALPAN ""DR. MAXIMILIANO RUIZ CASTAÑEDA"" ",EDOMEX,Buena,Buena,"19.468662, -99.234348"
2020-05-04,"HOSPITAL GENERAL ATIZAPAN DE ZARAGOZA ""DR. SALVADOR GONZALEZ HERREJÓN""",EDOMEX,Buena,Buena,"19.546322, -99.237491"
2020-05-04,"HOSPITAL GENERAL CUAUTITLAN ""GRAL. JOSE VICENTE VILLADA""",EDOMEX,Media,Media,"19.664586, -99.178557"
2020-05-04,"HOSPITAL GENERAL DE NEZAHUALCOYOTL ""GUSTAVO BAZ PRADA""",EDOMEX,Media,Critica,"19.422253, -99.014892"
2020-05-04,"HOSPITAL GENERAL DE ECATEPEC ""JOSÉ MARÍA RODRÍGUEZ""",EDOMEX,Buena,Media,"19.514412, -99.038087"
2020-05-04,"HOSPITAL GENERAL NEZAHUALCOYOTL ""LA PERLA"" ",EDOMEX,Critica,Buena,"19.387963, -98.989442"
2020-05-04,HOSPITAL GENERAL DE CHIMALHUACAN,EDOMEX,Critica,Buena,"19.419753, -98.975140"
2020-05-04,"HOSPITAL GENERAL DE IXTAPALUCA ""PEDRO LOPEZ""",EDOMEX,Buena,Buena,"19.318829, -98.855366"
2020-05-04,HOSPITAL GENERAL DE CHALCO ,EDOMEX,Media,Buena,"19.268265, -98.893965"
2020-05-04,"HOSPITAL GENERAL TEXCOCO ""GUADALUPE VICTORIA"" BICENTENARIO ",EDOMEX,Buena,Critica,"19.514309, -98.871750"
2020-05-04,"HOSPITAL GENERAL VALLE DE CHALCO ""DR. FERNANDO QUIROZ GUTIERREZ"" ",EDOMEX,Critica,Buena,"19.273775, -98.941609"
2020-05-04,"HOSPITAL GENERAL AMECAMECA ""VALENTIN GOMEZ FARIAS"" ",EDOMEX,Buena,Buena,"19.144883, -98.785072"
2020-05-04,HOSPITAL GENERAL DE AXAPUSCO,EDOMEX,Critica,Buena,"19.732872, -98.769445"
2020-05-04,HOSPITAL ÁNGELES ACOXPA,PRIVADOS,Media,Buena,"19.299431, -99.134953"
2020-05-04,HOSPITAL ÁNGELES CLÍNICA LONDRES,PRIVADOS,Buena,Critica,"19.421693, -99.156934"
2020-05-04,HOSPITAL ÁNGELES LINDAVISTA,PRIVADOS,Media,Critica,"19.486673, -99.129583"
2020-05-04,HOSPITAL ÁNGELES LOMAS,PRIVADOS,,,"19.394636, -99.282021"
2020-05-04,HOSPITAL ÁNGELES METROPOLITANO,PRIVADOS,Buena,Media,"19.407125, -99.167048"
2020-05-04,HOSPITAL ÁNGELES MÉXICO,PRIVADOS,Buena,Buena,"19.400075, -99.172655"
2020-05-04,HOSPITAL ÁNGELES MOCEL,PRIVADOS,Critica,Critica,"19.410855, -99.184695"
2020-05-04,HOSPITAL ÁNGELES PEDREGAL,PRIVADOS,Critica,Critica,"19.312440, -99.221240"
2020-05-04,HOSPITAL ÁNGELES ROMA (SANTELENA),PRIVADOS,Buena,Buena,"19.415093, -99.157032"
2020-05-04,HOSPITAL ÁNGELES SANTA MÓNICA,PRIVADOS,,,"19.434256, -99.191809"
2020-05-04,CENTRO MÉDICO ABC CAMPUS OBSERVATORIO,PRIVADOS,Media,Critica,"19.400754, -99.204033"
2020-05-04,CENTRO MÉDICO ABC CAMPUS SANTA FE,PRIVADOS,Buena,Buena,"19.356363, -99.282374"
2020-05-04,HOSPITAL SAN ÁNGEL INN CHAPULTEPEC,PRIVADOS,Buena,Buena,"19.421896, -99.172987"
2020-05-04,HOSPITAL SAN ÁNGEL INN PATRIOTISMO,PRIVADOS,Buena,Buena,"19.376412, -99.186388"
2020-05-04,HOSPITAL SAN ÁNGEL INN SUR,PRIVADOS,Buena,Buena,"19.340277, -99.200021"
2020-05-04,HOSPITAL SAN ÁNGEL INN UNIVERSIDAD,PRIVADOS,Media,Buena,"19.358908, -99.167569"
2020-05-04,CENTRO DE ATENCIÓN MÉDICA INTEGRAL (HOSPITAL CAMI),PRIVADOS,Critica,Media,"19.424002, -99.105060"
2020-05-04,CENTRO MÉDICO DALINDE,PRIVADOS,Media,Media,"19.405260,-99.168017"
2020-05-04,CENTRO MÉDICO QUIRÚRGICO ESCANDÓN,PRIVADOS,,,"19.402517, -99.172257"
2020-05-04,FUNDACIÓN HOSPITAL NUESTRA SEÑORA DE LA LUZ,PRIVADOS,,,"19.434591, -99.157036"
2020-05-04,HMG HOSPITAL COYOACÁN,PRIVADOS,Media,Buena,"19.326990, -99.144988"
2020-05-04,HOSPITAL DE COS,PRIVADOS,,,"19.416040, -99.162523"
2020-05-04,HOSPITAL DIOMED,PRIVADOS,Buena,Buena,"19.401376, -99.205282"
2020-05-04,HOSPITAL ESPAÑOL,PRIVADOS,Critica,Critica,"19.439382, -99.197221"
2020-05-04,HOSPITAL OBREGÓN,PRIVADOS,Buena,Critica,"19.418468, -99.160702"
2020-05-04,HOSPITAL SEDNA,PRIVADOS,Buena,Media,"19.303354, -99.174220"
2020-05-04,MÉDICA SUR,PRIVADOS,Buena,Critica,"19.312440, -99.221240"
2020-05-04,NUEVO SANATORIO DURANGO,PRIVADOS,Buena,Media,"19.418658, -99.171260"
2020-05-04,HOSPITAL DE ESPECIALIDADES MIG,PRIVADOS,Buena,Buena,"19.491579, -99.126636"
2020-05-04,CORPORATIVO HOSPITAL SATÉLITE,PRIVADOS,,Critica,"19.513536, -99.237738"
2020-05-04,HOSPITAL GENERAL MILPA ALTA,SEDESA,,,"19.200951, -99.011210"
2020-05-04,HOSPITAL GENERAL DR. RUBÉN LEÑERO,SEDESA,,,"19.451398, -99.169565"
2020-05-04,HOSPITAL GENERAL BALBUENA,SEDESA,,,"19.424195, -99.115412"
2020-05-04,HOSPITAL GENERAL XOCO,SEDESA,,,"19.360313, -99.162275"
2020-05-04,CLÍNICA HOSPITAL EMILIANO ZAPATA,SEDESA,,,"19.339225, -98.978282"
2020-05-04,HOSPITAL GENERAL VILLA,SEDESA,,,"19.480079, -99.103353"
2020-05-04,HOSPITAL GENERAL TICOMAN,SEDESA,,,"19.514444, -99.137778"
2020-05-04,HOSPITAL PEDIÁTRICO IZTACALCO,SEDESA,,,"19.402722, -99.117628"
2020-05-04,HOSPITAL PEDIÁTRICO AZCAPOTZALCO,SEDESA,,,"19.484418, -99.185442"
2020-05-04,HOSPITAL PEDIÁTRICO MOCTEZUMA,SEDESA,,,"19.432814, -99.098151"
2020-05-04,HOSPITAL MATERNO INFANTIL TOPILEJO,SEDESA,,,"19.199206, -99.140064"
2020-05-04,HOSPITAL MATERNO INFANTIL MAGDALENA CONTRERAS,SEDESA,,,"19.319364, -99.239095"
2020-05-04,HOSPITAL PEDIÁTRICO LEGARIA,SEDESA,,,"19.450699, -99.203637"
2020-05-04,HOSPITAL GENERAL AJUSCO MEDIO,SEDESA,,,"19.272165, -99.207846"
2020-05-04,HOSPITAL MATERNO PEDIÁTRICO XOCHIMILCO,SEDESA,,,"19.254376, -99.104643"
2020-05-04,HOSPITAL PEDIÁTRICO TACUBAYA,SEDESA,,,"19.402594, -99.190990"
2020-05-04,HOSPITAL MATERNO INFANTIL CUAUTEPEC,SEDESA,,,"19.539787, -99.140977"
2020-05-04,HOSPITAL MATERNO INFANTIL TLÁHUAC,SEDESA,,,"19.265167, -98.998000"
2020-05-04,HOSPITAL TORRE MÉDICA TEPEPAN,SEDESA,,,"19.275556, -99.144313"
2020-05-04,HOSPITAL PEDIÁTRICO PERALVILLO,SEDESA,,,"19.459610, -99.141249"
2020-05-04,HOSPITAL GENERAL GREGORIO SALAS,SEDESA,,,"19.437705, -99.129572"
2020-05-04,HOSPITAL PEDIÁTRICO COYOACÁN,SEDESA,,,"19.345818, -99.168076"
2020-05-04,HOSPITAL PEDIÁTRICO IZTAPALAPA,SEDESA,,,"19.356711, -99.107652"
2020-05-04,HOSPITAL GENERAL IZTAPALAPA,SEDESA,,,"19.343426, -99.027236"
2020-05-05,INSTITUTO NACIONAL DE NUTRICIÓN,SSA,Media,Critica,"19.289599, -99.155441"
2020-05-05,INER,SSA,Media,Media,"19.291375, -99.158653"
2020-05-05,HOSPITAL GENERAL DE MÉXICO,SSA,Critica,Critica,"19.4129258, -99.1520225"
2020-05-05,HOSPITAL JUAREZ,SSA,Media,Media,"19.481829, -99.135576"
2020-05-05,HOSPITAL GENERAL DR. MANUEL GEA GONZÁLEZ,SSA,Media,Critica,"19.290295, -99.160861"
2020-05-05,HOSPITAL INFANTIL DE MÉXICO FEDERICO GÓMEZ,SSA,Buena,Buena,"19.410839, -99.151941"
2020-05-05,INSTITUTO  NACIONAL DE CARDIOLOGÍA IGNACIO CHÁVEZ,SSA,Media,Media,"19.290598, -99.153838"
2020-05-05,CITIBANAMEX,SSA,,,"19.439732, -99.224235"
2020-05-05,HOSPITAL REGIONAL DE ALTA ESPECIALIDAD DE IXTAPALUCA,SSA,Media,Media,"19.318796, -98.855353"
2020-05-05,BELISARIO DOMINGUEZ,SEDESA,Media,Buena,"19.307226, -99.065356"
2020-05-05,ENRIQUE CABRERA,SEDESA,Media,Media,"19.361675, -99.224432"
2020-05-05,GENERAL TLAHUAC,SEDESA,Media,Media,"19.287492, -99.052665"
2020-05-05,PEDIATRICO DE LA VILLA,SEDESA,Buena,Buena,"19.487355, -99.114316"
2020-05-05,HOSPITAL GENERAL AJUSCO MEDIO,SEDESA,Media,Critica,"19.272165, -99.207846"
2020-05-05,HOSPITAL GENERAL IZTAPALAPA,SEDESA,Critica,Buena,"19.343426, -99.027236"
2020-05-05,HOSPITAL GENERAL XOCO,SEDESA,Buena,Buena,"19.360313, -99.162275"
2020-05-05,HOSPITAL GENERAL VILLA,SEDESA,Critica,Buena,"19.480079, -99.103353"
2020-05-05,HOSPITAL GENERAL DR. RUBÉN LEÑERO,SEDESA,Buena,Buena,"19.451398, -99.169565"
2020-05-05,HOSPITAL GENERAL MILPA ALTA,SEDESA,Buena,Buena,"19.200951, -99.011210"
2020-05-05,HOSPITAL GENERAL BALBUENA,SEDESA,Critica,Buena,"19.424195, -99.115412"
2020-05-05,HOSPITAL DE ESPECIALIDADES 01 CMN SIGLO XXI (CDMX SUR),IMSS,Media,Media,"19.466549, -99.145102"
2020-05-05,HOSPITAL DE PEDIATRIA 01 CMN SIGLO XXI (CDMX SUR),IMSS,Buena,Buena,"19.407458, -99.152267"
2020-05-05,HOSPITAL GENERAL DE ZONA 01 CARLOS MC GREGOR (CDMX SUR),IMSS,Media,Media,"19.395912, -99.161610"
2020-05-05,HOSPITAL GENERAL DE ZONA 1A PARQUE DE LOS VENADOS (CDMX SUR),IMSS,Buena,Buena,"19.374431, -99.151203"
2020-05-05,HOSPITAL DE INFECTOLOGIA 01 LA RAZA (CDMX NORTE),IMSS,Media,Critica,"19.464865, -99.144859"
2020-05-05,HOSPITAL GENERAL 01 (CDMX NORTE) LA RAZA,IMSS,Buena,Buena,"19.395740, -99.161677"
2020-05-05,HOSPITAL GENERAL DE ZONA 24 (CDMX NORTE),IMSS,Buena,Buena,"19.483221, -99.128448"
2020-05-05,HOSPITAL GENERAL DE ZONA 27 (CDMX NORTE),IMSS,Media,Buena,"19.454776, -99.140007"
2020-05-05,HOSPITAL GENERAL DE ZONA 2A (CDMX SUR),IMSS,Buena,Buena,"19.405495, -99.112200"
2020-05-05,HOSPITAL GENERAL DE ZONA 30 (CDMX SUR),IMSS,Buena,Buena,"19.398836, -99.116913"
2020-05-05,HOSPITAL GENERAL DE ZONA 32 (CDMX SUR),IMSS,Buena,Buena,"19.307964, -99.130677"
2020-05-05,HOSPITAL GENERAL DE ZONA C/MF 08 (CDMX SUR),IMSS,Buena,Buena,"19.337137, -99.200142"
2020-05-05,HOSPITAL GENERAL DE ZONA C/UMAA 48 (CDMX NORTE),IMSS,Buena,Media,"19.482375, -99.213046"
2020-05-05,HOSPITAL GENERAL 02 (CDMX SUR) VILLA COAPA (COY.),IMSS,Critica,Buena,"19.309194, -99.129593"
2020-05-05,HOSPITAL DE ESPECIALIDADES 01 (CDMX NORTE) LA RAZA (AZC),IMSS,Critica,Buena,"19.467169, -99.143785"
2020-05-05,HOSPITAL GENERAL DE ZONA C/MF 29 (S. JUAN ARAGÓN),IMSS,Buena,Critica,"19.465117, -99.085162"
2020-05-05,HOSPITAL GENERAL DE ZONA 47 (CDMX SUR) (IZP),IMSS,Buena,Buena,"19.357566, -99.054269"
2020-05-05,HOSPITAL GENERAL REGIONAL 72,IMSS,Media,Media,"19.542797, -99.205022"
2020-05-05,HOSPITAL GENERAL REGIONAL 196,IMSS,Media,Buena,"19.529016, -99.030983"
2020-05-05,HOSPITAL GENERAL REGIONAL 200,IMSS,Media,Buena,"19.742905, -98.972971"
2020-05-05,HOSPITAL GENERAL DE ZONA 53,IMSS,Media,Buena,"19.356913, -98.990929"
2020-05-05,HOSPITAL GENERAL DE ZONA 197,IMSS,Critica,Buena,"19.515133, -98.891450"
2020-05-05,HOSPITAL GENERAL DE ZONA 194,IMSS,Buena,Buena,"19.470300, -99.234208"
2020-05-05,HOSPITAL GENERAL DE ZONA 57 (LA QUEBRADA),IMSS,Buena,Buena,"19.597387, -99.188426"
2020-05-05,HOSPITAL GENERAL DE ZONA 58 (LAS MARGARITAS),IMSS,Buena,Buena,"19.530797, -99.222446"
2020-05-05,HOSPITAL GENERAL DE ZONA 68 (TULPETLAC),IMSS,Buena,Buena,"19.570070, -99.044009"
2020-05-05,HOSPITAL GENERAL DE ZONA 71 (CHALCO),IMSS,Buena,Buena,"19.259803, -98.893368"
2020-05-05,HOSPITAL GENERAL DE ZONA 76 (XALOSTOC),IMSS,Media,Buena,"19.526677, -99.082058"
2020-05-05,HOSPITAL GENERAL DE ZONA 98 (COACALCO),IMSS,Buena,Buena,"19.638165, -99.098892"
2020-05-05,CENTRO MEDICO 20 DE NOVIEMBRE,ISSSTE,Critica,Media,"19.372720, -99.171205"
2020-05-05,HG DARIO FERNANDEZ FIERRO,ISSSTE,Critica,Buena,"19.363602, -99.188608"
2020-05-05,HG JOSE MARIA MORELOS,ISSSTE,Media,Buena,"19.363918, -98.995393"
2020-05-05,HG TACUBA,ISSSTE,Critica,Buena,"19.454384, -99.191231"
2020-05-05,HG DR FERNANDO QUIROZ,ISSSTE,Media,Buena,"19.394242, -99.194187"
2020-05-05,HG IGNACIO ZARAGOZA,ISSSTE,Critica,Media,"19.389472, -99.045019"
2020-05-05,HR PRIMERO DE OCTUBRE,ISSSTE,Critica,Media,"19.486751, -99.133249"
2020-05-05,HR LIC. ADOLFO LÓPEZ MATEOS,ISSSTE,Critica,Buena,"19.358451, -99.172716"
2020-05-05,HR BICENTENARIO DE LA INDEPENDENCIA,ISSSTE,Critica,Media,"19.628814, -99.163343"
2020-05-05,H.G.TOLUCA,ISSSTE,Buena,Buena,"19.256918, -99.635872"
2020-05-05,ALTA ESPECIALIDAD DE ZUMPANGO,EDOMEX,Buena,Media,"19.815198, -99.089196"
2020-05-05,HOSPITAL REGIONAL TLALNEPANTLA ISSEMYM,EDOMEX,Buena,Critica,"19.521706, -99.187341"
2020-05-05,"HOSPITAL GENERAL ECATEPEC ""LAS AMÉRICAS""",EDOMEX,Media,Media,"19.594136, -99.018679"
2020-05-05,"HOSPITAL GENERAL DE NAUCALPAN ""DR. MAXIMILIANO RUIZ CASTAÑEDA"" ",EDOMEX,Buena,Buena,"19.468662, -99.234348"
2020-05-05,"HOSPITAL GENERAL ATIZAPAN DE ZARAGOZA ""DR. SALVADOR GONZALEZ HERREJÓN""",EDOMEX,Buena,Critica,"19.546322, -99.237491"
2020-05-05,"HOSPITAL GENERAL CUAUTITLAN ""GRAL. JOSE VICENTE VILLADA""",EDOMEX,Media,Buena,"19.664586, -99.178557"
2020-05-05,"HOSPITAL GENERAL DE NEZAHUALCOYOTL ""GUSTAVO BAZ PRADA""",EDOMEX,Buena,Media,"19.422253, -99.014892"
2020-05-05,"HOSPITAL GENERAL DE ECATEPEC ""JOSÉ MARÍA RODRÍGUEZ""",EDOMEX,Buena,Buena,"19.514412, -99.038087"
2020-05-05,"HOSPITAL GENERAL NEZAHUALCOYOTL ""LA PERLA"" ",EDOMEX,Media,Buena,"19.387963, -98.989442"
2020-05-05,HOSPITAL GENERAL DE CHIMALHUACAN,EDOMEX,Media,Buena,"19.419753, -98.975140"
2020-05-05,"HOSPITAL GENERAL DE IXTAPALUCA ""PEDRO LOPEZ""",EDOMEX,Buena,Buena,"19.318829, -98.855366"
2020-05-05,HOSPITAL GENERAL DE CHALCO ,EDOMEX,Media,Buena,"19.268265, -98.893965"
2020-05-05,"HOSPITAL GENERAL TEXCOCO ""GUADALUPE VICTORIA"" BICENTENARIO ",EDOMEX,Media,Critica,"19.514309, -98.871750"
2020-05-05,"HOSPITAL GENERAL VALLE DE CHALCO ""DR. FERNANDO QUIROZ GUTIERREZ"" ",EDOMEX,Media,Buena,"19.273775, -98.941609"
2020-05-05,"HOSPITAL GENERAL AMECAMECA ""VALENTIN GOMEZ FARIAS"" ",EDOMEX,Buena,Buena,"19.144883, -98.785072"
2020-05-05,HOSPITAL GENERAL DE AXAPUSCO,EDOMEX,Media,Media,"19.732872, -98.769445"
2020-05-06,INSTITUTO NACIONAL DE NUTRICIÓN,SSA,Media,Critica,"19.289599, -99.155441"
2020-05-06,INER,SSA,Buena,Critica,"19.291375, -99.158653"
2020-05-06,HOSPITAL GENERAL DE MÉXICO,SSA,Critica,Critica,"19.4129258, -99.1520225"
2020-05-06,HOSPITAL JUAREZ,SSA,Media,Media,"19.481829, -99.135576"
2020-05-06,HOSPITAL GENERAL DR. MANUEL GEA GONZÁLEZ,SSA,Media,Critica,"19.290295, -99.160861"
2020-05-06,HOSPITAL INFANTIL DE MÉXICO FEDERICO GÓMEZ,SSA,Buena,Buena,"19.410839, -99.151941"
2020-05-06,INSTITUTO  NACIONAL DE CARDIOLOGÍA IGNACIO CHÁVEZ,SSA,Media,Media,"19.290598, -99.153838"
2020-05-06,CITIBANAMEX,SSA,,,"19.439732, -99.224235"
2020-05-06,HOSPITAL REGIONAL DE ALTA ESPECIALIDAD DE IXTAPALUCA,SSA,Media,Media,"19.318796, -98.855353"
2020-05-06,BELISARIO DOMINGUEZ,SEDESA,Media,Buena,"19.307226, -99.065356"
2020-05-06,ENRIQUE CABRERA,SEDESA,Media,Media,"19.361675, -99.224432"
2020-05-06,GENERAL TLAHUAC,SEDESA,Buena,Media,"19.287492, -99.052665"
2020-05-06,PEDIATRICO DE LA VILLA,SEDESA,Buena,Buena,"19.487355, -99.114316"
2020-05-06,HOSPITAL GENERAL AJUSCO MEDIO,SEDESA,Media,Critica,"19.272165, -99.207846"
2020-05-06,HOSPITAL GENERAL IZTAPALAPA,SEDESA,Critica,Buena,"19.343426, -99.027236"
2020-05-06,HOSPITAL GENERAL XOCO,SEDESA,Critica,Buena,"19.360313, -99.162275"
2020-05-06,HOSPITAL GENERAL VILLA,SEDESA,Critica,Buena,"19.480079, -99.103353"
2020-05-06,HOSPITAL GENERAL DR. RUBÉN LEÑERO,SEDESA,Buena,Buena,"19.451398, -99.169565"
2020-05-06,HOSPITAL GENERAL MILPA ALTA,SEDESA,Buena,Buena,"19.200951, -99.011210"
2020-05-06,HOSPITAL GENERAL BALBUENA,SEDESA,Critica,Buena,"19.424195, -99.115412"
2020-05-06,HOSPITAL DE ESPECIALIDADES 01 CMN SIGLO XXI (CDMX SUR),IMSS,Media,Media,"19.466549, -99.145102"
2020-05-06,HOSPITAL DE PEDIATRIA 01 CMN SIGLO XXI (CDMX SUR),IMSS,Buena,Buena,"19.407458, -99.152267"
2020-05-06,HOSPITAL GENERAL DE ZONA 01 CARLOS MC GREGOR (CDMX SUR),IMSS,Media,Buena,"19.395912, -99.161610"
2020-05-06,HOSPITAL GENERAL DE ZONA 1A PARQUE DE LOS VENADOS (CDMX SUR),IMSS,Buena,Buena,"19.374431, -99.151203"
2020-05-06,HOSPITAL DE INFECTOLOGIA 01 LA RAZA (CDMX NORTE),IMSS,Media,Critica,"19.464865, -99.144859"
2020-05-06,HOSPITAL GENERAL 01 (CDMX NORTE) LA RAZA,IMSS,Buena,Buena,"19.395740, -99.161677"
2020-05-06,HOSPITAL GENERAL DE ZONA 24 (CDMX NORTE),IMSS,Buena,Buena,"19.483221, -99.128448"
2020-05-06,HOSPITAL GENERAL DE ZONA 27 (CDMX NORTE),IMSS,Media,Buena,"19.454776, -99.140007"
2020-05-06,HOSPITAL GENERAL DE ZONA 2A (CDMX SUR),IMSS,Buena,Buena,"19.405495, -99.112200"
2020-05-06,HOSPITAL GENERAL DE ZONA 30 (CDMX SUR),IMSS,Buena,Buena,"19.398836, -99.116913"
2020-05-06,HOSPITAL GENERAL DE ZONA 32 (CDMX SUR),IMSS,Buena,Media,"19.307964, -99.130677"
2020-05-06,HOSPITAL GENERAL DE ZONA C/MF 08 (CDMX SUR),IMSS,Buena,Buena,"19.337137, -99.200142"
2020-05-06,HOSPITAL GENERAL DE ZONA C/UMAA 48 (CDMX NORTE),IMSS,Buena,Media,"19.482375, -99.213046"
2020-05-06,HOSPITAL GENERAL 02 (CDMX SUR) VILLA COAPA (COY.),IMSS,Critica,Buena,"19.309194, -99.129593"
2020-05-06,HOSPITAL DE ESPECIALIDADES 01 (CDMX NORTE) LA RAZA (AZC),IMSS,Critica,Buena,"19.467169, -99.143785"
2020-05-06,HOSPITAL GENERAL DE ZONA C/MF 29 (S. JUAN ARAGÓN),IMSS,Media,Critica,"19.465117, -99.085162"
2020-05-06,HOSPITAL GENERAL DE ZONA 47 (CDMX SUR) (IZP),IMSS,Buena,Buena,"19.357566, -99.054269"
2020-05-06,HOSPITAL GENERAL REGIONAL 72,IMSS,Media,Media,"19.542797, -99.205022"
2020-05-06,HOSPITAL GENERAL REGIONAL 196,IMSS,Media,Buena,"19.529016, -99.030983"
2020-05-06,HOSPITAL GENERAL REGIONAL 200,IMSS,Media,Buena,"19.742905, -98.972971"
2020-05-06,HOSPITAL GENERAL DE ZONA 53,IMSS,Media,Buena,"19.356913, -98.990929"
2020-05-06,HOSPITAL GENERAL DE ZONA 197,IMSS,Media,Buena,"19.515133, -98.891450"
2020-05-06,HOSPITAL GENERAL DE ZONA 194,IMSS,Buena,Buena,"19.470300, -99.234208"
2020-05-06,HOSPITAL GENERAL DE ZONA 57 (LA QUEBRADA),IMSS,Buena,Buena,"19.597387, -99.188426"
2020-05-06,HOSPITAL GENERAL DE ZONA 58 (LAS MARGARITAS),IMSS,Buena,Buena,"19.530797, -99.222446"
2020-05-06,HOSPITAL GENERAL DE ZONA 68 (TULPETLAC),IMSS,Buena,Buena,"19.570070, -99.044009"
2020-05-06,HOSPITAL GENERAL DE ZONA 71 (CHALCO),IMSS,Buena,Buena,"19.259803, -98.893368"
2020-05-06,HOSPITAL GENERAL DE ZONA 76 (XALOSTOC),IMSS,Media,Media,"19.526677, -99.082058"
2020-05-06,HOSPITAL GENERAL DE ZONA 98 (COACALCO),IMSS,Buena,Buena,"19.638165, -99.098892"
2020-05-06,CENTRO MEDICO 20 DE NOVIEMBRE,ISSSTE,Critica,Media,"19.372720, -99.171205"
2020-05-06,HG DARIO FERNANDEZ FIERRO,ISSSTE,Critica,Buena,"19.363602, -99.188608"
2020-05-06,HG JOSE MARIA MORELOS,ISSSTE,Media,Buena,"19.363918, -98.995393"
2020-05-06,HG TACUBA,ISSSTE,Critica,Buena,"19.454384, -99.191231"
2020-05-06,HG DR FERNANDO QUIROZ,ISSSTE,Media,Buena,"19.394242, -99.194187"
2020-05-06,HG IGNACIO ZARAGOZA,ISSSTE,Critica,Media,"19.389472, -99.045019"
2020-05-06,HR PRIMERO DE OCTUBRE,ISSSTE,Critica,Media,"19.486751, -99.133249"
2020-05-06,HR LIC. ADOLFO LÓPEZ MATEOS,ISSSTE,Critica,Buena,"19.358451, -99.172716"
2020-05-06,HR BICENTENARIO DE LA INDEPENDENCIA,ISSSTE,Critica,Media,"19.628814, -99.163343"
2020-05-06,H.G.TOLUCA,ISSSTE,Buena,Buena,"19.256918, -99.635872"
2020-05-06,ALTA ESPECIALIDAD DE ZUMPANGO,EDOMEX,Buena,Media,"19.815198, -99.089196"
2020-05-06,HOSPITAL REGIONAL TLALNEPANTLA ISSEMYM,EDOMEX,Media,Media,"19.521706, -99.187341"
2020-05-06,"HOSPITAL GENERAL ECATEPEC ""LAS AMÉRICAS""",EDOMEX,Media,Media,"19.594136, -99.018679"
2020-05-06,"HOSPITAL GENERAL DE NAUCALPAN ""DR. MAXIMILIANO RUIZ CASTAÑEDA"" ",EDOMEX,Buena,Buena,"19.468662, -99.234348"
2020-05-06,"HOSPITAL GENERAL ATIZAPAN DE ZARAGOZA ""DR. SALVADOR GONZALEZ HERREJÓN""",EDOMEX,Buena,Critica,"19.546322, -99.237491"
2020-05-06,"HOSPITAL GENERAL CUAUTITLAN ""GRAL. JOSE VICENTE VILLADA""",EDOMEX,Media,Buena,"19.664586, -99.178557"
2020-05-06,"HOSPITAL GENERAL DE NEZAHUALCOYOTL ""GUSTAVO BAZ PRADA""",EDOMEX,Media,Buena,"19.422253, -99.014892"
2020-05-06,"HOSPITAL GENERAL DE ECATEPEC ""JOSÉ MARÍA RODRÍGUEZ""",EDOMEX,Buena,Buena,"19.514412, -99.038087"
2020-05-06,"HOSPITAL GENERAL NEZAHUALCOYOTL ""LA PERLA"" ",EDOMEX,Media,Buena,"19.387963, -98.989442"
2020-05-06,HOSPITAL GENERAL DE CHIMALHUACAN,EDOMEX,Media,Buena,"19.419753, -98.975140"
2020-05-06,"HOSPITAL GENERAL DE IXTAPALUCA ""PEDRO LOPEZ""",EDOMEX,Buena,Buena,"19.318829, -98.855366"
2020-05-06,HOSPITAL GENERAL DE CHALCO ,EDOMEX,Media,Buena,"19.268265, -98.893965"
2020-05-06,"HOSPITAL GENERAL TEXCOCO ""GUADALUPE VICTORIA"" BICENTENARIO ",EDOMEX,Media,Media,"19.514309, -98.871750"
2020-05-06,"HOSPITAL GENERAL VALLE DE CHALCO ""DR. FERNANDO QUIROZ GUTIERREZ"" ",EDOMEX,Media,Buena,"19.273775, -98.941609"
2020-05-06,"HOSPITAL GENERAL AMECAMECA ""VALENTIN GOMEZ FARIAS"" ",EDOMEX,Buena,Buena,"19.144883, -98.785072"
2020-05-06,HOSPITAL GENERAL DE AXAPUSCO,EDOMEX,Media,Media,"19.732872, -98.769445"
2020-05-07,INSTITUTO NACIONAL DE NUTRICIÓN,SSA,Critica,Critica,"19.289599, -99.155441"
2020-05-07,INER,SSA,Media,Media,"19.291375, -99.158653"
2020-05-07,HOSPITAL GENERAL DE MÉXICO,SSA,Critica,Critica,"19.4129258, -99.1520225"
2020-05-07,HOSPITAL JUAREZ,SSA,Media,Media,"19.481829, -99.135576"
2020-05-07,HOSPITAL GENERAL DR. MANUEL GEA GONZÁLEZ,SSA,Media,Critica,"19.290295, -99.160861"
2020-05-07,HOSPITAL INFANTIL DE MÉXICO FEDERICO GÓMEZ,SSA,Buena,Buena,"19.410839, -99.151941"
2020-05-07,INSTITUTO  NACIONAL DE CARDIOLOGÍA IGNACIO CHÁVEZ,SSA,Media,Media,"19.290598, -99.153838"
2020-05-07,CITIBANAMEX,SSA,,,"19.439732, -99.224235"
2020-05-07,HOSPITAL REGIONAL DE ALTA ESPECIALIDAD DE IXTAPALUCA,SSA,Media,Critica,"19.318796, -98.855353"
2020-05-07,BELISARIO DOMINGUEZ,SEDESA,Media,Buena,"19.307226, -99.065356"
2020-05-07,ENRIQUE CABRERA,SEDESA,Media,Media,"19.361675, -99.224432"
2020-05-07,GENERAL TLAHUAC,SEDESA,Buena,Buena,"19.287492, -99.052665"
2020-05-07,PEDIATRICO DE LA VILLA,SEDESA,Buena,Buena,"19.487355, -99.114316"
2020-05-07,HOSPITAL GENERAL AJUSCO MEDIO,SEDESA,Media,Media,"19.272165, -99.207846"
2020-05-07,HOSPITAL GENERAL IZTAPALAPA,SEDESA,Media,Buena,"19.343426, -99.027236"
2020-05-07,HOSPITAL GENERAL XOCO,SEDESA,Critica,Buena,"19.360313, -99.162275"
2020-05-07,HOSPITAL GENERAL VILLA,SEDESA,Buena,Buena,"19.480079, -99.103353"
2020-05-07,HOSPITAL GENERAL DR. RUBÉN LEÑERO,SEDESA,Buena,Buena,"19.451398, -99.169565"
2020-05-07,HOSPITAL GENERAL MILPA ALTA,SEDESA,Critica,Buena,"19.200951, -99.011210"
2020-05-07,HOSPITAL GENERAL BALBUENA,SEDESA,Media,Buena,"19.424195, -99.115412"
2020-05-07,HOSPITAL DE ESPECIALIDADES 01 CMN SIGLO XXI (CDMX SUR),IMSS,Media,Media,"19.466549, -99.145102"
2020-05-07,HOSPITAL DE PEDIATRIA 01 CMN SIGLO XXI (CDMX SUR),IMSS,Buena,Buena,"19.407458, -99.152267"
2020-05-07,HOSPITAL GENERAL DE ZONA 01 CARLOS MC GREGOR (CDMX SUR),IMSS,Media,Media,"19.395912, -99.161610"
2020-05-07,HOSPITAL GENERAL DE ZONA 1A PARQUE DE LOS VENADOS (CDMX SUR),IMSS,Buena,Buena,"19.374431, -99.151203"
2020-05-07,HOSPITAL DE INFECTOLOGIA 01 LA RAZA (CDMX NORTE),IMSS,Media,Critica,"19.464865, -99.144859"
2020-05-07,HOSPITAL GENERAL 01 (CDMX NORTE) LA RAZA,IMSS,Buena,Buena,"19.395740, -99.161677"
2020-05-07,HOSPITAL GENERAL DE ZONA 24 (CDMX NORTE),IMSS,Buena,Buena,"19.483221, -99.128448"
2020-05-07,HOSPITAL GENERAL DE ZONA 27 (CDMX NORTE),IMSS,Media,Buena,"19.454776, -99.140007"
2020-05-07,HOSPITAL GENERAL DE ZONA 2A (CDMX SUR),IMSS,Buena,Buena,"19.405495, -99.112200"
2020-05-07,HOSPITAL GENERAL DE ZONA 30 (CDMX SUR),IMSS,Buena,Buena,"19.398836, -99.116913"
2020-05-07,HOSPITAL GENERAL DE ZONA 32 (CDMX SUR),IMSS,Buena,Media,"19.307964, -99.130677"
2020-05-07,HOSPITAL GENERAL DE ZONA C/MF 08 (CDMX SUR),IMSS,Buena,Media,"19.337137, -99.200142"
2020-05-07,HOSPITAL GENERAL DE ZONA C/UMAA 48 (CDMX NORTE),IMSS,Buena,Media,"19.482375, -99.213046"
2020-05-07,HOSPITAL GENERAL 02 (CDMX SUR) VILLA COAPA (COY.),IMSS,Critica,Buena,"19.309194, -99.129593"
2020-05-07,HOSPITAL DE ESPECIALIDADES 01 (CDMX NORTE) LA RAZA (AZC),IMSS,Critica,Buena,"19.467169, -99.143785"
2020-05-07,HOSPITAL GENERAL DE ZONA C/MF 29 (S. JUAN ARAGÓN),IMSS,Media,Critica,"19.465117, -99.085162"
2020-05-07,HOSPITAL GENERAL DE ZONA 47 (CDMX SUR) (IZP),IMSS,Buena,Buena,"19.357566, -99.054269"
2020-05-07,HOSPITAL GENERAL REGIONAL 72,IMSS,Media,Critica,"19.542797, -99.205022"
2020-05-07,HOSPITAL GENERAL REGIONAL 196,IMSS,Media,Buena,"19.529016, -99.030983"
2020-05-07,HOSPITAL GENERAL REGIONAL 200,IMSS,Media,Buena,"19.742905, -98.972971"
2020-05-07,HOSPITAL GENERAL DE ZONA 53,IMSS,Media,Buena,"19.356913, -98.990929"
2020-05-07,HOSPITAL GENERAL DE ZONA 197,IMSS,Media,Buena,"19.515133, -98.891450"
2020-05-07,HOSPITAL GENERAL DE ZONA 194,IMSS,Buena,Buena,"19.470300, -99.234208"
2020-05-07,HOSPITAL GENERAL DE ZONA 57 (LA QUEBRADA),IMSS,Buena,Buena,"19.597387, -99.188426"
2020-05-07,HOSPITAL GENERAL DE ZONA 58 (LAS MARGARITAS),IMSS,Buena,Buena,"19.530797, -99.222446"
2020-05-07,HOSPITAL GENERAL DE ZONA 68 (TULPETLAC),IMSS,Buena,Buena,"19.570070, -99.044009"
2020-05-07,HOSPITAL GENERAL DE ZONA 71 (CHALCO),IMSS,Buena,Buena,"19.259803, -98.893368"
2020-05-07,HOSPITAL GENERAL DE ZONA 76 (XALOSTOC),IMSS,Media,Media,"19.526677, -99.082058"
2020-05-07,HOSPITAL GENERAL DE ZONA 98 (COACALCO),IMSS,Buena,Buena,"19.638165, -99.098892"
2020-05-07,CENTRO MEDICO 20 DE NOVIEMBRE,ISSSTE,Critica,Media,"19.372720, -99.171205"
2020-05-07,HG DARIO FERNANDEZ FIERRO,ISSSTE,Media,Media,"19.363602, -99.188608"
2020-05-07,HG JOSE MARIA MORELOS,ISSSTE,Media,Buena,"19.363918, -98.995393"
2020-05-07,HG TACUBA,ISSSTE,Media,Buena,"19.454384, -99.191231"
2020-05-07,HG DR FERNANDO QUIROZ,ISSSTE,Critica,Buena,"19.394242, -99.194187"
2020-05-07,HG IGNACIO ZARAGOZA,ISSSTE,Critica,Critica,"19.389472, -99.045019"
2020-05-07,HR PRIMERO DE OCTUBRE,ISSSTE,Critica,Critica,"19.486751, -99.133249"
2020-05-07,HR LIC. ADOLFO LÓPEZ MATEOS,ISSSTE,Critica,Buena,"19.358451, -99.172716"
2020-05-07,HR BICENTENARIO DE LA INDEPENDENCIA,ISSSTE,Critica,Media,"19.628814, -99.163343"
2020-05-07,ALTA ESPECIALIDAD DE ZUMPANGO,EDOMEX,Media,Media,"19.815198, -99.089196"
2020-05-07,HOSPITAL REGIONAL TLALNEPANTLA ISSEMYM,EDOMEX,Buena,Critica,"19.521706, -99.187341"
2020-05-07,"HOSPITAL GENERAL ECATEPEC ""LAS AMÉRICAS""",EDOMEX,Critica,Media,"19.594136, -99.018679"
2020-05-07,"HOSPITAL GENERAL DE NAUCALPAN ""DR. MAXIMILIANO RUIZ CASTAÑEDA"" ",EDOMEX,Buena,Buena,"19.468662, -99.234348"
2020-05-07,"HOSPITAL GENERAL ATIZAPAN DE ZARAGOZA ""DR. SALVADOR GONZALEZ HERREJÓN""",EDOMEX,Buena,Critica,"19.546322, -99.237491"
2020-05-07,"HOSPITAL GENERAL CUAUTITLAN ""GRAL. JOSE VICENTE VILLADA""",EDOMEX,Media,Media,"19.664586, -99.178557"
2020-05-07,"HOSPITAL GENERAL DE NEZAHUALCOYOTL ""GUSTAVO BAZ PRADA""",EDOMEX,Media,Buena,"19.422253, -99.014892"
2020-05-07,"HOSPITAL GENERAL DE ECATEPEC ""JOSÉ MARÍA RODRÍGUEZ""",EDOMEX,Buena,Buena,"19.514412, -99.038087"
2020-05-07,"HOSPITAL GENERAL NEZAHUALCOYOTL ""LA PERLA"" ",EDOMEX,Critica,Buena,"19.387963, -98.989442"
2020-05-07,HOSPITAL GENERAL DE CHIMALHUACAN,EDOMEX,Media,Buena,"19.419753, -98.975140"
2020-05-07,"HOSPITAL GENERAL DE IXTAPALUCA ""PEDRO LOPEZ""",EDOMEX,Buena,Buena,"19.318829, -98.855366"
2020-05-07,HOSPITAL GENERAL DE CHALCO ,EDOMEX,Media,Buena,"19.268265, -98.893965"
2020-05-07,"HOSPITAL GENERAL TEXCOCO ""GUADALUPE VICTORIA"" BICENTENARIO ",EDOMEX,Media,Buena,"19.514309, -98.871750"
2020-05-07,"HOSPITAL GENERAL VALLE DE CHALCO ""DR. FERNANDO QUIROZ GUTIERREZ"" ",EDOMEX,Media,Buena,"19.273775, -98.941609"
2020-05-07,"HOSPITAL GENERAL AMECAMECA ""VALENTIN GOMEZ FARIAS"" ",EDOMEX,Buena,Buena,"19.144883, -98.785072"
2020-05-07,HOSPITAL GENERAL DE AXAPUSCO,EDOMEX,Media,Buena,"19.732872, -98.769445"
2020-05-08,INSTITUTO NACIONAL DE NUTRICIÓN,SSA,Critica,Critica,"19.289599, -99.155441"
2020-05-08,INER,SSA,Buena,Critica,"19.291375, -99.158653"
2020-05-08,HOSPITAL GENERAL DE MÉXICO,SSA,Critica,Critica,"19.4129258, -99.1520225"
2020-05-08,HOSPITAL JUAREZ,SSA,Media,Media,"19.481829, -99.135576"
2020-05-08,HOSPITAL GENERAL DR. MANUEL GEA GONZÁLEZ,SSA,Media,Critica,"19.290295, -99.160861"
2020-05-08,HOSPITAL INFANTIL DE MÉXICO FEDERICO GÓMEZ,SSA,Buena,Buena,"19.410839, -99.151941"
2020-05-08,INSTITUTO  NACIONAL DE CARDIOLOGÍA IGNACIO CHÁVEZ,SSA,Media,Media,"19.290598, -99.153838"
2020-05-08,CITIBANAMEX,SSA,,,"19.439732, -99.224235"
2020-05-08,HOSPITAL REGIONAL DE ALTA ESPECIALIDAD DE IXTAPALUCA,SSA,Media,Media,"19.318796, -98.855353"
2020-05-08,BELISARIO DOMINGUEZ,SEDESA,Media,Buena,"19.307226, -99.065356"
2020-05-08,ENRIQUE CABRERA,SEDESA,Media,Media,"19.361675, -99.224432"
2020-05-08,GENERAL TLAHUAC,SEDESA,Buena,Buena,"19.287492, -99.052665"
2020-05-08,PEDIATRICO DE LA VILLA,SEDESA,Buena,Buena,"19.487355, -99.114316"
2020-05-08,HOSPITAL GENERAL AJUSCO MEDIO,SEDESA,Media,Media,"19.272165, -99.207846"
2020-05-08,HOSPITAL GENERAL IZTAPALAPA,SEDESA,Media,Buena,"19.343426, -99.027236"
2020-05-08,HOSPITAL GENERAL XOCO,SEDESA,Critica,Buena,"19.360313, -99.162275"
2020-05-08,HOSPITAL GENERAL VILLA,SEDESA,Buena,Buena,"19.480079, -99.103353"
2020-05-08,HOSPITAL GENERAL DR. RUBÉN LEÑERO,SEDESA,Buena,Buena,"19.451398, -99.169565"
2020-05-08,HOSPITAL GENERAL MILPA ALTA,SEDESA,Media,Buena,"19.200951, -99.011210"
2020-05-08,HOSPITAL GENERAL BALBUENA,SEDESA,Media,Buena,"19.424195, -99.115412"
2020-05-08,HOSPITAL DE ESPECIALIDADES 01 CMN SIGLO XXI (CDMX SUR),IMSS,Critica,Media,"19.466549, -99.145102"
2020-05-08,HOSPITAL DE PEDIATRIA 01 CMN SIGLO XXI (CDMX SUR),IMSS,Buena,Buena,"19.407458, -99.152267"
2020-05-08,HOSPITAL GENERAL DE ZONA 01 CARLOS MC GREGOR (CDMX SUR),IMSS,Media,Media,"19.395912, -99.161610"
2020-05-08,HOSPITAL GENERAL DE ZONA 1A PARQUE DE LOS VENADOS (CDMX SUR),IMSS,Buena,Buena,"19.374431, -99.151203"
2020-05-08,HOSPITAL DE INFECTOLOGIA 01 LA RAZA (CDMX NORTE),IMSS,Media,Critica,"19.464865, -99.144859"
2020-05-08,HOSPITAL GENERAL 01 (CDMX NORTE) LA RAZA,IMSS,Buena,Buena,"19.395740, -99.161677"
2020-05-08,HOSPITAL GENERAL DE ZONA 24 (CDMX NORTE),IMSS,Buena,Buena,"19.483221, -99.128448"
2020-05-08,HOSPITAL GENERAL DE ZONA 27 (CDMX NORTE),IMSS,Media,Buena,"19.454776, -99.140007"
2020-05-08,HOSPITAL GENERAL DE ZONA 2A (CDMX SUR),IMSS,Buena,Buena,"19.405495, -99.112200"
2020-05-08,HOSPITAL GENERAL DE ZONA 30 (CDMX SUR),IMSS,Buena,Buena,"19.398836, -99.116913"
2020-05-08,HOSPITAL GENERAL DE ZONA 32 (CDMX SUR),IMSS,Buena,Media,"19.307964, -99.130677"
2020-05-08,HOSPITAL GENERAL DE ZONA C/MF 08 (CDMX SUR),IMSS,Buena,Media,"19.337137, -99.200142"
2020-05-08,HOSPITAL GENERAL DE ZONA C/UMAA 48 (CDMX NORTE),IMSS,Buena,Media,"19.482375, -99.213046"
2020-05-08,HOSPITAL GENERAL 02 (CDMX SUR) VILLA COAPA (COY.),IMSS,Critica,Buena,"19.309194, -99.129593"
2020-05-08,HOSPITAL DE ESPECIALIDADES 01 (CDMX NORTE) LA RAZA (AZC),IMSS,Critica,Buena,"19.467169, -99.143785"
2020-05-08,HOSPITAL GENERAL DE ZONA C/MF 29 (S. JUAN ARAGÓN),IMSS,Media,Critica,"19.465117, -99.085162"
2020-05-08,HOSPITAL GENERAL DE ZONA 47 (CDMX SUR) (IZP),IMSS,Buena,Buena,"19.357566, -99.054269"
2020-05-08,HOSPITAL GENERAL REGIONAL 72,IMSS,Media,Critica,"19.542797, -99.205022"
2020-05-08,HOSPITAL GENERAL REGIONAL 196,IMSS,Media,Buena,"19.529016, -99.030983"
2020-05-08,HOSPITAL GENERAL REGIONAL 200,IMSS,Media,Buena,"19.742905, -98.972971"
2020-05-08,HOSPITAL GENERAL DE ZONA 53,IMSS,Media,Buena,"19.356913, -98.990929"
2020-05-08,HOSPITAL GENERAL DE ZONA 197,IMSS,Media,Buena,"19.515133, -98.891450"
2020-05-08,HOSPITAL GENERAL DE ZONA 194,IMSS,Buena,Buena,"19.470300, -99.234208"
2020-05-08,HOSPITAL GENERAL DE ZONA 57 (LA QUEBRADA),IMSS,Buena,Buena,"19.597387, -99.188426"
2020-05-08,HOSPITAL GENERAL DE ZONA 58 (LAS MARGARITAS),IMSS,Buena,Buena,"19.530797, -99.222446"
2020-05-08,HOSPITAL GENERAL DE ZONA 68 (TULPETLAC),IMSS,Buena,Buena,"19.570070, -99.044009"
2020-05-08,HOSPITAL GENERAL DE ZONA 71 (CHALCO),IMSS,Buena,Buena,"19.259803, -98.893368"
2020-05-08,HOSPITAL GENERAL DE ZONA 76 (XALOSTOC),IMSS,Media,Media,"19.526677, -99.082058"
2020-05-08,HOSPITAL GENERAL DE ZONA 98 (COACALCO),IMSS,Buena,Buena,"19.638165, -99.098892"
2020-05-08,CENTRO MEDICO 20 DE NOVIEMBRE,ISSSTE,Critica,Media,"19.372720, -99.171205"
2020-05-08,HG DARIO FERNANDEZ FIERRO,ISSSTE,Media,Media,"19.363602, -99.188608"
2020-05-08,HG JOSE MARIA MORELOS,ISSSTE,Media,Buena,"19.363918, -98.995393"
2020-05-08,HG TACUBA,ISSSTE,Media,Buena,"19.454384, -99.191231"
2020-05-08,HG DR FERNANDO QUIROZ,ISSSTE,Critica,Media,"19.394242, -99.194187"
2020-05-08,HG IGNACIO ZARAGOZA,ISSSTE,Critica,Critica,"19.389472, -99.045019"
2020-05-08,HR PRIMERO DE OCTUBRE,ISSSTE,Media,Media,"19.486751, -99.133249"
2020-05-08,HR LIC. ADOLFO LÓPEZ MATEOS,ISSSTE,Critica,Buena,"19.358451, -99.172716"
2020-05-08,HR BICENTENARIO DE LA INDEPENDENCIA,ISSSTE,Critica,Media,"19.628814, -99.163343"
2020-05-08,ALTA ESPECIALIDAD DE ZUMPANGO,EDOMEX,Buena,Media,"19.815198, -99.089196"
2020-05-08,HOSPITAL REGIONAL TLALNEPANTLA ISSEMYM,EDOMEX,Buena,Critica,"19.521706, -99.187341"
2020-05-08,"HOSPITAL GENERAL ECATEPEC ""LAS AMÉRICAS""",EDOMEX,Media,Buena,"19.594136, -99.018679"
2020-05-08,"HOSPITAL GENERAL DE NAUCALPAN ""DR. MAXIMILIANO RUIZ CASTAÑEDA"" ",EDOMEX,Buena,Buena,"19.468662, -99.234348"
2020-05-08,"HOSPITAL GENERAL ATIZAPAN DE ZARAGOZA ""DR. SALVADOR GONZALEZ HERREJÓN""",EDOMEX,Buena,Critica,"19.546322, -99.237491"
2020-05-08,"HOSPITAL GENERAL CUAUTITLAN ""GRAL. JOSE VICENTE VILLADA""",EDOMEX,Media,Media,"19.664586, -99.178557"
2020-05-08,"HOSPITAL GENERAL DE NEZAHUALCOYOTL ""GUSTAVO BAZ PRADA""",EDOMEX,Media,Buena,"19.422253, -99.014892"
2020-05-08,"HOSPITAL GENERAL DE ECATEPEC ""JOSÉ MARÍA RODRÍGUEZ""",EDOMEX,Buena,Buena,"19.514412, -99.038087"
2020-05-08,"HOSPITAL GENERAL NEZAHUALCOYOTL ""LA PERLA"" ",EDOMEX,Critica,Buena,"19.387963, -98.989442"
2020-05-08,HOSPITAL GENERAL DE CHIMALHUACAN,EDOMEX,Media,Buena,"19.419753, -98.975140"
2020-05-08,"HOSPITAL GENERAL DE IXTAPALUCA ""PEDRO LOPEZ""",EDOMEX,Buena,Buena,"19.318829, -98.855366"
2020-05-08,HOSPITAL GENERAL DE CHALCO ,EDOMEX,Media,Buena,"19.268265, -98.893965"
2020-05-08,"HOSPITAL GENERAL TEXCOCO ""GUADALUPE VICTORIA"" BICENTENARIO ",EDOMEX,Media,Buena,"19.514309, -98.871750"
2020-05-08,"HOSPITAL GENERAL VALLE DE CHALCO ""DR. FERNANDO QUIROZ GUTIERREZ"" ",EDOMEX,Media,Buena,"19.273775, -98.941609"
2020-05-08,"HOSPITAL GENERAL AMECAMECA ""VALENTIN GOMEZ FARIAS"" ",EDOMEX,Buena,Buena,"19.144883, -98.785072"
2020-05-08,HOSPITAL GENERAL DE AXAPUSCO,EDOMEX,Media,Buena,"19.732872, -98.769445"
2020-05-09,INSTITUTO NACIONAL DE NUTRICIÓN,SSA,Critica,Critica,"19.289599, -99.155441"
2020-05-09,INER,SSA,Buena,Media,"19.291375, -99.158653"
2020-05-09,HOSPITAL GENERAL DE MÉXICO,SSA,Critica,Critica,"19.4129258, -99.1520225"
2020-05-09,HOSPITAL JUAREZ,SSA,Critica,Media,"19.481829, -99.135576"
2020-05-09,HOSPITAL GENERAL DR. MANUEL GEA GONZÁLEZ,SSA,Media,Critica,"19.290295, -99.160861"
2020-05-09,HOSPITAL INFANTIL DE MÉXICO FEDERICO GÓMEZ,SSA,Buena,Buena,"19.410839, -99.151941"
2020-05-09,INSTITUTO  NACIONAL DE CARDIOLOGÍA IGNACIO CHÁVEZ,SSA,Media,Media,"19.290598, -99.153838"
2020-05-09,CITIBANAMEX,SSA,,,"19.439732, -99.224235"
2020-05-09,HOSPITAL REGIONAL DE ALTA ESPECIALIDAD DE IXTAPALUCA,SSA,Media,Critica,"19.318796, -98.855353"
2020-05-09,BELISARIO DOMINGUEZ,SEDESA,Media,Buena,"19.307226, -99.065356"
2020-05-09,ENRIQUE CABRERA,SEDESA,Media,Buena,"19.361675, -99.224432"
2020-05-09,GENERAL TLAHUAC,SEDESA,Buena,Buena,"19.287492, -99.052665"
2020-05-09,PEDIATRICO DE LA VILLA,SEDESA,Buena,Buena,"19.487355, -99.114316"
2020-05-09,HOSPITAL GENERAL AJUSCO MEDIO,SEDESA,Media,Media,"19.272165, -99.207846"
2020-05-09,HOSPITAL GENERAL IZTAPALAPA,SEDESA,Critica,Buena,"19.343426, -99.027236"
2020-05-09,HOSPITAL GENERAL XOCO,SEDESA,Critica,Buena,"19.360313, -99.162275"
2020-05-09,HOSPITAL GENERAL VILLA,SEDESA,Buena,Buena,"19.480079, -99.103353"
2020-05-09,HOSPITAL GENERAL DR. RUBÉN LEÑERO,SEDESA,Buena,Buena,"19.451398, -99.169565"
2020-05-09,HOSPITAL GENERAL MILPA ALTA,SEDESA,Media,Buena,"19.200951, -99.011210"
2020-05-09,HOSPITAL GENERAL BALBUENA,SEDESA,Media,Buena,"19.424195, -99.115412"
2020-05-09,HOSPITAL DE ESPECIALIDADES 01 CMN SIGLO XXI (CDMX SUR),IMSS,Critica,Critica,"19.466549, -99.145102"
2020-05-09,HOSPITAL DE PEDIATRIA 01 CMN SIGLO XXI (CDMX SUR),IMSS,Buena,Buena,"19.407458, -99.152267"
2020-05-09,HOSPITAL GENERAL DE ZONA 01 CARLOS MC GREGOR (CDMX SUR),IMSS,Media,Media,"19.395912, -99.161610"
2020-05-09,HOSPITAL GENERAL DE ZONA 1A PARQUE DE LOS VENADOS (CDMX SUR),IMSS,Buena,Buena,"19.374431, -99.151203"
2020-05-09,HOSPITAL DE INFECTOLOGIA 01 LA RAZA (CDMX NORTE),IMSS,Media,Critica,"19.464865, -99.144859"
2020-05-09,HOSPITAL GENERAL 01 (CDMX NORTE) LA RAZA,IMSS,Buena,Buena,"19.395740, -99.161677"
2020-05-09,HOSPITAL GENERAL DE ZONA 24 (CDMX NORTE),IMSS,Media,Buena,"19.483221, -99.128448"
2020-05-09,HOSPITAL GENERAL DE ZONA 27 (CDMX NORTE),IMSS,Media,Buena,"19.454776, -99.140007"
2020-05-09,HOSPITAL GENERAL DE ZONA 2A (CDMX SUR),IMSS,Buena,Buena,"19.405495, -99.112200"
2020-05-09,HOSPITAL GENERAL DE ZONA 30 (CDMX SUR),IMSS,Buena,Buena,"19.398836, -99.116913"
2020-05-09,HOSPITAL GENERAL DE ZONA 32 (CDMX SUR),IMSS,Buena,Media,"19.307964, -99.130677"
2020-05-09,HOSPITAL GENERAL DE ZONA C/MF 08 (CDMX SUR),IMSS,Buena,Media,"19.337137, -99.200142"
2020-05-09,HOSPITAL GENERAL DE ZONA C/UMAA 48 (CDMX NORTE),IMSS,Buena,Media,"19.482375, -99.213046"
2020-05-09,HOSPITAL GENERAL 02 (CDMX SUR) VILLA COAPA (COY.),IMSS,Critica,Buena,"19.309194, -99.129593"
2020-05-09,HOSPITAL DE ESPECIALIDADES 01 (CDMX NORTE) LA RAZA (AZC),IMSS,Critica,Buena,"19.467169, -99.143785"
2020-05-09,HOSPITAL GENERAL DE ZONA C/MF 29 (S. JUAN ARAGÓN),IMSS,Media,Critica,"19.465117, -99.085162"
2020-05-09,HOSPITAL GENERAL DE ZONA 47 (CDMX SUR) (IZP),IMSS,Buena,Buena,"19.357566, -99.054269"
2020-05-09,HOSPITAL GENERAL REGIONAL 72,IMSS,Media,Critica,"19.542797, -99.205022"
2020-05-09,HOSPITAL GENERAL REGIONAL 196,IMSS,Media,Buena,"19.529016, -99.030983"
2020-05-09,HOSPITAL GENERAL REGIONAL 200,IMSS,Media,Buena,"19.742905, -98.972971"
2020-05-09,HOSPITAL GENERAL DE ZONA 53,IMSS,Media,Buena,"19.356913, -98.990929"
2020-05-09,HOSPITAL GENERAL DE ZONA 197,IMSS,Media,Buena,"19.515133, -98.891450"
2020-05-09,HOSPITAL GENERAL DE ZONA 194,IMSS,Buena,Buena,"19.470300, -99.234208"
2020-05-09,HOSPITAL GENERAL DE ZONA 57 (LA QUEBRADA),IMSS,Buena,Buena,"19.597387, -99.188426"
2020-05-09,HOSPITAL GENERAL DE ZONA 58 (LAS MARGARITAS),IMSS,Buena,Buena,"19.530797, -99.222446"
2020-05-09,HOSPITAL GENERAL DE ZONA 68 (TULPETLAC),IMSS,Buena,Media,"19.570070, -99.044009"
2020-05-09,HOSPITAL GENERAL DE ZONA 71 (CHALCO),IMSS,Media,Buena,"19.259803, -98.893368"
2020-05-09,HOSPITAL GENERAL DE ZONA 76 (XALOSTOC),IMSS,Media,Media,"19.526677, -99.082058"
2020-05-09,HOSPITAL GENERAL DE ZONA 98 (COACALCO),IMSS,Buena,Buena,"19.638165, -99.098892"
2020-05-09,CENTRO MEDICO 20 DE NOVIEMBRE,ISSSTE,Critica,Media,"19.372720, -99.171205"
2020-05-09,HG DARIO FERNANDEZ FIERRO,ISSSTE,Media,Media,"19.363602, -99.188608"
2020-05-09,HG JOSE MARIA MORELOS,ISSSTE,Critica,Buena,"19.363918, -98.995393"
2020-05-09,HG TACUBA,ISSSTE,Media,Buena,"19.454384, -99.191231"
2020-05-09,HG DR FERNANDO QUIROZ,ISSSTE,Critica,Media,"19.394242, -99.194187"
2020-05-09,HG IGNACIO ZARAGOZA,ISSSTE,Critica,Critica,"19.389472, -99.045019"
2020-05-09,HR PRIMERO DE OCTUBRE,ISSSTE,Media,Media,"19.486751, -99.133249"
2020-05-09,HR LIC. ADOLFO LÓPEZ MATEOS,ISSSTE,Critica,Buena,"19.358451, -99.172716"
2020-05-09,HR BICENTENARIO DE LA INDEPENDENCIA,ISSSTE,Critica,Media,"19.628814, -99.163343"
2020-05-09,ALTA ESPECIALIDAD DE ZUMPANGO,EDOMEX,Media,Media,"19.815198, -99.089196"
2020-05-09,HOSPITAL REGIONAL TLALNEPANTLA ISSEMYM,EDOMEX,Buena,Media,"19.521706, -99.187341"
2020-05-09,"HOSPITAL GENERAL ECATEPEC ""LAS AMÉRICAS""",EDOMEX,Critica,Buena,"19.594136, -99.018679"
2020-05-09,"HOSPITAL GENERAL DE NAUCALPAN ""DR. MAXIMILIANO RUIZ CASTAÑEDA"" ",EDOMEX,Buena,Buena,"19.468662, -99.234348"
2020-05-09,"HOSPITAL GENERAL ATIZAPAN DE ZARAGOZA ""DR. SALVADOR GONZALEZ HERREJÓN""",EDOMEX,Buena,Critica,"19.546322, -99.237491"
2020-05-09,"HOSPITAL GENERAL CUAUTITLAN ""GRAL. JOSE VICENTE VILLADA""",EDOMEX,Media,Critica,"19.664586, -99.178557"
2020-05-09,"HOSPITAL GENERAL DE NEZAHUALCOYOTL ""GUSTAVO BAZ PRADA""",EDOMEX,Media,Buena,"19.422253, -99.014892"
2020-05-09,"HOSPITAL GENERAL DE ECATEPEC ""JOSÉ MARÍA RODRÍGUEZ""",EDOMEX,Buena,Buena,"19.514412, -99.038087"
2020-05-09,"HOSPITAL GENERAL NEZAHUALCOYOTL ""LA PERLA"" ",EDOMEX,Critica,Buena,"19.387963, -98.989442"
2020-05-09,HOSPITAL GENERAL DE CHIMALHUACAN,EDOMEX,Media,Buena,"19.419753, -98.975140"
2020-05-09,"HOSPITAL GENERAL DE IXTAPALUCA ""PEDRO LOPEZ""",EDOMEX,Buena,Buena,"19.318829, -98.855366"
2020-05-09,HOSPITAL GENERAL DE CHALCO ,EDOMEX,Media,Buena,"19.268265, -98.893965"
2020-05-09,"HOSPITAL GENERAL TEXCOCO ""GUADALUPE VICTORIA"" BICENTENARIO ",EDOMEX,Buena,Buena,"19.514309, -98.871750"
2020-05-09,"HOSPITAL GENERAL VALLE DE CHALCO ""DR. FERNANDO QUIROZ GUTIERREZ"" ",EDOMEX,Media,Buena,"19.273775, -98.941609"
2020-05-09,"HOSPITAL GENERAL AMECAMECA ""VALENTIN GOMEZ FARIAS"" ",EDOMEX,Buena,Buena,"19.144883, -98.785072"
2020-05-09,HOSPITAL GENERAL DE AXAPUSCO,EDOMEX,Media,Buena,"19.732872, -98.769445"
2020-05-10,INSTITUTO NACIONAL DE NUTRICIÓN,SSA,Critica,Critica,"19.289599, -99.155441"
2020-05-10,INER,SSA,Buena,Media,"19.291375, -99.158653"
2020-05-10,HOSPITAL GENERAL DE MÉXICO,SSA,Critica,Critica,"19.4129258, -99.1520225"
2020-05-10,HOSPITAL JUAREZ,SSA,Media,Media,"19.481829, -99.135576"
2020-05-10,HOSPITAL GENERAL DR. MANUEL GEA GONZÁLEZ,SSA,Media,Critica,"19.290295, -99.160861"
2020-05-10,HOSPITAL INFANTIL DE MÉXICO FEDERICO GÓMEZ,SSA,Buena,Buena,"19.410839, -99.151941"
2020-05-10,INSTITUTO  NACIONAL DE CARDIOLOGÍA IGNACIO CHÁVEZ,SSA,Media,Media,"19.290598, -99.153838"
2020-05-10,CITIBANAMEX,SSA,,,"19.439732, -99.224235"
2020-05-10,HOSPITAL REGIONAL DE ALTA ESPECIALIDAD DE IXTAPALUCA,SSA,Media,Critica,"19.318796, -98.855353"
2020-05-10,BELISARIO DOMINGUEZ,SEDESA,Critica,Buena,"19.307226, -99.065356"
2020-05-10,ENRIQUE CABRERA,SEDESA,Media,Media,"19.361675, -99.224432"
2020-05-10,GENERAL TLAHUAC,SEDESA,Buena,Buena,"19.287492, -99.052665"
2020-05-10,PEDIATRICO DE LA VILLA,SEDESA,Buena,Buena,"19.487355, -99.114316"
2020-05-10,HOSPITAL GENERAL AJUSCO MEDIO,SEDESA,Media,Media,"19.272165, -99.207846"
2020-05-10,HOSPITAL GENERAL IZTAPALAPA,SEDESA,Media,Buena,"19.343426, -99.027236"
2020-05-10,HOSPITAL GENERAL XOCO,SEDESA,Critica,Buena,"19.360313, -99.162275"
2020-05-10,HOSPITAL GENERAL VILLA,SEDESA,Buena,Buena,"19.480079, -99.103353"
2020-05-10,HOSPITAL GENERAL DR. RUBÉN LEÑERO,SEDESA,Buena,Buena,"19.451398, -99.169565"
2020-05-10,HOSPITAL GENERAL MILPA ALTA,SEDESA,Media,Buena,"19.200951, -99.011210"
2020-05-10,HOSPITAL GENERAL BALBUENA,SEDESA,Media,Buena,"19.424195, -99.115412"
2020-05-10,HOSPITAL DE ESPECIALIDADES 01 CMN SIGLO XXI (CDMX SUR),IMSS,Media,Critica,"19.466549, -99.145102"
2020-05-10,HOSPITAL DE PEDIATRIA 01 CMN SIGLO XXI (CDMX SUR),IMSS,Buena,Buena,"19.407458, -99.152267"
2020-05-10,HOSPITAL GENERAL DE ZONA 01 CARLOS MC GREGOR (CDMX SUR),IMSS,Media,Buena,"19.395912, -99.161610"
2020-05-10,HOSPITAL GENERAL DE ZONA 1A PARQUE DE LOS VENADOS (CDMX SUR),IMSS,Buena,Buena,"19.374431, -99.151203"
2020-05-10,HOSPITAL DE INFECTOLOGIA 01 LA RAZA (CDMX NORTE),IMSS,Media,Critica,"19.464865, -99.144859"
2020-05-10,HOSPITAL GENERAL 01 (CDMX NORTE) LA RAZA,IMSS,Buena,Buena,"19.395740, -99.161677"
2020-05-10,HOSPITAL GENERAL DE ZONA 24 (CDMX NORTE),IMSS,Media,Buena,"19.483221, -99.128448"
2020-05-10,HOSPITAL GENERAL DE ZONA 27 (CDMX NORTE),IMSS,Media,Buena,"19.454776, -99.140007"
2020-05-10,HOSPITAL GENERAL DE ZONA 2A (CDMX SUR),IMSS,Buena,Buena,"19.405495, -99.112200"
2020-05-10,HOSPITAL GENERAL DE ZONA 30 (CDMX SUR),IMSS,Buena,Buena,"19.398836, -99.116913"
2020-05-10,HOSPITAL GENERAL DE ZONA 32 (CDMX SUR),IMSS,Buena,Media,"19.307964, -99.130677"
2020-05-10,HOSPITAL GENERAL DE ZONA C/MF 08 (CDMX SUR),IMSS,Buena,Media,"19.337137, -99.200142"
2020-05-10,HOSPITAL GENERAL DE ZONA C/UMAA 48 (CDMX NORTE),IMSS,Buena,Media,"19.482375, -99.213046"
2020-05-10,HOSPITAL GENERAL 02 (CDMX SUR) VILLA COAPA (COY.),IMSS,Critica,Buena,"19.309194, -99.129593"
2020-05-10,HOSPITAL DE ESPECIALIDADES 01 (CDMX NORTE) LA RAZA (AZC),IMSS,Critica,Buena,"19.467169, -99.143785"
2020-05-10,HOSPITAL GENERAL DE ZONA C/MF 29 (S. JUAN ARAGÓN),IMSS,Media,Critica,"19.465117, -99.085162"
2020-05-10,HOSPITAL GENERAL DE ZONA 47 (CDMX SUR) (IZP),IMSS,Buena,Buena,"19.357566, -99.054269"
2020-05-10,HOSPITAL GENERAL REGIONAL 72,IMSS,Media,Critica,"19.542797, -99.205022"
2020-05-10,HOSPITAL GENERAL REGIONAL 196,IMSS,Media,Buena,"19.529016, -99.030983"
2020-05-10,HOSPITAL GENERAL REGIONAL 200,IMSS,Media,Buena,"19.742905, -98.972971"
2020-05-10,HOSPITAL GENERAL DE ZONA 53,IMSS,Media,Buena,"19.356913, -98.990929"
2020-05-10,HOSPITAL GENERAL DE ZONA 197,IMSS,Media,Buena,"19.515133, -98.891450"
2020-05-10,HOSPITAL GENERAL DE ZONA 194,IMSS,Media,Buena,"19.470300, -99.234208"
2020-05-10,HOSPITAL GENERAL DE ZONA 57 (LA QUEBRADA),IMSS,Buena,Buena,"19.597387, -99.188426"
2020-05-10,HOSPITAL GENERAL DE ZONA 58 (LAS MARGARITAS),IMSS,Buena,Buena,"19.530797, -99.222446"
2020-05-10,HOSPITAL GENERAL DE ZONA 68 (TULPETLAC),IMSS,Buena,Media,"19.570070, -99.044009"
2020-05-10,HOSPITAL GENERAL DE ZONA 71 (CHALCO),IMSS,Media,Buena,"19.259803, -98.893368"
2020-05-10,HOSPITAL GENERAL DE ZONA 76 (XALOSTOC),IMSS,Media,Media,"19.526677, -99.082058"
2020-05-10,HOSPITAL GENERAL DE ZONA 98 (COACALCO),IMSS,Buena,Buena,"19.638165, -99.098892"
2020-05-10,CENTRO MEDICO 20 DE NOVIEMBRE,ISSSTE,Critica,Media,"19.372720, -99.171205"
2020-05-10,HG DARIO FERNANDEZ FIERRO,ISSSTE,Media,Media,"19.363602, -99.188608"
2020-05-10,HG JOSE MARIA MORELOS,ISSSTE,Critica,Buena,"19.363918, -98.995393"
2020-05-10,HG TACUBA,ISSSTE,Media,Buena,"19.454384, -99.191231"
2020-05-10,HG DR FERNANDO QUIROZ,ISSSTE,Critica,Buena,"19.394242, -99.194187"
2020-05-10,HG IGNACIO ZARAGOZA,ISSSTE,Critica,Critica,"19.389472, -99.045019"
2020-05-10,HR PRIMERO DE OCTUBRE,ISSSTE,Media,Media,"19.486751, -99.133249"
2020-05-10,HR LIC. ADOLFO LÓPEZ MATEOS,ISSSTE,Critica,Buena,"19.358451, -99.172716"
2020-05-10,HR BICENTENARIO DE LA INDEPENDENCIA,ISSSTE,Media,Media,"19.628814, -99.163343"
2020-05-10,ALTA ESPECIALIDAD DE ZUMPANGO,EDOMEX,Buena,Critica,"19.815198, -99.089196"
2020-05-10,HOSPITAL REGIONAL TLALNEPANTLA ISSEMYM,EDOMEX,Buena,Critica,"19.521706, -99.187341"
2020-05-10,"HOSPITAL GENERAL ECATEPEC ""LAS AMÉRICAS""",EDOMEX,Critica,Media,"19.594136, -99.018679"
2020-05-10,"HOSPITAL GENERAL DE NAUCALPAN ""DR. MAXIMILIANO RUIZ CASTAÑEDA"" ",EDOMEX,Buena,Buena,"19.468662, -99.234348"
2020-05-10,"HOSPITAL GENERAL ATIZAPAN DE ZARAGOZA ""DR. SALVADOR GONZALEZ HERREJÓN""",EDOMEX,Buena,Buena,"19.546322, -99.237491"
2020-05-10,"HOSPITAL GENERAL CUAUTITLAN ""GRAL. JOSE VICENTE VILLADA""",EDOMEX,Media,Critica,"19.664586, -99.178557"
2020-05-10,"HOSPITAL GENERAL DE NEZAHUALCOYOTL ""GUSTAVO BAZ PRADA""",EDOMEX,Critica,Buena,"19.422253, -99.014892"
2020-05-10,"HOSPITAL GENERAL DE ECATEPEC ""JOSÉ MARÍA RODRÍGUEZ""",EDOMEX,Buena,Buena,"19.514412, -99.038087"
2020-05-10,"HOSPITAL GENERAL NEZAHUALCOYOTL ""LA PERLA"" ",EDOMEX,Media,Buena,"19.387963, -98.989442"
2020-05-10,HOSPITAL GENERAL DE CHIMALHUACAN,EDOMEX,Media,Buena,"19.419753, -98.975140"
2020-05-10,"HOSPITAL GENERAL DE IXTAPALUCA ""PEDRO LOPEZ""",EDOMEX,Buena,Buena,"19.318829, -98.855366"
2020-05-10,HOSPITAL GENERAL DE CHALCO ,EDOMEX,Media,Media,"19.268265, -98.893965"
2020-05-10,"HOSPITAL GENERAL TEXCOCO ""GUADALUPE VICTORIA"" BICENTENARIO ",EDOMEX,Media,Critica,"19.514309, -98.871750"
2020-05-10,"HOSPITAL GENERAL VALLE DE CHALCO ""DR. FERNANDO QUIROZ GUTIERREZ"" ",EDOMEX,Media,Buena,"19.273775, -98.941609"
2020-05-10,"HOSPITAL GENERAL AMECAMECA ""VALENTIN GOMEZ FARIAS"" ",EDOMEX,Buena,Buena,"19.144883, -98.785072"
2020-05-10,HOSPITAL GENERAL DE AXAPUSCO,EDOMEX,Media,Buena,"19.732872, -98.769445"
2020-05-11,INSTITUTO NACIONAL DE NUTRICIÓN,SSA,Critica,Critica,"19.289599, -99.155441"
2020-05-11,INER,SSA,Buena,Media,"19.291375, -99.158653"
2020-05-11,HOSPITAL GENERAL DE MÉXICO,SSA,Critica,Critica,"19.4129258, -99.1520225"
2020-05-11,HOSPITAL JUAREZ,SSA,Critica,Media,"19.481829, -99.135576"
2020-05-11,HOSPITAL GENERAL DR. MANUEL GEA GONZÁLEZ,SSA,Media,Critica,"19.290295, -99.160861"
2020-05-11,HOSPITAL INFANTIL DE MÉXICO FEDERICO GÓMEZ,SSA,Buena,Buena,"19.410839, -99.151941"
2020-05-11,INSTITUTO  NACIONAL DE CARDIOLOGÍA IGNACIO CHÁVEZ,SSA,Media,Media,"19.290598, -99.153838"
2020-05-11,CITIBANAMEX,SSA,,,"19.439732, -99.224235"
2020-05-11,HOSPITAL REGIONAL DE ALTA ESPECIALIDAD DE IXTAPALUCA,SSA,Media,Critica,"19.318796, -98.855353"
2020-05-11,BELISARIO DOMINGUEZ,SEDESA,Critica,Buena,"19.307226, -99.065356"
2020-05-11,ENRIQUE CABRERA,SEDESA,Media,Media,"19.361675, -99.224432"
2020-05-11,GENERAL TLAHUAC,SEDESA,Buena,Buena,"19.287492, -99.052665"
2020-05-11,PEDIATRICO DE LA VILLA,SEDESA,Buena,Buena,"19.487355, -99.114316"
2020-05-11,HOSPITAL GENERAL AJUSCO MEDIO,SEDESA,Media,Buena,"19.272165, -99.207846"
2020-05-11,HOSPITAL GENERAL IZTAPALAPA,SEDESA,Media,Buena,"19.343426, -99.027236"
2020-05-11,HOSPITAL GENERAL XOCO,SEDESA,Critica,Buena,"19.360313, -99.162275"
2020-05-11,HOSPITAL GENERAL VILLA,SEDESA,Buena,Buena,"19.480079, -99.103353"
2020-05-11,HOSPITAL GENERAL DR. RUBÉN LEÑERO,SEDESA,Buena,Buena,"19.451398, -99.169565"
2020-05-11,HOSPITAL GENERAL MILPA ALTA,SEDESA,Media,Buena,"19.200951, -99.011210"
2020-05-11,HOSPITAL GENERAL BALBUENA,SEDESA,Buena,Buena,"19.424195, -99.115412"
2020-05-11,HOSPITAL DE ESPECIALIDADES 01 CMN SIGLO XXI (CDMX SUR),IMSS,Media,Buena,"19.466549, -99.145102"
2020-05-11,HOSPITAL DE PEDIATRIA 01 CMN SIGLO XXI (CDMX SUR),IMSS,Buena,Buena,"19.407458, -99.152267"
2020-05-11,HOSPITAL GENERAL DE ZONA 01 CARLOS MC GREGOR (CDMX SUR),IMSS,Media,Buena,"19.395912, -99.161610"
2020-05-11,HOSPITAL GENERAL DE ZONA 1A PARQUE DE LOS VENADOS (CDMX SUR),IMSS,Buena,Buena,"19.374431, -99.151203"
2020-05-11,HOSPITAL DE INFECTOLOGIA 01 LA RAZA (CDMX NORTE),IMSS,Media,Critica,"19.464865, -99.144859"
2020-05-11,HOSPITAL GENERAL 01 (CDMX NORTE) LA RAZA,IMSS,Buena,Buena,"19.395740, -99.161677"
2020-05-11,HOSPITAL GENERAL DE ZONA 24 (CDMX NORTE),IMSS,Critica,Buena,"19.483221, -99.128448"
2020-05-11,HOSPITAL GENERAL DE ZONA 27 (CDMX NORTE),IMSS,Critica,Buena,"19.454776, -99.140007"
2020-05-11,HOSPITAL GENERAL DE ZONA 2A (CDMX SUR),IMSS,Buena,Buena,"19.405495, -99.112200"
2020-05-11,HOSPITAL GENERAL DE ZONA 30 (CDMX SUR),IMSS,Buena,Buena,"19.398836, -99.116913"
2020-05-11,HOSPITAL GENERAL DE ZONA 32 (CDMX SUR),IMSS,Buena,Media,"19.307964, -99.130677"
2020-05-11,HOSPITAL GENERAL DE ZONA C/MF 08 (CDMX SUR),IMSS,Buena,Media,"19.337137, -99.200142"
2020-05-11,HOSPITAL GENERAL DE ZONA C/UMAA 48 (CDMX NORTE),IMSS,Buena,Media,"19.482375, -99.213046"
2020-05-11,HOSPITAL GENERAL 02 (CDMX SUR) VILLA COAPA (COY.),IMSS,Critica,Buena,"19.309194, -99.129593"
2020-05-11,HOSPITAL DE ESPECIALIDADES 01 (CDMX NORTE) LA RAZA (AZC),IMSS,Critica,Buena,"19.467169, -99.143785"
2020-05-11,HOSPITAL GENERAL DE ZONA C/MF 29 (S. JUAN ARAGÓN),IMSS,Media,Critica,"19.465117, -99.085162"
2020-05-11,HOSPITAL GENERAL DE ZONA 47 (CDMX SUR) (IZP),IMSS,Buena,Buena,"19.357566, -99.054269"
2020-05-11,HOSPITAL GENERAL REGIONAL 72,IMSS,Media,Critica,"19.542797, -99.205022"
2020-05-11,HOSPITAL GENERAL REGIONAL 196,IMSS,Media,Buena,"19.529016, -99.030983"
2020-05-11,HOSPITAL GENERAL REGIONAL 200,IMSS,Media,Buena,"19.742905, -98.972971"
2020-05-11,HOSPITAL GENERAL DE ZONA 53,IMSS,Media,Media,"19.356913, -98.990929"
2020-05-11,HOSPITAL GENERAL DE ZONA 197,IMSS,Media,Buena,"19.515133, -98.891450"
2020-05-11,HOSPITAL GENERAL DE ZONA 194,IMSS,Media,Buena,"19.470300, -99.234208"
2020-05-11,HOSPITAL GENERAL DE ZONA 57 (LA QUEBRADA),IMSS,Buena,Buena,"19.597387, -99.188426"
2020-05-11,HOSPITAL GENERAL DE ZONA 58 (LAS MARGARITAS),IMSS,Buena,Buena,"19.530797, -99.222446"
2020-05-11,HOSPITAL GENERAL DE ZONA 68 (TULPETLAC),IMSS,Buena,Buena,"19.570070, -99.044009"
2020-05-11,HOSPITAL GENERAL DE ZONA 71 (CHALCO),IMSS,Media,Buena,"19.259803, -98.893368"
2020-05-11,HOSPITAL GENERAL DE ZONA 76 (XALOSTOC),IMSS,Media,Media,"19.526677, -99.082058"
2020-05-11,HOSPITAL GENERAL DE ZONA 98 (COACALCO),IMSS,Buena,Buena,"19.638165, -99.098892"
2020-05-11,CENTRO MEDICO 20 DE NOVIEMBRE,ISSSTE,Critica,Media,"19.372720, -99.171205"
2020-05-11,HG DARIO FERNANDEZ FIERRO,ISSSTE,Media,Media,"19.363602, -99.188608"
2020-05-11,HG JOSE MARIA MORELOS,ISSSTE,Critica,Media,"19.363918, -98.995393"
2020-05-11,HG TACUBA,ISSSTE,Media,Buena,"19.454384, -99.191231"
2020-05-11,HG DR FERNANDO QUIROZ,ISSSTE,Critica,Buena,"19.394242, -99.194187"
2020-05-11,HG IGNACIO ZARAGOZA,ISSSTE,Critica,Critica,"19.389472, -99.045019"
2020-05-11,HR PRIMERO DE OCTUBRE,ISSSTE,Media,Media,"19.486751, -99.133249"
2020-05-11,HR LIC. ADOLFO LÓPEZ MATEOS,ISSSTE,Critica,Media,"19.358451, -99.172716"
2020-05-11,HR BICENTENARIO DE LA INDEPENDENCIA,ISSSTE,Critica,Media,"19.628814, -99.163343"
2020-05-11,ALTA ESPECIALIDAD DE ZUMPANGO,EDOMEX,Media,Critica,"19.815198, -99.089196"
2020-05-11,HOSPITAL REGIONAL TLALNEPANTLA ISSEMYM,EDOMEX,Buena,Critica,"19.521706, -99.187341"
2020-05-11,"HOSPITAL GENERAL ECATEPEC ""LAS AMÉRICAS""",EDOMEX,Critica,Media,"19.594136, -99.018679"
2020-05-11,"HOSPITAL GENERAL DE NAUCALPAN ""DR. MAXIMILIANO RUIZ CASTAÑEDA"" ",EDOMEX,Buena,Buena,"19.468662, -99.234348"
2020-05-11,"HOSPITAL GENERAL ATIZAPAN DE ZARAGOZA ""DR. SALVADOR GONZALEZ HERREJÓN""",EDOMEX,Buena,Buena,"19.546322, -99.237491"
2020-05-11,"HOSPITAL GENERAL CUAUTITLAN ""GRAL. JOSE VICENTE VILLADA""",EDOMEX,Media,Critica,"19.664586, -99.178557"
2020-05-11,"HOSPITAL GENERAL DE NEZAHUALCOYOTL ""GUSTAVO BAZ PRADA""",EDOMEX,Media,Media,"19.422253, -99.014892"
2020-05-11,"HOSPITAL GENERAL DE ECATEPEC ""JOSÉ MARÍA RODRÍGUEZ""",EDOMEX,Buena,Buena,"19.514412, -99.038087"
2020-05-11,"HOSPITAL GENERAL NEZAHUALCOYOTL ""LA PERLA"" ",EDOMEX,Media,Buena,"19.387963, -98.989442"
2020-05-11,HOSPITAL GENERAL DE CHIMALHUACAN,EDOMEX,Media,Media,"19.419753, -98.975140"
2020-05-11,"HOSPITAL GENERAL DE IXTAPALUCA ""PEDRO LOPEZ""",EDOMEX,Buena,Buena,"19.318829, -98.855366"
2020-05-11,HOSPITAL GENERAL DE CHALCO ,EDOMEX,Critica,Buena,"19.268265, -98.893965"
2020-05-11,"HOSPITAL GENERAL TEXCOCO ""GUADALUPE VICTORIA"" BICENTENARIO ",EDOMEX,Media,Critica,"19.514309, -98.871750"
2020-05-11,"HOSPITAL GENERAL VALLE DE CHALCO ""DR. FERNANDO QUIROZ GUTIERREZ"" ",EDOMEX,Critica,Buena,"19.273775, -98.941609"
2020-05-11,"HOSPITAL GENERAL AMECAMECA ""VALENTIN GOMEZ FARIAS"" ",EDOMEX,Buena,Buena,"19.144883, -98.785072"
2020-05-11,HOSPITAL GENERAL DE AXAPUSCO,EDOMEX,Critica,Buena,"19.732872, -98.769445"
2020-05-12,INSTITUTO NACIONAL DE NUTRICIÓN,SSA,Critica,Critica,"19.289599, -99.155441"
2020-05-12,INER,SSA,Buena,Media,"19.291375, -99.158653"
2020-05-12,HOSPITAL GENERAL DE MÉXICO,SSA,Critica,Critica,"19.4129258, -99.1520225"
2020-05-12,HOSPITAL JUAREZ,SSA,Media,Media,"19.481829, -99.135576"
2020-05-12,HOSPITAL GENERAL DR. MANUEL GEA GONZÁLEZ,SSA,Media,Critica,"19.290295, -99.160861"
2020-05-12,HOSPITAL INFANTIL DE MÉXICO FEDERICO GÓMEZ,SSA,Buena,Buena,"19.410839, -99.151941"
2020-05-12,INSTITUTO  NACIONAL DE CARDIOLOGÍA IGNACIO CHÁVEZ,SSA,Media,Media,"19.290598, -99.153838"
2020-05-12,CITIBANAMEX,SSA,,,"19.439732, -99.224235"
2020-05-12,HOSPITAL REGIONAL DE ALTA ESPECIALIDAD DE IXTAPALUCA,SSA,Media,Critica,"19.318796, -98.855353"
2020-05-12,BELISARIO DOMINGUEZ,SEDESA,Critica,Buena,"19.307226, -99.065356"
2020-05-12,ENRIQUE CABRERA,SEDESA,Media,Media,"19.361675, -99.224432"
2020-05-12,GENERAL TLAHUAC,SEDESA,Buena,Media,"19.287492, -99.052665"
2020-05-12,PEDIATRICO DE LA VILLA,SEDESA,Buena,Buena,"19.487355, -99.114316"
2020-05-12,HOSPITAL GENERAL AJUSCO MEDIO,SEDESA,Media,Media,"19.272165, -99.207846"
2020-05-12,HOSPITAL GENERAL IZTAPALAPA,SEDESA,Media,Buena,"19.343426, -99.027236"
2020-05-12,HOSPITAL GENERAL XOCO,SEDESA,Critica,Buena,"19.360313, -99.162275"
2020-05-12,HOSPITAL GENERAL VILLA,SEDESA,Buena,Buena,"19.480079, -99.103353"
2020-05-12,HOSPITAL GENERAL DR. RUBÉN LEÑERO,SEDESA,Buena,Buena,"19.451398, -99.169565"
2020-05-12,HOSPITAL GENERAL MILPA ALTA,SEDESA,Media,Buena,"19.200951, -99.011210"
2020-05-12,HOSPITAL GENERAL BALBUENA,SEDESA,Buena,Buena,"19.424195, -99.115412"
2020-05-12,HOSPITAL DE ESPECIALIDADES 01 CMN SIGLO XXI (CDMX SUR),IMSS,Critica,Critica,"19.466549, -99.145102"
2020-05-12,HOSPITAL DE PEDIATRIA 01 CMN SIGLO XXI (CDMX SUR),IMSS,Buena,Buena,"19.407458, -99.152267"
2020-05-12,HOSPITAL GENERAL DE ZONA 01 CARLOS MC GREGOR (CDMX SUR),IMSS,Media,Buena,"19.395912, -99.161610"
2020-05-12,HOSPITAL GENERAL DE ZONA 1A PARQUE DE LOS VENADOS (CDMX SUR),IMSS,Buena,Buena,"19.374431, -99.151203"
2020-05-12,HOSPITAL DE INFECTOLOGIA 01 LA RAZA (CDMX NORTE),IMSS,Media,Critica,"19.464865, -99.144859"
2020-05-12,HOSPITAL GENERAL 01 (CDMX NORTE) LA RAZA,IMSS,Buena,Buena,"19.395740, -99.161677"
2020-05-12,HOSPITAL GENERAL DE ZONA 24 (CDMX NORTE),IMSS,Critica,Buena,"19.483221, -99.128448"
2020-05-12,HOSPITAL GENERAL DE ZONA 27 (CDMX NORTE),IMSS,Critica,Buena,"19.454776, -99.140007"
2020-05-12,HOSPITAL GENERAL DE ZONA 2A (CDMX SUR),IMSS,Buena,Buena,"19.405495, -99.112200"
2020-05-12,HOSPITAL GENERAL DE ZONA 30 (CDMX SUR),IMSS,Buena,Buena,"19.398836, -99.116913"
2020-05-12,HOSPITAL GENERAL DE ZONA 32 (CDMX SUR),IMSS,Buena,Media,"19.307964, -99.130677"
2020-05-12,HOSPITAL GENERAL DE ZONA C/MF 08 (CDMX SUR),IMSS,Buena,Media,"19.337137, -99.200142"
2020-05-12,HOSPITAL GENERAL DE ZONA C/UMAA 48 (CDMX NORTE),IMSS,Buena,Media,"19.482375, -99.213046"
2020-05-12,HOSPITAL GENERAL 02 (CDMX SUR) VILLA COAPA (COY.),IMSS,Critica,Buena,"19.309194, -99.129593"
2020-05-12,HOSPITAL DE ESPECIALIDADES 01 (CDMX NORTE) LA RAZA (AZC),IMSS,Critica,Buena,"19.467169, -99.143785"
2020-05-12,HOSPITAL GENERAL DE ZONA C/MF 29 (S. JUAN ARAGÓN),IMSS,Media,Critica,"19.465117, -99.085162"
2020-05-12,HOSPITAL GENERAL DE ZONA 47 (CDMX SUR) (IZP),IMSS,Buena,Buena,"19.357566, -99.054269"
2020-05-12,HOSPITAL GENERAL REGIONAL 72,IMSS,Media,Critica,"19.542797, -99.205022"
2020-05-12,HOSPITAL GENERAL REGIONAL 196,IMSS,Media,Buena,"19.529016, -99.030983"
2020-05-12,HOSPITAL GENERAL REGIONAL 200,IMSS,Media,Buena,"19.742905, -98.972971"
2020-05-12,HOSPITAL GENERAL DE ZONA 53,IMSS,Media,Media,"19.356913, -98.990929"
2020-05-12,HOSPITAL GENERAL DE ZONA 197,IMSS,Media,Buena,"19.515133, -98.891450"
2020-05-12,HOSPITAL GENERAL DE ZONA 194,IMSS,Media,Buena,"19.470300, -99.234208"
2020-05-12,HOSPITAL GENERAL DE ZONA 57 (LA QUEBRADA),IMSS,Buena,Buena,"19.597387, -99.188426"
2020-05-12,HOSPITAL GENERAL DE ZONA 58 (LAS MARGARITAS),IMSS,Buena,Buena,"19.530797, -99.222446"
2020-05-12,HOSPITAL GENERAL DE ZONA 68 (TULPETLAC),IMSS,Buena,Buena,"19.570070, -99.044009"
2020-05-12,HOSPITAL GENERAL DE ZONA 71 (CHALCO),IMSS,Media,Buena,"19.259803, -98.893368"
2020-05-12,HOSPITAL GENERAL DE ZONA 76 (XALOSTOC),IMSS,Media,Media,"19.526677, -99.082058"
2020-05-12,HOSPITAL GENERAL DE ZONA 98 (COACALCO),IMSS,Buena,Buena,"19.638165, -99.098892"
2020-05-12,CENTRO MEDICO 20 DE NOVIEMBRE,ISSSTE,Critica,Media,"19.372720, -99.171205"
2020-05-12,HG DARIO FERNANDEZ FIERRO,ISSSTE,Media,Media,"19.363602, -99.188608"
2020-05-12,HG JOSE MARIA MORELOS,ISSSTE,Media,Media,"19.363918, -98.995393"
2020-05-12,HG TACUBA,ISSSTE,Media,Buena,"19.454384, -99.191231"
2020-05-12,HG DR FERNANDO QUIROZ,ISSSTE,Critica,Buena,"19.394242, -99.194187"
2020-05-12,HG IGNACIO ZARAGOZA,ISSSTE,Critica,Critica,"19.389472, -99.045019"
2020-05-12,HR PRIMERO DE OCTUBRE,ISSSTE,Media,Media,"19.486751, -99.133249"
2020-05-12,HR LIC. ADOLFO LÓPEZ MATEOS,ISSSTE,Critica,Media,"19.358451, -99.172716"
2020-05-12,HR BICENTENARIO DE LA INDEPENDENCIA,ISSSTE,Critica,Media,"19.628814, -99.163343"
2020-05-12,ALTA ESPECIALIDAD DE ZUMPANGO,EDOMEX,Media,Critica,"19.815198, -99.089196"
2020-05-12,HOSPITAL REGIONAL TLALNEPANTLA ISSEMYM,EDOMEX,Buena,Media,"19.521706, -99.187341"
2020-05-12,"HOSPITAL GENERAL ECATEPEC ""LAS AMÉRICAS""",EDOMEX,Critica,Media,"19.594136, -99.018679"
2020-05-12,"HOSPITAL GENERAL DE NAUCALPAN ""DR. MAXIMILIANO RUIZ CASTAÑEDA"" ",EDOMEX,Buena,Buena,"19.468662, -99.234348"
2020-05-12,"HOSPITAL GENERAL ATIZAPAN DE ZARAGOZA ""DR. SALVADOR GONZALEZ HERREJÓN""",EDOMEX,Buena,Buena,"19.546322, -99.237491"
2020-05-12,"HOSPITAL GENERAL CUAUTITLAN ""GRAL. JOSE VICENTE VILLADA""",EDOMEX,Media,Media,"19.664586, -99.178557"
2020-05-12,"HOSPITAL GENERAL DE NEZAHUALCOYOTL ""GUSTAVO BAZ PRADA""",EDOMEX,Media,Critica,"19.422253, -99.014892"
2020-05-12,"HOSPITAL GENERAL DE ECATEPEC ""JOSÉ MARÍA RODRÍGUEZ""",EDOMEX,Buena,Buena,"19.514412, -99.038087"
2020-05-12,"HOSPITAL GENERAL NEZAHUALCOYOTL ""LA PERLA"" ",EDOMEX,Media,Buena,"19.387963, -98.989442"
2020-05-12,HOSPITAL GENERAL DE CHIMALHUACAN,EDOMEX,Media,Buena,"19.419753, -98.975140"
2020-05-12,"HOSPITAL GENERAL DE IXTAPALUCA ""PEDRO LOPEZ""",EDOMEX,Buena,Buena,"19.318829, -98.855366"
2020-05-12,HOSPITAL GENERAL DE CHALCO ,EDOMEX,Critica,Buena,"19.268265, -98.893965"
2020-05-12,"HOSPITAL GENERAL TEXCOCO ""GUADALUPE VICTORIA"" BICENTENARIO ",EDOMEX,Media,Critica,"19.514309, -98.871750"
2020-05-12,"HOSPITAL GENERAL VALLE DE CHALCO ""DR. FERNANDO QUIROZ GUTIERREZ"" ",EDOMEX,Critica,Buena,"19.273775, -98.941609"
2020-05-12,"HOSPITAL GENERAL AMECAMECA ""VALENTIN GOMEZ FARIAS"" ",EDOMEX,Buena,Buena,"19.144883, -98.785072"
2020-05-12,HOSPITAL GENERAL DE AXAPUSCO,EDOMEX,Critica,Buena,"19.732872, -98.769445"
2020-05-13,INSTITUTO NACIONAL DE NUTRICIÓN,SSA,Critica,Critica,"19.289599, -99.155441"
2020-05-13,INER,SSA,Buena,Media,"19.291375, -99.158653"
2020-05-13,HOSPITAL GENERAL DE MÉXICO,SSA,Critica,Critica,"19.4129258, -99.1520225"
2020-05-13,HOSPITAL JUAREZ,SSA,Media,Media,"19.481829, -99.135576"
2020-05-13,HOSPITAL GENERAL DR. MANUEL GEA GONZÁLEZ,SSA,Media,Critica,"19.290295, -99.160861"
2020-05-13,HOSPITAL INFANTIL DE MÉXICO FEDERICO GÓMEZ,SSA,Buena,Buena,"19.410839, -99.151941"
2020-05-13,INSTITUTO  NACIONAL DE CARDIOLOGÍA IGNACIO CHÁVEZ,SSA,Media,Media,"19.290598, -99.153838"
2020-05-13,CITIBANAMEX,SSA,,,"19.439732, -99.224235"
2020-05-13,HOSPITAL REGIONAL DE ALTA ESPECIALIDAD DE IXTAPALUCA,SSA,Media,Critica,"19.318796, -98.855353"
2020-05-13,BELISARIO DOMINGUEZ,SEDESA,Critica,Buena,"19.307226, -99.065356"
2020-05-13,ENRIQUE CABRERA,SEDESA,Media,Media,"19.361675, -99.224432"
2020-05-13,GENERAL TLAHUAC,SEDESA,Buena,Media,"19.287492, -99.052665"
2020-05-13,PEDIATRICO DE LA VILLA,SEDESA,Buena,Buena,"19.487355, -99.114316"
2020-05-13,HOSPITAL GENERAL AJUSCO MEDIO,SEDESA,Media,Media,"19.272165, -99.207846"
2020-05-13,HOSPITAL GENERAL IZTAPALAPA,SEDESA,Media,Buena,"19.343426, -99.027236"
2020-05-13,HOSPITAL GENERAL XOCO,SEDESA,Critica,Buena,"19.360313, -99.162275"
2020-05-13,HOSPITAL GENERAL VILLA,SEDESA,Buena,Buena,"19.480079, -99.103353"
2020-05-13,HOSPITAL GENERAL DR. RUBÉN LEÑERO,SEDESA,Buena,Buena,"19.451398, -99.169565"
2020-05-13,HOSPITAL GENERAL MILPA ALTA,SEDESA,Media,Buena,"19.200951, -99.011210"
2020-05-13,HOSPITAL GENERAL BALBUENA,SEDESA,Buena,Buena,"19.424195, -99.115412"
2020-05-13,HOSPITAL DE ESPECIALIDADES 01 CMN SIGLO XXI (CDMX SUR),IMSS,Critica,Critica,"19.466549, -99.145102"
2020-05-13,HOSPITAL DE PEDIATRIA 01 CMN SIGLO XXI (CDMX SUR),IMSS,Buena,Buena,"19.407458, -99.152267"
2020-05-13,HOSPITAL GENERAL DE ZONA 01 CARLOS MC GREGOR (CDMX SUR),IMSS,Media,Buena,"19.395912, -99.161610"
2020-05-13,HOSPITAL GENERAL DE ZONA 1A PARQUE DE LOS VENADOS (CDMX SUR),IMSS,Buena,Buena,"19.374431, -99.151203"
2020-05-13,HOSPITAL DE INFECTOLOGIA 01 LA RAZA (CDMX NORTE),IMSS,Media,Critica,"19.464865, -99.144859"
2020-05-13,HOSPITAL GENERAL 01 (CDMX NORTE) LA RAZA,IMSS,Buena,Buena,"19.395740, -99.161677"
2020-05-13,HOSPITAL GENERAL DE ZONA 24 (CDMX NORTE),IMSS,Media,Buena,"19.483221, -99.128448"
2020-05-13,HOSPITAL GENERAL DE ZONA 27 (CDMX NORTE),IMSS,Critica,Buena,"19.454776, -99.140007"
2020-05-13,HOSPITAL GENERAL DE ZONA 2A (CDMX SUR),IMSS,Buena,Buena,"19.405495, -99.112200"
2020-05-13,HOSPITAL GENERAL DE ZONA 30 (CDMX SUR),IMSS,Buena,Buena,"19.398836, -99.116913"
2020-05-13,HOSPITAL GENERAL DE ZONA 32 (CDMX SUR),IMSS,Media,Media,"19.307964, -99.130677"
2020-05-13,HOSPITAL GENERAL DE ZONA C/MF 08 (CDMX SUR),IMSS,Buena,Media,"19.337137, -99.200142"
2020-05-13,HOSPITAL GENERAL DE ZONA C/UMAA 48 (CDMX NORTE),IMSS,Buena,Media,"19.482375, -99.213046"
2020-05-13,HOSPITAL GENERAL 02 (CDMX SUR) VILLA COAPA (COY.),IMSS,Critica,Buena,"19.309194, -99.129593"
2020-05-13,HOSPITAL DE ESPECIALIDADES 01 (CDMX NORTE) LA RAZA (AZC),IMSS,Critica,Buena,"19.467169, -99.143785"
2020-05-13,HOSPITAL GENERAL DE ZONA C/MF 29 (S. JUAN ARAGÓN),IMSS,Media,Critica,"19.465117, -99.085162"
2020-05-13,HOSPITAL GENERAL DE ZONA 47 (CDMX SUR) (IZP),IMSS,Buena,Media,"19.357566, -99.054269"
2020-05-13,HOSPITAL GENERAL REGIONAL 72,IMSS,Media,Critica,"19.542797, -99.205022"
2020-05-13,HOSPITAL GENERAL REGIONAL 196,IMSS,Media,Buena,"19.529016, -99.030983"
2020-05-13,HOSPITAL GENERAL REGIONAL 200,IMSS,Media,Buena,"19.742905, -98.972971"
2020-05-13,HOSPITAL GENERAL DE ZONA 53,IMSS,Media,Media,"19.356913, -98.990929"
2020-05-13,HOSPITAL GENERAL DE ZONA 197,IMSS,Media,Buena,"19.515133, -98.891450"
2020-05-13,HOSPITAL GENERAL DE ZONA 194,IMSS,Media,Buena,"19.470300, -99.234208"
2020-05-13,HOSPITAL GENERAL DE ZONA 57 (LA QUEBRADA),IMSS,Buena,Buena,"19.597387, -99.188426"
2020-05-13,HOSPITAL GENERAL DE ZONA 58 (LAS MARGARITAS),IMSS,Buena,Buena,"19.530797, -99.222446"
2020-05-13,HOSPITAL GENERAL DE ZONA 68 (TULPETLAC),IMSS,Buena,Media,"19.570070, -99.044009"
2020-05-13,HOSPITAL GENERAL DE ZONA 71 (CHALCO),IMSS,Media,Buena,"19.259803, -98.893368"
2020-05-13,HOSPITAL GENERAL DE ZONA 76 (XALOSTOC),IMSS,Media,Media,"19.526677, -99.082058"
2020-05-13,HOSPITAL GENERAL DE ZONA 98 (COACALCO),IMSS,Buena,Buena,"19.638165, -99.098892"
2020-05-13,CENTRO MEDICO 20 DE NOVIEMBRE,ISSSTE,Critica,Critica,"19.372720, -99.171205"
2020-05-13,HG DARIO FERNANDEZ FIERRO,ISSSTE,Media,Critica,"19.363602, -99.188608"
2020-05-13,HG JOSE MARIA MORELOS,ISSSTE,Media,Media,"19.363918, -98.995393"
2020-05-13,HG TACUBA,ISSSTE,Media,Buena,"19.454384, -99.191231"
2020-05-13,HG DR FERNANDO QUIROZ,ISSSTE,Critica,Buena,"19.394242, -99.194187"
2020-05-13,HG IGNACIO ZARAGOZA,ISSSTE,Critica,Critica,"19.389472, -99.045019"
2020-05-13,HR PRIMERO DE OCTUBRE,ISSSTE,Media,Media,"19.486751, -99.133249"
2020-05-13,HR LIC. ADOLFO LÓPEZ MATEOS,ISSSTE,Critica,Media,"19.358451, -99.172716"
2020-05-13,HR BICENTENARIO DE LA INDEPENDENCIA,ISSSTE,Critica,Media,"19.628814, -99.163343"
2020-05-13,ALTA ESPECIALIDAD DE ZUMPANGO,EDOMEX,Media,Critica,"19.815198, -99.089196"
2020-05-13,HOSPITAL REGIONAL TLALNEPANTLA ISSEMYM,EDOMEX,Buena,Media,"19.521706, -99.187341"
2020-05-13,"HOSPITAL GENERAL ECATEPEC ""LAS AMÉRICAS""",EDOMEX,Critica,Media,"19.594136, -99.018679"
2020-05-13,"HOSPITAL GENERAL DE NAUCALPAN ""DR. MAXIMILIANO RUIZ CASTAÑEDA"" ",EDOMEX,Buena,Buena,"19.468662, -99.234348"
2020-05-13,"HOSPITAL GENERAL ATIZAPAN DE ZARAGOZA ""DR. SALVADOR GONZALEZ HERREJÓN""",EDOMEX,Buena,Buena,"19.546322, -99.237491"
2020-05-13,"HOSPITAL GENERAL CUAUTITLAN ""GRAL. JOSE VICENTE VILLADA""",EDOMEX,Media,Media,"19.664586, -99.178557"
2020-05-13,"HOSPITAL GENERAL DE NEZAHUALCOYOTL ""GUSTAVO BAZ PRADA""",EDOMEX,Media,Critica,"19.422253, -99.014892"
2020-05-13,"HOSPITAL GENERAL DE ECATEPEC ""JOSÉ MARÍA RODRÍGUEZ""",EDOMEX,Buena,Buena,"19.514412, -99.038087"
2020-05-13,"HOSPITAL GENERAL NEZAHUALCOYOTL ""LA PERLA"" ",EDOMEX,Media,Buena,"19.387963, -98.989442"
2020-05-13,HOSPITAL GENERAL DE CHIMALHUACAN,EDOMEX,Media,Buena,"19.419753, -98.975140"
2020-05-13,"HOSPITAL GENERAL DE IXTAPALUCA ""PEDRO LOPEZ""",EDOMEX,Buena,Buena,"19.318829, -98.855366"
2020-05-13,HOSPITAL GENERAL DE CHALCO ,EDOMEX,Critica,Buena,"19.268265, -98.893965"
2020-05-13,"HOSPITAL GENERAL TEXCOCO ""GUADALUPE VICTORIA"" BICENTENARIO ",EDOMEX,Media,Critica,"19.514309, -98.871750"
2020-05-13,"HOSPITAL GENERAL VALLE DE CHALCO ""DR. FERNANDO QUIROZ GUTIERREZ"" ",EDOMEX,Critica,Buena,"19.273775, -98.941609"
2020-05-13,"HOSPITAL GENERAL AMECAMECA ""VALENTIN GOMEZ FARIAS"" ",EDOMEX,Buena,Buena,"19.144883, -98.785072"
2020-05-13,HOSPITAL GENERAL DE AXAPUSCO,EDOMEX,Critica,Buena,"19.732872, -98.769445"
2020-05-14,INSTITUTO NACIONAL DE NUTRICIÓN,SSA,Critica,Critica,"19.289599, -99.155441"
2020-05-14,INER,SSA,Buena,Media,"19.291375, -99.158653"
2020-05-14,HOSPITAL GENERAL DE MÉXICO,SSA,Critica,Critica,"19.4129258, -99.1520225"
2020-05-14,HOSPITAL JUAREZ,SSA,Media,Media,"19.481829, -99.135576"
2020-05-14,HOSPITAL GENERAL DR. MANUEL GEA GONZÁLEZ,SSA,Media,Critica,"19.290295, -99.160861"
2020-05-14,HOSPITAL INFANTIL DE MÉXICO FEDERICO GÓMEZ,SSA,Buena,Media,"19.410839, -99.151941"
2020-05-14,INSTITUTO  NACIONAL DE CARDIOLOGÍA IGNACIO CHÁVEZ,SSA,Media,Media,"19.290598, -99.153838"
2020-05-14,CITIBANAMEX,SSA,,,"19.439732, -99.224235"
2020-05-14,HOSPITAL REGIONAL DE ALTA ESPECIALIDAD DE IXTAPALUCA,SSA,Media,Critica,"19.318796, -98.855353"
2020-05-14,BELISARIO DOMINGUEZ,SEDESA,Critica,Buena,"19.307226, -99.065356"
2020-05-14,ENRIQUE CABRERA,SEDESA,Media,Media,"19.361675, -99.224432"
2020-05-14,GENERAL TLAHUAC,SEDESA,Buena,Buena,"19.287492, -99.052665"
2020-05-14,PEDIATRICO DE LA VILLA,SEDESA,Buena,Buena,"19.487355, -99.114316"
2020-05-14,HOSPITAL GENERAL AJUSCO MEDIO,SEDESA,Media,Critica,"19.272165, -99.207846"
2020-05-14,HOSPITAL GENERAL IZTAPALAPA,SEDESA,Media,Buena,"19.343426, -99.027236"
2020-05-14,HOSPITAL GENERAL XOCO,SEDESA,Critica,Buena,"19.360313, -99.162275"
2020-05-14,HOSPITAL GENERAL VILLA,SEDESA,Media,Buena,"19.480079, -99.103353"
2020-05-14,HOSPITAL GENERAL DR. RUBÉN LEÑERO,SEDESA,Buena,Buena,"19.451398, -99.169565"
2020-05-14,HOSPITAL GENERAL MILPA ALTA,SEDESA,Media,Buena,"19.200951, -99.011210"
2020-05-14,HOSPITAL GENERAL BALBUENA,SEDESA,Buena,Buena,"19.424195, -99.115412"
2020-05-14,HOSPITAL DE ESPECIALIDADES 01 CMN SIGLO XXI (CDMX SUR),IMSS,Critica,Critica,"19.466549, -99.145102"
2020-05-14,HOSPITAL DE PEDIATRIA 01 CMN SIGLO XXI (CDMX SUR),IMSS,Buena,Buena,"19.407458, -99.152267"
2020-05-14,HOSPITAL GENERAL DE ZONA 01 CARLOS MC GREGOR (CDMX SUR),IMSS,Media,Media,"19.395912, -99.161610"
2020-05-14,HOSPITAL GENERAL DE ZONA 1A PARQUE DE LOS VENADOS (CDMX SUR),IMSS,Buena,Buena,"19.374431, -99.151203"
2020-05-14,HOSPITAL DE INFECTOLOGIA 01 LA RAZA (CDMX NORTE),IMSS,Media,Critica,"19.464865, -99.144859"
2020-05-14,HOSPITAL GENERAL 01 (CDMX NORTE) LA RAZA,IMSS,Buena,Buena,"19.395740, -99.161677"
2020-05-14,HOSPITAL GENERAL DE ZONA 24 (CDMX NORTE),IMSS,Media,Buena,"19.483221, -99.128448"
2020-05-14,HOSPITAL GENERAL DE ZONA 27 (CDMX NORTE),IMSS,Critica,Buena,"19.454776, -99.140007"
2020-05-14,HOSPITAL GENERAL DE ZONA 2A (CDMX SUR),IMSS,Buena,Buena,"19.405495, -99.112200"
2020-05-14,HOSPITAL GENERAL DE ZONA 30 (CDMX SUR),IMSS,Media,Buena,"19.398836, -99.116913"
2020-05-14,HOSPITAL GENERAL DE ZONA 32 (CDMX SUR),IMSS,Media,Media,"19.307964, -99.130677"
2020-05-14,HOSPITAL GENERAL DE ZONA C/MF 08 (CDMX SUR),IMSS,Buena,Media,"19.337137, -99.200142"
2020-05-14,HOSPITAL GENERAL DE ZONA C/UMAA 48 (CDMX NORTE),IMSS,Buena,Media,"19.482375, -99.213046"
2020-05-14,HOSPITAL GENERAL 02 (CDMX SUR) VILLA COAPA (COY.),IMSS,Critica,Buena,"19.309194, -99.129593"
2020-05-14,HOSPITAL DE ESPECIALIDADES 01 (CDMX NORTE) LA RAZA (AZC),IMSS,Critica,Buena,"19.467169, -99.143785"
2020-05-14,HOSPITAL GENERAL DE ZONA C/MF 29 (S. JUAN ARAGÓN),IMSS,Media,Critica,"19.465117, -99.085162"
2020-05-14,HOSPITAL GENERAL DE ZONA 47 (CDMX SUR) (IZP),IMSS,Buena,Buena,"19.357566, -99.054269"
2020-05-14,HOSPITAL GENERAL REGIONAL 72,IMSS,Media,Critica,"19.542797, -99.205022"
2020-05-14,HOSPITAL GENERAL REGIONAL 196,IMSS,Media,Buena,"19.529016, -99.030983"
2020-05-14,HOSPITAL GENERAL REGIONAL 200,IMSS,Media,Buena,"19.742905, -98.972971"
2020-05-14,HOSPITAL GENERAL DE ZONA 53,IMSS,Media,Media,"19.356913, -98.990929"
2020-05-14,HOSPITAL GENERAL DE ZONA 197,IMSS,Media,Buena,"19.515133, -98.891450"
2020-05-14,HOSPITAL GENERAL DE ZONA 194,IMSS,Media,Buena,"19.470300, -99.234208"
2020-05-14,HOSPITAL GENERAL DE ZONA 57 (LA QUEBRADA),IMSS,Buena,Buena,"19.597387, -99.188426"
2020-05-14,HOSPITAL GENERAL DE ZONA 58 (LAS MARGARITAS),IMSS,Buena,Buena,"19.530797, -99.222446"
2020-05-14,HOSPITAL GENERAL DE ZONA 68 (TULPETLAC),IMSS,Buena,Media,"19.570070, -99.044009"
2020-05-14,HOSPITAL GENERAL DE ZONA 71 (CHALCO),IMSS,Media,Buena,"19.259803, -98.893368"
2020-05-14,HOSPITAL GENERAL DE ZONA 76 (XALOSTOC),IMSS,Media,Media,"19.526677, -99.082058"
2020-05-14,HOSPITAL GENERAL DE ZONA 98 (COACALCO),IMSS,Buena,Media,"19.638165, -99.098892"
2020-05-14,CENTRO MEDICO 20 DE NOVIEMBRE,ISSSTE,Media,Critica,"19.372720, -99.171205"
2020-05-14,HG DARIO FERNANDEZ FIERRO,ISSSTE,Media,Media,"19.363602, -99.188608"
2020-05-14,HG JOSE MARIA MORELOS,ISSSTE,Media,Buena,"19.363918, -98.995393"
2020-05-14,HG TACUBA,ISSSTE,Critica,Buena,"19.454384, -99.191231"
2020-05-14,HG DR FERNANDO QUIROZ,ISSSTE,Critica,Buena,"19.394242, -99.194187"
2020-05-14,HG IGNACIO ZARAGOZA,ISSSTE,Critica,Critica,"19.389472, -99.045019"
2020-05-14,HR PRIMERO DE OCTUBRE,ISSSTE,Critica,Critica,"19.486751, -99.133249"
2020-05-14,HR LIC. ADOLFO LÓPEZ MATEOS,ISSSTE,Media,Media,"19.358451, -99.172716"
2020-05-14,HR BICENTENARIO DE LA INDEPENDENCIA,ISSSTE,Critica,Media,"19.628814, -99.163343"
2020-05-14,ALTA ESPECIALIDAD DE ZUMPANGO,EDOMEX,Buena,Critica,"19.815198, -99.089196"
2020-05-14,HOSPITAL REGIONAL TLALNEPANTLA ISSEMYM,EDOMEX,Media,Media,"19.521706, -99.187341"
2020-05-14,"HOSPITAL GENERAL ECATEPEC ""LAS AMÉRICAS""",EDOMEX,Buena,Buena,"19.594136, -99.018679"
2020-05-14,"HOSPITAL GENERAL DE NAUCALPAN ""DR. MAXIMILIANO RUIZ CASTAÑEDA"" ",EDOMEX,Media,Buena,"19.468662, -99.234348"
2020-05-14,"HOSPITAL GENERAL ATIZAPAN DE ZARAGOZA ""DR. SALVADOR GONZALEZ HERREJÓN""",EDOMEX,Buena,Buena,"19.546322, -99.237491"
2020-05-14,"HOSPITAL GENERAL CUAUTITLAN ""GRAL. JOSE VICENTE VILLADA""",EDOMEX,Critica,Critica,"19.664586, -99.178557"
2020-05-14,"HOSPITAL GENERAL DE NEZAHUALCOYOTL ""GUSTAVO BAZ PRADA""",EDOMEX,Critica,Critica,"19.422253, -99.014892"
2020-05-14,"HOSPITAL GENERAL DE ECATEPEC ""JOSÉ MARÍA RODRÍGUEZ""",EDOMEX,Buena,Buena,"19.514412, -99.038087"
2020-05-14,"HOSPITAL GENERAL NEZAHUALCOYOTL ""LA PERLA"" ",EDOMEX,Media,Buena,"19.387963, -98.989442"
2020-05-14,HOSPITAL GENERAL DE CHIMALHUACAN,EDOMEX,Media,Media,"19.419753, -98.975140"
2020-05-14,"HOSPITAL GENERAL DE IXTAPALUCA ""PEDRO LOPEZ""",EDOMEX,Buena,Buena,"19.318829, -98.855366"
2020-05-14,HOSPITAL GENERAL DE CHALCO ,EDOMEX,Media,Buena,"19.268265, -98.893965"
2020-05-14,"HOSPITAL GENERAL TEXCOCO ""GUADALUPE VICTORIA"" BICENTENARIO ",EDOMEX,Buena,Critica,"19.514309, -98.871750"
2020-05-14,"HOSPITAL GENERAL VALLE DE CHALCO ""DR. FERNANDO QUIROZ GUTIERREZ"" ",EDOMEX,Buena,Buena,"19.273775, -98.941609"
2020-05-14,"HOSPITAL GENERAL AMECAMECA ""VALENTIN GOMEZ FARIAS"" ",EDOMEX,Buena,Buena,"19.144883, -98.785072"
2020-05-14,HOSPITAL GENERAL DE AXAPUSCO,EDOMEX,Critica,Buena,"19.732872, -98.769445"
2020-05-15,INSTITUTO NACIONAL DE NUTRICIÓN,SSA,Critica,Critica,"19.289599, -99.155441"
2020-05-15,INER,SSA,Buena,Media,"19.291375, -99.158653"
2020-05-15,HOSPITAL GENERAL DE MÉXICO,SSA,Critica,Critica,"19.4129258, -99.1520225"
2020-05-15,HOSPITAL JUAREZ,SSA,Media,Media,"19.481829, -99.135576"
2020-05-15,HOSPITAL GENERAL DR. MANUEL GEA GONZÁLEZ,SSA,Media,Critica,"19.290295, -99.160861"
2020-05-15,HOSPITAL INFANTIL DE MÉXICO FEDERICO GÓMEZ,SSA,Buena,Media,"19.410839, -99.151941"
2020-05-15,INSTITUTO  NACIONAL DE CARDIOLOGÍA IGNACIO CHÁVEZ,SSA,Media,Media,"19.290598, -99.153838"
2020-05-15,CITIBANAMEX,SSA,,,"19.439732, -99.224235"
2020-05-15,HOSPITAL REGIONAL DE ALTA ESPECIALIDAD DE IXTAPALUCA,SSA,Media,Critica,"19.318796, -98.855353"
2020-05-15,BELISARIO DOMINGUEZ,SEDESA,Critica,Buena,"19.307226, -99.065356"
2020-05-15,ENRIQUE CABRERA,SEDESA,Media,Media,"19.361675, -99.224432"
2020-05-15,GENERAL TLAHUAC,SEDESA,Buena,Buena,"19.287492, -99.052665"
2020-05-15,PEDIATRICO DE LA VILLA,SEDESA,Buena,Buena,"19.487355, -99.114316"
2020-05-15,HOSPITAL GENERAL AJUSCO MEDIO,SEDESA,Media,Critica,"19.272165, -99.207846"
2020-05-15,HOSPITAL GENERAL IZTAPALAPA,SEDESA,Media,Buena,"19.343426, -99.027236"
2020-05-15,HOSPITAL GENERAL XOCO,SEDESA,Critica,Buena,"19.360313, -99.162275"
2020-05-15,HOSPITAL GENERAL VILLA,SEDESA,Media,Buena,"19.480079, -99.103353"
2020-05-15,HOSPITAL GENERAL DR. RUBÉN LEÑERO,SEDESA,Buena,Buena,"19.451398, -99.169565"
2020-05-15,HOSPITAL GENERAL MILPA ALTA,SEDESA,Media,Buena,"19.200951, -99.011210"
2020-05-15,HOSPITAL GENERAL BALBUENA,SEDESA,Buena,Buena,"19.424195, -99.115412"
2020-05-15,HOSPITAL DE ESPECIALIDADES 01 CMN SIGLO XXI (CDMX SUR),IMSS,Critica,Critica,"19.466549, -99.145102"
2020-05-15,HOSPITAL DE PEDIATRIA 01 CMN SIGLO XXI (CDMX SUR),IMSS,Buena,Buena,"19.407458, -99.152267"
2020-05-15,HOSPITAL GENERAL DE ZONA 01 CARLOS MC GREGOR (CDMX SUR),IMSS,Media,Media,"19.395912, -99.161610"
2020-05-15,HOSPITAL GENERAL DE ZONA 1A PARQUE DE LOS VENADOS (CDMX SUR),IMSS,Buena,Buena,"19.374431, -99.151203"
2020-05-15,HOSPITAL DE INFECTOLOGIA 01 LA RAZA (CDMX NORTE),IMSS,Media,Critica,"19.464865, -99.144859"
2020-05-15,HOSPITAL GENERAL 01 (CDMX NORTE) LA RAZA,IMSS,Buena,Buena,"19.395740, -99.161677"
2020-05-15,HOSPITAL GENERAL DE ZONA 24 (CDMX NORTE),IMSS,Media,Buena,"19.483221, -99.128448"
2020-05-15,HOSPITAL GENERAL DE ZONA 27 (CDMX NORTE),IMSS,Critica,Buena,"19.454776, -99.140007"
2020-05-15,HOSPITAL GENERAL DE ZONA 2A (CDMX SUR),IMSS,Buena,Buena,"19.405495, -99.112200"
2020-05-15,HOSPITAL GENERAL DE ZONA 30 (CDMX SUR),IMSS,Media,Buena,"19.398836, -99.116913"
2020-05-15,HOSPITAL GENERAL DE ZONA 32 (CDMX SUR),IMSS,Media,Media,"19.307964, -99.130677"
2020-05-15,HOSPITAL GENERAL DE ZONA C/MF 08 (CDMX SUR),IMSS,Buena,Media,"19.337137, -99.200142"
2020-05-15,HOSPITAL GENERAL DE ZONA C/UMAA 48 (CDMX NORTE),IMSS,Buena,Media,"19.482375, -99.213046"
2020-05-15,HOSPITAL GENERAL 02 (CDMX SUR) VILLA COAPA (COY.),IMSS,Critica,Buena,"19.309194, -99.129593"
2020-05-15,HOSPITAL DE ESPECIALIDADES 01 (CDMX NORTE) LA RAZA (AZC),IMSS,Critica,Buena,"19.467169, -99.143785"
2020-05-15,HOSPITAL GENERAL DE ZONA C/MF 29 (S. JUAN ARAGÓN),IMSS,Media,Critica,"19.465117, -99.085162"
2020-05-15,HOSPITAL GENERAL DE ZONA 47 (CDMX SUR) (IZP),IMSS,Buena,Buena,"19.357566, -99.054269"
2020-05-15,HOSPITAL GENERAL REGIONAL 72,IMSS,Media,Critica,"19.542797, -99.205022"
2020-05-15,HOSPITAL GENERAL REGIONAL 196,IMSS,Media,Buena,"19.529016, -99.030983"
2020-05-15,HOSPITAL GENERAL REGIONAL 200,IMSS,Media,Buena,"19.742905, -98.972971"
2020-05-15,HOSPITAL GENERAL DE ZONA 53,IMSS,Media,Media,"19.356913, -98.990929"
2020-05-15,HOSPITAL GENERAL DE ZONA 197,IMSS,Media,Buena,"19.515133, -98.891450"
2020-05-15,HOSPITAL GENERAL DE ZONA 194,IMSS,Media,Buena,"19.470300, -99.234208"
2020-05-15,HOSPITAL GENERAL DE ZONA 57 (LA QUEBRADA),IMSS,Buena,Buena,"19.597387, -99.188426"
2020-05-15,HOSPITAL GENERAL DE ZONA 58 (LAS MARGARITAS),IMSS,Buena,Buena,"19.530797, -99.222446"
2020-05-15,HOSPITAL GENERAL DE ZONA 68 (TULPETLAC),IMSS,Buena,Media,"19.570070, -99.044009"
2020-05-15,HOSPITAL GENERAL DE ZONA 71 (CHALCO),IMSS,Media,Buena,"19.259803, -98.893368"
2020-05-15,HOSPITAL GENERAL DE ZONA 76 (XALOSTOC),IMSS,Media,Media,"19.526677, -99.082058"
2020-05-15,HOSPITAL GENERAL DE ZONA 98 (COACALCO),IMSS,Buena,Media,"19.638165, -99.098892"
2020-05-15,CENTRO MEDICO 20 DE NOVIEMBRE,ISSSTE,Media,Critica,"19.372720, -99.171205"
2020-05-15,HG DARIO FERNANDEZ FIERRO,ISSSTE,Media,Media,"19.363602, -99.188608"
2020-05-15,HG JOSE MARIA MORELOS,ISSSTE,Media,Buena,"19.363918, -98.995393"
2020-05-15,HG TACUBA,ISSSTE,Critica,Buena,"19.454384, -99.191231"
2020-05-15,HG DR FERNANDO QUIROZ,ISSSTE,Critica,Buena,"19.394242, -99.194187"
2020-05-15,HG IGNACIO ZARAGOZA,ISSSTE,Critica,Critica,"19.389472, -99.045019"
2020-05-15,HR PRIMERO DE OCTUBRE,ISSSTE,Critica,Critica,"19.486751, -99.133249"
2020-05-15,HR LIC. ADOLFO LÓPEZ MATEOS,ISSSTE,Media,Media,"19.358451, -99.172716"
2020-05-15,HR BICENTENARIO DE LA INDEPENDENCIA,ISSSTE,Critica,Media,"19.628814, -99.163343"
2020-05-15,ALTA ESPECIALIDAD DE ZUMPANGO,EDOMEX,Buena,Critica,"19.815198, -99.089196"
2020-05-15,HOSPITAL REGIONAL TLALNEPANTLA ISSEMYM,EDOMEX,Media,Media,"19.521706, -99.187341"
2020-05-15,"HOSPITAL GENERAL ECATEPEC ""LAS AMÉRICAS""",EDOMEX,Buena,Buena,"19.594136, -99.018679"
2020-05-15,"HOSPITAL GENERAL DE NAUCALPAN ""DR. MAXIMILIANO RUIZ CASTAÑEDA"" ",EDOMEX,Media,Buena,"19.468662, -99.234348"
2020-05-15,"HOSPITAL GENERAL ATIZAPAN DE ZARAGOZA ""DR. SALVADOR GONZALEZ HERREJÓN""",EDOMEX,Buena,Buena,"19.546322, -99.237491"
2020-05-15,"HOSPITAL GENERAL CUAUTITLAN ""GRAL. JOSE VICENTE VILLADA""",EDOMEX,Critica,Critica,"19.664586, -99.178557"
2020-05-15,"HOSPITAL GENERAL DE NEZAHUALCOYOTL ""GUSTAVO BAZ PRADA""",EDOMEX,Critica,Critica,"19.422253, -99.014892"
2020-05-15,"HOSPITAL GENERAL DE ECATEPEC ""JOSÉ MARÍA RODRÍGUEZ""",EDOMEX,Buena,Buena,"19.514412, -99.038087"
2020-05-15,"HOSPITAL GENERAL NEZAHUALCOYOTL ""LA PERLA"" ",EDOMEX,Media,Buena,"19.387963, -98.989442"
2020-05-15,HOSPITAL GENERAL DE CHIMALHUACAN,EDOMEX,Media,Media,"19.419753, -98.975140"
2020-05-15,"HOSPITAL GENERAL DE IXTAPALUCA ""PEDRO LOPEZ""",EDOMEX,Buena,Buena,"19.318829, -98.855366"
2020-05-15,HOSPITAL GENERAL DE CHALCO ,EDOMEX,Media,Buena,"19.268265, -98.893965"
2020-05-15,"HOSPITAL GENERAL TEXCOCO ""GUADALUPE VICTORIA"" BICENTENARIO ",EDOMEX,Buena,Critica,"19.514309, -98.871750"
2020-05-15,"HOSPITAL GENERAL VALLE DE CHALCO ""DR. FERNANDO QUIROZ GUTIERREZ"" ",EDOMEX,Buena,Buena,"19.273775, -98.941609"
2020-05-15,"HOSPITAL GENERAL AMECAMECA ""VALENTIN GOMEZ FARIAS"" ",EDOMEX,Buena,Buena,"19.144883, -98.785072"
2020-05-15,HOSPITAL GENERAL DE AXAPUSCO,EDOMEX,Critica,Buena,"19.732872, -98.769445"
2020-05-16,INSTITUTO NACIONAL DE NUTRICIÓN,SSA,Critica,Critica,"19.289599, -99.155441"
2020-05-16,INER,SSA,Media,Media,"19.291375, -99.158653"
2020-05-16,HOSPITAL GENERAL DE MÉXICO,SSA,Critica,Critica,"19.4129258, -99.1520225"
2020-05-16,HOSPITAL JUAREZ,SSA,Media,Critica,"19.481829, -99.135576"
2020-05-16,HOSPITAL GENERAL DR. MANUEL GEA GONZÁLEZ,SSA,Media,Critica,"19.290295, -99.160861"
2020-05-16,HOSPITAL INFANTIL DE MÉXICO FEDERICO GÓMEZ,SSA,Buena,Media,"19.410839, -99.151941"
2020-05-16,INSTITUTO  NACIONAL DE CARDIOLOGÍA IGNACIO CHÁVEZ,SSA,Critica,Media,"19.290598, -99.153838"
2020-05-16,CITIBANAMEX,SSA,,,"19.439732, -99.224235"
2020-05-16,HOSPITAL REGIONAL DE ALTA ESPECIALIDAD DE IXTAPALUCA,SSA,Media,Critica,"19.318796, -98.855353"
2020-05-16,BELISARIO DOMINGUEZ,SEDESA,Critica,Buena,"19.307226, -99.065356"
2020-05-16,ENRIQUE CABRERA,SEDESA,Media,Buena,"19.361675, -99.224432"
2020-05-16,GENERAL TLAHUAC,SEDESA,Buena,Buena,"19.287492, -99.052665"
2020-05-16,PEDIATRICO DE LA VILLA,SEDESA,Buena,Buena,"19.487355, -99.114316"
2020-05-16,HOSPITAL GENERAL AJUSCO MEDIO,SEDESA,Media,Critica,"19.272165, -99.207846"
2020-05-16,HOSPITAL GENERAL IZTAPALAPA,SEDESA,Media,Buena,"19.343426, -99.027236"
2020-05-16,HOSPITAL GENERAL XOCO,SEDESA,Critica,Buena,"19.360313, -99.162275"
2020-05-16,HOSPITAL GENERAL VILLA,SEDESA,Media,Buena,"19.480079, -99.103353"
2020-05-16,HOSPITAL GENERAL DR. RUBÉN LEÑERO,SEDESA,Buena,Buena,"19.451398, -99.169565"
2020-05-16,HOSPITAL GENERAL MILPA ALTA,SEDESA,Media,Buena,"19.200951, -99.011210"
2020-05-16,HOSPITAL GENERAL BALBUENA,SEDESA,Buena,Buena,"19.424195, -99.115412"
2020-05-16,HOSPITAL TEPEPAN,SEDESA,,,"19.275806, -99.144298"
2020-05-16,HOSPITAL DE ESPECIALIDADES 01 CMN SIGLO XXI (CDMX SUR),IMSS,Critica,Media,"19.466549, -99.145102"
2020-05-16,HOSPITAL DE PEDIATRIA 01 CMN SIGLO XXI (CDMX SUR),IMSS,Buena,Buena,"19.407458, -99.152267"
2020-05-16,HOSPITAL GENERAL DE ZONA 01 CARLOS MC GREGOR (CDMX SUR),IMSS,Media,Media,"19.395912, -99.161610"
2020-05-16,HOSPITAL GENERAL DE ZONA 1A PARQUE DE LOS VENADOS (CDMX SUR),IMSS,Media,Buena,"19.374431, -99.151203"
2020-05-16,HOSPITAL DE INFECTOLOGIA 01 LA RAZA (CDMX NORTE),IMSS,Media,Critica,"19.464865, -99.144859"
2020-05-16,HOSPITAL GENERAL 01 (CDMX NORTE) LA RAZA,IMSS,Media,Media,"19.395740, -99.161677"
2020-05-16,HOSPITAL GENERAL DE ZONA 24 (CDMX NORTE),IMSS,Media,Media,"19.483221, -99.128448"
2020-05-16,HOSPITAL GENERAL DE ZONA 27 (CDMX NORTE),IMSS,Critica,Buena,"19.454776, -99.140007"
2020-05-16,HOSPITAL GENERAL DE ZONA 2A (CDMX SUR),IMSS,Critica,Buena,"19.405495, -99.112200"
2020-05-16,HOSPITAL GENERAL DE ZONA 30 (CDMX SUR),IMSS,Media,Buena,"19.398836, -99.116913"
2020-05-16,HOSPITAL GENERAL DE ZONA 32 (CDMX SUR),IMSS,Media,Buena,"19.307964, -99.130677"
2020-05-16,HOSPITAL GENERAL DE ZONA C/MF 08 (CDMX SUR),IMSS,Critica,Media,"19.337137, -99.200142"
2020-05-16,HOSPITAL GENERAL DE ZONA C/UMAA 48 (CDMX NORTE),IMSS,Media,Media,"19.482375, -99.213046"
2020-05-16,HOSPITAL GENERAL 02 (CDMX SUR) VILLA COAPA (COY.),IMSS,Media,Buena,"19.309194, -99.129593"
2020-05-16,HOSPITAL DE ESPECIALIDADES 01 (CDMX NORTE) LA RAZA (AZC),IMSS,Media,Media,"19.467169, -99.143785"
2020-05-16,HOSPITAL GENERAL DE ZONA C/MF 29 (S. JUAN ARAGÓN),IMSS,Critica,Critica,"19.465117, -99.085162"
2020-05-16,HOSPITAL GENERAL DE ZONA 47 (CDMX SUR) (IZP),IMSS,Critica,Buena,"19.357566, -99.054269"
2020-05-16,HOSPITAL GENERAL REGIONAL 72,IMSS,Media,Critica,"19.542797, -99.205022"
2020-05-16,HOSPITAL GENERAL REGIONAL 196,IMSS,Critica,Buena,"19.529016, -99.030983"
2020-05-16,HOSPITAL GENERAL REGIONAL 200,IMSS,Media,Media,"19.742905, -98.972971"
2020-05-16,HOSPITAL GENERAL DE ZONA 53,IMSS,Critica,Media,"19.356913, -98.990929"
2020-05-16,HOSPITAL GENERAL DE ZONA 197,IMSS,Media,Buena,"19.515133, -98.891450"
2020-05-16,HOSPITAL GENERAL DE ZONA 194,IMSS,Critica,Buena,"19.470300, -99.234208"
2020-05-16,HOSPITAL GENERAL DE ZONA 57 (LA QUEBRADA),IMSS,Critica,Buena,"19.597387, -99.188426"
2020-05-16,HOSPITAL GENERAL DE ZONA 58 (LAS MARGARITAS),IMSS,Buena,Buena,"19.530797, -99.222446"
2020-05-16,HOSPITAL GENERAL DE ZONA 68 (TULPETLAC),IMSS,Buena,Media,"19.570070, -99.044009"
2020-05-16,HOSPITAL GENERAL DE ZONA 71 (CHALCO),IMSS,Media,Buena,"19.259803, -98.893368"
2020-05-16,HOSPITAL GENERAL DE ZONA 76 (XALOSTOC),IMSS,Media,Buena,"19.526677, -99.082058"
2020-05-16,HOSPITAL GENERAL DE ZONA 98 (COACALCO),IMSS,Media,Media,"19.638165, -99.098892"
2020-05-16,CENTRO MEDICO 20 DE NOVIEMBRE,ISSSTE,Media,Media,"19.372720, -99.171205"
2020-05-16,HG DARIO FERNANDEZ FIERRO,ISSSTE,Media,Media,"19.363602, -99.188608"
2020-05-16,HG JOSE MARIA MORELOS,ISSSTE,Media,Media,"19.363918, -98.995393"
2020-05-16,HG TACUBA,ISSSTE,Media,Buena,"19.454384, -99.191231"
2020-05-16,HG DR FERNANDO QUIROZ,ISSSTE,Media,Media,"19.394242, -99.194187"
2020-05-16,HG IGNACIO ZARAGOZA,ISSSTE,Critica,Critica,"19.389472, -99.045019"
2020-05-16,HR PRIMERO DE OCTUBRE,ISSSTE,Critica,Critica,"19.486751, -99.133249"
2020-05-16,HR LIC. ADOLFO LÓPEZ MATEOS,ISSSTE,Critica,Buena,"19.358451, -99.172716"
2020-05-16,HR BICENTENARIO DE LA INDEPENDENCIA,ISSSTE,Critica,Media,"19.628814, -99.163343"
2020-05-16,ALTA ESPECIALIDAD DE ZUMPANGO,EDOMEX,Media,Critica,"19.815198, -99.089196"
2020-05-16,HOSPITAL REGIONAL TLALNEPANTLA ISSEMYM,EDOMEX,Media,Media,"19.521706, -99.187341"
2020-05-16,"HOSPITAL GENERAL ECATEPEC ""LAS AMÉRICAS""",EDOMEX,Media,Media,"19.594136, -99.018679"
2020-05-16,"HOSPITAL GENERAL DE NAUCALPAN ""DR. MAXIMILIANO RUIZ CASTAÑEDA"" ",EDOMEX,Buena,Buena,"19.468662, -99.234348"
2020-05-16,"HOSPITAL GENERAL ATIZAPAN DE ZARAGOZA ""DR. SALVADOR GONZALEZ HERREJÓN""",EDOMEX,Buena,Media,"19.546322, -99.237491"
2020-05-16,"HOSPITAL GENERAL CUAUTITLAN ""GRAL. JOSE VICENTE VILLADA""",EDOMEX,Media,Critica,"19.664586, -99.178557"
2020-05-16,"HOSPITAL GENERAL DE NEZAHUALCOYOTL ""GUSTAVO BAZ PRADA""",EDOMEX,Media,Buena,"19.422253, -99.014892"
2020-05-16,"HOSPITAL GENERAL DE ECATEPEC ""JOSÉ MARÍA RODRÍGUEZ""",EDOMEX,Buena,Media,"19.514412, -99.038087"
2020-05-16,"HOSPITAL GENERAL NEZAHUALCOYOTL ""LA PERLA"" ",EDOMEX,Critica,Buena,"19.387963, -98.989442"
2020-05-16,HOSPITAL GENERAL DE CHIMALHUACAN,EDOMEX,Media,Media,"19.419753, -98.975140"
2020-05-16,"HOSPITAL GENERAL DE IXTAPALUCA ""PEDRO LOPEZ""",EDOMEX,Buena,Buena,"19.318829, -98.855366"
2020-05-16,HOSPITAL GENERAL DE CHALCO ,EDOMEX,Media,Buena,"19.268265, -98.893965"
2020-05-16,"HOSPITAL GENERAL TEXCOCO ""GUADALUPE VICTORIA"" BICENTENARIO ",EDOMEX,Media,Critica,"19.514309, -98.871750"
2020-05-16,"HOSPITAL GENERAL VALLE DE CHALCO ""DR. FERNANDO QUIROZ GUTIERREZ"" ",EDOMEX,Media,Media,"19.273775, -98.941609"
2020-05-16,"HOSPITAL GENERAL AMECAMECA ""VALENTIN GOMEZ FARIAS"" ",EDOMEX,Buena,Buena,"19.144883, -98.785072"
2020-05-16,HOSPITAL GENERAL DE AXAPUSCO,EDOMEX,Critica,Critica,"19.732872, -98.769445"
2020-05-17,INSTITUTO NACIONAL DE NUTRICIÓN,SSA,Critica,Critica,"19.289599, -99.155441"
2020-05-17,INER,SSA,Media,Media,"19.291375, -99.158653"
2020-05-17,HOSPITAL GENERAL DE MÉXICO,SSA,Critica,Critica,"19.4129258, -99.1520225"
2020-05-17,HOSPITAL JUAREZ,SSA,Media,Media,"19.481829, -99.135576"
2020-05-17,HOSPITAL GENERAL DR. MANUEL GEA GONZÁLEZ,SSA,Critica,Critica,"19.290295, -99.160861"
2020-05-17,HOSPITAL INFANTIL DE MÉXICO FEDERICO GÓMEZ,SSA,Buena,Buena,"19.410839, -99.151941"
2020-05-17,INSTITUTO  NACIONAL DE CARDIOLOGÍA IGNACIO CHÁVEZ,SSA,Critica,Media,"19.290598, -99.153838"
2020-05-17,CITIBANAMEX,SSA,,,"19.439732, -99.224235"
2020-05-17,HOSPITAL REGIONAL DE ALTA ESPECIALIDAD DE IXTAPALUCA,SSA,Media,Critica,"19.318796, -98.855353"
2020-05-17,BELISARIO DOMINGUEZ,SEDESA,Critica,Buena,"19.307226, -99.065356"
2020-05-17,ENRIQUE CABRERA,SEDESA,Media,Buena,"19.361675, -99.224432"
2020-05-17,GENERAL TLAHUAC,SEDESA,Buena,Buena,"19.287492, -99.052665"
2020-05-17,PEDIATRICO DE LA VILLA,SEDESA,Buena,Buena,"19.487355, -99.114316"
2020-05-17,HOSPITAL GENERAL AJUSCO MEDIO,SEDESA,Media,Critica,"19.272165, -99.207846"
2020-05-17,HOSPITAL GENERAL IZTAPALAPA,SEDESA,Media,Buena,"19.343426, -99.027236"
2020-05-17,HOSPITAL GENERAL XOCO,SEDESA,Critica,Media,"19.360313, -99.162275"
2020-05-17,HOSPITAL GENERAL VILLA,SEDESA,Media,Buena,"19.480079, -99.103353"
2020-05-17,HOSPITAL GENERAL DR. RUBÉN LEÑERO,SEDESA,Buena,Buena,"19.451398, -99.169565"
2020-05-17,HOSPITAL GENERAL MILPA ALTA,SEDESA,Critica,Buena,"19.200951, -99.011210"
2020-05-17,HOSPITAL GENERAL BALBUENA,SEDESA,Media,Buena,"19.424195, -99.115412"
2020-05-17,HOSPITAL TEPEPAN,SEDESA,,,"19.275806, -99.144298"
2020-05-17,HOSPITAL DE ESPECIALIDADES 01 CMN SIGLO XXI (CDMX SUR),IMSS,Buena,Critica,"19.466549, -99.145102"
2020-05-17,HOSPITAL DE PEDIATRIA 01 CMN SIGLO XXI (CDMX SUR),IMSS,Buena,Buena,"19.407458, -99.152267"
2020-05-17,HOSPITAL GENERAL DE ZONA 01 CARLOS MC GREGOR (CDMX SUR),IMSS,Media,Media,"19.395912, -99.161610"
2020-05-17,HOSPITAL GENERAL DE ZONA 1A PARQUE DE LOS VENADOS (CDMX SUR),IMSS,Media,Buena,"19.374431, -99.151203"
2020-05-17,HOSPITAL DE INFECTOLOGIA 01 LA RAZA (CDMX NORTE),IMSS,Media,Media,"19.464865, -99.144859"
2020-05-17,HOSPITAL GENERAL 01 (CDMX NORTE) LA RAZA,IMSS,Media,Media,"19.395740, -99.161677"
2020-05-17,HOSPITAL GENERAL DE ZONA 24 (CDMX NORTE),IMSS,Media,Media,"19.483221, -99.128448"
2020-05-17,HOSPITAL GENERAL DE ZONA 27 (CDMX NORTE),IMSS,Critica,Buena,"19.454776, -99.140007"
2020-05-17,HOSPITAL GENERAL DE ZONA 2A (CDMX SUR),IMSS,Critica,Buena,"19.405495, -99.112200"
2020-05-17,HOSPITAL GENERAL DE ZONA 30 (CDMX SUR),IMSS,Media,Buena,"19.398836, -99.116913"
2020-05-17,HOSPITAL GENERAL DE ZONA 32 (CDMX SUR),IMSS,Critica,Buena,"19.307964, -99.130677"
2020-05-17,HOSPITAL GENERAL DE ZONA C/MF 08 (CDMX SUR),IMSS,Critica,Buena,"19.337137, -99.200142"
2020-05-17,HOSPITAL GENERAL DE ZONA C/UMAA 48 (CDMX NORTE),IMSS,Critica,Media,"19.482375, -99.213046"
2020-05-17,HOSPITAL GENERAL 02 (CDMX SUR) VILLA COAPA (COY.),IMSS,Media,Buena,"19.309194, -99.129593"
2020-05-17,HOSPITAL DE ESPECIALIDADES 01 (CDMX NORTE) LA RAZA (AZC),IMSS,Media,Buena,"19.467169, -99.143785"
2020-05-17,HOSPITAL GENERAL DE ZONA C/MF 29 (S. JUAN ARAGÓN),IMSS,Critica,Buena,"19.465117, -99.085162"
2020-05-17,HOSPITAL GENERAL DE ZONA 47 (CDMX SUR) (IZP),IMSS,Media,Buena,"19.357566, -99.054269"
2020-05-17,HOSPITAL GENERAL REGIONAL 72,IMSS,Media,Media,"19.542797, -99.205022"
2020-05-17,HOSPITAL GENERAL REGIONAL 196,IMSS,Critica,Buena,"19.529016, -99.030983"
2020-05-17,HOSPITAL GENERAL REGIONAL 200,IMSS,Media,Buena,"19.742905, -98.972971"
2020-05-17,HOSPITAL GENERAL DE ZONA 53,IMSS,Critica,Media,"19.356913, -98.990929"
2020-05-17,HOSPITAL GENERAL DE ZONA 197,IMSS,Media,Buena,"19.515133, -98.891450"
2020-05-17,HOSPITAL GENERAL DE ZONA 194,IMSS,Critica,Buena,"19.470300, -99.234208"
2020-05-17,HOSPITAL GENERAL DE ZONA 57 (LA QUEBRADA),IMSS,Critica,Buena,"19.597387, -99.188426"
2020-05-17,HOSPITAL GENERAL DE ZONA 58 (LAS MARGARITAS),IMSS,Buena,Buena,"19.530797, -99.222446"
2020-05-17,HOSPITAL GENERAL DE ZONA 68 (TULPETLAC),IMSS,Buena,Media,"19.570070, -99.044009"
2020-05-17,HOSPITAL GENERAL DE ZONA 71 (CHALCO),IMSS,Critica,Buena,"19.259803, -98.893368"
2020-05-17,HOSPITAL GENERAL DE ZONA 76 (XALOSTOC),IMSS,Media,Buena,"19.526677, -99.082058"
2020-05-17,HOSPITAL GENERAL DE ZONA 98 (COACALCO),IMSS,Critica,Critica,"19.638165, -99.098892"
2020-05-17,CENTRO MEDICO 20 DE NOVIEMBRE,ISSSTE,Media,Critica,"19.372720, -99.171205"
2020-05-17,HG DARIO FERNANDEZ FIERRO,ISSSTE,Critica,Critica,"19.363602, -99.188608"
2020-05-17,HG JOSE MARIA MORELOS,ISSSTE,Media,Critica,"19.363918, -98.995393"
2020-05-17,HG TACUBA,ISSSTE,Media,Buena,"19.454384, -99.191231"
2020-05-17,HG DR FERNANDO QUIROZ,ISSSTE,Media,Media,"19.394242, -99.194187"
2020-05-17,HG IGNACIO ZARAGOZA,ISSSTE,Critica,Media,"19.389472, -99.045019"
2020-05-17,HR PRIMERO DE OCTUBRE,ISSSTE,Critica,Critica,"19.486751, -99.133249"
2020-05-17,HR LIC. ADOLFO LÓPEZ MATEOS,ISSSTE,Critica,Buena,"19.358451, -99.172716"
2020-05-17,HR BICENTENARIO DE LA INDEPENDENCIA,ISSSTE,Critica,Media,"19.628814, -99.163343"
2020-05-17,ALTA ESPECIALIDAD DE ZUMPANGO,EDOMEX,Media,Critica,"19.815198, -99.089196"
2020-05-17,HOSPITAL REGIONAL TLALNEPANTLA ISSEMYM,EDOMEX,Media,Media,"19.521706, -99.187341"
2020-05-17,"HOSPITAL GENERAL ECATEPEC ""LAS AMÉRICAS""",EDOMEX,Media,Media,"19.594136, -99.018679"
2020-05-17,"HOSPITAL GENERAL DE NAUCALPAN ""DR. MAXIMILIANO RUIZ CASTAÑEDA"" ",EDOMEX,Media,Media,"19.468662, -99.234348"
2020-05-17,"HOSPITAL GENERAL ATIZAPAN DE ZARAGOZA ""DR. SALVADOR GONZALEZ HERREJÓN""",EDOMEX,Buena,Critica,"19.546322, -99.237491"
2020-05-17,"HOSPITAL GENERAL CUAUTITLAN ""GRAL. JOSE VICENTE VILLADA""",EDOMEX,Media,Critica,"19.664586, -99.178557"
2020-05-17,"HOSPITAL GENERAL DE NEZAHUALCOYOTL ""GUSTAVO BAZ PRADA""",EDOMEX,Media,Critica,"19.422253, -99.014892"
2020-05-17,"HOSPITAL GENERAL DE ECATEPEC ""JOSÉ MARÍA RODRÍGUEZ""",EDOMEX,Buena,Buena,"19.514412, -99.038087"
2020-05-17,"HOSPITAL GENERAL NEZAHUALCOYOTL ""LA PERLA"" ",EDOMEX,Media,Buena,"19.387963, -98.989442"
2020-05-17,HOSPITAL GENERAL DE CHIMALHUACAN,EDOMEX,Media,Media,"19.419753, -98.975140"
2020-05-17,"HOSPITAL GENERAL DE IXTAPALUCA ""PEDRO LOPEZ""",EDOMEX,Buena,Media,"19.318829, -98.855366"
2020-05-17,HOSPITAL GENERAL DE CHALCO ,EDOMEX,Media,Buena,"19.268265, -98.893965"
2020-05-17,"HOSPITAL GENERAL TEXCOCO ""GUADALUPE VICTORIA"" BICENTENARIO ",EDOMEX,Media,Critica,"19.514309, -98.871750"
2020-05-17,"HOSPITAL GENERAL VALLE DE CHALCO ""DR. FERNANDO QUIROZ GUTIERREZ"" ",EDOMEX,Media,Buena,"19.273775, -98.941609"
2020-05-17,"HOSPITAL GENERAL AMECAMECA ""VALENTIN GOMEZ FARIAS"" ",EDOMEX,Buena,Buena,"19.144883, -98.785072"
2020-05-17,HOSPITAL GENERAL DE AXAPUSCO,EDOMEX,Critica,Critica,"19.732872, -98.769445"
2020-05-18,INSTITUTO NACIONAL DE NUTRICIÓN,SSA,Critica,Critica,"19.289599, -99.155441"
2020-05-18,INER,SSA,Media,Media,"19.291375, -99.158653"
2020-05-18,HOSPITAL GENERAL DE MÉXICO,SSA,Critica,Critica,"19.4129258, -99.1520225"
2020-05-18,HOSPITAL JUAREZ,SSA,Critica,Media,"19.481829, -99.135576"
2020-05-18,HOSPITAL GENERAL DR. MANUEL GEA GONZÁLEZ,SSA,Critica,Critica,"19.290295, -99.160861"
2020-05-18,HOSPITAL INFANTIL DE MÉXICO FEDERICO GÓMEZ,SSA,Buena,Buena,"19.410839, -99.151941"
2020-05-18,INSTITUTO  NACIONAL DE CARDIOLOGÍA IGNACIO CHÁVEZ,SSA,Critica,Media,"19.290598, -99.153838"
2020-05-18,CITIBANAMEX,SSA,,,"19.439732, -99.224235"
2020-05-18,HOSPITAL REGIONAL DE ALTA ESPECIALIDAD DE IXTAPALUCA,SSA,Media,Critica,"19.318796, -98.855353"
2020-05-18,BELISARIO DOMINGUEZ,SEDESA,Critica,Buena,"19.307226, -99.065356"
2020-05-18,ENRIQUE CABRERA,SEDESA,Media,Buena,"19.361675, -99.224432"
2020-05-18,GENERAL TLAHUAC,SEDESA,Buena,Buena,"19.287492, -99.052665"
2020-05-18,PEDIATRICO DE LA VILLA,SEDESA,Buena,Buena,"19.487355, -99.114316"
2020-05-18,HOSPITAL GENERAL AJUSCO MEDIO,SEDESA,Media,Critica,"19.272165, -99.207846"
2020-05-18,HOSPITAL GENERAL IZTAPALAPA,SEDESA,Media,Buena,"19.343426, -99.027236"
2020-05-18,HOSPITAL GENERAL XOCO,SEDESA,Critica,Buena,"19.360313, -99.162275"
2020-05-18,HOSPITAL GENERAL VILLA,SEDESA,Buena,Buena,"19.480079, -99.103353"
2020-05-18,HOSPITAL GENERAL DR. RUBÉN LEÑERO,SEDESA,Buena,Buena,"19.451398, -99.169565"
2020-05-18,HOSPITAL GENERAL MILPA ALTA,SEDESA,Critica,Buena,"19.200951, -99.011210"
2020-05-18,HOSPITAL GENERAL BALBUENA,SEDESA,Buena,Buena,"19.424195, -99.115412"
2020-05-18,HOSPITAL TEPEPAN,SEDESA,,,"19.275806, -99.144298"
2020-05-18,HOSPITAL DE ESPECIALIDADES 01 CMN SIGLO XXI (CDMX SUR),IMSS,Buena,Media,"19.466549, -99.145102"
2020-05-18,HOSPITAL DE PEDIATRIA 01 CMN SIGLO XXI (CDMX SUR),IMSS,Buena,Buena,"19.407458, -99.152267"
2020-05-18,HOSPITAL GENERAL DE ZONA 01 CARLOS MC GREGOR (CDMX SUR),IMSS,Media,Critica,"19.395912, -99.161610"
2020-05-18,HOSPITAL GENERAL DE ZONA 1A PARQUE DE LOS VENADOS (CDMX SUR),IMSS,Media,Critica,"19.374431, -99.151203"
2020-05-18,HOSPITAL DE INFECTOLOGIA 01 LA RAZA (CDMX NORTE),IMSS,Media,Critica,"19.464865, -99.144859"
2020-05-18,HOSPITAL GENERAL 01 (CDMX NORTE) LA RAZA,IMSS,Media,Media,"19.395740, -99.161677"
2020-05-18,HOSPITAL GENERAL DE ZONA 24 (CDMX NORTE),IMSS,Media,Critica,"19.483221, -99.128448"
2020-05-18,HOSPITAL GENERAL DE ZONA 27 (CDMX NORTE),IMSS,Critica,Buena,"19.454776, -99.140007"
2020-05-18,HOSPITAL GENERAL DE ZONA 2A (CDMX SUR),IMSS,Critica,Buena,"19.405495, -99.112200"
2020-05-18,HOSPITAL GENERAL DE ZONA 30 (CDMX SUR),IMSS,Media,Media,"19.398836, -99.116913"
2020-05-18,HOSPITAL GENERAL DE ZONA 32 (CDMX SUR),IMSS,Critica,Critica,"19.307964, -99.130677"
2020-05-18,HOSPITAL GENERAL DE ZONA C/MF 08 (CDMX SUR),IMSS,Critica,Media,"19.337137, -99.200142"
2020-05-18,HOSPITAL GENERAL DE ZONA C/UMAA 48 (CDMX NORTE),IMSS,Media,Media,"19.482375, -99.213046"
2020-05-18,HOSPITAL GENERAL 02 (CDMX SUR) VILLA COAPA (COY.),IMSS,Critica,Media,"19.309194, -99.129593"
2020-05-18,HOSPITAL DE ESPECIALIDADES 01 (CDMX NORTE) LA RAZA (AZC),IMSS,Media,Buena,"19.467169, -99.143785"
2020-05-18,HOSPITAL GENERAL DE ZONA C/MF 29 (S. JUAN ARAGÓN),IMSS,Critica,Media,"19.465117, -99.085162"
2020-05-18,HOSPITAL GENERAL DE ZONA 47 (CDMX SUR) (IZP),IMSS,Critica,Media,"19.357566, -99.054269"
2020-05-18,HOSPITAL GENERAL REGIONAL 72,IMSS,Media,Media,"19.542797, -99.205022"
2020-05-18,HOSPITAL GENERAL REGIONAL 196,IMSS,Critica,Buena,"19.529016, -99.030983"
2020-05-18,HOSPITAL GENERAL REGIONAL 200,IMSS,Media,Media,"19.742905, -98.972971"
2020-05-18,HOSPITAL GENERAL DE ZONA 53,IMSS,Critica,Buena,"19.356913, -98.990929"
2020-05-18,HOSPITAL GENERAL DE ZONA 197,IMSS,Critica,Buena,"19.515133, -98.891450"
2020-05-18,HOSPITAL GENERAL DE ZONA 194,IMSS,Critica,Buena,"19.470300, -99.234208"
2020-05-18,HOSPITAL GENERAL DE ZONA 57 (LA QUEBRADA),IMSS,Critica,Critica,"19.597387, -99.188426"
2020-05-18,HOSPITAL GENERAL DE ZONA 58 (LAS MARGARITAS),IMSS,Critica,Media,"19.530797, -99.222446"
2020-05-18,HOSPITAL GENERAL DE ZONA 68 (TULPETLAC),IMSS,Media,Media,"19.570070, -99.044009"
2020-05-18,HOSPITAL GENERAL DE ZONA 71 (CHALCO),IMSS,Critica,Buena,"19.259803, -98.893368"
2020-05-18,HOSPITAL GENERAL DE ZONA 76 (XALOSTOC),IMSS,Media,Media,"19.526677, -99.082058"
2020-05-18,HOSPITAL GENERAL DE ZONA 98 (COACALCO),IMSS,Media,Critica,"19.638165, -99.098892"
2020-05-18,CENTRO MEDICO 20 DE NOVIEMBRE,ISSSTE,Media,Critica,"19.372720, -99.171205"
2020-05-18,HG DARIO FERNANDEZ FIERRO,ISSSTE,Media,Media,"19.363602, -99.188608"
2020-05-18,HG JOSE MARIA MORELOS,ISSSTE,Media,Media,"19.363918, -98.995393"
2020-05-18,HG TACUBA,ISSSTE,Media,Buena,"19.454384, -99.191231"
2020-05-18,HG DR FERNANDO QUIROZ,ISSSTE,Media,Buena,"19.394242, -99.194187"
2020-05-18,HG IGNACIO ZARAGOZA,ISSSTE,Critica,Media,"19.389472, -99.045019"
2020-05-18,HR PRIMERO DE OCTUBRE,ISSSTE,Critica,Media,"19.486751, -99.133249"
2020-05-18,HR LIC. ADOLFO LÓPEZ MATEOS,ISSSTE,Critica,Buena,"19.358451, -99.172716"
2020-05-18,HR BICENTENARIO DE LA INDEPENDENCIA,ISSSTE,Critica,Media,"19.628814, -99.163343"
2020-05-18,ALTA ESPECIALIDAD DE ZUMPANGO,EDOMEX,Critica,Critica,"19.815198, -99.089196"
2020-05-18,HOSPITAL REGIONAL TLALNEPANTLA ISSEMYM,EDOMEX,Critica,Buena,"19.521706, -99.187341"
2020-05-18,"HOSPITAL GENERAL ECATEPEC ""LAS AMÉRICAS""",EDOMEX,Media,Media,"19.594136, -99.018679"
2020-05-18,"HOSPITAL GENERAL DE NAUCALPAN ""DR. MAXIMILIANO RUIZ CASTAÑEDA"" ",EDOMEX,Media,Media,"19.468662, -99.234348"
2020-05-18,"HOSPITAL GENERAL ATIZAPAN DE ZARAGOZA ""DR. SALVADOR GONZALEZ HERREJÓN""",EDOMEX,Buena,Critica,"19.546322, -99.237491"
2020-05-18,"HOSPITAL GENERAL CUAUTITLAN ""GRAL. JOSE VICENTE VILLADA""",EDOMEX,Media,Media,"19.664586, -99.178557"
2020-05-18,"HOSPITAL GENERAL DE NEZAHUALCOYOTL ""GUSTAVO BAZ PRADA""",EDOMEX,Media,Buena,"19.422253, -99.014892"
2020-05-18,"HOSPITAL GENERAL DE ECATEPEC ""JOSÉ MARÍA RODRÍGUEZ""",EDOMEX,Buena,Buena,"19.514412, -99.038087"
2020-05-18,"HOSPITAL GENERAL NEZAHUALCOYOTL ""LA PERLA"" ",EDOMEX,Media,Buena,"19.387963, -98.989442"
2020-05-18,HOSPITAL GENERAL DE CHIMALHUACAN,EDOMEX,Media,Buena,"19.419753, -98.975140"
2020-05-18,"HOSPITAL GENERAL DE IXTAPALUCA ""PEDRO LOPEZ""",EDOMEX,Buena,Buena,"19.318829, -98.855366"
2020-05-18,HOSPITAL GENERAL DE CHALCO ,EDOMEX,Media,Buena,"19.268265, -98.893965"
2020-05-18,"HOSPITAL GENERAL TEXCOCO ""GUADALUPE VICTORIA"" BICENTENARIO ",EDOMEX,Media,Buena,"19.514309, -98.871750"
2020-05-18,"HOSPITAL GENERAL VALLE DE CHALCO ""DR. FERNANDO QUIROZ GUTIERREZ"" ",EDOMEX,Media,Buena,"19.273775, -98.941609"
2020-05-18,"HOSPITAL GENERAL AMECAMECA ""VALENTIN GOMEZ FARIAS"" ",EDOMEX,Buena,Buena,"19.144883, -98.785072"
2020-05-18,HOSPITAL GENERAL DE AXAPUSCO,EDOMEX,Critica,Media,"19.732872, -98.769445"
2020-05-19,INSTITUTO NACIONAL DE NUTRICIÓN,SSA,Critica,Critica,"19.289599, -99.155441"
2020-05-19,INER,SSA,Media,Media,"19.291375, -99.158653"
2020-05-19,HOSPITAL GENERAL DE MÉXICO,SSA,Critica,Critica,"19.4129258, -99.1520225"
2020-05-19,HOSPITAL JUAREZ,SSA,Critica,Media,"19.481829, -99.135576"
2020-05-19,HOSPITAL GENERAL DR. MANUEL GEA GONZÁLEZ,SSA,Critica,Critica,"19.290295, -99.160861"
2020-05-19,HOSPITAL INFANTIL DE MÉXICO FEDERICO GÓMEZ,SSA,Buena,Buena,"19.410839, -99.151941"
2020-05-19,INSTITUTO  NACIONAL DE CARDIOLOGÍA IGNACIO CHÁVEZ,SSA,Critica,Media,"19.290598, -99.153838"
2020-05-19,CITIBANAMEX,SSA,,,"19.439732, -99.224235"
2020-05-19,HOSPITAL REGIONAL DE ALTA ESPECIALIDAD DE IXTAPALUCA,SSA,Media,Critica,"19.318796, -98.855353"
2020-05-19,BELISARIO DOMINGUEZ,SEDESA,Critica,Buena,"19.307226, -99.065356"
2020-05-19,ENRIQUE CABRERA,SEDESA,Media,Buena,"19.361675, -99.224432"
2020-05-19,GENERAL TLAHUAC,SEDESA,Buena,Buena,"19.287492, -99.052665"
2020-05-19,PEDIATRICO DE LA VILLA,SEDESA,Buena,Buena,"19.487355, -99.114316"
2020-05-19,HOSPITAL GENERAL AJUSCO MEDIO,SEDESA,Media,Critica,"19.272165, -99.207846"
2020-05-19,HOSPITAL GENERAL IZTAPALAPA,SEDESA,Media,Buena,"19.343426, -99.027236"
2020-05-19,HOSPITAL GENERAL XOCO,SEDESA,Critica,Buena,"19.360313, -99.162275"
2020-05-19,HOSPITAL GENERAL VILLA,SEDESA,Buena,Buena,"19.480079, -99.103353"
2020-05-19,HOSPITAL GENERAL DR. RUBÉN LEÑERO,SEDESA,Buena,Buena,"19.451398, -99.169565"
2020-05-19,HOSPITAL GENERAL MILPA ALTA,SEDESA,Critica,Buena,"19.200951, -99.011210"
2020-05-19,HOSPITAL GENERAL BALBUENA,SEDESA,Buena,Buena,"19.424195, -99.115412"
2020-05-19,HOSPITAL TEPEPAN,SEDESA,,,"19.275806, -99.144298"
2020-05-19,HOSPITAL DE ESPECIALIDADES 01 CMN SIGLO XXI (CDMX SUR),IMSS,Media,Media,"19.466549, -99.145102"
2020-05-19,HOSPITAL DE PEDIATRIA 01 CMN SIGLO XXI (CDMX SUR),IMSS,Buena,Buena,"19.407458, -99.152267"
2020-05-19,HOSPITAL GENERAL DE ZONA 01 CARLOS MC GREGOR (CDMX SUR),IMSS,Media,Critica,"19.395912, -99.161610"
2020-05-19,HOSPITAL GENERAL DE ZONA 1A PARQUE DE LOS VENADOS (CDMX SUR),IMSS,Media,Critica,"19.374431, -99.151203"
2020-05-19,HOSPITAL DE INFECTOLOGIA 01 LA RAZA (CDMX NORTE),IMSS,Media,Critica,"19.464865, -99.144859"
2020-05-19,HOSPITAL GENERAL 01 (CDMX NORTE) LA RAZA,IMSS,Critica,Media,"19.395740, -99.161677"
2020-05-19,HOSPITAL GENERAL DE ZONA 24 (CDMX NORTE),IMSS,Media,Critica,"19.483221, -99.128448"
2020-05-19,HOSPITAL GENERAL DE ZONA 27 (CDMX NORTE),IMSS,Critica,Buena,"19.454776, -99.140007"
2020-05-19,HOSPITAL GENERAL DE ZONA 2A (CDMX SUR),IMSS,Critica,Buena,"19.405495, -99.112200"
2020-05-19,HOSPITAL GENERAL DE ZONA 30 (CDMX SUR),IMSS,Media,Critica,"19.398836, -99.116913"
2020-05-19,HOSPITAL GENERAL DE ZONA 32 (CDMX SUR),IMSS,Critica,Critica,"19.307964, -99.130677"
2020-05-19,HOSPITAL GENERAL DE ZONA C/MF 08 (CDMX SUR),IMSS,Critica,Critica,"19.337137, -99.200142"
2020-05-19,HOSPITAL GENERAL DE ZONA C/UMAA 48 (CDMX NORTE),IMSS,Media,Media,"19.482375, -99.213046"
2020-05-19,HOSPITAL GENERAL 02 (CDMX SUR) VILLA COAPA (COY.),IMSS,Media,Critica,"19.309194, -99.129593"
2020-05-19,HOSPITAL DE ESPECIALIDADES 01 (CDMX NORTE) LA RAZA (AZC),IMSS,Media,Buena,"19.467169, -99.143785"
2020-05-19,HOSPITAL GENERAL DE ZONA C/MF 29 (S. JUAN ARAGÓN),IMSS,Media,Media,"19.465117, -99.085162"
2020-05-19,HOSPITAL GENERAL DE ZONA 47 (CDMX SUR) (IZP),IMSS,Critica,Critica,"19.357566, -99.054269"
2020-05-19,HOSPITAL GENERAL REGIONAL 72,IMSS,Media,Media,"19.542797, -99.205022"
2020-05-19,HOSPITAL GENERAL REGIONAL 196,IMSS,Critica,Buena,"19.529016, -99.030983"
2020-05-19,HOSPITAL GENERAL REGIONAL 200,IMSS,Media,Media,"19.742905, -98.972971"
2020-05-19,HOSPITAL GENERAL DE ZONA 53,IMSS,Critica,Buena,"19.356913, -98.990929"
2020-05-19,HOSPITAL GENERAL DE ZONA 197,IMSS,Media,Buena,"19.515133, -98.891450"
2020-05-19,HOSPITAL GENERAL DE ZONA 194,IMSS,Critica,Buena,"19.470300, -99.234208"
2020-05-19,HOSPITAL GENERAL DE ZONA 57 (LA QUEBRADA),IMSS,Critica,Critica,"19.597387, -99.188426"
2020-05-19,HOSPITAL GENERAL DE ZONA 58 (LAS MARGARITAS),IMSS,Critica,Critica,"19.530797, -99.222446"
2020-05-19,HOSPITAL GENERAL DE ZONA 68 (TULPETLAC),IMSS,Media,Media,"19.570070, -99.044009"
2020-05-19,HOSPITAL GENERAL DE ZONA 71 (CHALCO),IMSS,Critica,Buena,"19.259803, -98.893368"
2020-05-19,HOSPITAL GENERAL DE ZONA 76 (XALOSTOC),IMSS,Media,Media,"19.526677, -99.082058"
2020-05-19,HOSPITAL GENERAL DE ZONA 98 (COACALCO),IMSS,Media,Critica,"19.638165, -99.098892"
2020-05-19,CENTRO MEDICO 20 DE NOVIEMBRE,ISSSTE,Media,Critica,"19.372720, -99.171205"
2020-05-19,HG DARIO FERNANDEZ FIERRO,ISSSTE,Media,Media,"19.363602, -99.188608"
2020-05-19,HG JOSE MARIA MORELOS,ISSSTE,Media,Media,"19.363918, -98.995393"
2020-05-19,HG TACUBA,ISSSTE,Media,Buena,"19.454384, -99.191231"
2020-05-19,HG DR FERNANDO QUIROZ,ISSSTE,Media,Buena,"19.394242, -99.194187"
2020-05-19,HG IGNACIO ZARAGOZA,ISSSTE,Critica,Media,"19.389472, -99.045019"
2020-05-19,HR PRIMERO DE OCTUBRE,ISSSTE,Critica,Media,"19.486751, -99.133249"
2020-05-19,HR LIC. ADOLFO LÓPEZ MATEOS,ISSSTE,Critica,Buena,"19.358451, -99.172716"
2020-05-19,HR BICENTENARIO DE LA INDEPENDENCIA,ISSSTE,Critica,Media,"19.628814, -99.163343"
2020-05-19,ALTA ESPECIALIDAD DE ZUMPANGO,EDOMEX,Critica,Critica,"19.815198, -99.089196"
2020-05-19,HOSPITAL REGIONAL TLALNEPANTLA ISSEMYM,EDOMEX,Critica,Buena,"19.521706, -99.187341"
2020-05-19,"HOSPITAL GENERAL ECATEPEC ""LAS AMÉRICAS""",EDOMEX,Media,Media,"19.594136, -99.018679"
2020-05-19,"HOSPITAL GENERAL DE NAUCALPAN ""DR. MAXIMILIANO RUIZ CASTAÑEDA"" ",EDOMEX,Media,Media,"19.468662, -99.234348"
2020-05-19,"HOSPITAL GENERAL ATIZAPAN DE ZARAGOZA ""DR. SALVADOR GONZALEZ HERREJÓN""",EDOMEX,Buena,Critica,"19.546322, -99.237491"
2020-05-19,"HOSPITAL GENERAL CUAUTITLAN ""GRAL. JOSE VICENTE VILLADA""",EDOMEX,Media,Media,"19.664586, -99.178557"
2020-05-19,"HOSPITAL GENERAL DE NEZAHUALCOYOTL ""GUSTAVO BAZ PRADA""",EDOMEX,Media,Buena,"19.422253, -99.014892"
2020-05-19,"HOSPITAL GENERAL DE ECATEPEC ""JOSÉ MARÍA RODRÍGUEZ""",EDOMEX,Buena,Buena,"19.514412, -99.038087"
2020-05-19,"HOSPITAL GENERAL NEZAHUALCOYOTL ""LA PERLA"" ",EDOMEX,Media,Buena,"19.387963, -98.989442"
2020-05-19,HOSPITAL GENERAL DE CHIMALHUACAN,EDOMEX,Media,Buena,"19.419753, -98.975140"
2020-05-19,"HOSPITAL GENERAL DE IXTAPALUCA ""PEDRO LOPEZ""",EDOMEX,Buena,Buena,"19.318829, -98.855366"
2020-05-19,HOSPITAL GENERAL DE CHALCO ,EDOMEX,Media,Buena,"19.268265, -98.893965"
2020-05-19,"HOSPITAL GENERAL TEXCOCO ""GUADALUPE VICTORIA"" BICENTENARIO ",EDOMEX,Media,Buena,"19.514309, -98.871750"
2020-05-19,"HOSPITAL GENERAL VALLE DE CHALCO ""DR. FERNANDO QUIROZ GUTIERREZ"" ",EDOMEX,Media,Buena,"19.273775, -98.941609"
2020-05-19,"HOSPITAL GENERAL AMECAMECA ""VALENTIN GOMEZ FARIAS"" ",EDOMEX,Buena,Buena,"19.144883, -98.785072"
2020-05-19,HOSPITAL GENERAL DE AXAPUSCO,EDOMEX,Critica,Media,"19.732872, -98.769445"
2020-05-20,INSTITUTO NACIONAL DE NUTRICIÓN,SSA,Critica,Critica,"19.289599, -99.155441"
2020-05-20,INER,SSA,Buena,Media,"19.291375, -99.158653"
2020-05-20,HOSPITAL GENERAL DE MÉXICO,SSA,Critica,Critica,"19.4129258, -99.1520225"
2020-05-20,HOSPITAL JUAREZ,SSA,Critica,Media,"19.481829, -99.135576"
2020-05-20,HOSPITAL GENERAL DR. MANUEL GEA GONZÁLEZ,SSA,Critica,Critica,"19.290295, -99.160861"
2020-05-20,HOSPITAL INFANTIL DE MÉXICO FEDERICO GÓMEZ,SSA,Buena,Buena,"19.410839, -99.151941"
2020-05-20,INSTITUTO  NACIONAL DE CARDIOLOGÍA IGNACIO CHÁVEZ,SSA,Critica,Media,"19.290598, -99.153838"
2020-05-20,CITIBANAMEX,SSA,,,"19.439732, -99.224235"
2020-05-20,HOSPITAL REGIONAL DE ALTA ESPECIALIDAD DE IXTAPALUCA,SSA,Media,Critica,"19.318796, -98.855353"
2020-05-20,BELISARIO DOMINGUEZ,SEDESA,Critica,Buena,"19.307226, -99.065356"
2020-05-20,ENRIQUE CABRERA,SEDESA,Media,Buena,"19.361675, -99.224432"
2020-05-20,GENERAL TLAHUAC,SEDESA,Media,Buena,"19.287492, -99.052665"
2020-05-20,PEDIATRICO DE LA VILLA,SEDESA,Buena,Buena,"19.487355, -99.114316"
2020-05-20,HOSPITAL GENERAL AJUSCO MEDIO,SEDESA,Media,Critica,"19.272165, -99.207846"
2020-05-20,HOSPITAL GENERAL IZTAPALAPA,SEDESA,Media,Buena,"19.343426, -99.027236"
2020-05-20,HOSPITAL GENERAL XOCO,SEDESA,Critica,Buena,"19.360313, -99.162275"
2020-05-20,HOSPITAL GENERAL VILLA,SEDESA,Media,Buena,"19.480079, -99.103353"
2020-05-20,HOSPITAL GENERAL DR. RUBÉN LEÑERO,SEDESA,Critica,Buena,"19.451398, -99.169565"
2020-05-20,HOSPITAL GENERAL MILPA ALTA,SEDESA,Critica,Buena,"19.200951, -99.011210"
2020-05-20,HOSPITAL GENERAL BALBUENA,SEDESA,Buena,Buena,"19.424195, -99.115412"
2020-05-20,HOSPITAL TEPEPAN,SEDESA,,,"19.275806, -99.144298"
2020-05-20,HOSPITAL DE ESPECIALIDADES 01 CMN SIGLO XXI (CDMX SUR),IMSS,Media,Media,"19.466549, -99.145102"
2020-05-20,HOSPITAL DE PEDIATRIA 01 CMN SIGLO XXI (CDMX SUR),IMSS,Buena,Buena,"19.407458, -99.152267"
2020-05-20,HOSPITAL GENERAL DE ZONA 01 CARLOS MC GREGOR (CDMX SUR),IMSS,Media,Media,"19.395912, -99.161610"
2020-05-20,HOSPITAL GENERAL DE ZONA 1A PARQUE DE LOS VENADOS (CDMX SUR),IMSS,Media,Media,"19.374431, -99.151203"
2020-05-20,HOSPITAL DE INFECTOLOGIA 01 LA RAZA (CDMX NORTE),IMSS,Media,Critica,"19.464865, -99.144859"
2020-05-20,HOSPITAL GENERAL 01 (CDMX NORTE) LA RAZA,IMSS,Critica,Buena,"19.395740, -99.161677"
2020-05-20,HOSPITAL GENERAL DE ZONA 24 (CDMX NORTE),IMSS,Media,Critica,"19.483221, -99.128448"
2020-05-20,HOSPITAL GENERAL DE ZONA 27 (CDMX NORTE),IMSS,Media,Buena,"19.454776, -99.140007"
2020-05-20,HOSPITAL GENERAL DE ZONA 2A (CDMX SUR),IMSS,Media,Buena,"19.405495, -99.112200"
2020-05-20,HOSPITAL GENERAL DE ZONA 30 (CDMX SUR),IMSS,Media,Critica,"19.398836, -99.116913"
2020-05-20,HOSPITAL GENERAL DE ZONA 32 (CDMX SUR),IMSS,Critica,Media,"19.307964, -99.130677"
2020-05-20,HOSPITAL GENERAL DE ZONA C/MF 08 (CDMX SUR),IMSS,Critica,Critica,"19.337137, -99.200142"
2020-05-20,HOSPITAL GENERAL DE ZONA C/UMAA 48 (CDMX NORTE),IMSS,Media,Critica,"19.482375, -99.213046"
2020-05-20,HOSPITAL GENERAL 02 (CDMX SUR) VILLA COAPA (COY.),IMSS,Media,Critica,"19.309194, -99.129593"
2020-05-20,HOSPITAL DE ESPECIALIDADES 01 (CDMX NORTE) LA RAZA (AZC),IMSS,Media,Buena,"19.467169, -99.143785"
2020-05-20,HOSPITAL GENERAL DE ZONA C/MF 29 (S. JUAN ARAGÓN),IMSS,Media,Buena,"19.465117, -99.085162"
2020-05-20,HOSPITAL GENERAL DE ZONA 47 (CDMX SUR) (IZP),IMSS,Critica,Critica,"19.357566, -99.054269"
2020-05-20,UNIDAD MÓVIL TEMPORAL COVID,IMSS,Critica,Critica,"19.403082, -99.089177"
2020-05-20,HOSPITAL GENERAL REGIONAL 72,IMSS,Media,Media,"19.542797, -99.205022"
2020-05-20,HOSPITAL GENERAL REGIONAL 196,IMSS,Critica,Media,"19.529016, -99.030983"
2020-05-20,HOSPITAL GENERAL REGIONAL 200,IMSS,Media,Media,"19.742905, -98.972971"
2020-05-20,HOSPITAL GENERAL DE ZONA 53,IMSS,Critica,Buena,"19.356913, -98.990929"
2020-05-20,HOSPITAL GENERAL DE ZONA 197,IMSS,Media,Buena,"19.515133, -98.891450"
2020-05-20,HOSPITAL GENERAL DE ZONA 194,IMSS,Critica,Buena,"19.470300, -99.234208"
2020-05-20,HOSPITAL GENERAL DE ZONA 57 (LA QUEBRADA),IMSS,Critica,Critica,"19.597387, -99.188426"
2020-05-20,HOSPITAL GENERAL DE ZONA 58 (LAS MARGARITAS),IMSS,Media,Critica,"19.530797, -99.222446"
2020-05-20,HOSPITAL GENERAL DE ZONA 68 (TULPETLAC),IMSS,Media,Media,"19.570070, -99.044009"
2020-05-20,HOSPITAL GENERAL DE ZONA 71 (CHALCO),IMSS,Media,Buena,"19.259803, -98.893368"
2020-05-20,HOSPITAL GENERAL DE ZONA 76 (XALOSTOC),IMSS,Media,Media,"19.526677, -99.082058"
2020-05-20,HOSPITAL GENERAL DE ZONA 98 (COACALCO),IMSS,Critica,Media,"19.638165, -99.098892"
2020-05-20,CENTRO MEDICO 20 DE NOVIEMBRE,ISSSTE,Media,Media,"19.372720, -99.171205"
2020-05-20,HG DARIO FERNANDEZ FIERRO,ISSSTE,Media,Media,"19.363602, -99.188608"
2020-05-20,HG JOSE MARIA MORELOS,ISSSTE,Media,Media,"19.363918, -98.995393"
2020-05-20,HG TACUBA,ISSSTE,Media,Buena,"19.454384, -99.191231"
2020-05-20,HG DR FERNANDO QUIROZ,ISSSTE,Media,Buena,"19.394242, -99.194187"
2020-05-20,HG IGNACIO ZARAGOZA,ISSSTE,Critica,Critica,"19.389472, -99.045019"
2020-05-20,HR PRIMERO DE OCTUBRE,ISSSTE,Critica,Critica,"19.486751, -99.133249"
2020-05-20,HR LIC. ADOLFO LÓPEZ MATEOS,ISSSTE,Critica,Buena,"19.358451, -99.172716"
2020-05-20,HR BICENTENARIO DE LA INDEPENDENCIA,ISSSTE,Critica,Media,"19.628814, -99.163343"
2020-05-20,ALTA ESPECIALIDAD DE ZUMPANGO,EDOMEX,Critica,Critica,"19.815198, -99.089196"
2020-05-20,HOSPITAL REGIONAL TLALNEPANTLA ISSEMYM,EDOMEX,Critica,Buena,"19.521706, -99.187341"
2020-05-20,"HOSPITAL GENERAL ECATEPEC ""LAS AMÉRICAS""",EDOMEX,Media,Media,"19.594136, -99.018679"
2020-05-20,"HOSPITAL GENERAL DE NAUCALPAN ""DR. MAXIMILIANO RUIZ CASTAÑEDA"" ",EDOMEX,Media,Media,"19.468662, -99.234348"
2020-05-20,"HOSPITAL GENERAL ATIZAPAN DE ZARAGOZA ""DR. SALVADOR GONZALEZ HERREJÓN""",EDOMEX,Buena,Media,"19.546322, -99.237491"
2020-05-20,"HOSPITAL GENERAL CUAUTITLAN ""GRAL. JOSE VICENTE VILLADA""",EDOMEX,Buena,Critica,"19.664586, -99.178557"
2020-05-20,"HOSPITAL GENERAL DE NEZAHUALCOYOTL ""GUSTAVO BAZ PRADA""",EDOMEX,Media,Media,"19.422253, -99.014892"
2020-05-20,"HOSPITAL GENERAL DE ECATEPEC ""JOSÉ MARÍA RODRÍGUEZ""",EDOMEX,Media,Media,"19.514412, -99.038087"
2020-05-20,"HOSPITAL GENERAL NEZAHUALCOYOTL ""LA PERLA"" ",EDOMEX,Buena,Buena,"19.387963, -98.989442"
2020-05-20,HOSPITAL GENERAL DE CHIMALHUACAN,EDOMEX,Critica,Buena,"19.419753, -98.975140"
2020-05-20,"HOSPITAL GENERAL DE IXTAPALUCA ""PEDRO LOPEZ""",EDOMEX,Critica,Critica,"19.318829, -98.855366"
2020-05-20,HOSPITAL GENERAL DE CHALCO ,EDOMEX,Buena,Buena,"19.268265, -98.893965"
2020-05-20,"HOSPITAL GENERAL TEXCOCO ""GUADALUPE VICTORIA"" BICENTENARIO ",EDOMEX,Buena,Buena,"19.514309, -98.871750"
2020-05-20,"HOSPITAL GENERAL VALLE DE CHALCO ""DR. FERNANDO QUIROZ GUTIERREZ"" ",EDOMEX,Media,Buena,"19.273775, -98.941609"
2020-05-20,"HOSPITAL GENERAL AMECAMECA ""VALENTIN GOMEZ FARIAS"" ",EDOMEX,Buena,Buena,"19.144883, -98.785072"
2020-05-20,HOSPITAL GENERAL DE AXAPUSCO,EDOMEX,Media,Buena,"19.732872, -98.769445"
2020-05-21,INSTITUTO NACIONAL DE NUTRICIÓN,SSA,Critica,Critica,"19.289599, -99.155441"
2020-05-21,INER,SSA,Buena,Media,"19.291375, -99.158653"
2020-05-21,HOSPITAL GENERAL DE MÉXICO,SSA,Critica,Critica,"19.4129258, -99.1520225"
2020-05-21,HOSPITAL JUAREZ,SSA,Critica,Critica,"19.481829, -99.135576"
2020-05-21,HOSPITAL GENERAL DR. MANUEL GEA GONZÁLEZ,SSA,Critica,Critica,"19.290295, -99.160861"
2020-05-21,HOSPITAL INFANTIL DE MÉXICO FEDERICO GÓMEZ,SSA,Buena,Buena,"19.410839, -99.151941"
2020-05-21,INSTITUTO  NACIONAL DE CARDIOLOGÍA IGNACIO CHÁVEZ,SSA,Critica,Media,"19.290598, -99.153838"
2020-05-21,CITIBANAMEX,SSA,,,"19.439732, -99.224235"
2020-05-21,HOSPITAL REGIONAL DE ALTA ESPECIALIDAD DE IXTAPALUCA,SSA,Media,Critica,"19.318796, -98.855353"
2020-05-21,BELISARIO DOMINGUEZ,SEDESA,Critica,Buena,"19.307226, -99.065356"
2020-05-21,ENRIQUE CABRERA,SEDESA,Media,Buena,"19.361675, -99.224432"
2020-05-21,GENERAL TLAHUAC,SEDESA,Media,Buena,"19.287492, -99.052665"
2020-05-21,PEDIATRICO DE LA VILLA,SEDESA,Buena,Buena,"19.487355, -99.114316"
2020-05-21,HOSPITAL GENERAL AJUSCO MEDIO,SEDESA,Media,Critica,"19.272165, -99.207846"
2020-05-21,HOSPITAL GENERAL IZTAPALAPA,SEDESA,Media,Buena,"19.343426, -99.027236"
2020-05-21,HOSPITAL GENERAL XOCO,SEDESA,Critica,Buena,"19.360313, -99.162275"
2020-05-21,HOSPITAL GENERAL VILLA,SEDESA,Media,Buena,"19.480079, -99.103353"
2020-05-21,HOSPITAL GENERAL DR. RUBÉN LEÑERO,SEDESA,Critica,Buena,"19.451398, -99.169565"
2020-05-21,HOSPITAL GENERAL MILPA ALTA,SEDESA,Critica,Buena,"19.200951, -99.011210"
2020-05-21,HOSPITAL GENERAL BALBUENA,SEDESA,Media,Buena,"19.424195, -99.115412"
2020-05-21,HOSPITAL TEPEPAN,SEDESA,,,"19.275806, -99.144298"
2020-05-21,HOSPITAL DE ESPECIALIDADES 01 CMN SIGLO XXI (CDMX SUR),IMSS,Media,Media,"19.466549, -99.145102"
2020-05-21,HOSPITAL DE PEDIATRIA 01 CMN SIGLO XXI (CDMX SUR),IMSS,Buena,Buena,"19.407458, -99.152267"
2020-05-21,HOSPITAL GENERAL DE ZONA 01 CARLOS MC GREGOR (CDMX SUR),IMSS,Media,Media,"19.395912, -99.161610"
2020-05-21,HOSPITAL GENERAL DE ZONA 1A PARQUE DE LOS VENADOS (CDMX SUR),IMSS,Media,Media,"19.374431, -99.151203"
2020-05-21,HOSPITAL DE INFECTOLOGIA 01 LA RAZA (CDMX NORTE),IMSS,Media,Critica,"19.464865, -99.144859"
2020-05-21,HOSPITAL GENERAL 01 (CDMX NORTE) LA RAZA,IMSS,Critica,Buena,"19.395740, -99.161677"
2020-05-21,HOSPITAL GENERAL DE ZONA 24 (CDMX NORTE),IMSS,Media,Media,"19.483221, -99.128448"
2020-05-21,HOSPITAL GENERAL DE ZONA 27 (CDMX NORTE),IMSS,Media,Buena,"19.454776, -99.140007"
2020-05-21,HOSPITAL GENERAL DE ZONA 2A (CDMX SUR),IMSS,Critica,Buena,"19.405495, -99.112200"
2020-05-21,HOSPITAL GENERAL DE ZONA 30 (CDMX SUR),IMSS,Media,Media,"19.398836, -99.116913"
2020-05-21,HOSPITAL GENERAL DE ZONA 32 (CDMX SUR),IMSS,Media,Media,"19.307964, -99.130677"
2020-05-21,HOSPITAL GENERAL DE ZONA C/MF 08 (CDMX SUR),IMSS,Critica,Critica,"19.337137, -99.200142"
2020-05-21,HOSPITAL GENERAL DE ZONA C/UMAA 48 (CDMX NORTE),IMSS,Media,Media,"19.482375, -99.213046"
2020-05-21,HOSPITAL GENERAL 02 (CDMX SUR) VILLA COAPA (COY.),IMSS,Media,Media,"19.309194, -99.129593"
2020-05-21,HOSPITAL DE ESPECIALIDADES 01 (CDMX NORTE) LA RAZA (AZC),IMSS,Critica,Buena,"19.467169, -99.143785"
2020-05-21,HOSPITAL GENERAL DE ZONA C/MF 29 (S. JUAN ARAGÓN),IMSS,Media,Buena,"19.465117, -99.085162"
2020-05-21,HOSPITAL GENERAL DE ZONA 47 (CDMX SUR) (IZP),IMSS,Critica,Media,"19.357566, -99.054269"
2020-05-21,UNIDAD MÓVIL TEMPORAL COVID,IMSS,Critica,Buena,"19.403082, -99.089177"
2020-05-21,HOSPITAL GENERAL REGIONAL 72,IMSS,Media,Media,"19.542797, -99.205022"
2020-05-21,HOSPITAL GENERAL REGIONAL 196,IMSS,Critica,Buena,"19.529016, -99.030983"
2020-05-21,HOSPITAL GENERAL REGIONAL 200,IMSS,Media,Media,"19.742905, -98.972971"
2020-05-21,HOSPITAL GENERAL DE ZONA 53,IMSS,Critica,Buena,"19.356913, -98.990929"
2020-05-21,HOSPITAL GENERAL DE ZONA 197,IMSS,Media,Buena,"19.515133, -98.891450"
2020-05-21,HOSPITAL GENERAL DE ZONA 194,IMSS,Critica,Buena,"19.470300, -99.234208"
2020-05-21,HOSPITAL GENERAL DE ZONA 57 (LA QUEBRADA),IMSS,Critica,Media,"19.597387, -99.188426"
2020-05-21,HOSPITAL GENERAL DE ZONA 58 (LAS MARGARITAS),IMSS,Critica,Critica,"19.530797, -99.222446"
2020-05-21,HOSPITAL GENERAL DE ZONA 68 (TULPETLAC),IMSS,Media,Critica,"19.570070, -99.044009"
2020-05-21,HOSPITAL GENERAL DE ZONA 71 (CHALCO),IMSS,Media,Buena,"19.259803, -98.893368"
2020-05-21,HOSPITAL GENERAL DE ZONA 76 (XALOSTOC),IMSS,Media,Buena,"19.526677, -99.082058"
2020-05-21,HOSPITAL GENERAL DE ZONA 98 (COACALCO),IMSS,Critica,Media,"19.638165, -99.098892"
2020-05-21,CENTRO MEDICO 20 DE NOVIEMBRE,ISSSTE,Media,Media,"19.372720, -99.171205"
2020-05-21,HG DARIO FERNANDEZ FIERRO,ISSSTE,Media,Media,"19.363602, -99.188608"
2020-05-21,HG JOSE MARIA MORELOS,ISSSTE,Media,Media,"19.363918, -98.995393"
2020-05-21,HG TACUBA,ISSSTE,Critica,Buena,"19.454384, -99.191231"
2020-05-21,HG DR FERNANDO QUIROZ,ISSSTE,Media,Buena,"19.394242, -99.194187"
2020-05-21,HG IGNACIO ZARAGOZA,ISSSTE,Critica,Critica,"19.389472, -99.045019"
2020-05-21,HR PRIMERO DE OCTUBRE,ISSSTE,Critica,Media,"19.486751, -99.133249"
2020-05-21,HR LIC. ADOLFO LÓPEZ MATEOS,ISSSTE,Critica,Buena,"19.358451, -99.172716"
2020-05-21,HR BICENTENARIO DE LA INDEPENDENCIA,ISSSTE,Critica,Media,"19.628814, -99.163343"
2020-05-21,ALTA ESPECIALIDAD DE ZUMPANGO,EDOMEX,Critica,Critica,"19.815198, -99.089196"
2020-05-21,HOSPITAL REGIONAL TLALNEPANTLA ISSEMYM,EDOMEX,Critica,Buena,"19.521706, -99.187341"
2020-05-21,"HOSPITAL GENERAL ECATEPEC ""LAS AMÉRICAS""",EDOMEX,Media,Media,"19.594136, -99.018679"
2020-05-21,"HOSPITAL GENERAL DE NAUCALPAN ""DR. MAXIMILIANO RUIZ CASTAÑEDA"" ",EDOMEX,Media,Media,"19.468662, -99.234348"
2020-05-21,"HOSPITAL GENERAL ATIZAPAN DE ZARAGOZA ""DR. SALVADOR GONZALEZ HERREJÓN""",EDOMEX,Buena,Media,"19.546322, -99.237491"
2020-05-21,"HOSPITAL GENERAL CUAUTITLAN ""GRAL. JOSE VICENTE VILLADA""",EDOMEX,Media,Media,"19.664586, -99.178557"
2020-05-21,"HOSPITAL GENERAL DE NEZAHUALCOYOTL ""GUSTAVO BAZ PRADA""",EDOMEX,Media,Media,"19.422253, -99.014892"
2020-05-21,"HOSPITAL GENERAL DE ECATEPEC ""JOSÉ MARÍA RODRÍGUEZ""",EDOMEX,Media,Buena,"19.514412, -99.038087"
2020-05-21,"HOSPITAL GENERAL NEZAHUALCOYOTL ""LA PERLA"" ",EDOMEX,Media,Buena,"19.387963, -98.989442"
2020-05-21,HOSPITAL GENERAL DE CHIMALHUACAN,EDOMEX,Media,Critica,"19.419753, -98.975140"
2020-05-21,"HOSPITAL GENERAL DE IXTAPALUCA ""PEDRO LOPEZ""",EDOMEX,Buena,Buena,"19.318829, -98.855366"
2020-05-21,HOSPITAL GENERAL DE CHALCO ,EDOMEX,Media,Buena,"19.268265, -98.893965"
2020-05-21,"HOSPITAL GENERAL TEXCOCO ""GUADALUPE VICTORIA"" BICENTENARIO ",EDOMEX,Media,Critica,"19.514309, -98.871750"
2020-05-21,"HOSPITAL GENERAL VALLE DE CHALCO ""DR. FERNANDO QUIROZ GUTIERREZ"" ",EDOMEX,Buena,Buena,"19.273775, -98.941609"
2020-05-21,"HOSPITAL GENERAL AMECAMECA ""VALENTIN GOMEZ FARIAS"" ",EDOMEX,Buena,Buena,"19.144883, -98.785072"
2020-05-21,HOSPITAL GENERAL DE AXAPUSCO,EDOMEX,Media,Buena,"19.732872, -98.769445"
2020-05-22,INSTITUTO NACIONAL DE NUTRICIÓN,SSA,Critica,Critica,"19.289599, -99.155441"
2020-05-22,INER,SSA,Buena,Media,"19.291375, -99.158653"
2020-05-22,HOSPITAL GENERAL DE MÉXICO,SSA,Media,Media,"19.4129258, -99.1520225"
2020-05-22,HOSPITAL JUAREZ,SSA,Critica,Critica,"19.481829, -99.135576"
2020-05-22,HOSPITAL GENERAL DR. MANUEL GEA GONZÁLEZ,SSA,Critica,Critica,"19.290295, -99.160861"
2020-05-22,HOSPITAL INFANTIL DE MÉXICO FEDERICO GÓMEZ,SSA,Buena,Buena,"19.410839, -99.151941"
2020-05-22,INSTITUTO  NACIONAL DE CARDIOLOGÍA IGNACIO CHÁVEZ,SSA,Media,Media,"19.290598, -99.153838"
2020-05-22,CITIBANAMEX,SSA,,,"19.439732, -99.224235"
2020-05-22,HOSPITAL REGIONAL DE ALTA ESPECIALIDAD DE IXTAPALUCA,SSA,Media,Critica,"19.318796, -98.855353"
2020-05-22,BELISARIO DOMINGUEZ,SEDESA,Critica,Media,"19.307226, -99.065356"
2020-05-22,ENRIQUE CABRERA,SEDESA,Media,Buena,"19.361675, -99.224432"
2020-05-22,GENERAL TLAHUAC,SEDESA,Media,Buena,"19.287492, -99.052665"
2020-05-22,PEDIATRICO DE LA VILLA,SEDESA,Buena,Buena,"19.487355, -99.114316"
2020-05-22,HOSPITAL GENERAL AJUSCO MEDIO,SEDESA,Media,Critica,"19.272165, -99.207846"
2020-05-22,HOSPITAL GENERAL IZTAPALAPA,SEDESA,Media,Buena,"19.343426, -99.027236"
2020-05-22,HOSPITAL GENERAL XOCO,SEDESA,Critica,Buena,"19.360313, -99.162275"
2020-05-22,HOSPITAL GENERAL VILLA,SEDESA,Buena,Buena,"19.480079, -99.103353"
2020-05-22,HOSPITAL GENERAL DR. RUBÉN LEÑERO,SEDESA,Critica,Buena,"19.451398, -99.169565"
2020-05-22,HOSPITAL GENERAL MILPA ALTA,SEDESA,Media,Media,"19.200951, -99.011210"
2020-05-22,HOSPITAL GENERAL BALBUENA,SEDESA,Buena,Buena,"19.424195, -99.115412"
2020-05-22,HOSPITAL TEPEPAN,SEDESA,,,"19.275806, -99.144298"
2020-05-22,HOSPITAL DE ESPECIALIDADES 01 CMN SIGLO XXI (CDMX SUR),IMSS,Media,Media,"19.466549, -99.145102"
2020-05-22,HOSPITAL DE PEDIATRIA 01 CMN SIGLO XXI (CDMX SUR),IMSS,Buena,Buena,"19.407458, -99.152267"
2020-05-22,HOSPITAL GENERAL DE ZONA 01 CARLOS MC GREGOR (CDMX SUR),IMSS,Media,Media,"19.395912, -99.161610"
2020-05-22,HOSPITAL GENERAL DE ZONA 1A PARQUE DE LOS VENADOS (CDMX SUR),IMSS,Media,Media,"19.374431, -99.151203"
2020-05-22,HOSPITAL DE INFECTOLOGIA 01 LA RAZA (CDMX NORTE),IMSS,Media,Critica,"19.464865, -99.144859"
2020-05-22,HOSPITAL GENERAL 01 (CDMX NORTE) LA RAZA,IMSS,Critica,Media,"19.395740, -99.161677"
2020-05-22,HOSPITAL GENERAL DE ZONA 24 (CDMX NORTE),IMSS,Media,Media,"19.483221, -99.128448"
2020-05-22,HOSPITAL GENERAL DE ZONA 27 (CDMX NORTE),IMSS,Media,Buena,"19.454776, -99.140007"
2020-05-22,HOSPITAL GENERAL DE ZONA 2A (CDMX SUR),IMSS,Critica,Buena,"19.405495, -99.112200"
2020-05-22,HOSPITAL GENERAL DE ZONA 30 (CDMX SUR),IMSS,Media,Media,"19.398836, -99.116913"
2020-05-22,HOSPITAL GENERAL DE ZONA 32 (CDMX SUR),IMSS,Media,Media,"19.307964, -99.130677"
2020-05-22,HOSPITAL GENERAL DE ZONA C/MF 08 (CDMX SUR),IMSS,Critica,Media,"19.337137, -99.200142"
2020-05-22,HOSPITAL GENERAL DE ZONA C/UMAA 48 (CDMX NORTE),IMSS,Media,Media,"19.482375, -99.213046"
2020-05-22,HOSPITAL GENERAL 02 (CDMX SUR) VILLA COAPA (COY.),IMSS,Media,Media,"19.309194, -99.129593"
2020-05-22,HOSPITAL DE ESPECIALIDADES 01 (CDMX NORTE) LA RAZA (AZC),IMSS,Critica,Buena,"19.467169, -99.143785"
2020-05-22,HOSPITAL GENERAL DE ZONA C/MF 29 (S. JUAN ARAGÓN),IMSS,Media,Buena,"19.465117, -99.085162"
2020-05-22,HOSPITAL GENERAL DE ZONA 47 (CDMX SUR) (IZP),IMSS,Critica,Media,"19.357566, -99.054269"
2020-05-22,UNIDAD MÓVIL TEMPORAL COVID,IMSS,Critica,Buena,"19.403082, -99.089177"
2020-05-22,HOSPITAL GENERAL REGIONAL 72,IMSS,Media,Media,"19.542797, -99.205022"
2020-05-22,HOSPITAL GENERAL REGIONAL 196,IMSS,Critica,Buena,"19.529016, -99.030983"
2020-05-22,HOSPITAL GENERAL REGIONAL 200,IMSS,Media,Media,"19.742905, -98.972971"
2020-05-22,HOSPITAL GENERAL DE ZONA 53,IMSS,Critica,Buena,"19.356913, -98.990929"
2020-05-22,HOSPITAL GENERAL DE ZONA 197,IMSS,Media,Buena,"19.515133, -98.891450"
2020-05-22,HOSPITAL GENERAL DE ZONA 194,IMSS,Critica,Buena,"19.470300, -99.234208"
2020-05-22,HOSPITAL GENERAL DE ZONA 57 (LA QUEBRADA),IMSS,Critica,Media,"19.597387, -99.188426"
2020-05-22,HOSPITAL GENERAL DE ZONA 58 (LAS MARGARITAS),IMSS,Critica,Critica,"19.530797, -99.222446"
2020-05-22,HOSPITAL GENERAL DE ZONA 68 (TULPETLAC),IMSS,Media,Critica,"19.570070, -99.044009"
2020-05-22,HOSPITAL GENERAL DE ZONA 71 (CHALCO),IMSS,Media,Buena,"19.259803, -98.893368"
2020-05-22,HOSPITAL GENERAL DE ZONA 76 (XALOSTOC),IMSS,Media,Buena,"19.526677, -99.082058"
2020-05-22,HOSPITAL GENERAL DE ZONA 98 (COACALCO),IMSS,Critica,Media,"19.638165, -99.098892"
2020-05-22,CENTRO MEDICO 20 DE NOVIEMBRE,ISSSTE,Media,Media,"19.372720, -99.171205"
2020-05-22,HG DARIO FERNANDEZ FIERRO,ISSSTE,Media,Media,"19.363602, -99.188608"
2020-05-22,HG JOSE MARIA MORELOS,ISSSTE,Media,Media,"19.363918, -98.995393"
2020-05-22,HG TACUBA,ISSSTE,Critica,Buena,"19.454384, -99.191231"
2020-05-22,HG DR FERNANDO QUIROZ,ISSSTE,Media,Buena,"19.394242, -99.194187"
2020-05-22,HG IGNACIO ZARAGOZA,ISSSTE,Critica,Critica,"19.389472, -99.045019"
2020-05-22,HR PRIMERO DE OCTUBRE,ISSSTE,Critica,Media,"19.486751, -99.133249"
2020-05-22,HR LIC. ADOLFO LÓPEZ MATEOS,ISSSTE,Critica,Buena,"19.358451, -99.172716"
2020-05-22,HR BICENTENARIO DE LA INDEPENDENCIA,ISSSTE,Critica,Media,"19.628814, -99.163343"
2020-05-22,ALTA ESPECIALIDAD DE ZUMPANGO,EDOMEX,Critica,Critica,"19.815198, -99.089196"
2020-05-22,HOSPITAL REGIONAL TLALNEPANTLA ISSEMYM,EDOMEX,Media,Media,"19.521706, -99.187341"
2020-05-22,"HOSPITAL GENERAL ECATEPEC ""LAS AMÉRICAS""",EDOMEX,Buena,Media,"19.594136, -99.018679"
2020-05-22,"HOSPITAL GENERAL DE NAUCALPAN ""DR. MAXIMILIANO RUIZ CASTAÑEDA"" ",EDOMEX,Media,Media,"19.468662, -99.234348"
2020-05-22,"HOSPITAL GENERAL ATIZAPAN DE ZARAGOZA ""DR. SALVADOR GONZALEZ HERREJÓN""",EDOMEX,Buena,Critica,"19.546322, -99.237491"
2020-05-22,"HOSPITAL GENERAL CUAUTITLAN ""GRAL. JOSE VICENTE VILLADA""",EDOMEX,Media,Buena,"19.664586, -99.178557"
2020-05-22,"HOSPITAL GENERAL DE NEZAHUALCOYOTL ""GUSTAVO BAZ PRADA""",EDOMEX,Media,Media,"19.422253, -99.014892"
2020-05-22,"HOSPITAL GENERAL DE ECATEPEC ""JOSÉ MARÍA RODRÍGUEZ""",EDOMEX,Buena,Media,"19.514412, -99.038087"
2020-05-22,"HOSPITAL GENERAL NEZAHUALCOYOTL ""LA PERLA"" ",EDOMEX,Media,Buena,"19.387963, -98.989442"
2020-05-22,HOSPITAL GENERAL DE CHIMALHUACAN,EDOMEX,Media,Media,"19.419753, -98.975140"
2020-05-22,"HOSPITAL GENERAL DE IXTAPALUCA ""PEDRO LOPEZ""",EDOMEX,Buena,Buena,"19.318829, -98.855366"
2020-05-22,HOSPITAL GENERAL DE CHALCO ,EDOMEX,Media,Buena,"19.268265, -98.893965"
2020-05-22,"HOSPITAL GENERAL TEXCOCO ""GUADALUPE VICTORIA"" BICENTENARIO ",EDOMEX,Media,Media,"19.514309, -98.871750"
2020-05-22,"HOSPITAL GENERAL VALLE DE CHALCO ""DR. FERNANDO QUIROZ GUTIERREZ"" ",EDOMEX,Buena,Buena,"19.273775, -98.941609"
2020-05-22,"HOSPITAL GENERAL AMECAMECA ""VALENTIN GOMEZ FARIAS"" ",EDOMEX,Buena,Buena,"19.144883, -98.785072"
2020-05-22,HOSPITAL GENERAL DE AXAPUSCO,EDOMEX,Media,Buena,"19.732872, -98.769445"
2020-05-23,INSTITUTO NACIONAL DE NUTRICIÓN,SSA,Critica,Critica,"19.289599, -99.155441"
2020-05-23,INER,SSA,Media,Media,"19.291375, -99.158653"
2020-05-23,HOSPITAL GENERAL DE MÉXICO,SSA,Media,Media,"19.4129258, -99.1520225"
2020-05-23,HOSPITAL JUAREZ,SSA,Critica,Media,"19.481829, -99.135576"
2020-05-23,HOSPITAL GENERAL DR. MANUEL GEA GONZÁLEZ,SSA,Critica,Critica,"19.290295, -99.160861"
2020-05-23,HOSPITAL INFANTIL DE MÉXICO FEDERICO GÓMEZ,SSA,Buena,Buena,"19.410839, -99.151941"
2020-05-23,INSTITUTO  NACIONAL DE CARDIOLOGÍA IGNACIO CHÁVEZ,SSA,Media,Media,"19.290598, -99.153838"
2020-05-23,CITIBANAMEX,SSA,,,"19.439732, -99.224235"
2020-05-23,HOSPITAL REGIONAL DE ALTA ESPECIALIDAD DE IXTAPALUCA,SSA,Media,Critica,"19.318796, -98.855353"
2020-05-23,BELISARIO DOMINGUEZ,SEDESA,Critica,Media,"19.307226, -99.065356"
2020-05-23,ENRIQUE CABRERA,SEDESA,Media,Buena,"19.361675, -99.224432"
2020-05-23,GENERAL TLAHUAC,SEDESA,Media,Buena,"19.287492, -99.052665"
2020-05-23,PEDIATRICO DE LA VILLA,SEDESA,Buena,Buena,"19.487355, -99.114316"
2020-05-23,HOSPITAL GENERAL AJUSCO MEDIO,SEDESA,Media,Critica,"19.272165, -99.207846"
2020-05-23,HOSPITAL GENERAL IZTAPALAPA,SEDESA,Media,Buena,"19.343426, -99.027236"
2020-05-23,HOSPITAL GENERAL XOCO,SEDESA,Critica,Buena,"19.360313, -99.162275"
2020-05-23,HOSPITAL GENERAL VILLA,SEDESA,Media,Buena,"19.480079, -99.103353"
2020-05-23,HOSPITAL GENERAL DR. RUBÉN LEÑERO,SEDESA,Critica,Buena,"19.451398, -99.169565"
2020-05-23,HOSPITAL GENERAL MILPA ALTA,SEDESA,Media,Media,"19.200951, -99.011210"
2020-05-23,HOSPITAL GENERAL BALBUENA,SEDESA,Media,Buena,"19.424195, -99.115412"
2020-05-23,HOSPITAL TEPEPAN,SEDESA,,,"19.275806, -99.144298"
2020-05-23,HOSPITAL DE ESPECIALIDADES 01 CMN SIGLO XXI (CDMX SUR),IMSS,Media,Media,"19.466549, -99.145102"
2020-05-23,HOSPITAL DE PEDIATRIA 01 CMN SIGLO XXI (CDMX SUR),IMSS,Buena,Buena,"19.407458, -99.152267"
2020-05-23,HOSPITAL GENERAL DE ZONA 01 CARLOS MC GREGOR (CDMX SUR),IMSS,Media,Media,"19.395912, -99.161610"
2020-05-23,HOSPITAL GENERAL DE ZONA 1A PARQUE DE LOS VENADOS (CDMX SUR),IMSS,Media,Buena,"19.374431, -99.151203"
2020-05-23,HOSPITAL DE INFECTOLOGIA 01 LA RAZA (CDMX NORTE),IMSS,Media,Critica,"19.464865, -99.144859"
2020-05-23,HOSPITAL GENERAL 01 (CDMX NORTE) LA RAZA,IMSS,Critica,Media,"19.395740, -99.161677"
2020-05-23,HOSPITAL GENERAL DE ZONA 24 (CDMX NORTE),IMSS,Media,Media,"19.483221, -99.128448"
2020-05-23,HOSPITAL GENERAL DE ZONA 27 (CDMX NORTE),IMSS,Media,Buena,"19.454776, -99.140007"
2020-05-23,HOSPITAL GENERAL DE ZONA 2A (CDMX SUR),IMSS,Critica,Buena,"19.405495, -99.112200"
2020-05-23,HOSPITAL GENERAL DE ZONA 30 (CDMX SUR),IMSS,Media,Media,"19.398836, -99.116913"
2020-05-23,HOSPITAL GENERAL DE ZONA 32 (CDMX SUR),IMSS,Media,Media,"19.307964, -99.130677"
2020-05-23,HOSPITAL GENERAL DE ZONA C/MF 08 (CDMX SUR),IMSS,Critica,Media,"19.337137, -99.200142"
2020-05-23,HOSPITAL GENERAL DE ZONA C/UMAA 48 (CDMX NORTE),IMSS,Media,Media,"19.482375, -99.213046"
2020-05-23,HOSPITAL GENERAL 02 (CDMX SUR) VILLA COAPA (COY.),IMSS,Media,Critica,"19.309194, -99.129593"
2020-05-23,HOSPITAL DE ESPECIALIDADES 01 (CDMX NORTE) LA RAZA (AZC),IMSS,Critica,Buena,"19.467169, -99.143785"
2020-05-23,HOSPITAL GENERAL DE ZONA C/MF 29 (S. JUAN ARAGÓN),IMSS,Media,Buena,"19.465117, -99.085162"
2020-05-23,HOSPITAL GENERAL DE ZONA 47 (CDMX SUR) (IZP),IMSS,Critica,Buena,"19.357566, -99.054269"
2020-05-23,UNIDAD MÓVIL TEMPORAL COVID,IMSS,Critica,Media,"19.403082, -99.089177"
2020-05-23,HOSPITAL GENERAL REGIONAL 72,IMSS,Media,Media,"19.542797, -99.205022"
2020-05-23,HOSPITAL GENERAL REGIONAL 196,IMSS,Critica,Buena,"19.529016, -99.030983"
2020-05-23,HOSPITAL GENERAL REGIONAL 200,IMSS,Media,Media,"19.742905, -98.972971"
2020-05-23,HOSPITAL GENERAL DE ZONA 53,IMSS,Critica,Buena,"19.356913, -98.990929"
2020-05-23,HOSPITAL GENERAL DE ZONA 197,IMSS,Media,Media,"19.515133, -98.891450"
2020-05-23,HOSPITAL GENERAL DE ZONA 194,IMSS,Critica,Buena,"19.470300, -99.234208"
2020-05-23,HOSPITAL GENERAL DE ZONA 57 (LA QUEBRADA),IMSS,Critica,Media,"19.597387, -99.188426"
2020-05-23,HOSPITAL GENERAL DE ZONA 58 (LAS MARGARITAS),IMSS,Critica,Critica,"19.530797, -99.222446"
2020-05-23,HOSPITAL GENERAL DE ZONA 68 (TULPETLAC),IMSS,Media,Critica,"19.570070, -99.044009"
2020-05-23,HOSPITAL GENERAL DE ZONA 71 (CHALCO),IMSS,Media,Buena,"19.259803, -98.893368"
2020-05-23,HOSPITAL GENERAL DE ZONA 76 (XALOSTOC),IMSS,Media,Buena,"19.526677, -99.082058"
2020-05-23,HOSPITAL GENERAL DE ZONA 98 (COACALCO),IMSS,Critica,Critica,"19.638165, -99.098892"
2020-05-23,CENTRO MEDICO 20 DE NOVIEMBRE,ISSSTE,Media,Media,"19.372720, -99.171205"
2020-05-23,HG DARIO FERNANDEZ FIERRO,ISSSTE,Media,Media,"19.363602, -99.188608"
2020-05-23,HG JOSE MARIA MORELOS,ISSSTE,Media,Media,"19.363918, -98.995393"
2020-05-23,HG TACUBA,ISSSTE,Critica,Buena,"19.454384, -99.191231"
2020-05-23,HG DR FERNANDO QUIROZ,ISSSTE,Critica,Buena,"19.394242, -99.194187"
2020-05-23,HG IGNACIO ZARAGOZA,ISSSTE,Critica,Media,"19.389472, -99.045019"
2020-05-23,HR PRIMERO DE OCTUBRE,ISSSTE,Critica,Media,"19.486751, -99.133249"
2020-05-23,HR LIC. ADOLFO LÓPEZ MATEOS,ISSSTE,Media,Buena,"19.358451, -99.172716"
2020-05-23,HR BICENTENARIO DE LA INDEPENDENCIA,ISSSTE,Critica,Media,"19.628814, -99.163343"
2020-05-23,ALTA ESPECIALIDAD DE ZUMPANGO,EDOMEX,Critica,Critica,"19.815198, -99.089196"
2020-05-23,HOSPITAL REGIONAL TLALNEPANTLA ISSEMYM,EDOMEX,Media,Media,"19.521706, -99.187341"
2020-05-23,"HOSPITAL GENERAL ECATEPEC ""LAS AMÉRICAS""",EDOMEX,Buena,Media,"19.594136, -99.018679"
2020-05-23,"HOSPITAL GENERAL DE NAUCALPAN ""DR. MAXIMILIANO RUIZ CASTAÑEDA"" ",EDOMEX,Critica,Media,"19.468662, -99.234348"
2020-05-23,"HOSPITAL GENERAL ATIZAPAN DE ZARAGOZA ""DR. SALVADOR GONZALEZ HERREJÓN""",EDOMEX,Buena,Critica,"19.546322, -99.237491"
2020-05-23,"HOSPITAL GENERAL CUAUTITLAN ""GRAL. JOSE VICENTE VILLADA""",EDOMEX,Media,Buena,"19.664586, -99.178557"
2020-05-23,"HOSPITAL GENERAL DE NEZAHUALCOYOTL ""GUSTAVO BAZ PRADA""",EDOMEX,Media,Media,"19.422253, -99.014892"
2020-05-23,"HOSPITAL GENERAL DE ECATEPEC ""JOSÉ MARÍA RODRÍGUEZ""",EDOMEX,Buena,Buena,"19.514412, -99.038087"
2020-05-23,"HOSPITAL GENERAL NEZAHUALCOYOTL ""LA PERLA"" ",EDOMEX,Media,Buena,"19.387963, -98.989442"
2020-05-23,HOSPITAL GENERAL DE CHIMALHUACAN,EDOMEX,Media,Media,"19.419753, -98.975140"
2020-05-23,"HOSPITAL GENERAL DE IXTAPALUCA ""PEDRO LOPEZ""",EDOMEX,Buena,Buena,"19.318829, -98.855366"
2020-05-23,HOSPITAL GENERAL DE CHALCO ,EDOMEX,Buena,Buena,"19.268265, -98.893965"
2020-05-23,"HOSPITAL GENERAL TEXCOCO ""GUADALUPE VICTORIA"" BICENTENARIO ",EDOMEX,Buena,Media,"19.514309, -98.871750"
2020-05-23,"HOSPITAL GENERAL VALLE DE CHALCO ""DR. FERNANDO QUIROZ GUTIERREZ"" ",EDOMEX,Buena,Buena,"19.273775, -98.941609"
2020-05-23,"HOSPITAL GENERAL AMECAMECA ""VALENTIN GOMEZ FARIAS"" ",EDOMEX,Buena,Buena,"19.144883, -98.785072"
2020-05-23,HOSPITAL GENERAL DE AXAPUSCO,EDOMEX,Media,Media,"19.732872, -98.769445"
2020-05-24,INSTITUTO NACIONAL DE NUTRICIÓN,SSA,Critica,Critica,"19.289599, -99.155441"
2020-05-24,INER,SSA,Buena,Media,"19.291375, -99.158653"
2020-05-24,HOSPITAL GENERAL DE MÉXICO,SSA,Media,Media,"19.4129258, -99.1520225"
2020-05-24,HOSPITAL JUAREZ,SSA,Critica,Critica,"19.481829, -99.135576"
2020-05-24,HOSPITAL GENERAL DR. MANUEL GEA GONZÁLEZ,SSA,Critica,Media,"19.290295, -99.160861"
2020-05-24,HOSPITAL INFANTIL DE MÉXICO FEDERICO GÓMEZ,SSA,Buena,Buena,"19.410839, -99.151941"
2020-05-24,INSTITUTO  NACIONAL DE CARDIOLOGÍA IGNACIO CHÁVEZ,SSA,Media,Media,"19.290598, -99.153838"
2020-05-24,CITIBANAMEX,SSA,Critica,Media,"19.439732, -99.224235"
2020-05-24,HOSPITAL REGIONAL DE ALTA ESPECIALIDAD DE IXTAPALUCA,SSA,Media,Critica,"19.318796, -98.855353"
2020-05-24,BELISARIO DOMINGUEZ,SEDESA,Critica,Buena,"19.307226, -99.065356"
2020-05-24,ENRIQUE CABRERA,SEDESA,Media,Buena,"19.361675, -99.224432"
2020-05-24,GENERAL TLAHUAC,SEDESA,Media,Buena,"19.287492, -99.052665"
2020-05-24,PEDIATRICO DE LA VILLA,SEDESA,Buena,Buena,"19.487355, -99.114316"
2020-05-24,HOSPITAL GENERAL AJUSCO MEDIO,SEDESA,Media,Critica,"19.272165, -99.207846"
2020-05-24,HOSPITAL GENERAL IZTAPALAPA,SEDESA,Media,Buena,"19.343426, -99.027236"
2020-05-24,HOSPITAL GENERAL XOCO,SEDESA,Critica,Buena,"19.360313, -99.162275"
2020-05-24,HOSPITAL GENERAL VILLA,SEDESA,Media,Buena,"19.480079, -99.103353"
2020-05-24,HOSPITAL GENERAL DR. RUBÉN LEÑERO,SEDESA,Media,Buena,"19.451398, -99.169565"
2020-05-24,HOSPITAL GENERAL MILPA ALTA,SEDESA,Media,Media,"19.200951, -99.011210"
2020-05-24,HOSPITAL GENERAL BALBUENA,SEDESA,Media,Buena,"19.424195, -99.115412"
2020-05-24,HOSPITAL TEPEPAN,SEDESA,,,"19.275806, -99.144298"
2020-05-24,HOSPITAL DE ESPECIALIDADES 01 CMN SIGLO XXI (CDMX SUR),IMSS,Media,Media,"19.466549, -99.145102"
2020-05-24,HOSPITAL DE PEDIATRIA 01 CMN SIGLO XXI (CDMX SUR),IMSS,Buena,Buena,"19.407458, -99.152267"
2020-05-24,HOSPITAL GENERAL DE ZONA 01 CARLOS MC GREGOR (CDMX SUR),IMSS,Media,Media,"19.395912, -99.161610"
2020-05-24,HOSPITAL GENERAL DE ZONA 1A PARQUE DE LOS VENADOS (CDMX SUR),IMSS,Media,Buena,"19.374431, -99.151203"
2020-05-24,HOSPITAL DE INFECTOLOGIA 01 LA RAZA (CDMX NORTE),IMSS,Media,Critica,"19.464865, -99.144859"
2020-05-24,HOSPITAL GENERAL 01 (CDMX NORTE) LA RAZA,IMSS,Critica,Media,"19.395740, -99.161677"
2020-05-24,HOSPITAL GENERAL DE ZONA 24 (CDMX NORTE),IMSS,Media,Media,"19.483221, -99.128448"
2020-05-24,HOSPITAL GENERAL DE ZONA 27 (CDMX NORTE),IMSS,Media,Buena,"19.454776, -99.140007"
2020-05-24,HOSPITAL GENERAL DE ZONA 2A (CDMX SUR),IMSS,Critica,Buena,"19.405495, -99.112200"
2020-05-24,HOSPITAL GENERAL DE ZONA 30 (CDMX SUR),IMSS,Media,Media,"19.398836, -99.116913"
2020-05-24,HOSPITAL GENERAL DE ZONA 32 (CDMX SUR),IMSS,Media,Media,"19.307964, -99.130677"
2020-05-24,HOSPITAL GENERAL DE ZONA C/MF 08 (CDMX SUR),IMSS,Critica,Media,"19.337137, -99.200142"
2020-05-24,HOSPITAL GENERAL DE ZONA C/UMAA 48 (CDMX NORTE),IMSS,Media,Media,"19.482375, -99.213046"
2020-05-24,HOSPITAL GENERAL 02 (CDMX SUR) VILLA COAPA (COY.),IMSS,Media,Critica,"19.309194, -99.129593"
2020-05-24,HOSPITAL DE ESPECIALIDADES 01 (CDMX NORTE) LA RAZA (AZC),IMSS,Critica,Buena,"19.467169, -99.143785"
2020-05-24,HOSPITAL GENERAL DE ZONA C/MF 29 (S. JUAN ARAGÓN),IMSS,Media,Buena,"19.465117, -99.085162"
2020-05-24,HOSPITAL GENERAL DE ZONA 47 (CDMX SUR) (IZP),IMSS,Critica,Buena,"19.357566, -99.054269"
2020-05-24,UNIDAD MÓVIL TEMPORAL COVID,IMSS,Critica,Media,"19.403082, -99.089177"
2020-05-24,HOSPITAL GENERAL REGIONAL 72,IMSS,Media,Media,"19.542797, -99.205022"
2020-05-24,HOSPITAL GENERAL REGIONAL 196,IMSS,Critica,Buena,"19.529016, -99.030983"
2020-05-24,HOSPITAL GENERAL REGIONAL 200,IMSS,Media,Media,"19.742905, -98.972971"
2020-05-24,HOSPITAL GENERAL DE ZONA 53,IMSS,Critica,Buena,"19.356913, -98.990929"
2020-05-24,HOSPITAL GENERAL DE ZONA 197,IMSS,Media,Media,"19.515133, -98.891450"
2020-05-24,HOSPITAL GENERAL DE ZONA 194,IMSS,Critica,Buena,"19.470300, -99.234208"
2020-05-24,HOSPITAL GENERAL DE ZONA 57 (LA QUEBRADA),IMSS,Critica,Media,"19.597387, -99.188426"
2020-05-24,HOSPITAL GENERAL DE ZONA 58 (LAS MARGARITAS),IMSS,Critica,Critica,"19.530797, -99.222446"
2020-05-24,HOSPITAL GENERAL DE ZONA 68 (TULPETLAC),IMSS,Media,Critica,"19.570070, -99.044009"
2020-05-24,HOSPITAL GENERAL DE ZONA 71 (CHALCO),IMSS,Media,Buena,"19.259803, -98.893368"
2020-05-24,HOSPITAL GENERAL DE ZONA 76 (XALOSTOC),IMSS,Media,Buena,"19.526677, -99.082058"
2020-05-24,HOSPITAL GENERAL DE ZONA 98 (COACALCO),IMSS,Critica,Critica,"19.638165, -99.098892"
2020-05-24,CENTRO MEDICO 20 DE NOVIEMBRE,ISSSTE,Media,Media,"19.372720, -99.171205"
2020-05-24,HG DARIO FERNANDEZ FIERRO,ISSSTE,Media,Media,"19.363602, -99.188608"
2020-05-24,HG JOSE MARIA MORELOS,ISSSTE,Media,Media,"19.363918, -98.995393"
2020-05-24,HG TACUBA,ISSSTE,Critica,Buena,"19.454384, -99.191231"
2020-05-24,HG DR FERNANDO QUIROZ,ISSSTE,Critica,Buena,"19.394242, -99.194187"
2020-05-24,HG IGNACIO ZARAGOZA,ISSSTE,Critica,Critica,"19.389472, -99.045019"
2020-05-24,HR PRIMERO DE OCTUBRE,ISSSTE,Critica,Media,"19.486751, -99.133249"
2020-05-24,HR LIC. ADOLFO LÓPEZ MATEOS,ISSSTE,Media,Buena,"19.358451, -99.172716"
2020-05-24,HR BICENTENARIO DE LA INDEPENDENCIA,ISSSTE,Critica,Media,"19.628814, -99.163343"
2020-05-24,ALTA ESPECIALIDAD DE ZUMPANGO,EDOMEX,Critica,Critica,"19.815198, -99.089196"
2020-05-24,HOSPITAL REGIONAL TLALNEPANTLA ISSEMYM,EDOMEX,Media,Media,"19.521706, -99.187341"
2020-05-24,"HOSPITAL GENERAL ECATEPEC ""LAS AMÉRICAS""",EDOMEX,Buena,Media,"19.594136, -99.018679"
2020-05-24,"HOSPITAL GENERAL DE NAUCALPAN ""DR. MAXIMILIANO RUIZ CASTAÑEDA"" ",EDOMEX,Media,Buena,"19.468662, -99.234348"
2020-05-24,"HOSPITAL GENERAL ATIZAPAN DE ZARAGOZA ""DR. SALVADOR GONZALEZ HERREJÓN""",EDOMEX,Buena,Critica,"19.546322, -99.237491"
2020-05-24,"HOSPITAL GENERAL CUAUTITLAN ""GRAL. JOSE VICENTE VILLADA""",EDOMEX,Media,Buena,"19.664586, -99.178557"
2020-05-24,"HOSPITAL GENERAL DE NEZAHUALCOYOTL ""GUSTAVO BAZ PRADA""",EDOMEX,Media,Buena,"19.422253, -99.014892"
2020-05-24,"HOSPITAL GENERAL DE ECATEPEC ""JOSÉ MARÍA RODRÍGUEZ""",EDOMEX,Buena,Media,"19.514412, -99.038087"
2020-05-24,"HOSPITAL GENERAL NEZAHUALCOYOTL ""LA PERLA"" ",EDOMEX,Media,Buena,"19.387963, -98.989442"
2020-05-24,HOSPITAL GENERAL DE CHIMALHUACAN,EDOMEX,Media,Media,"19.419753, -98.975140"
2020-05-24,"HOSPITAL GENERAL DE IXTAPALUCA ""PEDRO LOPEZ""",EDOMEX,Buena,Buena,"19.318829, -98.855366"
2020-05-24,HOSPITAL GENERAL DE CHALCO ,EDOMEX,Buena,Buena,"19.268265, -98.893965"
2020-05-24,"HOSPITAL GENERAL TEXCOCO ""GUADALUPE VICTORIA"" BICENTENARIO ",EDOMEX,Buena,Media,"19.514309, -98.871750"
2020-05-24,"HOSPITAL GENERAL VALLE DE CHALCO ""DR. FERNANDO QUIROZ GUTIERREZ"" ",EDOMEX,Buena,Buena,"19.273775, -98.941609"
2020-05-24,"HOSPITAL GENERAL AMECAMECA ""VALENTIN GOMEZ FARIAS"" ",EDOMEX,Buena,Buena,"19.144883, -98.785072"
2020-05-24,HOSPITAL GENERAL DE AXAPUSCO,EDOMEX,Media,Media,"19.732872, -98.769445"
2020-05-25,INSTITUTO NACIONAL DE NUTRICIÓN,SSA,Critica,Critica,"19.289599, -99.155441"
2020-05-25,INER,SSA,Buena,Media,"19.291375, -99.158653"
2020-05-25,HOSPITAL GENERAL DE MÉXICO,SSA,Media,Media,"19.4129258, -99.1520225"
2020-05-25,HOSPITAL JUAREZ,SSA,Critica,Critica,"19.481829, -99.135576"
2020-05-25,HOSPITAL GENERAL DR. MANUEL GEA GONZÁLEZ,SSA,Critica,Media,"19.290295, -99.160861"
2020-05-25,HOSPITAL INFANTIL DE MÉXICO FEDERICO GÓMEZ,SSA,Buena,Buena,"19.410839, -99.151941"
2020-05-25,INSTITUTO  NACIONAL DE CARDIOLOGÍA IGNACIO CHÁVEZ,SSA,Media,Media,"19.290598, -99.153838"
2020-05-25,CITIBANAMEX,SSA,Media,Media,"19.439732, -99.224235"
2020-05-25,HOSPITAL REGIONAL DE ALTA ESPECIALIDAD DE IXTAPALUCA,SSA,Media,Critica,"19.318796, -98.855353"
2020-05-25,BELISARIO DOMINGUEZ,SEDESA,Critica,Buena,"19.307226, -99.065356"
2020-05-25,ENRIQUE CABRERA,SEDESA,Media,Buena,"19.361675, -99.224432"
2020-05-25,GENERAL TLAHUAC,SEDESA,Media,Buena,"19.287492, -99.052665"
2020-05-25,PEDIATRICO DE LA VILLA,SEDESA,Buena,Buena,"19.487355, -99.114316"
2020-05-25,HOSPITAL GENERAL AJUSCO MEDIO,SEDESA,Media,Critica,"19.272165, -99.207846"
2020-05-25,HOSPITAL GENERAL IZTAPALAPA,SEDESA,Media,Buena,"19.343426, -99.027236"
2020-05-25,HOSPITAL GENERAL XOCO,SEDESA,Critica,Buena,"19.360313, -99.162275"
2020-05-25,HOSPITAL GENERAL VILLA,SEDESA,Media,Buena,"19.480079, -99.103353"
2020-05-25,HOSPITAL GENERAL DR. RUBÉN LEÑERO,SEDESA,Media,Buena,"19.451398, -99.169565"
2020-05-25,HOSPITAL GENERAL MILPA ALTA,SEDESA,Media,Media,"19.200951, -99.011210"
2020-05-25,HOSPITAL GENERAL BALBUENA,SEDESA,Media,Buena,"19.424195, -99.115412"
2020-05-25,HOSPITAL TEPEPAN,SEDESA,,,"19.275806, -99.144298"
2020-05-25,HOSPITAL DE ESPECIALIDADES 01 CMN SIGLO XXI (CDMX SUR),IMSS,Buena,Media,"19.466549, -99.145102"
2020-05-25,HOSPITAL DE PEDIATRIA 01 CMN SIGLO XXI (CDMX SUR),IMSS,Buena,Buena,"19.407458, -99.152267"
2020-05-25,HOSPITAL GENERAL DE ZONA 01 CARLOS MC GREGOR (CDMX SUR),IMSS,Media,Media,"19.395912, -99.161610"
2020-05-25,HOSPITAL GENERAL DE ZONA 1A PARQUE DE LOS VENADOS (CDMX SUR),IMSS,Critica,Media,"19.374431, -99.151203"
2020-05-25,HOSPITAL DE INFECTOLOGIA 01 LA RAZA (CDMX NORTE),IMSS,Media,Critica,"19.464865, -99.144859"
2020-05-25,HOSPITAL GENERAL 01 (CDMX NORTE) LA RAZA,IMSS,Critica,Buena,"19.395740, -99.161677"
2020-05-25,HOSPITAL GENERAL DE ZONA 24 (CDMX NORTE),IMSS,Media,Media,"19.483221, -99.128448"
2020-05-25,HOSPITAL GENERAL DE ZONA 27 (CDMX NORTE),IMSS,Media,Buena,"19.454776, -99.140007"
2020-05-25,HOSPITAL GENERAL DE ZONA 2A (CDMX SUR),IMSS,Critica,Buena,"19.405495, -99.112200"
2020-05-25,HOSPITAL GENERAL DE ZONA 30 (CDMX SUR),IMSS,Media,Media,"19.398836, -99.116913"
2020-05-25,HOSPITAL GENERAL DE ZONA 32 (CDMX SUR),IMSS,Critica,Media,"19.307964, -99.130677"
2020-05-25,HOSPITAL GENERAL DE ZONA C/MF 08 (CDMX SUR),IMSS,Critica,Buena,"19.337137, -99.200142"
2020-05-25,HOSPITAL GENERAL DE ZONA C/UMAA 48 (CDMX NORTE),IMSS,Buena,Media,"19.482375, -99.213046"
2020-05-25,HOSPITAL GENERAL 02 (CDMX SUR) VILLA COAPA (COY.),IMSS,Media,Critica,"19.309194, -99.129593"
2020-05-25,HOSPITAL DE ESPECIALIDADES 01 (CDMX NORTE) LA RAZA (AZC),IMSS,Media,Buena,"19.467169, -99.143785"
2020-05-25,HOSPITAL GENERAL DE ZONA C/MF 29 (S. JUAN ARAGÓN),IMSS,Media,Buena,"19.465117, -99.085162"
2020-05-25,HOSPITAL GENERAL DE ZONA 47 (CDMX SUR) (IZP),IMSS,Media,Media,"19.357566, -99.054269"
2020-05-25,UNIDAD MÓVIL TEMPORAL COVID,IMSS,Critica,Media,"19.403082, -99.089177"
2020-05-25,HOSPITAL GENERAL REGIONAL 72,IMSS,Media,Media,"19.542797, -99.205022"
2020-05-25,HOSPITAL GENERAL REGIONAL 196,IMSS,Critica,Media,"19.529016, -99.030983"
2020-05-25,HOSPITAL GENERAL REGIONAL 200,IMSS,Media,Media,"19.742905, -98.972971"
2020-05-25,HOSPITAL GENERAL DE ZONA 53,IMSS,Media,Buena,"19.356913, -98.990929"
2020-05-25,HOSPITAL GENERAL DE ZONA 197,IMSS,Media,Buena,"19.515133, -98.891450"
2020-05-25,HOSPITAL GENERAL DE ZONA 194,IMSS,Critica,Media,"19.470300, -99.234208"
2020-05-25,HOSPITAL GENERAL DE ZONA 57 (LA QUEBRADA),IMSS,Critica,Media,"19.597387, -99.188426"
2020-05-25,HOSPITAL GENERAL DE ZONA 58 (LAS MARGARITAS),IMSS,Critica,Critica,"19.530797, -99.222446"
2020-05-25,HOSPITAL GENERAL DE ZONA 68 (TULPETLAC),IMSS,Media,Critica,"19.570070, -99.044009"
2020-05-25,HOSPITAL GENERAL DE ZONA 71 (CHALCO),IMSS,Media,Buena,"19.259803, -98.893368"
2020-05-25,HOSPITAL GENERAL DE ZONA 76 (XALOSTOC),IMSS,Media,Buena,"19.526677, -99.082058"
2020-05-25,HOSPITAL GENERAL DE ZONA 98 (COACALCO),IMSS,Critica,Critica,"19.638165, -99.098892"
2020-05-25,CENTRO MEDICO 20 DE NOVIEMBRE,ISSSTE,Media,Media,"19.372720, -99.171205"
2020-05-25,HG DARIO FERNANDEZ FIERRO,ISSSTE,Media,Media,"19.363602, -99.188608"
2020-05-25,HG JOSE MARIA MORELOS,ISSSTE,Media,Media,"19.363918, -98.995393"
2020-05-25,HG TACUBA,ISSSTE,Critica,Buena,"19.454384, -99.191231"
2020-05-25,HG DR FERNANDO QUIROZ,ISSSTE,Critica,Buena,"19.394242, -99.194187"
2020-05-25,HG IGNACIO ZARAGOZA,ISSSTE,Critica,Critica,"19.389472, -99.045019"
2020-05-25,HR PRIMERO DE OCTUBRE,ISSSTE,Critica,Media,"19.486751, -99.133249"
2020-05-25,HR LIC. ADOLFO LÓPEZ MATEOS,ISSSTE,Media,Buena,"19.358451, -99.172716"
2020-05-25,HR BICENTENARIO DE LA INDEPENDENCIA,ISSSTE,Critica,Media,"19.628814, -99.163343"
2020-05-25,ALTA ESPECIALIDAD DE ZUMPANGO,EDOMEX,Critica,Critica,"19.815198, -99.089196"
2020-05-25,HOSPITAL REGIONAL TLALNEPANTLA ISSEMYM,EDOMEX,Media,Media,"19.521706, -99.187341"
2020-05-25,"HOSPITAL GENERAL ECATEPEC ""LAS AMÉRICAS""",EDOMEX,Buena,Media,"19.594136, -99.018679"
2020-05-25,"HOSPITAL GENERAL DE NAUCALPAN ""DR. MAXIMILIANO RUIZ CASTAÑEDA"" ",EDOMEX,Media,Buena,"19.468662, -99.234348"
2020-05-25,"HOSPITAL GENERAL ATIZAPAN DE ZARAGOZA ""DR. SALVADOR GONZALEZ HERREJÓN""",EDOMEX,Buena,Critica,"19.546322, -99.237491"
2020-05-25,"HOSPITAL GENERAL CUAUTITLAN ""GRAL. JOSE VICENTE VILLADA""",EDOMEX,Media,Buena,"19.664586, -99.178557"
2020-05-25,"HOSPITAL GENERAL DE NEZAHUALCOYOTL ""GUSTAVO BAZ PRADA""",EDOMEX,Media,Buena,"19.422253, -99.014892"
2020-05-25,"HOSPITAL GENERAL DE ECATEPEC ""JOSÉ MARÍA RODRÍGUEZ""",EDOMEX,Buena,Media,"19.514412, -99.038087"
2020-05-25,"HOSPITAL GENERAL NEZAHUALCOYOTL ""LA PERLA"" ",EDOMEX,Media,Buena,"19.387963, -98.989442"
2020-05-25,HOSPITAL GENERAL DE CHIMALHUACAN,EDOMEX,Media,Media,"19.419753, -98.975140"
2020-05-25,"HOSPITAL GENERAL DE IXTAPALUCA ""PEDRO LOPEZ""",EDOMEX,Buena,Buena,"19.318829, -98.855366"
2020-05-25,HOSPITAL GENERAL DE CHALCO ,EDOMEX,Buena,Buena,"19.268265, -98.893965"
2020-05-25,"HOSPITAL GENERAL TEXCOCO ""GUADALUPE VICTORIA"" BICENTENARIO ",EDOMEX,Buena,Media,"19.514309, -98.871750"
2020-05-25,"HOSPITAL GENERAL VALLE DE CHALCO ""DR. FERNANDO QUIROZ GUTIERREZ"" ",EDOMEX,Buena,Buena,"19.273775, -98.941609"
2020-05-25,"HOSPITAL GENERAL AMECAMECA ""VALENTIN GOMEZ FARIAS"" ",EDOMEX,Buena,Buena,"19.144883, -98.785072"
2020-05-25,HOSPITAL GENERAL DE AXAPUSCO,EDOMEX,Media,Media,"19.732872, -98.769445"
2020-05-26,INSTITUTO NACIONAL DE NUTRICIÓN,SSA,Critica,Critica,"19.289599, -99.155441"
2020-05-26,INER,SSA,Buena,Media,"19.291375, -99.158653"
2020-05-26,HOSPITAL GENERAL DE MÉXICO,SSA,Media,Media,"19.4129258, -99.1520225"
2020-05-26,HOSPITAL JUAREZ,SSA,Critica,Media,"19.481829, -99.135576"
2020-05-26,HOSPITAL GENERAL DR. MANUEL GEA GONZÁLEZ,SSA,Critica,Media,"19.290295, -99.160861"
2020-05-26,HOSPITAL INFANTIL DE MÉXICO FEDERICO GÓMEZ,SSA,Buena,Buena,"19.410839, -99.151941"
2020-05-26,INSTITUTO  NACIONAL DE CARDIOLOGÍA IGNACIO CHÁVEZ,SSA,Media,Media,"19.290598, -99.153838"
2020-05-26,CITIBANAMEX,SSA,Buena,Critica,"19.439732, -99.224235"
2020-05-26,HOSPITAL REGIONAL DE ALTA ESPECIALIDAD DE IXTAPALUCA,SSA,Media,Critica,"19.318796, -98.855353"
2020-05-26,BELISARIO DOMINGUEZ,SEDESA,Critica,Buena,"19.307226, -99.065356"
2020-05-26,ENRIQUE CABRERA,SEDESA,Media,Buena,"19.361675, -99.224432"
2020-05-26,GENERAL TLAHUAC,SEDESA,Buena,Buena,"19.287492, -99.052665"
2020-05-26,PEDIATRICO DE LA VILLA,SEDESA,Buena,Buena,"19.487355, -99.114316"
2020-05-26,HOSPITAL GENERAL AJUSCO MEDIO,SEDESA,Media,Media,"19.272165, -99.207846"
2020-05-26,HOSPITAL GENERAL IZTAPALAPA,SEDESA,Media,Buena,"19.343426, -99.027236"
2020-05-26,HOSPITAL GENERAL XOCO,SEDESA,Critica,Buena,"19.360313, -99.162275"
2020-05-26,HOSPITAL GENERAL VILLA,SEDESA,Media,Buena,"19.480079, -99.103353"
2020-05-26,HOSPITAL GENERAL DR. RUBÉN LEÑERO,SEDESA,Media,Buena,"19.451398, -99.169565"
2020-05-26,HOSPITAL GENERAL MILPA ALTA,SEDESA,Media,Buena,"19.200951, -99.011210"
2020-05-26,HOSPITAL GENERAL BALBUENA,SEDESA,Media,Buena,"19.424195, -99.115412"
2020-05-26,HOSPITAL TEPEPAN,SEDESA,,,"19.275806, -99.144298"
2020-05-26,HOSPITAL DE ESPECIALIDADES 01 CMN SIGLO XXI (CDMX SUR),IMSS,Buena,Media,"19.466549, -99.145102"
2020-05-26,HOSPITAL DE PEDIATRIA 01 CMN SIGLO XXI (CDMX SUR),IMSS,Buena,Buena,"19.407458, -99.152267"
2020-05-26,HOSPITAL GENERAL DE ZONA 01 CARLOS MC GREGOR (CDMX SUR),IMSS,Media,Media,"19.395912, -99.161610"
2020-05-26,HOSPITAL GENERAL DE ZONA 1A PARQUE DE LOS VENADOS (CDMX SUR),IMSS,Critica,Media,"19.374431, -99.151203"
2020-05-26,HOSPITAL DE INFECTOLOGIA 01 LA RAZA (CDMX NORTE),IMSS,Media,Media,"19.464865, -99.144859"
2020-05-26,HOSPITAL GENERAL 01 (CDMX NORTE) LA RAZA,IMSS,Critica,Media,"19.395740, -99.161677"
2020-05-26,HOSPITAL GENERAL DE ZONA 24 (CDMX NORTE),IMSS,Media,Media,"19.483221, -99.128448"
2020-05-26,HOSPITAL GENERAL DE ZONA 27 (CDMX NORTE),IMSS,Media,Buena,"19.454776, -99.140007"
2020-05-26,HOSPITAL GENERAL DE ZONA 2A (CDMX SUR),IMSS,Critica,Buena,"19.405495, -99.112200"
2020-05-26,HOSPITAL GENERAL DE ZONA 30 (CDMX SUR),IMSS,Media,Media,"19.398836, -99.116913"
2020-05-26,HOSPITAL GENERAL DE ZONA 32 (CDMX SUR),IMSS,Critica,Media,"19.307964, -99.130677"
2020-05-26,HOSPITAL GENERAL DE ZONA C/MF 08 (CDMX SUR),IMSS,Critica,Buena,"19.337137, -99.200142"
2020-05-26,HOSPITAL GENERAL DE ZONA C/UMAA 48 (CDMX NORTE),IMSS,Buena,Media,"19.482375, -99.213046"
2020-05-26,HOSPITAL GENERAL 02 (CDMX SUR) VILLA COAPA (COY.),IMSS,Media,Media,"19.309194, -99.129593"
2020-05-26,HOSPITAL DE ESPECIALIDADES 01 (CDMX NORTE) LA RAZA (AZC),IMSS,Media,Media,"19.467169, -99.143785"
2020-05-26,HOSPITAL GENERAL DE ZONA C/MF 29 (S. JUAN ARAGÓN),IMSS,Media,Buena,"19.465117, -99.085162"
2020-05-26,HOSPITAL GENERAL DE ZONA 47 (CDMX SUR) (IZP),IMSS,Media,Media,"19.357566, -99.054269"
2020-05-26,UNIDAD MÓVIL TEMPORAL COVID,IMSS,Critica,Buena,"19.403082, -99.089177"
2020-05-26,HOSPITAL GENERAL REGIONAL 72,IMSS,Media,Media,"19.542797, -99.205022"
2020-05-26,HOSPITAL GENERAL REGIONAL 196,IMSS,Critica,Media,"19.529016, -99.030983"
2020-05-26,HOSPITAL GENERAL REGIONAL 200,IMSS,Media,Media,"19.742905, -98.972971"
2020-05-26,HOSPITAL GENERAL DE ZONA 53,IMSS,Media,Buena,"19.356913, -98.990929"
2020-05-26,HOSPITAL GENERAL DE ZONA 197,IMSS,Media,Buena,"19.515133, -98.891450"
2020-05-26,HOSPITAL GENERAL DE ZONA 194,IMSS,Critica,Media,"19.470300, -99.234208"
2020-05-26,HOSPITAL GENERAL DE ZONA 57 (LA QUEBRADA),IMSS,Critica,Media,"19.597387, -99.188426"
2020-05-26,HOSPITAL GENERAL DE ZONA 58 (LAS MARGARITAS),IMSS,Critica,Critica,"19.530797, -99.222446"
2020-05-26,HOSPITAL GENERAL DE ZONA 68 (TULPETLAC),IMSS,Media,Critica,"19.570070, -99.044009"
2020-05-26,HOSPITAL GENERAL DE ZONA 71 (CHALCO),IMSS,Media,Buena,"19.259803, -98.893368"
2020-05-26,HOSPITAL GENERAL DE ZONA 76 (XALOSTOC),IMSS,Media,Buena,"19.526677, -99.082058"
2020-05-26,HOSPITAL GENERAL DE ZONA 98 (COACALCO),IMSS,Critica,Critica,"19.638165, -99.098892"
2020-05-26,CENTRO MEDICO 20 DE NOVIEMBRE,ISSSTE,Critica,Media,"19.372720, -99.171205"
2020-05-26,HG DARIO FERNANDEZ FIERRO,ISSSTE,Media,Media,"19.363602, -99.188608"
2020-05-26,HG JOSE MARIA MORELOS,ISSSTE,Media,Media,"19.363918, -98.995393"
2020-05-26,HG TACUBA,ISSSTE,Critica,Buena,"19.454384, -99.191231"
2020-05-26,HG DR FERNANDO QUIROZ,ISSSTE,Media,Buena,"19.394242, -99.194187"
2020-05-26,HG IGNACIO ZARAGOZA,ISSSTE,Critica,Critica,"19.389472, -99.045019"
2020-05-26,HR PRIMERO DE OCTUBRE,ISSSTE,Critica,Media,"19.486751, -99.133249"
2020-05-26,HR LIC. ADOLFO LÓPEZ MATEOS,ISSSTE,Media,Buena,"19.358451, -99.172716"
2020-05-26,HR BICENTENARIO DE LA INDEPENDENCIA,ISSSTE,Critica,Media,"19.628814, -99.163343"
2020-05-26,ALTA ESPECIALIDAD DE ZUMPANGO,EDOMEX,Critica,Critica,"19.815198, -99.089196"
2020-05-26,HOSPITAL REGIONAL TLALNEPANTLA ISSEMYM,EDOMEX,Media,Media,"19.521706, -99.187341"
2020-05-26,"HOSPITAL GENERAL ECATEPEC ""LAS AMÉRICAS""",EDOMEX,Buena,Buena,"19.594136, -99.018679"
2020-05-26,"HOSPITAL GENERAL DE NAUCALPAN ""DR. MAXIMILIANO RUIZ CASTAÑEDA"" ",EDOMEX,Media,Buena,"19.468662, -99.234348"
2020-05-26,"HOSPITAL GENERAL ATIZAPAN DE ZARAGOZA ""DR. SALVADOR GONZALEZ HERREJÓN""",EDOMEX,Buena,Buena,"19.546322, -99.237491"
2020-05-26,"HOSPITAL GENERAL CUAUTITLAN ""GRAL. JOSE VICENTE VILLADA""",EDOMEX,Media,Buena,"19.664586, -99.178557"
2020-05-26,"HOSPITAL GENERAL DE NEZAHUALCOYOTL ""GUSTAVO BAZ PRADA""",EDOMEX,Buena,Buena,"19.422253, -99.014892"
2020-05-26,"HOSPITAL GENERAL DE ECATEPEC ""JOSÉ MARÍA RODRÍGUEZ""",EDOMEX,Buena,Media,"19.514412, -99.038087"
2020-05-26,"HOSPITAL GENERAL NEZAHUALCOYOTL ""LA PERLA"" ",EDOMEX,Media,Media,"19.387963, -98.989442"
2020-05-26,HOSPITAL GENERAL DE CHIMALHUACAN,EDOMEX,Media,Media,"19.419753, -98.975140"
2020-05-26,"HOSPITAL GENERAL DE IXTAPALUCA ""PEDRO LOPEZ""",EDOMEX,Buena,Buena,"19.318829, -98.855366"
2020-05-26,HOSPITAL GENERAL DE CHALCO ,EDOMEX,Buena,Buena,"19.268265, -98.893965"
2020-05-26,"HOSPITAL GENERAL TEXCOCO ""GUADALUPE VICTORIA"" BICENTENARIO ",EDOMEX,Buena,Media,"19.514309, -98.871750"
2020-05-26,"HOSPITAL GENERAL VALLE DE CHALCO ""DR. FERNANDO QUIROZ GUTIERREZ"" ",EDOMEX,Media,Buena,"19.273775, -98.941609"
2020-05-26,"HOSPITAL GENERAL AMECAMECA ""VALENTIN GOMEZ FARIAS"" ",EDOMEX,Buena,Media,"19.144883, -98.785072"
2020-05-26,HOSPITAL GENERAL DE AXAPUSCO,EDOMEX,Media,Media,"19.732872, -98.769445"
2020-05-27,INSTITUTO NACIONAL DE NUTRICIÓN,SSA,Critica,Critica,"19.289599, -99.155441"
2020-05-27,INER,SSA,Media,Media,"19.291375, -99.158653"
2020-05-27,HOSPITAL GENERAL DE MÉXICO,SSA,Media,Media,"19.4129258, -99.1520225"
2020-05-27,HOSPITAL JUAREZ,SSA,Critica,Media,"19.481829, -99.135576"
2020-05-27,HOSPITAL GENERAL DR. MANUEL GEA GONZÁLEZ,SSA,Critica,Media,"19.290295, -99.160861"
2020-05-27,HOSPITAL INFANTIL DE MÉXICO FEDERICO GÓMEZ,SSA,Buena,Buena,"19.410839, -99.151941"
2020-05-27,INSTITUTO  NACIONAL DE CARDIOLOGÍA IGNACIO CHÁVEZ,SSA,Media,Media,"19.290598, -99.153838"
2020-05-27,CITIBANAMEX,SSA,Buena,Critica,"19.439732, -99.224235"
2020-05-27,HOSPITAL REGIONAL DE ALTA ESPECIALIDAD DE IXTAPALUCA,SSA,Media,Critica,"19.318796, -98.855353"
2020-05-27,BELISARIO DOMINGUEZ,SEDESA,Critica,Buena,"19.307226, -99.065356"
2020-05-27,ENRIQUE CABRERA,SEDESA,Media,Buena,"19.361675, -99.224432"
2020-05-27,GENERAL TLAHUAC,SEDESA,Buena,Buena,"19.287492, -99.052665"
2020-05-27,PEDIATRICO DE LA VILLA,SEDESA,Buena,Buena,"19.487355, -99.114316"
2020-05-27,HOSPITAL GENERAL AJUSCO MEDIO,SEDESA,Media,Media,"19.272165, -99.207846"
2020-05-27,HOSPITAL GENERAL IZTAPALAPA,SEDESA,Media,Buena,"19.343426, -99.027236"
2020-05-27,HOSPITAL GENERAL XOCO,SEDESA,Critica,Buena,"19.360313, -99.162275"
2020-05-27,HOSPITAL GENERAL VILLA,SEDESA,Media,Buena,"19.480079, -99.103353"
2020-05-27,HOSPITAL GENERAL DR. RUBÉN LEÑERO,SEDESA,Critica,Buena,"19.451398, -99.169565"
2020-05-27,HOSPITAL GENERAL MILPA ALTA,SEDESA,Media,Media,"19.200951, -99.011210"
2020-05-27,HOSPITAL GENERAL BALBUENA,SEDESA,Media,Buena,"19.424195, -99.115412"
2020-05-27,HOSPITAL TEPEPAN,SEDESA,,,"19.275806, -99.144298"
2020-05-27,HOSPITAL DE ESPECIALIDADES 01 CMN SIGLO XXI (CDMX SUR),IMSS,Buena,Media,"19.466549, -99.145102"
2020-05-27,HOSPITAL DE PEDIATRIA 01 CMN SIGLO XXI (CDMX SUR),IMSS,Buena,Buena,"19.407458, -99.152267"
2020-05-27,HOSPITAL GENERAL DE ZONA 01 CARLOS MC GREGOR (CDMX SUR),IMSS,Critica,Buena,"19.395912, -99.161610"
2020-05-27,HOSPITAL GENERAL DE ZONA 1A PARQUE DE LOS VENADOS (CDMX SUR),IMSS,Critica,Media,"19.374431, -99.151203"
2020-05-27,HOSPITAL DE INFECTOLOGIA 01 LA RAZA (CDMX NORTE),IMSS,Media,Media,"19.464865, -99.144859"
2020-05-27,HOSPITAL GENERAL 01 (CDMX NORTE) LA RAZA,IMSS,Critica,Media,"19.395740, -99.161677"
2020-05-27,HOSPITAL GENERAL DE ZONA 24 (CDMX NORTE),IMSS,Media,Media,"19.483221, -99.128448"
2020-05-27,HOSPITAL GENERAL DE ZONA 27 (CDMX NORTE),IMSS,Media,Buena,"19.454776, -99.140007"
2020-05-27,HOSPITAL GENERAL DE ZONA 2A (CDMX SUR),IMSS,Critica,Buena,"19.405495, -99.112200"
2020-05-27,HOSPITAL GENERAL DE ZONA 30 (CDMX SUR),IMSS,Media,Media,"19.398836, -99.116913"
2020-05-27,HOSPITAL GENERAL DE ZONA 32 (CDMX SUR),IMSS,Media,Media,"19.307964, -99.130677"
2020-05-27,HOSPITAL GENERAL DE ZONA C/MF 08 (CDMX SUR),IMSS,Critica,Buena,"19.337137, -99.200142"
2020-05-27,HOSPITAL GENERAL DE ZONA C/UMAA 48 (CDMX NORTE),IMSS,Buena,Media,"19.482375, -99.213046"
2020-05-27,HOSPITAL GENERAL 02 (CDMX SUR) VILLA COAPA (COY.),IMSS,Media,Media,"19.309194, -99.129593"
2020-05-27,HOSPITAL DE ESPECIALIDADES 01 (CDMX NORTE) LA RAZA (AZC),IMSS,Media,Media,"19.467169, -99.143785"
2020-05-27,HOSPITAL GENERAL DE ZONA C/MF 29 (S. JUAN ARAGÓN),IMSS,Media,Buena,"19.465117, -99.085162"
2020-05-27,HOSPITAL GENERAL DE ZONA 47 (CDMX SUR) (IZP),IMSS,Critica,Media,"19.357566, -99.054269"
2020-05-27,UNIDAD MÓVIL TEMPORAL COVID,IMSS,Critica,Buena,"19.403082, -99.089177"
2020-05-27,HOSPITAL GENERAL REGIONAL 72,IMSS,Media,Media,"19.542797, -99.205022"
2020-05-27,HOSPITAL GENERAL REGIONAL 196,IMSS,Critica,Media,"19.529016, -99.030983"
2020-05-27,HOSPITAL GENERAL REGIONAL 200,IMSS,Media,Media,"19.742905, -98.972971"
2020-05-27,HOSPITAL GENERAL DE ZONA 53,IMSS,Media,Buena,"19.356913, -98.990929"
2020-05-27,HOSPITAL GENERAL DE ZONA 197,IMSS,Media,Buena,"19.515133, -98.891450"
2020-05-27,HOSPITAL GENERAL DE ZONA 194,IMSS,Critica,Buena,"19.470300, -99.234208"
2020-05-27,HOSPITAL GENERAL DE ZONA 57 (LA QUEBRADA),IMSS,Critica,Critica,"19.597387, -99.188426"
2020-05-27,HOSPITAL GENERAL DE ZONA 58 (LAS MARGARITAS),IMSS,Critica,Critica,"19.530797, -99.222446"
2020-05-27,HOSPITAL GENERAL DE ZONA 68 (TULPETLAC),IMSS,Media,Critica,"19.570070, -99.044009"
2020-05-27,HOSPITAL GENERAL DE ZONA 71 (CHALCO),IMSS,Media,Buena,"19.259803, -98.893368"
2020-05-27,HOSPITAL GENERAL DE ZONA 76 (XALOSTOC),IMSS,Media,Buena,"19.526677, -99.082058"
2020-05-27,HOSPITAL GENERAL DE ZONA 98 (COACALCO),IMSS,Critica,Critica,"19.638165, -99.098892"
2020-05-27,CENTRO MEDICO 20 DE NOVIEMBRE,ISSSTE,Critica,Critica,"19.372720, -99.171205"
2020-05-27,HG DARIO FERNANDEZ FIERRO,ISSSTE,Media,Media,"19.363602, -99.188608"
2020-05-27,HG JOSE MARIA MORELOS,ISSSTE,Media,Media,"19.363918, -98.995393"
2020-05-27,HG TACUBA,ISSSTE,Critica,Media,"19.454384, -99.191231"
2020-05-27,HG DR FERNANDO QUIROZ,ISSSTE,Media,Buena,"19.394242, -99.194187"
2020-05-27,HG IGNACIO ZARAGOZA,ISSSTE,Critica,Critica,"19.389472, -99.045019"
2020-05-27,HR PRIMERO DE OCTUBRE,ISSSTE,Critica,Media,"19.486751, -99.133249"
2020-05-27,HR LIC. ADOLFO LÓPEZ MATEOS,ISSSTE,Media,Buena,"19.358451, -99.172716"
2020-05-27,HR BICENTENARIO DE LA INDEPENDENCIA,ISSSTE,Critica,Critica,"19.628814, -99.163343"
2020-05-27,ALTA ESPECIALIDAD DE ZUMPANGO,EDOMEX,Critica,Critica,"19.815198, -99.089196"
2020-05-27,HOSPITAL REGIONAL TLALNEPANTLA ISSEMYM,EDOMEX,Media,Media,"19.521706, -99.187341"
2020-05-27,"HOSPITAL GENERAL ECATEPEC ""LAS AMÉRICAS""",EDOMEX,Buena,Media,"19.594136, -99.018679"
2020-05-27,"HOSPITAL GENERAL DE NAUCALPAN ""DR. MAXIMILIANO RUIZ CASTAÑEDA"" ",EDOMEX,Media,Buena,"19.468662, -99.234348"
2020-05-27,"HOSPITAL GENERAL ATIZAPAN DE ZARAGOZA ""DR. SALVADOR GONZALEZ HERREJÓN""",EDOMEX,Buena,Media,"19.546322, -99.237491"
2020-05-27,"HOSPITAL GENERAL CUAUTITLAN ""GRAL. JOSE VICENTE VILLADA""",EDOMEX,Media,Buena,"19.664586, -99.178557"
2020-05-27,"HOSPITAL GENERAL DE NEZAHUALCOYOTL ""GUSTAVO BAZ PRADA""",EDOMEX,Media,Media,"19.422253, -99.014892"
2020-05-27,"HOSPITAL GENERAL DE ECATEPEC ""JOSÉ MARÍA RODRÍGUEZ""",EDOMEX,Buena,Buena,"19.514412, -99.038087"
2020-05-27,"HOSPITAL GENERAL NEZAHUALCOYOTL ""LA PERLA"" ",EDOMEX,Buena,Media,"19.387963, -98.989442"
2020-05-27,HOSPITAL GENERAL DE CHIMALHUACAN,EDOMEX,Media,Buena,"19.419753, -98.975140"
2020-05-27,"HOSPITAL GENERAL DE IXTAPALUCA ""PEDRO LOPEZ""",EDOMEX,Buena,Buena,"19.318829, -98.855366"
2020-05-27,HOSPITAL GENERAL DE CHALCO ,EDOMEX,Buena,Buena,"19.268265, -98.893965"
2020-05-27,"HOSPITAL GENERAL TEXCOCO ""GUADALUPE VICTORIA"" BICENTENARIO ",EDOMEX,Buena,Media,"19.514309, -98.871750"
2020-05-27,"HOSPITAL GENERAL VALLE DE CHALCO ""DR. FERNANDO QUIROZ GUTIERREZ"" ",EDOMEX,Media,Buena,"19.273775, -98.941609"
2020-05-27,"HOSPITAL GENERAL AMECAMECA ""VALENTIN GOMEZ FARIAS"" ",EDOMEX,Buena,Buena,"19.144883, -98.785072"
2020-05-27,HOSPITAL GENERAL DE AXAPUSCO,EDOMEX,Media,Media,"19.732872, -98.769445"
2020-05-28,INSTITUTO NACIONAL DE NUTRICIÓN,SSA,Crítica,Crítica,"19.289599, -99.155441"
2020-05-28,INER,SSA,Buena,Media,"19.291375, -99.158653"
2020-05-28,HOSPITAL GENERAL DE MÉXICO,SSA,Media,Media,"19.4129258, -99.1520225"
2020-05-28,HOSPITAL JUAREZ,SSA,Crítica,Media,"19.481829, -99.135576"
2020-05-28,HOSPITAL GENERAL DR. MANUEL GEA GONZÁLEZ,SSA,Crítica,Media,"19.290295, -99.160861"
2020-05-28,HOSPITAL INFANTIL DE MÉXICO FEDERICO GÓMEZ,SSA,Buena,Buena,"19.410839, -99.151941"
2020-05-28,INSTITUTO  NACIONAL DE CARDIOLOGÍA IGNACIO CHÁVEZ,SSA,Media,Media,"19.290598, -99.153838"
2020-05-28,CITIBANAMEX,SSA,Buena,Crítica,"19.439732, -99.224235"
2020-05-28,HOSPITAL REGIONAL DE ALTA ESPECIALIDAD DE IXTAPALUCA,SSA,Media,Media,"19.318796, -98.855353"
2020-05-28,BELISARIO DOMINGUEZ,SEDESA,Crítica,Buena,"19.307226, -99.065356"
2020-05-28,ENRIQUE CABRERA,SEDESA,Media,Buena,"19.361675, -99.224432"
2020-05-28,GENERAL TLAHUAC,SEDESA,Buena,Buena,"19.287492, -99.052665"
2020-05-28,PEDIATRICO DE LA VILLA,SEDESA,Buena,Buena,"19.487355, -99.114316"
2020-05-28,HOSPITAL GENERAL AJUSCO MEDIO,SEDESA,Buena,Media,"19.272165, -99.207846"
2020-05-28,HOSPITAL GENERAL IZTAPALAPA,SEDESA,Media,Buena,"19.343426, -99.027236"
2020-05-28,HOSPITAL GENERAL XOCO,SEDESA,Crítica,Buena,"19.360313, -99.162275"
2020-05-28,HOSPITAL GENERAL VILLA,SEDESA,Media,Buena,"19.480079, -99.103353"
2020-05-28,HOSPITAL GENERAL DR. RUBÉN LEÑERO,SEDESA,Crítica,Buena,"19.451398, -99.169565"
2020-05-28,HOSPITAL GENERAL MILPA ALTA,SEDESA,Crítica,Media,"19.200951, -99.011210"
2020-05-28,HOSPITAL GENERAL BALBUENA,SEDESA,Media,Buena,"19.424195, -99.115412"
2020-05-28,HOSPITAL TEPEPAN,SEDESA,,,"19.275806, -99.144298"
2020-05-28,HOSPITAL DE ESPECIALIDADES 01 CMN SIGLO XXI (CDMX SUR),IMSS,Buena,Media,"19.466549, -99.145102"
2020-05-28,HOSPITAL DE PEDIATRIA 01 CMN SIGLO XXI (CDMX SUR),IMSS,Buena,Buena,"19.407458, -99.152267"
2020-05-28,HOSPITAL GENERAL DE ZONA 01 CARLOS MC GREGOR (CDMX SUR),IMSS,Crítica,Media,"19.395912, -99.161610"
2020-05-28,HOSPITAL GENERAL DE ZONA 1A PARQUE DE LOS VENADOS (CDMX SUR),IMSS,Crítica,Media,"19.374431, -99.151203"
2020-05-28,HOSPITAL DE INFECTOLOGIA 01 LA RAZA (CDMX NORTE),IMSS,Media,Media,"19.464865, -99.144859"
2020-05-28,HOSPITAL GENERAL 01 (CDMX NORTE) LA RAZA,IMSS,Crítica,Media,"19.395740, -99.161677"
2020-05-28,HOSPITAL GENERAL DE ZONA 24 (CDMX NORTE),IMSS,Media,Crítica,"19.483221, -99.128448"
2020-05-28,HOSPITAL GENERAL DE ZONA 27 (CDMX NORTE),IMSS,Media,Buena,"19.454776, -99.140007"
2020-05-28,HOSPITAL GENERAL DE ZONA 2A (CDMX SUR),IMSS,Crítica,Buena,"19.405495, -99.112200"
2020-05-28,HOSPITAL GENERAL DE ZONA 30 (CDMX SUR),IMSS,Media,Buena,"19.398836, -99.116913"
2020-05-28,HOSPITAL GENERAL DE ZONA 32 (CDMX SUR),IMSS,Media,Crítica,"19.307964, -99.130677"
2020-05-28,HOSPITAL GENERAL DE ZONA C/MF 08 (CDMX SUR),IMSS,Crítica,Media,"19.337137, -99.200142"
2020-05-28,HOSPITAL GENERAL DE ZONA C/UMAA 48 (CDMX NORTE),IMSS,Buena,Crítica,"19.482375, -99.213046"
2020-05-28,HOSPITAL GENERAL 02 (CDMX SUR) VILLA COAPA (COY.),IMSS,Media,Media,"19.309194, -99.129593"
2020-05-28,HOSPITAL DE ESPECIALIDADES 01 (CDMX NORTE) LA RAZA (AZC),IMSS,Media,Media,"19.467169, -99.143785"
2020-05-28,HOSPITAL GENERAL DE ZONA C/MF 29 (S. JUAN ARAGÓN),IMSS,Media,Buena,"19.465117, -99.085162"
2020-05-28,HOSPITAL GENERAL DE ZONA 47 (CDMX SUR) (IZP),IMSS,Crítica,Media,"19.357566, -99.054269"
2020-05-28,UNIDAD MÓVIL TEMPORAL COVID,IMSS,Crítica,Buena,"19.403082, -99.089177"
2020-05-28,HOSPITAL GENERAL REGIONAL 72,IMSS,Media,Media,"19.542797, -99.205022"
2020-05-28,HOSPITAL GENERAL REGIONAL 196,IMSS,Crítica,Media,"19.529016, -99.030983"
2020-05-28,HOSPITAL GENERAL REGIONAL 200,IMSS,Media,Media,"19.742905, -98.972971"
2020-05-28,HOSPITAL GENERAL DE ZONA 53,IMSS,Crítica,Media,"19.356913, -98.990929"
2020-05-28,HOSPITAL GENERAL DE ZONA 197,IMSS,Media,Buena,"19.515133, -98.891450"
2020-05-28,HOSPITAL GENERAL DE ZONA 194,IMSS,Crítica,Buena,"19.470300, -99.234208"
2020-05-28,HOSPITAL GENERAL DE ZONA 57 (LA QUEBRADA),IMSS,Crítica,Crítica,"19.597387, -99.188426"
2020-05-28,HOSPITAL GENERAL DE ZONA 58 (LAS MARGARITAS),IMSS,Media,Crítica,"19.530797, -99.222446"
2020-05-28,HOSPITAL GENERAL DE ZONA 68 (TULPETLAC),IMSS,Media,Media,"19.570070, -99.044009"
2020-05-28,HOSPITAL GENERAL DE ZONA 71 (CHALCO),IMSS,Crítica,Buena,"19.259803, -98.893368"
2020-05-28,HOSPITAL GENERAL DE ZONA 76 (XALOSTOC),IMSS,Media,Buena,"19.526677, -99.082058"
2020-05-28,HOSPITAL GENERAL DE ZONA 98 (COACALCO),IMSS,Crítica,Crítica,"19.638165, -99.098892"
2020-05-28,CENTRO MEDICO 20 DE NOVIEMBRE,ISSSTE,Crítica,Crítica,"19.372720, -99.171205"
2020-05-28,HG DARIO FERNANDEZ FIERRO,ISSSTE,Media,Media,"19.363602, -99.188608"
2020-05-28,HG JOSE MARIA MORELOS,ISSSTE,Media,Media,"19.363918, -98.995393"
2020-05-28,HG TACUBA,ISSSTE,Crítica,Buena,"19.454384, -99.191231"
2020-05-28,HG DR FERNANDO QUIROZ,ISSSTE,Media,Buena,"19.394242, -99.194187"
2020-05-28,HG IGNACIO ZARAGOZA,ISSSTE,Crítica,Crítica,"19.389472, -99.045019"
2020-05-28,HR PRIMERO DE OCTUBRE,ISSSTE,Crítica,Crítica,"19.486751, -99.133249"
2020-05-28,HR LIC. ADOLFO LÓPEZ MATEOS,ISSSTE,Media,Buena,"19.358451, -99.172716"
2020-05-28,HR BICENTENARIO DE LA INDEPENDENCIA,ISSSTE,Crítica,Media,"19.628814, -99.163343"
2020-05-28,ALTA ESPECIALIDAD DE ZUMPANGO,EDOMEX,Crítica,Crítica,"19.815198, -99.089196"
2020-05-28,HOSPITAL REGIONAL TLALNEPANTLA ISSEMYM,EDOMEX,Media,Buena,"19.521706, -99.187341"
2020-05-28,"HOSPITAL GENERAL ECATEPEC ""LAS AMÉRICAS""",EDOMEX,Buena,Media,"19.594136, -99.018679"
2020-05-28,"HOSPITAL GENERAL DE NAUCALPAN ""DR. MAXIMILIANO RUIZ CASTAÑEDA"" ",EDOMEX,Media,Buena,"19.468662, -99.234348"
2020-05-28,"HOSPITAL GENERAL ATIZAPAN DE ZARAGOZA ""DR. SALVADOR GONZALEZ HERREJÓN""",EDOMEX,Buena,Media,"19.546322, -99.237491"
2020-05-28,"HOSPITAL GENERAL CUAUTITLAN ""GRAL. JOSE VICENTE VILLADA""",EDOMEX,Media,Buena,"19.664586, -99.178557"
2020-05-28,"HOSPITAL GENERAL DE NEZAHUALCOYOTL ""GUSTAVO BAZ PRADA""",EDOMEX,Media,Media,"19.422253, -99.014892"
2020-05-28,"HOSPITAL GENERAL DE ECATEPEC ""JOSÉ MARÍA RODRÍGUEZ""",EDOMEX,Buena,Buena,"19.514412, -99.038087"
2020-05-28,"HOSPITAL GENERAL NEZAHUALCOYOTL ""LA PERLA"" ",EDOMEX,Buena,Media,"19.387963, -98.989442"
2020-05-28,HOSPITAL GENERAL DE CHIMALHUACAN,EDOMEX,Media,Buena,"19.419753, -98.975140"
2020-05-28,"HOSPITAL GENERAL DE IXTAPALUCA ""PEDRO LOPEZ""",EDOMEX,Buena,Buena,"19.318829, -98.855366"
2020-05-28,HOSPITAL GENERAL DE CHALCO ,EDOMEX,Buena,Buena,"19.268265, -98.893965"
2020-05-28,"HOSPITAL GENERAL TEXCOCO ""GUADALUPE VICTORIA"" BICENTENARIO ",EDOMEX,Buena,Media,"19.514309, -98.871750"
2020-05-28,"HOSPITAL GENERAL VALLE DE CHALCO ""DR. FERNANDO QUIROZ GUTIERREZ"" ",EDOMEX,Media,Buena,"19.273775, -98.941609"
2020-05-28,"HOSPITAL GENERAL AMECAMECA ""VALENTIN GOMEZ FARIAS"" ",EDOMEX,Buena,Buena,"19.144883, -98.785072"
2020-05-28,HOSPITAL GENERAL DE AXAPUSCO,EDOMEX,Crítica,Media,"19.732872, -98.769445"
2020-05-29,INSTITUTO NACIONAL DE NUTRICIÓN,SSA,Crítica,Crítica,"19.289599, -99.155441"
2020-05-29,INER,SSA,Media,Media,"19.291375, -99.158653"
2020-05-29,HOSPITAL GENERAL DE MÉXICO,SSA,Media,Media,"19.4129258, -99.1520225"
2020-05-29,HOSPITAL JUAREZ,SSA,Media,Media,"19.481829, -99.135576"
2020-05-29,HOSPITAL GENERAL DR. MANUEL GEA GONZÁLEZ,SSA,Crítica,Media,"19.290295, -99.160861"
2020-05-29,HOSPITAL INFANTIL DE MÉXICO FEDERICO GÓMEZ,SSA,Buena,Buena,"19.410839, -99.151941"
2020-05-29,INSTITUTO  NACIONAL DE CARDIOLOGÍA IGNACIO CHÁVEZ,SSA,Media,Media,"19.290598, -99.153838"
2020-05-29,CITIBANAMEX,SSA,Buena,Crítica,"19.439732, -99.224235"
2020-05-29,HOSPITAL REGIONAL DE ALTA ESPECIALIDAD DE IXTAPALUCA,SSA,Media,Crítica,"19.318796, -98.855353"
2020-05-29,BELISARIO DOMINGUEZ,SEDESA,Crítica,Buena,"19.307226, -99.065356"
2020-05-29,ENRIQUE CABRERA,SEDESA,Media,Buena,"19.361675, -99.224432"
2020-05-29,GENERAL TLAHUAC,SEDESA,Buena,Buena,"19.287492, -99.052665"
2020-05-29,PEDIATRICO DE LA VILLA,SEDESA,Buena,Buena,"19.487355, -99.114316"
2020-05-29,HOSPITAL GENERAL AJUSCO MEDIO,SEDESA,Media,Media,"19.272165, -99.207846"
2020-05-29,HOSPITAL GENERAL IZTAPALAPA,SEDESA,Media,Buena,"19.343426, -99.027236"
2020-05-29,HOSPITAL GENERAL XOCO,SEDESA,Crítica,Buena,"19.360313, -99.162275"
2020-05-29,HOSPITAL GENERAL VILLA,SEDESA,Media,Buena,"19.480079, -99.103353"
2020-05-29,HOSPITAL GENERAL DR. RUBÉN LEÑERO,SEDESA,Crítica,Buena,"19.451398, -99.169565"
2020-05-29,HOSPITAL GENERAL MILPA ALTA,SEDESA,Crítica,Media,"19.200951, -99.011210"
2020-05-29,HOSPITAL GENERAL BALBUENA,SEDESA,Media,Buena,"19.424195, -99.115412"
2020-05-29,HOSPITAL TEPEPAN,SEDESA,,Sin Dato,"19.275806, -99.144298"
2020-05-29,HOSPITAL DE ESPECIALIDADES 01 CMN SIGLO XXI (CDMX SUR),IMSS,Buena,Media,"19.466549, -99.145102"
2020-05-29,HOSPITAL DE PEDIATRIA 01 CMN SIGLO XXI (CDMX SUR),IMSS,Buena,Buena,"19.407458, -99.152267"
2020-05-29,HOSPITAL GENERAL DE ZONA 01 CARLOS MC GREGOR (CDMX SUR),IMSS,Crítica,Media,"19.395912, -99.161610"
2020-05-29,HOSPITAL GENERAL DE ZONA 1A PARQUE DE LOS VENADOS (CDMX SUR),IMSS,Crítica,Media,"19.374431, -99.151203"
2020-05-29,HOSPITAL DE INFECTOLOGIA 01 LA RAZA (CDMX NORTE),IMSS,Media,Media,"19.464865, -99.144859"
2020-05-29,HOSPITAL GENERAL 01 (CDMX NORTE) LA RAZA,IMSS,Crítica,Buena,"19.395740, -99.161677"
2020-05-29,HOSPITAL GENERAL DE ZONA 24 (CDMX NORTE),IMSS,Media,Crítica,"19.483221, -99.128448"
2020-05-29,HOSPITAL GENERAL DE ZONA 27 (CDMX NORTE),IMSS,Media,Buena,"19.454776, -99.140007"
2020-05-29,HOSPITAL GENERAL DE ZONA 2A (CDMX SUR),IMSS,Media,Buena,"19.405495, -99.112200"
2020-05-29,HOSPITAL GENERAL DE ZONA 30 (CDMX SUR),IMSS,Media,Media,"19.398836, -99.116913"
2020-05-29,HOSPITAL GENERAL DE ZONA 32 (CDMX SUR),IMSS,Media,Crítica,"19.307964, -99.130677"
2020-05-29,HOSPITAL GENERAL DE ZONA C/MF 08 (CDMX SUR),IMSS,Crítica,Media,"19.337137, -99.200142"
2020-05-29,HOSPITAL GENERAL DE ZONA C/UMAA 48 (CDMX NORTE),IMSS,Media,Media,"19.482375, -99.213046"
2020-05-29,HOSPITAL GENERAL 02 (CDMX SUR) VILLA COAPA (COY.),IMSS,Media,Media,"19.309194, -99.129593"
2020-05-29,HOSPITAL DE ESPECIALIDADES 01 (CDMX NORTE) LA RAZA (AZC),IMSS,Crítica,Media,"19.467169, -99.143785"
2020-05-29,HOSPITAL GENERAL DE ZONA C/MF 29 (S. JUAN ARAGÓN),IMSS,Media,Buena,"19.465117, -99.085162"
2020-05-29,HOSPITAL GENERAL DE ZONA 47 (CDMX SUR) (IZP),IMSS,Crítica,Buena,"19.357566, -99.054269"
2020-05-29,UNIDAD MÓVIL TEMPORAL COVID,IMSS,Crítica,Buena,"19.403082, -99.089177"
2020-05-29,HOSPITAL GENERAL REGIONAL 72,IMSS,Media,Media,"19.542797, -99.205022"
2020-05-29,HOSPITAL GENERAL REGIONAL 196,IMSS,Crítica,Buena,"19.529016, -99.030983"
2020-05-29,HOSPITAL GENERAL REGIONAL 200,IMSS,Media,Media,"19.742905, -98.972971"
2020-05-29,HOSPITAL GENERAL DE ZONA 53,IMSS,Crítica,Buena,"19.356913, -98.990929"
2020-05-29,HOSPITAL GENERAL DE ZONA 197,IMSS,Media,Buena,"19.515133, -98.891450"
2020-05-29,HOSPITAL GENERAL DE ZONA 194,IMSS,Crítica,Media,"19.470300, -99.234208"
2020-05-29,HOSPITAL GENERAL DE ZONA 57 (LA QUEBRADA),IMSS,Crítica,Crítica,"19.597387, -99.188426"
2020-05-29,HOSPITAL GENERAL DE ZONA 58 (LAS MARGARITAS),IMSS,Media,Crítica,"19.530797, -99.222446"
2020-05-29,HOSPITAL GENERAL DE ZONA 68 (TULPETLAC),IMSS,Media,Media,"19.570070, -99.044009"
2020-05-29,HOSPITAL GENERAL DE ZONA 71 (CHALCO),IMSS,Media,Buena,"19.259803, -98.893368"
2020-05-29,HOSPITAL GENERAL DE ZONA 76 (XALOSTOC),IMSS,Media,Buena,"19.526677, -99.082058"
2020-05-29,HOSPITAL GENERAL DE ZONA 98 (COACALCO),IMSS,Crítica,Crítica,"19.638165, -99.098892"
2020-05-29,CENTRO MEDICO 20 DE NOVIEMBRE,ISSSTE,Crítica,Crítica,"19.372720, -99.171205"
2020-05-29,HG DARIO FERNANDEZ FIERRO,ISSSTE,Media,Media,"19.363602, -99.188608"
2020-05-29,HG JOSE MARIA MORELOS,ISSSTE,Media,Crítica,"19.363918, -98.995393"
2020-05-29,HG TACUBA,ISSSTE,Crítica,Buena,"19.454384, -99.191231"
2020-05-29,HG DR FERNANDO QUIROZ,ISSSTE,Media,Buena,"19.394242, -99.194187"
2020-05-29,HG IGNACIO ZARAGOZA,ISSSTE,Crítica,Crítica,"19.389472, -99.045019"
2020-05-29,HR PRIMERO DE OCTUBRE,ISSSTE,Media,Media,"19.486751, -99.133249"
2020-05-29,HR LIC. ADOLFO LÓPEZ MATEOS,ISSSTE,Media,Buena,"19.358451, -99.172716"
2020-05-29,HR BICENTENARIO DE LA INDEPENDENCIA,ISSSTE,Crítica,Media,"19.628814, -99.163343"
2020-05-29,ALTA ESPECIALIDAD DE ZUMPANGO,EDOMEX,Crítica,Crítica,"19.815198, -99.089196"
2020-05-29,HOSPITAL REGIONAL TLALNEPANTLA ISSEMYM,EDOMEX,Media,Buena,"19.521706, -99.187341"
2020-05-29,"HOSPITAL GENERAL ECATEPEC ""LAS AMÉRICAS""",EDOMEX,Media,Media,"19.594136, -99.018679"
2020-05-29,"HOSPITAL GENERAL DE NAUCALPAN ""DR. MAXIMILIANO RUIZ CASTAÑEDA"" ",EDOMEX,Media,Buena,"19.468662, -99.234348"
2020-05-29,"HOSPITAL GENERAL ATIZAPAN DE ZARAGOZA ""DR. SALVADOR GONZALEZ HERREJÓN""",EDOMEX,Buena,Media,"19.546322, -99.237491"
2020-05-29,"HOSPITAL GENERAL CUAUTITLAN ""GRAL. JOSE VICENTE VILLADA""",EDOMEX,Media,Buena,"19.664586, -99.178557"
2020-05-29,"HOSPITAL GENERAL DE NEZAHUALCOYOTL ""GUSTAVO BAZ PRADA""",EDOMEX,Media,Buena,"19.422253, -99.014892"
2020-05-29,"HOSPITAL GENERAL DE ECATEPEC ""JOSÉ MARÍA RODRÍGUEZ""",EDOMEX,Buena,Media,"19.514412, -99.038087"
2020-05-29,"HOSPITAL GENERAL NEZAHUALCOYOTL ""LA PERLA"" ",EDOMEX,Buena,Media,"19.387963, -98.989442"
2020-05-29,HOSPITAL GENERAL DE CHIMALHUACAN,EDOMEX,Media,Buena,"19.419753, -98.975140"
2020-05-29,"HOSPITAL GENERAL DE IXTAPALUCA ""PEDRO LOPEZ""",EDOMEX,Buena,Buena,"19.318829, -98.855366"
2020-05-29,HOSPITAL GENERAL DE CHALCO ,EDOMEX,Buena,Buena,"19.268265, -98.893965"
2020-05-29,"HOSPITAL GENERAL TEXCOCO ""GUADALUPE VICTORIA"" BICENTENARIO ",EDOMEX,Buena,Media,"19.514309, -98.871750"
2020-05-29,"HOSPITAL GENERAL VALLE DE CHALCO ""DR. FERNANDO QUIROZ GUTIERREZ"" ",EDOMEX,Buena,Buena,"19.273775, -98.941609"
2020-05-29,"HOSPITAL GENERAL AMECAMECA ""VALENTIN GOMEZ FARIAS"" ",EDOMEX,Buena,Buena,"19.144883, -98.785072"
2020-05-29,HOSPITAL GENERAL DE AXAPUSCO,EDOMEX,Crítica,Media,"19.732872, -98.769445"
2020-05-30,INSTITUTO NACIONAL DE NUTRICIÓN,SSA,Crítica,Crítica,"19.289599, -99.155441"
2020-05-30,INER,SSA,Media,Media,"19.291375, -99.158653"
2020-05-30,HOSPITAL GENERAL DE MÉXICO,SSA,Media,Media,"19.4129258, -99.1520225"
2020-05-30,HOSPITAL JUAREZ,SSA,Media,Media,"19.481829, -99.135576"
2020-05-30,HOSPITAL GENERAL DR. MANUEL GEA GONZÁLEZ,SSA,Crítica,Media,"19.290295, -99.160861"
2020-05-30,HOSPITAL INFANTIL DE MÉXICO FEDERICO GÓMEZ,SSA,Buena,Buena,"19.410839, -99.151941"
2020-05-30,INSTITUTO  NACIONAL DE CARDIOLOGÍA IGNACIO CHÁVEZ,SSA,Media,Media,"19.290598, -99.153838"
2020-05-30,CITIBANAMEX,SSA,Sin Dato,Crítica,"19.439732, -99.224235"
2020-05-30,HOSPITAL REGIONAL DE ALTA ESPECIALIDAD DE IXTAPALUCA,SSA,Media,Media,"19.318796, -98.855353"
2020-05-30,BELISARIO DOMINGUEZ,SEDESA,Crítica,Buena,"19.307226, -99.065356"
2020-05-30,ENRIQUE CABRERA,SEDESA,Media,Buena,"19.361675, -99.224432"
2020-05-30,GENERAL TLAHUAC,SEDESA,Media,Buena,"19.287492, -99.052665"
2020-05-30,PEDIATRICO DE LA VILLA,SEDESA,Buena,Buena,"19.487355, -99.114316"
2020-05-30,HOSPITAL GENERAL AJUSCO MEDIO,SEDESA,Media,Media,"19.272165, -99.207846"
2020-05-30,HOSPITAL GENERAL IZTAPALAPA,SEDESA,Media,Buena,"19.343426, -99.027236"
2020-05-30,HOSPITAL GENERAL XOCO,SEDESA,Crítica,Buena,"19.360313, -99.162275"
2020-05-30,HOSPITAL GENERAL VILLA,SEDESA,Media,Buena,"19.480079, -99.103353"
2020-05-30,HOSPITAL GENERAL DR. RUBÉN LEÑERO,SEDESA,Crítica,Buena,"19.451398, -99.169565"
2020-05-30,HOSPITAL GENERAL MILPA ALTA,SEDESA,Crítica,Media,"19.200951, -99.011210"
2020-05-30,HOSPITAL GENERAL BALBUENA,SEDESA,Buena,Buena,"19.424195, -99.115412"
2020-05-30,HOSPITAL TEPEPAN,SEDESA,Sin Dato,Sin Dato,"19.275806, -99.144298"
2020-05-30,HOSPITAL DE ESPECIALIDADES 01 CMN SIGLO XXI (CDMX SUR),IMSS,Buena,Media,"19.466549, -99.145102"
2020-05-30,HOSPITAL DE PEDIATRIA 01 CMN SIGLO XXI (CDMX SUR),IMSS,Buena,Buena,"19.407458, -99.152267"
2020-05-30,HOSPITAL GENERAL DE ZONA 01 CARLOS MC GREGOR (CDMX SUR),IMSS,Crítica,Media,"19.395912, -99.161610"
2020-05-30,HOSPITAL GENERAL DE ZONA 1A PARQUE DE LOS VENADOS (CDMX SUR),IMSS,Media,Media,"19.374431, -99.151203"
2020-05-30,HOSPITAL DE INFECTOLOGIA 01 LA RAZA (CDMX NORTE),IMSS,Media,Media,"19.464865, -99.144859"
2020-05-30,HOSPITAL GENERAL 01 (CDMX NORTE) LA RAZA,IMSS,Crítica,Buena,"19.395740, -99.161677"
2020-05-30,HOSPITAL GENERAL DE ZONA 24 (CDMX NORTE),IMSS,Media,Crítica,"19.483221, -99.128448"
2020-05-30,HOSPITAL GENERAL DE ZONA 27 (CDMX NORTE),IMSS,Media,Buena,"19.454776, -99.140007"
2020-05-30,HOSPITAL GENERAL DE ZONA 2A (CDMX SUR),IMSS,Media,Buena,"19.405495, -99.112200"
2020-05-30,HOSPITAL GENERAL DE ZONA 30 (CDMX SUR),IMSS,Media,Media,"19.398836, -99.116913"
2020-05-30,HOSPITAL GENERAL DE ZONA 32 (CDMX SUR),IMSS,Media,Crítica,"19.307964, -99.130677"
2020-05-30,HOSPITAL GENERAL DE ZONA C/MF 08 (CDMX SUR),IMSS,Crítica,Media,"19.337137, -99.200142"
2020-05-30,HOSPITAL GENERAL DE ZONA C/UMAA 48 (CDMX NORTE),IMSS,Media,Media,"19.482375, -99.213046"
2020-05-30,HOSPITAL GENERAL 02 (CDMX SUR) VILLA COAPA (COY.),IMSS,Media,Crítica,"19.309194, -99.129593"
2020-05-30,HOSPITAL DE ESPECIALIDADES 01 (CDMX NORTE) LA RAZA (AZC),IMSS,Crítica,Media,"19.467169, -99.143785"
2020-05-30,HOSPITAL GENERAL DE ZONA C/MF 29 (S. JUAN ARAGÓN),IMSS,Media,Buena,"19.465117, -99.085162"
2020-05-30,HOSPITAL GENERAL DE ZONA 47 (CDMX SUR) (IZP),IMSS,Media,Buena,"19.357566, -99.054269"
2020-05-30,UNIDAD MÓVIL TEMPORAL COVID,IMSS,Crítica,Buena,"19.403082, -99.089177"
2020-05-30,HOSPITAL GENERAL REGIONAL 72,IMSS,Media,Media,"19.542797, -99.205022"
2020-05-30,HOSPITAL GENERAL REGIONAL 196,IMSS,Crítica,Buena,"19.529016, -99.030983"
2020-05-30,HOSPITAL GENERAL REGIONAL 200,IMSS,Media,Media,"19.742905, -98.972971"
2020-05-30,HOSPITAL GENERAL DE ZONA 53,IMSS,Media,Media,"19.356913, -98.990929"
2020-05-30,HOSPITAL GENERAL DE ZONA 197,IMSS,Media,Buena,"19.515133, -98.891450"
2020-05-30,HOSPITAL GENERAL DE ZONA 194,IMSS,Crítica,Media,"19.470300, -99.234208"
2020-05-30,HOSPITAL GENERAL DE ZONA 57 (LA QUEBRADA),IMSS,Crítica,Crítica,"19.597387, -99.188426"
2020-05-30,HOSPITAL GENERAL DE ZONA 58 (LAS MARGARITAS),IMSS,Media,Crítica,"19.530797, -99.222446"
2020-05-30,HOSPITAL GENERAL DE ZONA 68 (TULPETLAC),IMSS,Media,Media,"19.570070, -99.044009"
2020-05-30,HOSPITAL GENERAL DE ZONA 71 (CHALCO),IMSS,Media,Buena,"19.259803, -98.893368"
2020-05-30,HOSPITAL GENERAL DE ZONA 76 (XALOSTOC),IMSS,Media,Buena,"19.526677, -99.082058"
2020-05-30,HOSPITAL GENERAL DE ZONA 98 (COACALCO),IMSS,Crítica,Media,"19.638165, -99.098892"
2020-05-30,CENTRO MEDICO 20 DE NOVIEMBRE,ISSSTE,Crítica,Crítica,"19.372720, -99.171205"
2020-05-30,HG DARIO FERNANDEZ FIERRO,ISSSTE,Media,Media,"19.363602, -99.188608"
2020-05-30,HG JOSE MARIA MORELOS,ISSSTE,Media,Media,"19.363918, -98.995393"
2020-05-30,HG TACUBA,ISSSTE,Crítica,Buena,"19.454384, -99.191231"
2020-05-30,HG DR FERNANDO QUIROZ,ISSSTE,Media,Media,"19.394242, -99.194187"
2020-05-30,HG IGNACIO ZARAGOZA,ISSSTE,Crítica,Crítica,"19.389472, -99.045019"
2020-05-30,HR PRIMERO DE OCTUBRE,ISSSTE,Crítica,Media,"19.486751, -99.133249"
2020-05-30,HR LIC. ADOLFO LÓPEZ MATEOS,ISSSTE,Media,Buena,"19.358451, -99.172716"
2020-05-30,HR BICENTENARIO DE LA INDEPENDENCIA,ISSSTE,Crítica,Crítica,"19.628814, -99.163343"
2020-05-30,ALTA ESPECIALIDAD DE ZUMPANGO,EDOMEX,Crítica,Crítica,"19.815198, -99.089196"
2020-05-30,HOSPITAL REGIONAL TLALNEPANTLA ISSEMYM,EDOMEX,Media,Buena,"19.521706, -99.187341"
2020-05-30,"HOSPITAL GENERAL ECATEPEC ""LAS AMÉRICAS""",EDOMEX,Media,Media,"19.594136, -99.018679"
2020-05-30,"HOSPITAL GENERAL DE NAUCALPAN ""DR. MAXIMILIANO RUIZ CASTAÑEDA"" ",EDOMEX,Media,Buena,"19.468662, -99.234348"
2020-05-30,"HOSPITAL GENERAL ATIZAPAN DE ZARAGOZA ""DR. SALVADOR GONZALEZ HERREJÓN""",EDOMEX,Buena,Media,"19.546322, -99.237491"
2020-05-30,"HOSPITAL GENERAL CUAUTITLAN ""GRAL. JOSE VICENTE VILLADA""",EDOMEX,Media,Buena,"19.664586, -99.178557"
2020-05-30,"HOSPITAL GENERAL DE NEZAHUALCOYOTL ""GUSTAVO BAZ PRADA""",EDOMEX,Media,Media,"19.422253, -99.014892"
2020-05-30,"HOSPITAL GENERAL DE ECATEPEC ""JOSÉ MARÍA RODRÍGUEZ""",EDOMEX,Buena,Media,"19.514412, -99.038087"
2020-05-30,"HOSPITAL GENERAL NEZAHUALCOYOTL ""LA PERLA"" ",EDOMEX,Buena,Media,"19.387963, -98.989442"
2020-05-30,HOSPITAL GENERAL DE CHIMALHUACAN,EDOMEX,Media,Buena,"19.419753, -98.975140"
2020-05-30,"HOSPITAL GENERAL DE IXTAPALUCA ""PEDRO LOPEZ""",EDOMEX,Buena,Buena,"19.318829, -98.855366"
2020-05-30,HOSPITAL GENERAL DE CHALCO ,EDOMEX,Media,Buena,"19.268265, -98.893965"
2020-05-30,"HOSPITAL GENERAL TEXCOCO ""GUADALUPE VICTORIA"" BICENTENARIO ",EDOMEX,Buena,Media,"19.514309, -98.871750"
2020-05-30,"HOSPITAL GENERAL VALLE DE CHALCO ""DR. FERNANDO QUIROZ GUTIERREZ"" ",EDOMEX,Buena,Buena,"19.273775, -98.941609"
2020-05-30,"HOSPITAL GENERAL AMECAMECA ""VALENTIN GOMEZ FARIAS"" ",EDOMEX,Buena,Buena,"19.144883, -98.785072"
2020-05-30,HOSPITAL GENERAL DE AXAPUSCO,EDOMEX,Media,Media,"19.732872, -98.769445"
2020-05-31,INSTITUTO NACIONAL DE NUTRICIÓN,SSA,Crítica,Crítica,"19.289599, -99.155441"
2020-05-31,INER,SSA,Media,Media,"19.291375, -99.158653"
2020-05-31,HOSPITAL GENERAL DE MÉXICO,SSA,Media,Media,"19.4129258, -99.1520225"
2020-05-31,HOSPITAL JUAREZ,SSA,Media,Media,"19.481829, -99.135576"
2020-05-31,HOSPITAL GENERAL DR. MANUEL GEA GONZÁLEZ,SSA,Crítica,Media,"19.290295, -99.160861"
2020-05-31,HOSPITAL INFANTIL DE MÉXICO FEDERICO GÓMEZ,SSA,Buena,Buena,"19.410839, -99.151941"
2020-05-31,INSTITUTO  NACIONAL DE CARDIOLOGÍA IGNACIO CHÁVEZ,SSA,Crítica,Media,"19.290598, -99.153838"
2020-05-31,CITIBANAMEX,SSA,Buena,Crítica,"19.439732, -99.224235"
2020-05-31,HOSPITAL REGIONAL DE ALTA ESPECIALIDAD DE IXTAPALUCA,SSA,Media,Media,"19.318796, -98.855353"
2020-05-31,BELISARIO DOMINGUEZ,SEDESA,Crítica,Buena,"19.307226, -99.065356"
2020-05-31,ENRIQUE CABRERA,SEDESA,Media,Buena,"19.361675, -99.224432"
2020-05-31,GENERAL TLAHUAC,SEDESA,Buena,Buena,"19.287492, -99.052665"
2020-05-31,PEDIATRICO DE LA VILLA,SEDESA,Buena,Buena,"19.487355, -99.114316"
2020-05-31,HOSPITAL GENERAL AJUSCO MEDIO,SEDESA,Media,Media,"19.272165, -99.207846"
2020-05-31,HOSPITAL GENERAL IZTAPALAPA,SEDESA,Media,Buena,"19.343426, -99.027236"
2020-05-31,HOSPITAL GENERAL XOCO,SEDESA,Crítica,Buena,"19.360313, -99.162275"
2020-05-31,HOSPITAL GENERAL VILLA,SEDESA,Media,Buena,"19.480079, -99.103353"
2020-05-31,HOSPITAL GENERAL DR. RUBÉN LEÑERO,SEDESA,Crítica,Buena,"19.451398, -99.169565"
2020-05-31,HOSPITAL GENERAL MILPA ALTA,SEDESA,Media,Media,"19.200951, -99.011210"
2020-05-31,HOSPITAL GENERAL BALBUENA,SEDESA,Media,Buena,"19.424195, -99.115412"
2020-05-31,HOSPITAL TEPEPAN,SEDESA,Sin Dato,Sin Dato,"19.275806, -99.144298"
2020-05-31,HOSPITAL DE ESPECIALIDADES 01 CMN SIGLO XXI (CDMX SUR),IMSS,Buena,Media,"19.466549, -99.145102"
2020-05-31,HOSPITAL DE PEDIATRIA 01 CMN SIGLO XXI (CDMX SUR),IMSS,Buena,Buena,"19.407458, -99.152267"
2020-05-31,HOSPITAL GENERAL DE ZONA 01 CARLOS MC GREGOR (CDMX SUR),IMSS,Crítica,Media,"19.395912, -99.161610"
2020-05-31,HOSPITAL GENERAL DE ZONA 1A PARQUE DE LOS VENADOS (CDMX SUR),IMSS,Crítica,Media,"19.374431, -99.151203"
2020-05-31,HOSPITAL DE INFECTOLOGIA 01 LA RAZA (CDMX NORTE),IMSS,Media,Media,"19.464865, -99.144859"
2020-05-31,HOSPITAL GENERAL 01 (CDMX NORTE) LA RAZA,IMSS,Media,Media,"19.395740, -99.161677"
2020-05-31,HOSPITAL GENERAL DE ZONA 24 (CDMX NORTE),IMSS,Media,Media,"19.483221, -99.128448"
2020-05-31,HOSPITAL GENERAL DE ZONA 27 (CDMX NORTE),IMSS,Media,Buena,"19.454776, -99.140007"
2020-05-31,HOSPITAL GENERAL DE ZONA 2A (CDMX SUR),IMSS,Media,Buena,"19.405495, -99.112200"
2020-05-31,HOSPITAL GENERAL DE ZONA 30 (CDMX SUR),IMSS,Media,Media,"19.398836, -99.116913"
2020-05-31,HOSPITAL GENERAL DE ZONA 32 (CDMX SUR),IMSS,Media,Crítica,"19.307964, -99.130677"
2020-05-31,HOSPITAL GENERAL DE ZONA C/MF 08 (CDMX SUR),IMSS,Crítica,Media,"19.337137, -99.200142"
2020-05-31,HOSPITAL GENERAL DE ZONA C/UMAA 48 (CDMX NORTE),IMSS,Media,Media,"19.482375, -99.213046"
2020-05-31,HOSPITAL GENERAL 02 (CDMX SUR) VILLA COAPA (COY.),IMSS,Media,Crítica,"19.309194, -99.129593"
2020-05-31,HOSPITAL DE ESPECIALIDADES 01 (CDMX NORTE) LA RAZA (AZC),IMSS,Media,Media,"19.467169, -99.143785"
2020-05-31,HOSPITAL GENERAL DE ZONA C/MF 29 (S. JUAN ARAGÓN),IMSS,Media,Buena,"19.465117, -99.085162"
2020-05-31,HOSPITAL GENERAL DE ZONA 47 (CDMX SUR) (IZP),IMSS,Media,Media,"19.357566, -99.054269"
2020-05-31,UNIDAD MÓVIL TEMPORAL COVID,IMSS,Crítica,Buena,"19.403082, -99.089177"
2020-05-31,HOSPITAL GENERAL REGIONAL 72,IMSS,Media,Media,"19.542797, -99.205022"
2020-05-31,HOSPITAL GENERAL REGIONAL 196,IMSS,Crítica,Buena,"19.529016, -99.030983"
2020-05-31,HOSPITAL GENERAL REGIONAL 200,IMSS,Media,Media,"19.742905, -98.972971"
2020-05-31,HOSPITAL GENERAL DE ZONA 53,IMSS,Crítica,Media,"19.356913, -98.990929"
2020-05-31,HOSPITAL GENERAL DE ZONA 197,IMSS,Media,Buena,"19.515133, -98.891450"
2020-05-31,HOSPITAL GENERAL DE ZONA 194,IMSS,Media,Media,"19.470300, -99.234208"
2020-05-31,HOSPITAL GENERAL DE ZONA 57 (LA QUEBRADA),IMSS,Crítica,Crítica,"19.597387, -99.188426"
2020-05-31,HOSPITAL GENERAL DE ZONA 58 (LAS MARGARITAS),IMSS,Media,Crítica,"19.530797, -99.222446"
2020-05-31,HOSPITAL GENERAL DE ZONA 68 (TULPETLAC),IMSS,Media,Media,"19.570070, -99.044009"
2020-05-31,HOSPITAL GENERAL DE ZONA 71 (CHALCO),IMSS,Media,Buena,"19.259803, -98.893368"
2020-05-31,HOSPITAL GENERAL DE ZONA 76 (XALOSTOC),IMSS,Media,Buena,"19.526677, -99.082058"
2020-05-31,HOSPITAL GENERAL DE ZONA 98 (COACALCO),IMSS,Crítica,Media,"19.638165, -99.098892"
2020-05-31,CENTRO MEDICO 20 DE NOVIEMBRE,ISSSTE,Media,Crítica,"19.372720, -99.171205"
2020-05-31,HG DARIO FERNANDEZ FIERRO,ISSSTE,Media,Media,"19.363602, -99.188608"
2020-05-31,HG JOSE MARIA MORELOS,ISSSTE,Media,Media,"19.363918, -98.995393"
2020-05-31,HG TACUBA,ISSSTE,Crítica,Buena,"19.454384, -99.191231"
2020-05-31,HG DR FERNANDO QUIROZ,ISSSTE,Media,Media,"19.394242, -99.194187"
2020-05-31,HG IGNACIO ZARAGOZA,ISSSTE,Crítica,Crítica,"19.389472, -99.045019"
2020-05-31,HR PRIMERO DE OCTUBRE,ISSSTE,Crítica,Media,"19.486751, -99.133249"
2020-05-31,HR LIC. ADOLFO LÓPEZ MATEOS,ISSSTE,Media,Buena,"19.358451, -99.172716"
2020-05-31,HR BICENTENARIO DE LA INDEPENDENCIA,ISSSTE,Crítica,Crítica,"19.628814, -99.163343"
2020-05-31,ALTA ESPECIALIDAD DE ZUMPANGO,EDOMEX,Crítica,Crítica,"19.815198, -99.089196"
2020-05-31,HOSPITAL REGIONAL TLALNEPANTLA ISSEMYM,EDOMEX,Media,Media,"19.521706, -99.187341"
2020-05-31,"HOSPITAL GENERAL ECATEPEC ""LAS AMÉRICAS""",EDOMEX,Buena,Buena,"19.594136, -99.018679"
2020-05-31,"HOSPITAL GENERAL DE NAUCALPAN ""DR. MAXIMILIANO RUIZ CASTAÑEDA"" ",EDOMEX,Media,Media,"19.468662, -99.234348"
2020-05-31,"HOSPITAL GENERAL ATIZAPAN DE ZARAGOZA ""DR. SALVADOR GONZALEZ HERREJÓN""",EDOMEX,Buena,Buena,"19.546322, -99.237491"
2020-05-31,"HOSPITAL GENERAL CUAUTITLAN ""GRAL. JOSE VICENTE VILLADA""",EDOMEX,Crítica,Crítica,"19.664586, -99.178557"
2020-05-31,"HOSPITAL GENERAL DE NEZAHUALCOYOTL ""GUSTAVO BAZ PRADA""",EDOMEX,Media,Media,"19.422253, -99.014892"
2020-05-31,"HOSPITAL GENERAL DE ECATEPEC ""JOSÉ MARÍA RODRÍGUEZ""",EDOMEX,Buena,Buena,"19.514412, -99.038087"
2020-05-31,"HOSPITAL GENERAL NEZAHUALCOYOTL ""LA PERLA"" ",EDOMEX,Buena,Buena,"19.387963, -98.989442"
2020-05-31,HOSPITAL GENERAL DE CHIMALHUACAN,EDOMEX,Media,Media,"19.419753, -98.975140"
2020-05-31,"HOSPITAL GENERAL DE IXTAPALUCA ""PEDRO LOPEZ""",EDOMEX,Buena,Buena,"19.318829, -98.855366"
2020-05-31,HOSPITAL GENERAL DE CHALCO ,EDOMEX,Media,Media,"19.268265, -98.893965"
2020-05-31,"HOSPITAL GENERAL TEXCOCO ""GUADALUPE VICTORIA"" BICENTENARIO ",EDOMEX,Buena,Buena,"19.514309, -98.871750"
2020-05-31,"HOSPITAL GENERAL VALLE DE CHALCO ""DR. FERNANDO QUIROZ GUTIERREZ"" ",EDOMEX,Buena,Buena,"19.273775, -98.941609"
2020-05-31,"HOSPITAL GENERAL AMECAMECA ""VALENTIN GOMEZ FARIAS"" ",EDOMEX,Buena,Buena,"19.144883, -98.785072"
2020-05-31,HOSPITAL GENERAL DE AXAPUSCO,EDOMEX,Crítica,Crítica,"19.732872, -98.769445"
2020-06-01,INSTITUTO NACIONAL DE NUTRICIÓN,SSA,Crítica,Crítica,"19.289599, -99.155441"
2020-06-01,INER,SSA,Media,Media,"19.291375, -99.158653"
2020-06-01,HOSPITAL GENERAL DE MÉXICO,SSA,Media,Media,"19.4129258, -99.1520225"
2020-06-01,HOSPITAL JUAREZ,SSA,Crítica,Media,"19.481829, -99.135576"
2020-06-01,HOSPITAL GENERAL DR. MANUEL GEA GONZÁLEZ,SSA,Crítica,Media,"19.290295, -99.160861"
2020-06-01,HOSPITAL INFANTIL DE MÉXICO FEDERICO GÓMEZ,SSA,Buena,Buena,"19.410839, -99.151941"
2020-06-01,INSTITUTO  NACIONAL DE CARDIOLOGÍA IGNACIO CHÁVEZ,SSA,Crítica,Media,"19.290598, -99.153838"
2020-06-01,CITIBANAMEX,SSA,Buena,Crítica,"19.439732, -99.224235"
2020-06-01,HOSPITAL REGIONAL DE ALTA ESPECIALIDAD DE IXTAPALUCA,SSA,Media,Crítica,"19.318796, -98.855353"
2020-06-01,BELISARIO DOMINGUEZ,SEDESA,Crítica,Buena,"19.307226, -99.065356"
2020-06-01,ENRIQUE CABRERA,SEDESA,Media,Buena,"19.361675, -99.224432"
2020-06-01,GENERAL TLAHUAC,SEDESA,Buena,Buena,"19.287492, -99.052665"
2020-06-01,PEDIATRICO DE LA VILLA,SEDESA,Buena,Buena,"19.487355, -99.114316"
2020-06-01,HOSPITAL GENERAL AJUSCO MEDIO,SEDESA,Media,Media,"19.272165, -99.207846"
2020-06-01,HOSPITAL GENERAL IZTAPALAPA,SEDESA,Buena,Buena,"19.343426, -99.027236"
2020-06-01,HOSPITAL GENERAL XOCO,SEDESA,Crítica,Buena,"19.360313, -99.162275"
2020-06-01,HOSPITAL GENERAL VILLA,SEDESA,Media,Buena,"19.480079, -99.103353"
2020-06-01,HOSPITAL GENERAL DR. RUBÉN LEÑERO,SEDESA,Crítica,Buena,"19.451398, -99.169565"
2020-06-01,HOSPITAL GENERAL MILPA ALTA,SEDESA,Media,Media,"19.200951, -99.011210"
2020-06-01,HOSPITAL GENERAL BALBUENA,SEDESA,Media,Buena,"19.424195, -99.115412"
2020-06-01,HOSPITAL TEPEPAN,SEDESA,Sin Dato,Sin Dato,"19.275806, -99.144298"
2020-06-01,HOSPITAL DE ESPECIALIDADES 01 CMN SIGLO XXI (CDMX SUR),IMSS,Buena,Media,"19.466549, -99.145102"
2020-06-01,HOSPITAL DE PEDIATRIA 01 CMN SIGLO XXI (CDMX SUR),IMSS,Buena,Buena,"19.407458, -99.152267"
2020-06-01,HOSPITAL GENERAL DE ZONA 01 CARLOS MC GREGOR (CDMX SUR),IMSS,Crítica,Media,"19.395912, -99.161610"
2020-06-01,HOSPITAL GENERAL DE ZONA 1A PARQUE DE LOS VENADOS (CDMX SUR),IMSS,Media,Media,"19.374431, -99.151203"
2020-06-01,HOSPITAL DE INFECTOLOGIA 01 LA RAZA (CDMX NORTE),IMSS,Media,Media,"19.464865, -99.144859"
2020-06-01,HOSPITAL GENERAL 01 (CDMX NORTE) LA RAZA,IMSS,Media,Media,"19.395740, -99.161677"
2020-06-01,HOSPITAL GENERAL DE ZONA 24 (CDMX NORTE),IMSS,Media,Media,"19.483221, -99.128448"
2020-06-01,HOSPITAL GENERAL DE ZONA 27 (CDMX NORTE),IMSS,Media,Buena,"19.454776, -99.140007"
2020-06-01,HOSPITAL GENERAL DE ZONA 2A (CDMX SUR),IMSS,Media,Buena,"19.405495, -99.112200"
2020-06-01,HOSPITAL GENERAL DE ZONA 30 (CDMX SUR),IMSS,Media,Media,"19.398836, -99.116913"
2020-06-01,HOSPITAL GENERAL DE ZONA 32 (CDMX SUR),IMSS,Media,Crítica,"19.307964, -99.130677"
2020-06-01,HOSPITAL GENERAL DE ZONA C/MF 08 (CDMX SUR),IMSS,Crítica,Media,"19.337137, -99.200142"
2020-06-01,HOSPITAL GENERAL DE ZONA C/UMAA 48 (CDMX NORTE),IMSS,Crítica,Media,"19.482375, -99.213046"
2020-06-01,HOSPITAL GENERAL 02 (CDMX SUR) VILLA COAPA (COY.),IMSS,Media,Crítica,"19.309194, -99.129593"
2020-06-01,HOSPITAL DE ESPECIALIDADES 01 (CDMX NORTE) LA RAZA (AZC),IMSS,Media,Media,"19.467169, -99.143785"
2020-06-01,HOSPITAL GENERAL DE ZONA C/MF 29 (S. JUAN ARAGÓN),IMSS,Media,Buena,"19.465117, -99.085162"
2020-06-01,HOSPITAL GENERAL DE ZONA 47 (CDMX SUR) (IZP),IMSS,Media,Buena,"19.357566, -99.054269"
2020-06-01,UNIDAD MÓVIL TEMPORAL COVID,IMSS,Crítica,Buena,"19.403082, -99.089177"
2020-06-01,HOSPITAL GENERAL REGIONAL 72,IMSS,Media,Media,"19.542797, -99.205022"
2020-06-01,HOSPITAL GENERAL REGIONAL 196,IMSS,Crítica,Buena,"19.529016, -99.030983"
2020-06-01,HOSPITAL GENERAL REGIONAL 200,IMSS,Media,Media,"19.742905, -98.972971"
2020-06-01,HOSPITAL GENERAL DE ZONA 53,IMSS,Crítica,Crítica,"19.356913, -98.990929"
2020-06-01,HOSPITAL GENERAL DE ZONA 197,IMSS,Media,Buena,"19.515133, -98.891450"
2020-06-01,HOSPITAL GENERAL DE ZONA 194,IMSS,Media,Media,"19.470300, -99.234208"
2020-06-01,HOSPITAL GENERAL DE ZONA 57 (LA QUEBRADA),IMSS,Crítica,Crítica,"19.597387, -99.188426"
2020-06-01,HOSPITAL GENERAL DE ZONA 58 (LAS MARGARITAS),IMSS,Media,Crítica,"19.530797, -99.222446"
2020-06-01,HOSPITAL GENERAL DE ZONA 68 (TULPETLAC),IMSS,Media,Crítica,"19.570070, -99.044009"
2020-06-01,HOSPITAL GENERAL DE ZONA 71 (CHALCO),IMSS,Media,Buena,"19.259803, -98.893368"
2020-06-01,HOSPITAL GENERAL DE ZONA 76 (XALOSTOC),IMSS,Media,Buena,"19.526677, -99.082058"
2020-06-01,HOSPITAL GENERAL DE ZONA 98 (COACALCO),IMSS,Crítica,Media,"19.638165, -99.098892"
2020-06-01,CENTRO MEDICO 20 DE NOVIEMBRE,ISSSTE,Media,Crítica,"19.372720, -99.171205"
2020-06-01,HG DARIO FERNANDEZ FIERRO,ISSSTE,Media,Media,"19.363602, -99.188608"
2020-06-01,HG JOSE MARIA MORELOS,ISSSTE,Media,Media,"19.363918, -98.995393"
2020-06-01,HG TACUBA,ISSSTE,Crítica,Media,"19.454384, -99.191231"
2020-06-01,HG DR FERNANDO QUIROZ,ISSSTE,Media,Buena,"19.394242, -99.194187"
2020-06-01,HG IGNACIO ZARAGOZA,ISSSTE,Crítica,Crítica,"19.389472, -99.045019"
2020-06-01,HR PRIMERO DE OCTUBRE,ISSSTE,Crítica,Media,"19.486751, -99.133249"
2020-06-01,HR LIC. ADOLFO LÓPEZ MATEOS,ISSSTE,Media,Buena,"19.358451, -99.172716"
2020-06-01,HR BICENTENARIO DE LA INDEPENDENCIA,ISSSTE,Crítica,Crítica,"19.628814, -99.163343"
2020-06-01,ALTA ESPECIALIDAD DE ZUMPANGO,EDOMEX,Media,Crítica,"19.815198, -99.089196"
2020-06-01,HOSPITAL REGIONAL TLALNEPANTLA ISSEMYM,EDOMEX,Media,Buena,"19.521706, -99.187341"
2020-06-01,"HOSPITAL GENERAL ECATEPEC ""LAS AMÉRICAS""",EDOMEX,Media,Media,"19.594136, -99.018679"
2020-06-01,"HOSPITAL GENERAL DE NAUCALPAN ""DR. MAXIMILIANO RUIZ CASTAÑEDA"" ",EDOMEX,Media,Media,"19.468662, -99.234348"
2020-06-01,"HOSPITAL GENERAL ATIZAPAN DE ZARAGOZA ""DR. SALVADOR GONZALEZ HERREJÓN""",EDOMEX,Buena,Media,"19.546322, -99.237491"
2020-06-01,"HOSPITAL GENERAL CUAUTITLAN ""GRAL. JOSE VICENTE VILLADA""",EDOMEX,Crítica,Media,"19.664586, -99.178557"
2020-06-01,"HOSPITAL GENERAL DE NEZAHUALCOYOTL ""GUSTAVO BAZ PRADA""",EDOMEX,Media,Media,"19.422253, -99.014892"
2020-06-01,"HOSPITAL GENERAL DE ECATEPEC ""JOSÉ MARÍA RODRÍGUEZ""",EDOMEX,Buena,Media,"19.514412, -99.038087"
2020-06-01,"HOSPITAL GENERAL NEZAHUALCOYOTL ""LA PERLA"" ",EDOMEX,Buena,Buena,"19.387963, -98.989442"
2020-06-01,HOSPITAL GENERAL DE CHIMALHUACAN,EDOMEX,Media,Buena,"19.419753, -98.975140"
2020-06-01,"HOSPITAL GENERAL DE IXTAPALUCA ""PEDRO LOPEZ""",EDOMEX,Buena,Buena,"19.318829, -98.855366"
2020-06-01,HOSPITAL GENERAL DE CHALCO ,EDOMEX,Buena,Media,"19.268265, -98.893965"
2020-06-01,"HOSPITAL GENERAL TEXCOCO ""GUADALUPE VICTORIA"" BICENTENARIO ",EDOMEX,Media,Crítica,"19.514309, -98.871750"
2020-06-01,"HOSPITAL GENERAL VALLE DE CHALCO ""DR. FERNANDO QUIROZ GUTIERREZ"" ",EDOMEX,Buena,Buena,"19.273775, -98.941609"
2020-06-01,"HOSPITAL GENERAL AMECAMECA ""VALENTIN GOMEZ FARIAS"" ",EDOMEX,Buena,Buena,"19.144883, -98.785072"
2020-06-01,HOSPITAL GENERAL DE AXAPUSCO,EDOMEX,Crítica,Media,"19.732872, -98.769445"
2020-06-02,INSTITUTO NACIONAL DE NUTRICIÓN,SSA,Crítica,Crítica,"19.289599, -99.155441"
2020-06-02,INER,SSA,Crítica,Media,"19.291375, -99.158653"
2020-06-02,HOSPITAL GENERAL DE MÉXICO,SSA,Media,Media,"19.4129258, -99.1520225"
2020-06-02,HOSPITAL JUAREZ,SSA,Crítica,Media,"19.481829, -99.135576"
2020-06-02,HOSPITAL GENERAL DR. MANUEL GEA GONZÁLEZ,SSA,Crítica,Media,"19.290295, -99.160861"
2020-06-02,HOSPITAL INFANTIL DE MÉXICO FEDERICO GÓMEZ,SSA,Buena,Buena,"19.410839, -99.151941"
2020-06-02,INSTITUTO  NACIONAL DE CARDIOLOGÍA IGNACIO CHÁVEZ,SSA,Crítica,Media,"19.290598, -99.153838"
2020-06-02,CITIBANAMEX,SSA,Buena,Crítica,"19.439732, -99.224235"
2020-06-02,HOSPITAL REGIONAL DE ALTA ESPECIALIDAD DE IXTAPALUCA,SSA,Media,Crítica,"19.318796, -98.855353"
2020-06-02,BELISARIO DOMINGUEZ,SEDESA,Crítica,Buena,"19.307226, -99.065356"
2020-06-02,ENRIQUE CABRERA,SEDESA,Media,Buena,"19.361675, -99.224432"
2020-06-02,GENERAL TLAHUAC,SEDESA,Buena,Buena,"19.287492, -99.052665"
2020-06-02,PEDIATRICO DE LA VILLA,SEDESA,Buena,Buena,"19.487355, -99.114316"
2020-06-02,HOSPITAL GENERAL AJUSCO MEDIO,SEDESA,Media,Media,"19.272165, -99.207846"
2020-06-02,HOSPITAL GENERAL IZTAPALAPA,SEDESA,Buena,Buena,"19.343426, -99.027236"
2020-06-02,HOSPITAL GENERAL XOCO,SEDESA,Crítica,Buena,"19.360313, -99.162275"
2020-06-02,HOSPITAL GENERAL VILLA,SEDESA,Media,Buena,"19.480079, -99.103353"
2020-06-02,HOSPITAL GENERAL DR. RUBÉN LEÑERO,SEDESA,Crítica,Buena,"19.451398, -99.169565"
2020-06-02,HOSPITAL GENERAL MILPA ALTA,SEDESA,Media,Crítica,"19.200951, -99.011210"
2020-06-02,HOSPITAL GENERAL BALBUENA,SEDESA,Media,Buena,"19.424195, -99.115412"
2020-06-02,HOSPITAL TEPEPAN,SEDESA,,Sin Dato,"19.275806, -99.144298"
2020-06-02,HOSPITAL DE ESPECIALIDADES 01 CMN SIGLO XXI (CDMX SUR),IMSS,Buena,Media,"19.466549, -99.145102"
2020-06-02,HOSPITAL DE PEDIATRIA 01 CMN SIGLO XXI (CDMX SUR),IMSS,Buena,Buena,"19.407458, -99.152267"
2020-06-02,HOSPITAL GENERAL DE ZONA 01 CARLOS MC GREGOR (CDMX SUR),IMSS,Crítica,Media,"19.395912, -99.161610"
2020-06-02,HOSPITAL GENERAL DE ZONA 1A PARQUE DE LOS VENADOS (CDMX SUR),IMSS,Media,Media,"19.374431, -99.151203"
2020-06-02,HOSPITAL DE INFECTOLOGIA 01 LA RAZA (CDMX NORTE),IMSS,Media,Media,"19.464865, -99.144859"
2020-06-02,HOSPITAL GENERAL 01 (CDMX NORTE) LA RAZA,IMSS,Media,Media,"19.395740, -99.161677"
2020-06-02,HOSPITAL GENERAL DE ZONA 24 (CDMX NORTE),IMSS,Media,Media,"19.483221, -99.128448"
2020-06-02,HOSPITAL GENERAL DE ZONA 27 (CDMX NORTE),IMSS,Media,Buena,"19.454776, -99.140007"
2020-06-02,HOSPITAL GENERAL DE ZONA 2A (CDMX SUR),IMSS,Media,Buena,"19.405495, -99.112200"
2020-06-02,HOSPITAL GENERAL DE ZONA 30 (CDMX SUR),IMSS,Media,Media,"19.398836, -99.116913"
2020-06-02,HOSPITAL GENERAL DE ZONA 32 (CDMX SUR),IMSS,Crítica,Crítica,"19.307964, -99.130677"
2020-06-02,HOSPITAL GENERAL DE ZONA C/MF 08 (CDMX SUR),IMSS,Crítica,Media,"19.337137, -99.200142"
2020-06-02,HOSPITAL GENERAL DE ZONA C/UMAA 48 (CDMX NORTE),IMSS,Media,Media,"19.482375, -99.213046"
2020-06-02,HOSPITAL GENERAL 02 (CDMX SUR) VILLA COAPA (COY.),IMSS,Media,Crítica,"19.309194, -99.129593"
2020-06-02,HOSPITAL DE ESPECIALIDADES 01 (CDMX NORTE) LA RAZA (AZC),IMSS,Crítica,Media,"19.467169, -99.143785"
2020-06-02,HOSPITAL GENERAL DE ZONA C/MF 29 (S. JUAN ARAGÓN),IMSS,Media,Buena,"19.465117, -99.085162"
2020-06-02,HOSPITAL GENERAL DE ZONA 47 (CDMX SUR) (IZP),IMSS,Media,Buena,"19.357566, -99.054269"
2020-06-02,UNIDAD MÓVIL TEMPORAL COVID,IMSS,Crítica,Buena,"19.403082, -99.089177"
2020-06-02,HOSPITAL GENERAL REGIONAL 72,IMSS,Media,Media,"19.542797, -99.205022"
2020-06-02,HOSPITAL GENERAL REGIONAL 196,IMSS,Crítica,Buena,"19.529016, -99.030983"
2020-06-02,HOSPITAL GENERAL REGIONAL 200,IMSS,Media,Buena,"19.742905, -98.972971"
2020-06-02,HOSPITAL GENERAL DE ZONA 53,IMSS,Crítica,Media,"19.356913, -98.990929"
2020-06-02,HOSPITAL GENERAL DE ZONA 197,IMSS,Media,Buena,"19.515133, -98.891450"
2020-06-02,HOSPITAL GENERAL DE ZONA 194,IMSS,Media,Media,"19.470300, -99.234208"
2020-06-02,HOSPITAL GENERAL DE ZONA 57 (LA QUEBRADA),IMSS,Crítica,Media,"19.597387, -99.188426"
2020-06-02,HOSPITAL GENERAL DE ZONA 58 (LAS MARGARITAS),IMSS,Media,Crítica,"19.530797, -99.222446"
2020-06-02,HOSPITAL GENERAL DE ZONA 68 (TULPETLAC),IMSS,Media,Media,"19.570070, -99.044009"
2020-06-02,HOSPITAL GENERAL DE ZONA 71 (CHALCO),IMSS,Media,Buena,"19.259803, -98.893368"
2020-06-02,HOSPITAL GENERAL DE ZONA 76 (XALOSTOC),IMSS,Media,Buena,"19.526677, -99.082058"
2020-06-02,HOSPITAL GENERAL DE ZONA 98 (COACALCO),IMSS,Crítica,Crítica,"19.638165, -99.098892"
2020-06-02,CENTRO MEDICO 20 DE NOVIEMBRE,ISSSTE,Media,Crítica,"19.372720, -99.171205"
2020-06-02,HG DARIO FERNANDEZ FIERRO,ISSSTE,Media,Media,"19.363602, -99.188608"
2020-06-02,HG JOSE MARIA MORELOS,ISSSTE,Media,Crítica,"19.363918, -98.995393"
2020-06-02,HG TACUBA,ISSSTE,Crítica,Buena,"19.454384, -99.191231"
2020-06-02,HG DR FERNANDO QUIROZ,ISSSTE,Media,Buena,"19.394242, -99.194187"
2020-06-02,HG IGNACIO ZARAGOZA,ISSSTE,Crítica,Crítica,"19.389472, -99.045019"
2020-06-02,HR PRIMERO DE OCTUBRE,ISSSTE,Crítica,Media,"19.486751, -99.133249"
2020-06-02,HR LIC. ADOLFO LÓPEZ MATEOS,ISSSTE,Media,Buena,"19.358451, -99.172716"
2020-06-02,HR BICENTENARIO DE LA INDEPENDENCIA,ISSSTE,Crítica,Media,"19.628814, -99.163343"
2020-06-02,ALTA ESPECIALIDAD DE ZUMPANGO,EDOMEX,Crítica,Crítica,"19.815198, -99.089196"
2020-06-02,HOSPITAL REGIONAL TLALNEPANTLA ISSEMYM,EDOMEX,Media,Buena,"19.521706, -99.187341"
2020-06-02,"HOSPITAL GENERAL ECATEPEC ""LAS AMÉRICAS""",EDOMEX,Buena,Buena,"19.594136, -99.018679"
2020-06-02,"HOSPITAL GENERAL DE NAUCALPAN ""DR. MAXIMILIANO RUIZ CASTAÑEDA"" ",EDOMEX,Media,Media,"19.468662, -99.234348"
2020-06-02,"HOSPITAL GENERAL ATIZAPAN DE ZARAGOZA ""DR. SALVADOR GONZALEZ HERREJÓN""",EDOMEX,Buena,Media,"19.546322, -99.237491"
2020-06-02,"HOSPITAL GENERAL CUAUTITLAN ""GRAL. JOSE VICENTE VILLADA""",EDOMEX,Crítica,Media,"19.664586, -99.178557"
2020-06-02,"HOSPITAL GENERAL DE NEZAHUALCOYOTL ""GUSTAVO BAZ PRADA""",EDOMEX,Media,Media,"19.422253, -99.014892"
2020-06-02,"HOSPITAL GENERAL DE ECATEPEC ""JOSÉ MARÍA RODRÍGUEZ""",EDOMEX,Buena,Buena,"19.514412, -99.038087"
2020-06-02,"HOSPITAL GENERAL NEZAHUALCOYOTL ""LA PERLA"" ",EDOMEX,Buena,Buena,"19.387963, -98.989442"
2020-06-02,HOSPITAL GENERAL DE CHIMALHUACAN,EDOMEX,Media,Buena,"19.419753, -98.975140"
2020-06-02,"HOSPITAL GENERAL DE IXTAPALUCA ""PEDRO LOPEZ""",EDOMEX,Buena,Buena,"19.318829, -98.855366"
2020-06-02,HOSPITAL GENERAL DE CHALCO ,EDOMEX,Buena,Media,"19.268265, -98.893965"
2020-06-02,"HOSPITAL GENERAL TEXCOCO ""GUADALUPE VICTORIA"" BICENTENARIO ",EDOMEX,Media,Media,"19.514309, -98.871750"
2020-06-02,"HOSPITAL GENERAL VALLE DE CHALCO ""DR. FERNANDO QUIROZ GUTIERREZ"" ",EDOMEX,Buena,Buena,"19.273775, -98.941609"
2020-06-02,"HOSPITAL GENERAL AMECAMECA ""VALENTIN GOMEZ FARIAS"" ",EDOMEX,Buena,Buena,"19.144883, -98.785072"
2020-06-02,HOSPITAL GENERAL DE AXAPUSCO,EDOMEX,Buena,Media,"19.732872, -98.769445"
2020-06-03,INSTITUTO NACIONAL DE NUTRICIÓN,SSA,Crítica,Crítica,"19.289599, -99.155441"
2020-06-03,INER,SSA,Crítica,Media,"19.291375, -99.158653"
2020-06-03,HOSPITAL GENERAL DE MÉXICO,SSA,Media,Media,"19.4129258, -99.1520225"
2020-06-03,HOSPITAL JUAREZ,SSA,Crítica,Media,"19.481829, -99.135576"
2020-06-03,HOSPITAL GENERAL DR. MANUEL GEA GONZÁLEZ,SSA,Crítica,Media,"19.290295, -99.160861"
2020-06-03,HOSPITAL INFANTIL DE MÉXICO FEDERICO GÓMEZ,SSA,Buena,Buena,"19.410839, -99.151941"
2020-06-03,INSTITUTO  NACIONAL DE CARDIOLOGÍA IGNACIO CHÁVEZ,SSA,Crítica,Media,"19.290598, -99.153838"
2020-06-03,CITIBANAMEX,SSA,Buena,Crítica,"19.439732, -99.224235"
2020-06-03,HOSPITAL REGIONAL DE ALTA ESPECIALIDAD DE IXTAPALUCA,SSA,Media,Media,"19.318796, -98.855353"
2020-06-03,BELISARIO DOMINGUEZ,SEDESA,Crítica,Buena,"19.307226, -99.065356"
2020-06-03,ENRIQUE CABRERA,SEDESA,Media,Buena,"19.361675, -99.224432"
2020-06-03,GENERAL TLAHUAC,SEDESA,Buena,Buena,"19.287492, -99.052665"
2020-06-03,PEDIATRICO DE LA VILLA,SEDESA,Buena,Buena,"19.487355, -99.114316"
2020-06-03,HOSPITAL GENERAL AJUSCO MEDIO,SEDESA,Media,Media,"19.272165, -99.207846"
2020-06-03,HOSPITAL GENERAL IZTAPALAPA,SEDESA,Buena,Buena,"19.343426, -99.027236"
2020-06-03,HOSPITAL GENERAL XOCO,SEDESA,Crítica,Buena,"19.360313, -99.162275"
2020-06-03,HOSPITAL GENERAL VILLA,SEDESA,Buena,Buena,"19.480079, -99.103353"
2020-06-03,HOSPITAL GENERAL DR. RUBÉN LEÑERO,SEDESA,Crítica,Buena,"19.451398, -99.169565"
2020-06-03,HOSPITAL GENERAL MILPA ALTA,SEDESA,Media,Media,"19.200951, -99.011210"
2020-06-03,HOSPITAL GENERAL BALBUENA,SEDESA,Media,Buena,"19.424195, -99.115412"
2020-06-03,HOSPITAL TEPEPAN,SEDESA,,,"19.275806, -99.144298"
2020-06-03,HOSPITAL DE ESPECIALIDADES 01 CMN SIGLO XXI (CDMX SUR),IMSS,Buena,Media,"19.466549, -99.145102"
2020-06-03,HOSPITAL DE PEDIATRIA 01 CMN SIGLO XXI (CDMX SUR),IMSS,Buena,Buena,"19.407458, -99.152267"
2020-06-03,HOSPITAL GENERAL DE ZONA 01 CARLOS MC GREGOR (CDMX SUR),IMSS,Crítica,Media,"19.395912, -99.161610"
2020-06-03,HOSPITAL GENERAL DE ZONA 1A PARQUE DE LOS VENADOS (CDMX SUR),IMSS,Crítica,Media,"19.374431, -99.151203"
2020-06-03,HOSPITAL DE INFECTOLOGIA 01 LA RAZA (CDMX NORTE),IMSS,Media,Media,"19.464865, -99.144859"
2020-06-03,HOSPITAL GENERAL 01 (CDMX NORTE) LA RAZA,IMSS,Media,Media,"19.395740, -99.161677"
2020-06-03,HOSPITAL GENERAL DE ZONA 24 (CDMX NORTE),IMSS,Media,Media,"19.483221, -99.128448"
2020-06-03,HOSPITAL GENERAL DE ZONA 27 (CDMX NORTE),IMSS,Media,Buena,"19.454776, -99.140007"
2020-06-03,HOSPITAL GENERAL DE ZONA 2A (CDMX SUR),IMSS,Media,Buena,"19.405495, -99.112200"
2020-06-03,HOSPITAL GENERAL DE ZONA 30 (CDMX SUR),IMSS,Media,Media,"19.398836, -99.116913"
2020-06-03,HOSPITAL GENERAL DE ZONA 32 (CDMX SUR),IMSS,Crítica,Crítica,"19.307964, -99.130677"
2020-06-03,HOSPITAL GENERAL DE ZONA C/MF 08 (CDMX SUR),IMSS,Crítica,Media,"19.337137, -99.200142"
2020-06-03,HOSPITAL GENERAL DE ZONA C/UMAA 48 (CDMX NORTE),IMSS,Media,Crítica,"19.482375, -99.213046"
2020-06-03,HOSPITAL GENERAL 02 (CDMX SUR) VILLA COAPA (COY.),IMSS,Media,Crítica,"19.309194, -99.129593"
2020-06-03,HOSPITAL DE ESPECIALIDADES 01 (CDMX NORTE) LA RAZA (AZC),IMSS,Media,Media,"19.467169, -99.143785"
2020-06-03,HOSPITAL GENERAL DE ZONA C/MF 29 (S. JUAN ARAGÓN),IMSS,Media,Buena,"19.465117, -99.085162"
2020-06-03,HOSPITAL GENERAL DE ZONA 47 (CDMX SUR) (IZP),IMSS,Media,Media,"19.357566, -99.054269"
2020-06-03,UNIDAD MÓVIL TEMPORAL COVID,IMSS,Crítica,Buena,"19.403082, -99.089177"
2020-06-03,HOSPITAL GENERAL REGIONAL 72,IMSS,Media,Media,"19.542797, -99.205022"
2020-06-03,HOSPITAL GENERAL REGIONAL 196,IMSS,Crítica,Media,"19.529016, -99.030983"
2020-06-03,HOSPITAL GENERAL REGIONAL 200,IMSS,Media,Media,"19.742905, -98.972971"
2020-06-03,HOSPITAL GENERAL DE ZONA 53,IMSS,Media,Media,"19.356913, -98.990929"
2020-06-03,HOSPITAL GENERAL DE ZONA 197,IMSS,Media,Buena,"19.515133, -98.891450"
2020-06-03,HOSPITAL GENERAL DE ZONA 194,IMSS,Media,Media,"19.470300, -99.234208"
2020-06-03,HOSPITAL GENERAL DE ZONA 57 (LA QUEBRADA),IMSS,Crítica,Crítica,"19.597387, -99.188426"
2020-06-03,HOSPITAL GENERAL DE ZONA 58 (LAS MARGARITAS),IMSS,Crítica,Crítica,"19.530797, -99.222446"
2020-06-03,HOSPITAL GENERAL DE ZONA 68 (TULPETLAC),IMSS,Buena,Media,"19.570070, -99.044009"
2020-06-03,HOSPITAL GENERAL DE ZONA 71 (CHALCO),IMSS,Media,Buena,"19.259803, -98.893368"
2020-06-03,HOSPITAL GENERAL DE ZONA 76 (XALOSTOC),IMSS,Media,Buena,"19.526677, -99.082058"
2020-06-03,HOSPITAL GENERAL DE ZONA 98 (COACALCO),IMSS,Crítica,Crítica,"19.638165, -99.098892"
2020-06-03,CENTRO MEDICO 20 DE NOVIEMBRE,ISSSTE,Media,Crítica,"19.372720, -99.171205"
2020-06-03,HG DARIO FERNANDEZ FIERRO,ISSSTE,Media,Media,"19.363602, -99.188608"
2020-06-03,HG JOSE MARIA MORELOS,ISSSTE,Media,Crítica,"19.363918, -98.995393"
2020-06-03,HG TACUBA,ISSSTE,Crítica,Media,"19.454384, -99.191231"
2020-06-03,HG DR FERNANDO QUIROZ,ISSSTE,Crítica,Buena,"19.394242, -99.194187"
2020-06-03,HG IGNACIO ZARAGOZA,ISSSTE,Crítica,Crítica,"19.389472, -99.045019"
2020-06-03,HR PRIMERO DE OCTUBRE,ISSSTE,Crítica,Media,"19.486751, -99.133249"
2020-06-03,HR LIC. ADOLFO LÓPEZ MATEOS,ISSSTE,Media,Buena,"19.358451, -99.172716"
2020-06-03,HR BICENTENARIO DE LA INDEPENDENCIA,ISSSTE,Crítica,Media,"19.628814, -99.163343"
2020-06-03,ALTA ESPECIALIDAD DE ZUMPANGO,EDOMEX,Crítica,Crítica,"19.815198, -99.089196"
2020-06-03,HOSPITAL REGIONAL TLALNEPANTLA ISSEMYM,EDOMEX,Media,Media,"19.521706, -99.187341"
2020-06-03,"HOSPITAL GENERAL ECATEPEC ""LAS AMÉRICAS""",EDOMEX,Media,Buena,"19.594136, -99.018679"
2020-06-03,"HOSPITAL GENERAL DE NAUCALPAN ""DR. MAXIMILIANO RUIZ CASTAÑEDA"" ",EDOMEX,Media,Media,"19.468662, -99.234348"
2020-06-03,"HOSPITAL GENERAL ATIZAPAN DE ZARAGOZA ""DR. SALVADOR GONZALEZ HERREJÓN""",EDOMEX,Buena,Media,"19.546322, -99.237491"
2020-06-03,"HOSPITAL GENERAL CUAUTITLAN ""GRAL. JOSE VICENTE VILLADA""",EDOMEX,Crítica,Media,"19.664586, -99.178557"
2020-06-03,"HOSPITAL GENERAL DE NEZAHUALCOYOTL ""GUSTAVO BAZ PRADA""",EDOMEX,Media,Crítica,"19.422253, -99.014892"
2020-06-03,"HOSPITAL GENERAL DE ECATEPEC ""JOSÉ MARÍA RODRÍGUEZ""",EDOMEX,Buena,Buena,"19.514412, -99.038087"
2020-06-03,"HOSPITAL GENERAL NEZAHUALCOYOTL ""LA PERLA"" ",EDOMEX,Buena,Crítica,"19.387963, -98.989442"
2020-06-03,HOSPITAL GENERAL DE CHIMALHUACAN,EDOMEX,Media,Media,"19.419753, -98.975140"
2020-06-03,"HOSPITAL GENERAL DE IXTAPALUCA ""PEDRO LOPEZ""",EDOMEX,Buena,Buena,"19.318829, -98.855366"
2020-06-03,HOSPITAL GENERAL DE CHALCO ,EDOMEX,Buena,Buena,"19.268265, -98.893965"
2020-06-03,"HOSPITAL GENERAL TEXCOCO ""GUADALUPE VICTORIA"" BICENTENARIO ",EDOMEX,Media,Media,"19.514309, -98.871750"
2020-06-03,"HOSPITAL GENERAL VALLE DE CHALCO ""DR. FERNANDO QUIROZ GUTIERREZ"" ",EDOMEX,Buena,Buena,"19.273775, -98.941609"
2020-06-03,"HOSPITAL GENERAL AMECAMECA ""VALENTIN GOMEZ FARIAS"" ",EDOMEX,Media,Buena,"19.144883, -98.785072"
2020-06-03,HOSPITAL GENERAL DE AXAPUSCO,EDOMEX,Crítica,Buena,"19.732872, -98.769445"
2020-06-04,INSTITUTO NACIONAL DE NUTRICIÓN,SSA,Crítica,Crítica,"19.289599, -99.155441"
2020-06-04,INER,SSA,Crítica,Media,"19.291375, -99.158653"
2020-06-04,HOSPITAL GENERAL DE MÉXICO,SSA,Media,Media,"19.4129258, -99.1520225"
2020-06-04,HOSPITAL JUAREZ,SSA,Crítica,Media,"19.481829, -99.135576"
2020-06-04,HOSPITAL GENERAL DR. MANUEL GEA GONZÁLEZ,SSA,Crítica,Media,"19.290295, -99.160861"
2020-06-04,HOSPITAL INFANTIL DE MÉXICO FEDERICO GÓMEZ,SSA,Buena,Buena,"19.410839, -99.151941"
2020-06-04,INSTITUTO  NACIONAL DE CARDIOLOGÍA IGNACIO CHÁVEZ,SSA,Crítica,Media,"19.290598, -99.153838"
2020-06-04,CITIBANAMEX,SSA,Buena,Crítica,"19.439732, -99.224235"
2020-06-04,HOSPITAL REGIONAL DE ALTA ESPECIALIDAD DE IXTAPALUCA,SSA,Media,Media,"19.318796, -98.855353"
2020-06-04,BELISARIO DOMINGUEZ,SEDESA,Media,Buena,"19.307226, -99.065356"
2020-06-04,ENRIQUE CABRERA,SEDESA,Media,Buena,"19.361675, -99.224432"
2020-06-04,GENERAL TLAHUAC,SEDESA,Buena,Buena,"19.287492, -99.052665"
2020-06-04,PEDIATRICO DE LA VILLA,SEDESA,Buena,Buena,"19.487355, -99.114316"
2020-06-04,HOSPITAL GENERAL AJUSCO MEDIO,SEDESA,Media,Media,"19.272165, -99.207846"
2020-06-04,HOSPITAL GENERAL IZTAPALAPA,SEDESA,Buena,Buena,"19.343426, -99.027236"
2020-06-04,HOSPITAL GENERAL XOCO,SEDESA,Crítica,Buena,"19.360313, -99.162275"
2020-06-04,HOSPITAL GENERAL VILLA,SEDESA,Media,Buena,"19.480079, -99.103353"
2020-06-04,HOSPITAL GENERAL DR. RUBÉN LEÑERO,SEDESA,Media,Buena,"19.451398, -99.169565"
2020-06-04,HOSPITAL GENERAL MILPA ALTA,SEDESA,Media,Buena,"19.200951, -99.011210"
2020-06-04,HOSPITAL GENERAL BALBUENA,SEDESA,Media,Buena,"19.424195, -99.115412"
2020-06-04,HOSPITAL TEPEPAN,SEDESA,Sin Dato,Sin Dato,"19.275806, -99.144298"
2020-06-04,HOSPITAL DE ESPECIALIDADES 01 CMN SIGLO XXI (CDMX SUR),IMSS,Buena,Media,"19.466549, -99.145102"
2020-06-04,HOSPITAL DE PEDIATRIA 01 CMN SIGLO XXI (CDMX SUR),IMSS,Buena,Buena,"19.407458, -99.152267"
2020-06-04,HOSPITAL GENERAL DE ZONA 01 CARLOS MC GREGOR (CDMX SUR),IMSS,Crítica,Media,"19.395912, -99.161610"
2020-06-04,HOSPITAL GENERAL DE ZONA 1A PARQUE DE LOS VENADOS (CDMX SUR),IMSS,Crítica,Crítica,"19.374431, -99.151203"
2020-06-04,HOSPITAL DE INFECTOLOGIA 01 LA RAZA (CDMX NORTE),IMSS,Media,Media,"19.464865, -99.144859"
2020-06-04,HOSPITAL GENERAL 01 (CDMX NORTE) LA RAZA,IMSS,Media,Media,"19.395740, -99.161677"
2020-06-04,HOSPITAL GENERAL DE ZONA 24 (CDMX NORTE),IMSS,Media,Media,"19.483221, -99.128448"
2020-06-04,HOSPITAL GENERAL DE ZONA 27 (CDMX NORTE),IMSS,Media,Buena,"19.454776, -99.140007"
2020-06-04,HOSPITAL GENERAL DE ZONA 2A (CDMX SUR),IMSS,Media,Buena,"19.405495, -99.112200"
2020-06-04,HOSPITAL GENERAL DE ZONA 30 (CDMX SUR),IMSS,Media,Media,"19.398836, -99.116913"
2020-06-04,HOSPITAL GENERAL DE ZONA 32 (CDMX SUR),IMSS,Media,Crítica,"19.307964, -99.130677"
2020-06-04,HOSPITAL GENERAL DE ZONA C/MF 08 (CDMX SUR),IMSS,Crítica,Crítica,"19.337137, -99.200142"
2020-06-04,HOSPITAL GENERAL DE ZONA C/UMAA 48 (CDMX NORTE),IMSS,Media,Media,"19.482375, -99.213046"
2020-06-04,HOSPITAL GENERAL 02 (CDMX SUR) VILLA COAPA (COY.),IMSS,Media,Media,"19.309194, -99.129593"
2020-06-04,HOSPITAL DE ESPECIALIDADES 01 (CDMX NORTE) LA RAZA (AZC),IMSS,Crítica,Media,"19.467169, -99.143785"
2020-06-04,HOSPITAL GENERAL DE ZONA C/MF 29 (S. JUAN ARAGÓN),IMSS,Media,Buena,"19.465117, -99.085162"
2020-06-04,HOSPITAL GENERAL DE ZONA 47 (CDMX SUR) (IZP),IMSS,Media,Buena,"19.357566, -99.054269"
2020-06-04,UNIDAD MÓVIL TEMPORAL COVID,IMSS,Crítica,Buena,"19.403082, -99.089177"
2020-06-04,HOSPITAL GENERAL REGIONAL 72,IMSS,Media,Media,"19.542797, -99.205022"
2020-06-04,HOSPITAL GENERAL REGIONAL 196,IMSS,Crítica,Media,"19.529016, -99.030983"
2020-06-04,HOSPITAL GENERAL REGIONAL 200,IMSS,Media,Media,"19.742905, -98.972971"
2020-06-04,HOSPITAL GENERAL DE ZONA 53,IMSS,Media,Media,"19.356913, -98.990929"
2020-06-04,HOSPITAL GENERAL DE ZONA 197,IMSS,Media,Buena,"19.515133, -98.891450"
2020-06-04,HOSPITAL GENERAL DE ZONA 194,IMSS,Media,Media,"19.470300, -99.234208"
2020-06-04,HOSPITAL GENERAL DE ZONA 57 (LA QUEBRADA),IMSS,Crítica,Crítica,"19.597387, -99.188426"
2020-06-04,HOSPITAL GENERAL DE ZONA 58 (LAS MARGARITAS),IMSS,Crítica,Crítica,"19.530797, -99.222446"
2020-06-04,HOSPITAL GENERAL DE ZONA 68 (TULPETLAC),IMSS,Media,Media,"19.570070, -99.044009"
2020-06-04,HOSPITAL GENERAL DE ZONA 71 (CHALCO),IMSS,Media,Buena,"19.259803, -98.893368"
2020-06-04,HOSPITAL GENERAL DE ZONA 76 (XALOSTOC),IMSS,Media,Media,"19.526677, -99.082058"
2020-06-04,HOSPITAL GENERAL DE ZONA 98 (COACALCO),IMSS,Crítica,Media,"19.638165, -99.098892"
2020-06-04,CENTRO MEDICO 20 DE NOVIEMBRE,ISSSTE,Media,Crítica,"19.372720, -99.171205"
2020-06-04,HG DARIO FERNANDEZ FIERRO,ISSSTE,Media,Media,"19.363602, -99.188608"
2020-06-04,HG JOSE MARIA MORELOS,ISSSTE,Media,Crítica,"19.363918, -98.995393"
2020-06-04,HG TACUBA,ISSSTE,Crítica,Media,"19.454384, -99.191231"
2020-06-04,HG DR FERNANDO QUIROZ,ISSSTE,Media,Buena,"19.394242, -99.194187"
2020-06-04,HG IGNACIO ZARAGOZA,ISSSTE,Crítica,Crítica,"19.389472, -99.045019"
2020-06-04,HR PRIMERO DE OCTUBRE,ISSSTE,Crítica,Media,"19.486751, -99.133249"
2020-06-04,HR LIC. ADOLFO LÓPEZ MATEOS,ISSSTE,Media,Buena,"19.358451, -99.172716"
2020-06-04,HR BICENTENARIO DE LA INDEPENDENCIA,ISSSTE,Crítica,Media,"19.628814, -99.163343"
2020-06-04,ALTA ESPECIALIDAD DE ZUMPANGO,EDOMEX,Crítica,Crítica,"19.815198, -99.089196"
2020-06-04,HOSPITAL REGIONAL TLALNEPANTLA ISSEMYM,EDOMEX,Media,Buena,"19.521706, -99.187341"
2020-06-04,"HOSPITAL GENERAL ECATEPEC ""LAS AMÉRICAS""",EDOMEX,Buena,Media,"19.594136, -99.018679"
2020-06-04,"HOSPITAL GENERAL DE NAUCALPAN ""DR. MAXIMILIANO RUIZ CASTAÑEDA"" ",EDOMEX,Media,Media,"19.468662, -99.234348"
2020-06-04,"HOSPITAL GENERAL ATIZAPAN DE ZARAGOZA ""DR. SALVADOR GONZALEZ HERREJÓN""",EDOMEX,Buena,Crítica,"19.546322, -99.237491"
2020-06-04,"HOSPITAL GENERAL CUAUTITLAN ""GRAL. JOSE VICENTE VILLADA""",EDOMEX,Media,Buena,"19.664586, -99.178557"
2020-06-04,"HOSPITAL GENERAL DE NEZAHUALCOYOTL ""GUSTAVO BAZ PRADA""",EDOMEX,Buena,Media,"19.422253, -99.014892"
2020-06-04,"HOSPITAL GENERAL DE ECATEPEC ""JOSÉ MARÍA RODRÍGUEZ""",EDOMEX,Buena,Buena,"19.514412, -99.038087"
2020-06-04,"HOSPITAL GENERAL NEZAHUALCOYOTL ""LA PERLA"" ",EDOMEX,Buena,Media,"19.387963, -98.989442"
2020-06-04,HOSPITAL GENERAL DE CHIMALHUACAN,EDOMEX,Media,Media,"19.419753, -98.975140"
2020-06-04,"HOSPITAL GENERAL DE IXTAPALUCA ""PEDRO LOPEZ""",EDOMEX,Buena,Buena,"19.318829, -98.855366"
2020-06-04,HOSPITAL GENERAL DE CHALCO ,EDOMEX,Buena,Buena,"19.268265, -98.893965"
2020-06-04,"HOSPITAL GENERAL TEXCOCO ""GUADALUPE VICTORIA"" BICENTENARIO ",EDOMEX,Media,Crítica,"19.514309, -98.871750"
2020-06-04,"HOSPITAL GENERAL VALLE DE CHALCO ""DR. FERNANDO QUIROZ GUTIERREZ"" ",EDOMEX,Buena,Buena,"19.273775, -98.941609"
2020-06-04,"HOSPITAL GENERAL AMECAMECA ""VALENTIN GOMEZ FARIAS"" ",EDOMEX,Buena,Buena,"19.144883, -98.785072"
2020-06-04,HOSPITAL GENERAL DE AXAPUSCO,EDOMEX,Crítica,Media,"19.732872, -98.769445"
2020-06-05,INSTITUTO NACIONAL DE NUTRICIÓN,SSA,Crítica,Crítica,"19.289599, -99.155441"
2020-06-05,INER,SSA,Crítica,Media,"19.291375, -99.158653"
2020-06-05,HOSPITAL GENERAL DE MÉXICO,SSA,Media,Media,"19.4129258, -99.1520225"
2020-06-05,HOSPITAL JUAREZ,SSA,Crítica,Media,"19.481829, -99.135576"
2020-06-05,HOSPITAL GENERAL DR. MANUEL GEA GONZÁLEZ,SSA,Crítica,Media,"19.290295, -99.160861"
2020-06-05,HOSPITAL INFANTIL DE MÉXICO FEDERICO GÓMEZ,SSA,Buena,Buena,"19.410839, -99.151941"
2020-06-05,INSTITUTO  NACIONAL DE CARDIOLOGÍA IGNACIO CHÁVEZ,SSA,Crítica,Media,"19.290598, -99.153838"
2020-06-05,CITIBANAMEX,SSA,Buena,Crítica,"19.439732, -99.224235"
2020-06-05,HOSPITAL REGIONAL DE ALTA ESPECIALIDAD DE IXTAPALUCA,SSA,Media,Media,"19.318796, -98.855353"
2020-06-05,BELISARIO DOMINGUEZ,SEDESA,Media,Media,"19.307226, -99.065356"
2020-06-05,ENRIQUE CABRERA,SEDESA,Media,Buena,"19.361675, -99.224432"
2020-06-05,GENERAL TLAHUAC,SEDESA,Buena,Buena,"19.287492, -99.052665"
2020-06-05,PEDIATRICO DE LA VILLA,SEDESA,Buena,Buena,"19.487355, -99.114316"
2020-06-05,HOSPITAL GENERAL AJUSCO MEDIO,SEDESA,Media,Media,"19.272165, -99.207846"
2020-06-05,HOSPITAL GENERAL IZTAPALAPA,SEDESA,Buena,Buena,"19.343426, -99.027236"
2020-06-05,HOSPITAL GENERAL XOCO,SEDESA,Crítica,Buena,"19.360313, -99.162275"
2020-06-05,HOSPITAL GENERAL VILLA,SEDESA,Media,Buena,"19.480079, -99.103353"
2020-06-05,HOSPITAL GENERAL DR. RUBÉN LEÑERO,SEDESA,Crítica,Buena,"19.451398, -99.169565"
2020-06-05,HOSPITAL GENERAL MILPA ALTA,SEDESA,Media,Buena,"19.200951, -99.011210"
2020-06-05,HOSPITAL GENERAL BALBUENA,SEDESA,Buena,Media,"19.424195, -99.115412"
2020-06-05,HOSPITAL TEPEPAN,SEDESA,,,"19.275806, -99.144298"
2020-06-05,HOSPITAL DE ESPECIALIDADES 01 CMN SIGLO XXI (CDMX SUR),IMSS,Buena,Media,"19.466549, -99.145102"
2020-06-05,HOSPITAL DE PEDIATRIA 01 CMN SIGLO XXI (CDMX SUR),IMSS,Buena,Buena,"19.407458, -99.152267"
2020-06-05,HOSPITAL GENERAL DE ZONA 01 CARLOS MC GREGOR (CDMX SUR),IMSS,Crítica,Media,"19.395912, -99.161610"
2020-06-05,HOSPITAL GENERAL DE ZONA 1A PARQUE DE LOS VENADOS (CDMX SUR),IMSS,Crítica,Crítica,"19.374431, -99.151203"
2020-06-05,HOSPITAL DE INFECTOLOGIA 01 LA RAZA (CDMX NORTE),IMSS,Media,Media,"19.464865, -99.144859"
2020-06-05,HOSPITAL GENERAL 01 (CDMX NORTE) LA RAZA,IMSS,Media,Media,"19.395740, -99.161677"
2020-06-05,HOSPITAL GENERAL DE ZONA 24 (CDMX NORTE),IMSS,Media,Media,"19.483221, -99.128448"
2020-06-05,HOSPITAL GENERAL DE ZONA 27 (CDMX NORTE),IMSS,Media,Buena,"19.454776, -99.140007"
2020-06-05,HOSPITAL GENERAL DE ZONA 2A (CDMX SUR),IMSS,Media,Buena,"19.405495, -99.112200"
2020-06-05,HOSPITAL GENERAL DE ZONA 30 (CDMX SUR),IMSS,Media,Media,"19.398836, -99.116913"
2020-06-05,HOSPITAL GENERAL DE ZONA 32 (CDMX SUR),IMSS,Media,Crítica,"19.307964, -99.130677"
2020-06-05,HOSPITAL GENERAL DE ZONA C/MF 08 (CDMX SUR),IMSS,Crítica,Media,"19.337137, -99.200142"
2020-06-05,HOSPITAL GENERAL DE ZONA C/UMAA 48 (CDMX NORTE),IMSS,Crítica,Media,"19.482375, -99.213046"
2020-06-05,HOSPITAL GENERAL 02 (CDMX SUR) VILLA COAPA (COY.),IMSS,Media,Crítica,"19.309194, -99.129593"
2020-06-05,HOSPITAL DE ESPECIALIDADES 01 (CDMX NORTE) LA RAZA (AZC),IMSS,Crítica,Media,"19.467169, -99.143785"
2020-06-05,HOSPITAL GENERAL DE ZONA C/MF 29 (S. JUAN ARAGÓN),IMSS,Media,Buena,"19.465117, -99.085162"
2020-06-05,HOSPITAL GENERAL DE ZONA 47 (CDMX SUR) (IZP),IMSS,Media,Buena,"19.357566, -99.054269"
2020-06-05,UNIDAD MÓVIL TEMPORAL COVID,IMSS,Crítica,Buena,"19.403082, -99.089177"
2020-06-05,HOSPITAL GENERAL REGIONAL 72,IMSS,Media,Media,"19.542797, -99.205022"
2020-06-05,HOSPITAL GENERAL REGIONAL 196,IMSS,Crítica,Media,"19.529016, -99.030983"
2020-06-05,HOSPITAL GENERAL REGIONAL 200,IMSS,Media,Media,"19.742905, -98.972971"
2020-06-05,HOSPITAL GENERAL DE ZONA 53,IMSS,Media,Media,"19.356913, -98.990929"
2020-06-05,HOSPITAL GENERAL DE ZONA 197,IMSS,Media,Buena,"19.515133, -98.891450"
2020-06-05,HOSPITAL GENERAL DE ZONA 194,IMSS,Crítica,Buena,"19.470300, -99.234208"
2020-06-05,HOSPITAL GENERAL DE ZONA 57 (LA QUEBRADA),IMSS,Crítica,Crítica,"19.597387, -99.188426"
2020-06-05,HOSPITAL GENERAL DE ZONA 58 (LAS MARGARITAS),IMSS,Crítica,Crítica,"19.530797, -99.222446"
2020-06-05,HOSPITAL GENERAL DE ZONA 68 (TULPETLAC),IMSS,Media,Media,"19.570070, -99.044009"
2020-06-05,HOSPITAL GENERAL DE ZONA 71 (CHALCO),IMSS,Media,Buena,"19.259803, -98.893368"
2020-06-05,HOSPITAL GENERAL DE ZONA 76 (XALOSTOC),IMSS,Media,Buena,"19.526677, -99.082058"
2020-06-05,HOSPITAL GENERAL DE ZONA 98 (COACALCO),IMSS,Crítica,Media,"19.638165, -99.098892"
2020-06-05,CENTRO MEDICO 20 DE NOVIEMBRE,ISSSTE,Media,Crítica,"19.372720, -99.171205"
2020-06-05,HG DARIO FERNANDEZ FIERRO,ISSSTE,Media,Media,"19.363602, -99.188608"
2020-06-05,HG JOSE MARIA MORELOS,ISSSTE,Media,Crítica,"19.363918, -98.995393"
2020-06-05,HG TACUBA,ISSSTE,Media,Media,"19.454384, -99.191231"
2020-06-05,HG DR FERNANDO QUIROZ,ISSSTE,Media,Buena,"19.394242, -99.194187"
2020-06-05,HG IGNACIO ZARAGOZA,ISSSTE,Crítica,Crítica,"19.389472, -99.045019"
2020-06-05,HR PRIMERO DE OCTUBRE,ISSSTE,Crítica,Media,"19.486751, -99.133249"
2020-06-05,HR LIC. ADOLFO LÓPEZ MATEOS,ISSSTE,Media,Buena,"19.358451, -99.172716"
2020-06-05,HR BICENTENARIO DE LA INDEPENDENCIA,ISSSTE,Crítica,Media,"19.628814, -99.163343"
2020-06-05,ALTA ESPECIALIDAD DE ZUMPANGO,EDOMEX,Crítica,Crítica,"19.815198, -99.089196"
2020-06-05,HOSPITAL REGIONAL TLALNEPANTLA ISSEMYM,EDOMEX,Crítica,Buena,"19.521706, -99.187341"
2020-06-05,"HOSPITAL GENERAL ECATEPEC ""LAS AMÉRICAS""",EDOMEX,Buena,Buena,"19.594136, -99.018679"
2020-06-05,"HOSPITAL GENERAL DE NAUCALPAN ""DR. MAXIMILIANO RUIZ CASTAÑEDA"" ",EDOMEX,Media,Media,"19.468662, -99.234348"
2020-06-05,"HOSPITAL GENERAL ATIZAPAN DE ZARAGOZA ""DR. SALVADOR GONZALEZ HERREJÓN""",EDOMEX,Buena,Crítica,"19.546322, -99.237491"
2020-06-05,"HOSPITAL GENERAL CUAUTITLAN ""GRAL. JOSE VICENTE VILLADA""",EDOMEX,Media,Media,"19.664586, -99.178557"
2020-06-05,"HOSPITAL GENERAL DE NEZAHUALCOYOTL ""GUSTAVO BAZ PRADA""",EDOMEX,Media,Crítica,"19.422253, -99.014892"
2020-06-05,"HOSPITAL GENERAL DE ECATEPEC ""JOSÉ MARÍA RODRÍGUEZ""",EDOMEX,Buena,Buena,"19.514412, -99.038087"
2020-06-05,"HOSPITAL GENERAL NEZAHUALCOYOTL ""LA PERLA"" ",EDOMEX,Buena,Media,"19.387963, -98.989442"
2020-06-05,HOSPITAL GENERAL DE CHIMALHUACAN,EDOMEX,Media,Media,"19.419753, -98.975140"
2020-06-05,"HOSPITAL GENERAL DE IXTAPALUCA ""PEDRO LOPEZ""",EDOMEX,Buena,Buena,"19.318829, -98.855366"
2020-06-05,HOSPITAL GENERAL DE CHALCO ,EDOMEX,Buena,Buena,"19.268265, -98.893965"
2020-06-05,"HOSPITAL GENERAL TEXCOCO ""GUADALUPE VICTORIA"" BICENTENARIO ",EDOMEX,Media,Crítica,"19.514309, -98.871750"
2020-06-05,"HOSPITAL GENERAL VALLE DE CHALCO ""DR. FERNANDO QUIROZ GUTIERREZ"" ",EDOMEX,Buena,Buena,"19.273775, -98.941609"
2020-06-05,"HOSPITAL GENERAL AMECAMECA ""VALENTIN GOMEZ FARIAS"" ",EDOMEX,Buena,Buena,"19.144883, -98.785072"
2020-06-05,HOSPITAL GENERAL DE AXAPUSCO,EDOMEX,Crítica,Buena,"19.732872, -98.769445"
2020-06-06,INSTITUTO NACIONAL DE NUTRICIÓN,SSA,Crítica,Crítica,"19.289599, -99.155441"
2020-06-06,INER,SSA,Crítica,Media,"19.291375, -99.158653"
2020-06-06,HOSPITAL GENERAL DE MÉXICO,SSA,Media,Media,"19.4129258, -99.1520225"
2020-06-06,HOSPITAL JUAREZ,SSA,Crítica,Media,"19.481829, -99.135576"
2020-06-06,HOSPITAL GENERAL DR. MANUEL GEA GONZÁLEZ,SSA,Crítica,Media,"19.290295, -99.160861"
2020-06-06,HOSPITAL INFANTIL DE MÉXICO FEDERICO GÓMEZ,SSA,Buena,Buena,"19.410839, -99.151941"
2020-06-06,INSTITUTO  NACIONAL DE CARDIOLOGÍA IGNACIO CHÁVEZ,SSA,Crítica,Media,"19.290598, -99.153838"
2020-06-06,CITIBANAMEX,SSA,Buena,Crítica,"19.439732, -99.224235"
2020-06-06,HOSPITAL REGIONAL DE ALTA ESPECIALIDAD DE IXTAPALUCA,SSA,Media,Media,"19.318796, -98.855353"
2020-06-06,BELISARIO DOMINGUEZ,SEDESA,Media,Media,"19.307226, -99.065356"
2020-06-06,ENRIQUE CABRERA,SEDESA,Media,Buena,"19.361675, -99.224432"
2020-06-06,GENERAL TLAHUAC,SEDESA,Buena,Buena,"19.287492, -99.052665"
2020-06-06,PEDIATRICO DE LA VILLA,SEDESA,Buena,Buena,"19.487355, -99.114316"
2020-06-06,HOSPITAL GENERAL AJUSCO MEDIO,SEDESA,Media,Media,"19.272165, -99.207846"
2020-06-06,HOSPITAL GENERAL IZTAPALAPA,SEDESA,Buena,Buena,"19.343426, -99.027236"
2020-06-06,HOSPITAL GENERAL XOCO,SEDESA,Crítica,Buena,"19.360313, -99.162275"
2020-06-06,HOSPITAL GENERAL VILLA,SEDESA,Media,Buena,"19.480079, -99.103353"
2020-06-06,HOSPITAL GENERAL DR. RUBÉN LEÑERO,SEDESA,Media,Buena,"19.451398, -99.169565"
2020-06-06,HOSPITAL GENERAL MILPA ALTA,SEDESA,Media,Buena,"19.200951, -99.011210"
2020-06-06,HOSPITAL GENERAL BALBUENA,SEDESA,Media,Media,"19.424195, -99.115412"
2020-06-06,HOSPITAL TEPEPAN,SEDESA,,Sin Dato,"19.275806, -99.144298"
2020-06-06,HOSPITAL DE ESPECIALIDADES 01 CMN SIGLO XXI (CDMX SUR),IMSS,Buena,Media,"19.466549, -99.145102"
2020-06-06,HOSPITAL DE PEDIATRIA 01 CMN SIGLO XXI (CDMX SUR),IMSS,Buena,Buena,"19.407458, -99.152267"
2020-06-06,HOSPITAL GENERAL DE ZONA 01 CARLOS MC GREGOR (CDMX SUR),IMSS,Crítica,Media,"19.395912, -99.161610"
2020-06-06,HOSPITAL GENERAL DE ZONA 1A PARQUE DE LOS VENADOS (CDMX SUR),IMSS,Media,Crítica,"19.374431, -99.151203"
2020-06-06,HOSPITAL DE INFECTOLOGIA 01 LA RAZA (CDMX NORTE),IMSS,Media,Media,"19.464865, -99.144859"
2020-06-06,HOSPITAL GENERAL 01 (CDMX NORTE) LA RAZA,IMSS,Media,Media,"19.395740, -99.161677"
2020-06-06,HOSPITAL GENERAL DE ZONA 24 (CDMX NORTE),IMSS,Media,Media,"19.483221, -99.128448"
2020-06-06,HOSPITAL GENERAL DE ZONA 27 (CDMX NORTE),IMSS,Media,Buena,"19.454776, -99.140007"
2020-06-06,HOSPITAL GENERAL DE ZONA 2A (CDMX SUR),IMSS,Media,Buena,"19.405495, -99.112200"
2020-06-06,HOSPITAL GENERAL DE ZONA 30 (CDMX SUR),IMSS,Media,Buena,"19.398836, -99.116913"
2020-06-06,HOSPITAL GENERAL DE ZONA 32 (CDMX SUR),IMSS,Media,Crítica,"19.307964, -99.130677"
2020-06-06,HOSPITAL GENERAL DE ZONA C/MF 08 (CDMX SUR),IMSS,Crítica,Media,"19.337137, -99.200142"
2020-06-06,HOSPITAL GENERAL DE ZONA C/UMAA 48 (CDMX NORTE),IMSS,Media,Crítica,"19.482375, -99.213046"
2020-06-06,HOSPITAL GENERAL 02 (CDMX SUR) VILLA COAPA (COY.),IMSS,Media,Crítica,"19.309194, -99.129593"
2020-06-06,HOSPITAL DE ESPECIALIDADES 01 (CDMX NORTE) LA RAZA (AZC),IMSS,Crítica,Media,"19.467169, -99.143785"
2020-06-06,HOSPITAL GENERAL DE ZONA C/MF 29 (S. JUAN ARAGÓN),IMSS,Media,Buena,"19.465117, -99.085162"
2020-06-06,HOSPITAL GENERAL DE ZONA 47 (CDMX SUR) (IZP),IMSS,Media,Buena,"19.357566, -99.054269"
2020-06-06,UNIDAD MÓVIL TEMPORAL COVID,IMSS,Crítica,Buena,"19.403082, -99.089177"
2020-06-06,HOSPITAL GENERAL REGIONAL 72,IMSS,Media,Media,"19.542797, -99.205022"
2020-06-06,HOSPITAL GENERAL REGIONAL 196,IMSS,Crítica,Buena,"19.529016, -99.030983"
2020-06-06,HOSPITAL GENERAL REGIONAL 200,IMSS,Media,Media,"19.742905, -98.972971"
2020-06-06,HOSPITAL GENERAL DE ZONA 53,IMSS,Media,Crítica,"19.356913, -98.990929"
2020-06-06,HOSPITAL GENERAL DE ZONA 197,IMSS,Media,Buena,"19.515133, -98.891450"
2020-06-06,HOSPITAL GENERAL DE ZONA 194,IMSS,Crítica,Buena,"19.470300, -99.234208"
2020-06-06,HOSPITAL GENERAL DE ZONA 57 (LA QUEBRADA),IMSS,Crítica,Crítica,"19.597387, -99.188426"
2020-06-06,HOSPITAL GENERAL DE ZONA 58 (LAS MARGARITAS),IMSS,Crítica,Crítica,"19.530797, -99.222446"
2020-06-06,HOSPITAL GENERAL DE ZONA 68 (TULPETLAC),IMSS,Media,Media,"19.570070, -99.044009"
2020-06-06,HOSPITAL GENERAL DE ZONA 71 (CHALCO),IMSS,Crítica,Media,"19.259803, -98.893368"
2020-06-06,HOSPITAL GENERAL DE ZONA 76 (XALOSTOC),IMSS,Media,Buena,"19.526677, -99.082058"
2020-06-06,HOSPITAL GENERAL DE ZONA 98 (COACALCO),IMSS,Crítica,Media,"19.638165, -99.098892"
2020-06-06,CENTRO MEDICO 20 DE NOVIEMBRE,ISSSTE,Crítica,Crítica,"19.372720, -99.171205"
2020-06-06,HG DARIO FERNANDEZ FIERRO,ISSSTE,Media,Media,"19.363602, -99.188608"
2020-06-06,HG JOSE MARIA MORELOS,ISSSTE,Media,Crítica,"19.363918, -98.995393"
2020-06-06,HG TACUBA,ISSSTE,Media,Buena,"19.454384, -99.191231"
2020-06-06,HG DR FERNANDO QUIROZ,ISSSTE,Media,Buena,"19.394242, -99.194187"
2020-06-06,HG IGNACIO ZARAGOZA,ISSSTE,Crítica,Crítica,"19.389472, -99.045019"
2020-06-06,HR PRIMERO DE OCTUBRE,ISSSTE,Crítica,Media,"19.486751, -99.133249"
2020-06-06,HR LIC. ADOLFO LÓPEZ MATEOS,ISSSTE,Media,Buena,"19.358451, -99.172716"
2020-06-06,HR BICENTENARIO DE LA INDEPENDENCIA,ISSSTE,Crítica,Media,"19.628814, -99.163343"
2020-06-06,ALTA ESPECIALIDAD DE ZUMPANGO,EDOMEX,Crítica,Crítica,"19.815198, -99.089196"
2020-06-06,HOSPITAL REGIONAL TLALNEPANTLA ISSEMYM,EDOMEX,Crítica,Buena,"19.521706, -99.187341"
2020-06-06,"HOSPITAL GENERAL ECATEPEC ""LAS AMÉRICAS""",EDOMEX,Buena,Buena,"19.594136, -99.018679"
2020-06-06,"HOSPITAL GENERAL DE NAUCALPAN ""DR. MAXIMILIANO RUIZ CASTAÑEDA"" ",EDOMEX,Media,Media,"19.468662, -99.234348"
2020-06-06,"HOSPITAL GENERAL ATIZAPAN DE ZARAGOZA ""DR. SALVADOR GONZALEZ HERREJÓN""",EDOMEX,Buena,Crítica,"19.546322, -99.237491"
2020-06-06,"HOSPITAL GENERAL CUAUTITLAN ""GRAL. JOSE VICENTE VILLADA""",EDOMEX,Media,Media,"19.664586, -99.178557"
2020-06-06,"HOSPITAL GENERAL DE NEZAHUALCOYOTL ""GUSTAVO BAZ PRADA""",EDOMEX,Media,Crítica,"19.422253, -99.014892"
2020-06-06,"HOSPITAL GENERAL DE ECATEPEC ""JOSÉ MARÍA RODRÍGUEZ""",EDOMEX,Buena,Buena,"19.514412, -99.038087"
2020-06-06,"HOSPITAL GENERAL NEZAHUALCOYOTL ""LA PERLA"" ",EDOMEX,Buena,Buena,"19.387963, -98.989442"
2020-06-06,HOSPITAL GENERAL DE CHIMALHUACAN,EDOMEX,Media,Media,"19.419753, -98.975140"
2020-06-06,"HOSPITAL GENERAL DE IXTAPALUCA ""PEDRO LOPEZ""",EDOMEX,Buena,Buena,"19.318829, -98.855366"
2020-06-06,HOSPITAL GENERAL DE CHALCO ,EDOMEX,Buena,Buena,"19.268265, -98.893965"
2020-06-06,"HOSPITAL GENERAL TEXCOCO ""GUADALUPE VICTORIA"" BICENTENARIO ",EDOMEX,Buena,Crítica,"19.514309, -98.871750"
2020-06-06,"HOSPITAL GENERAL VALLE DE CHALCO ""DR. FERNANDO QUIROZ GUTIERREZ"" ",EDOMEX,Buena,Buena,"19.273775, -98.941609"
2020-06-06,"HOSPITAL GENERAL AMECAMECA ""VALENTIN GOMEZ FARIAS"" ",EDOMEX,Buena,Buena,"19.144883, -98.785072"
2020-06-06,HOSPITAL GENERAL DE AXAPUSCO,EDOMEX,Crítica,Buena,"19.732872, -98.769445"
2020-06-07,INSTITUTO NACIONAL DE NUTRICIÓN,SSA,Crítica,Crítica,"19.289599, -99.155441"
2020-06-07,INER,SSA,Media,Media,"19.291375, -99.158653"
2020-06-07,HOSPITAL GENERAL DE MÉXICO,SSA,Media,Media,"19.4129258, -99.1520225"
2020-06-07,HOSPITAL JUAREZ,SSA,Crítica,Media,"19.481829, -99.135576"
2020-06-07,HOSPITAL GENERAL DR. MANUEL GEA GONZÁLEZ,SSA,Crítica,Media,"19.290295, -99.160861"
2020-06-07,HOSPITAL INFANTIL DE MÉXICO FEDERICO GÓMEZ,SSA,Buena,Buena,"19.410839, -99.151941"
2020-06-07,INSTITUTO  NACIONAL DE CARDIOLOGÍA IGNACIO CHÁVEZ,SSA,Crítica,Buena,"19.290598, -99.153838"
2020-06-07,CITIBANAMEX,SSA,Buena,Crítica,"19.439732, -99.224235"
2020-06-07,HOSPITAL REGIONAL DE ALTA ESPECIALIDAD DE IXTAPALUCA,SSA,Media,Crítica,"19.318796, -98.855353"
2020-06-07,BELISARIO DOMINGUEZ,SEDESA,Media,Buena,"19.307226, -99.065356"
2020-06-07,ENRIQUE CABRERA,SEDESA,Media,Buena,"19.361675, -99.224432"
2020-06-07,GENERAL TLAHUAC,SEDESA,Media,Buena,"19.287492, -99.052665"
2020-06-07,PEDIATRICO DE LA VILLA,SEDESA,Buena,Buena,"19.487355, -99.114316"
2020-06-07,HOSPITAL GENERAL AJUSCO MEDIO,SEDESA,Media,Media,"19.272165, -99.207846"
2020-06-07,HOSPITAL GENERAL IZTAPALAPA,SEDESA,Buena,Buena,"19.343426, -99.027236"
2020-06-07,HOSPITAL GENERAL XOCO,SEDESA,Crítica,Buena,"19.360313, -99.162275"
2020-06-07,HOSPITAL GENERAL VILLA,SEDESA,Media,Buena,"19.480079, -99.103353"
2020-06-07,HOSPITAL GENERAL DR. RUBÉN LEÑERO,SEDESA,Media,Buena,"19.451398, -99.169565"
2020-06-07,HOSPITAL GENERAL MILPA ALTA,SEDESA,Media,Media,"19.200951, -99.011210"
2020-06-07,HOSPITAL GENERAL BALBUENA,SEDESA,Media,Media,"19.424195, -99.115412"
2020-06-07,HOSPITAL TEPEPAN,SEDESA,,Sin Dato,"19.275806, -99.144298"
2020-06-07,HOSPITAL DE ESPECIALIDADES 01 CMN SIGLO XXI (CDMX SUR),IMSS,Buena,Media,"19.466549, -99.145102"
2020-06-07,HOSPITAL DE PEDIATRIA 01 CMN SIGLO XXI (CDMX SUR),IMSS,Buena,Buena,"19.407458, -99.152267"
2020-06-07,HOSPITAL GENERAL DE ZONA 01 CARLOS MC GREGOR (CDMX SUR),IMSS,Media,Crítica,"19.395912, -99.161610"
2020-06-07,HOSPITAL GENERAL DE ZONA 1A PARQUE DE LOS VENADOS (CDMX SUR),IMSS,Crítica,Crítica,"19.374431, -99.151203"
2020-06-07,HOSPITAL DE INFECTOLOGIA 01 LA RAZA (CDMX NORTE),IMSS,Media,Media,"19.464865, -99.144859"
2020-06-07,HOSPITAL GENERAL 01 (CDMX NORTE) LA RAZA,IMSS,Media,Media,"19.395740, -99.161677"
2020-06-07,HOSPITAL GENERAL DE ZONA 24 (CDMX NORTE),IMSS,Media,Buena,"19.483221, -99.128448"
2020-06-07,HOSPITAL GENERAL DE ZONA 27 (CDMX NORTE),IMSS,Media,Buena,"19.454776, -99.140007"
2020-06-07,HOSPITAL GENERAL DE ZONA 2A (CDMX SUR),IMSS,Media,Buena,"19.405495, -99.112200"
2020-06-07,HOSPITAL GENERAL DE ZONA 30 (CDMX SUR),IMSS,Media,Media,"19.398836, -99.116913"
2020-06-07,HOSPITAL GENERAL DE ZONA 32 (CDMX SUR),IMSS,Media,Crítica,"19.307964, -99.130677"
2020-06-07,HOSPITAL GENERAL DE ZONA C/MF 08 (CDMX SUR),IMSS,Crítica,Media,"19.337137, -99.200142"
2020-06-07,HOSPITAL GENERAL DE ZONA C/UMAA 48 (CDMX NORTE),IMSS,Media,Crítica,"19.482375, -99.213046"
2020-06-07,HOSPITAL GENERAL 02 (CDMX SUR) VILLA COAPA (COY.),IMSS,Media,Crítica,"19.309194, -99.129593"
2020-06-07,HOSPITAL DE ESPECIALIDADES 01 (CDMX NORTE) LA RAZA (AZC),IMSS,Crítica,Media,"19.467169, -99.143785"
2020-06-07,HOSPITAL GENERAL DE ZONA C/MF 29 (S. JUAN ARAGÓN),IMSS,Media,Buena,"19.465117, -99.085162"
2020-06-07,HOSPITAL GENERAL DE ZONA 47 (CDMX SUR) (IZP),IMSS,Media,Buena,"19.357566, -99.054269"
2020-06-07,UNIDAD MÓVIL TEMPORAL COVID,IMSS,Crítica,Buena,"19.403082, -99.089177"
2020-06-07,HOSPITAL GENERAL REGIONAL 72,IMSS,Media,Media,"19.542797, -99.205022"
2020-06-07,HOSPITAL GENERAL REGIONAL 196,IMSS,Crítica,Buena,"19.529016, -99.030983"
2020-06-07,HOSPITAL GENERAL REGIONAL 200,IMSS,Media,Media,"19.742905, -98.972971"
2020-06-07,HOSPITAL GENERAL DE ZONA 53,IMSS,Crítica,Media,"19.356913, -98.990929"
2020-06-07,HOSPITAL GENERAL DE ZONA 197,IMSS,Media,Buena,"19.515133, -98.891450"
2020-06-07,HOSPITAL GENERAL DE ZONA 194,IMSS,Crítica,Buena,"19.470300, -99.234208"
2020-06-07,HOSPITAL GENERAL DE ZONA 57 (LA QUEBRADA),IMSS,Crítica,Crítica,"19.597387, -99.188426"
2020-06-07,HOSPITAL GENERAL DE ZONA 58 (LAS MARGARITAS),IMSS,Media,Crítica,"19.530797, -99.222446"
2020-06-07,HOSPITAL GENERAL DE ZONA 68 (TULPETLAC),IMSS,Media,Media,"19.570070, -99.044009"
2020-06-07,HOSPITAL GENERAL DE ZONA 71 (CHALCO),IMSS,Media,Buena,"19.259803, -98.893368"
2020-06-07,HOSPITAL GENERAL DE ZONA 76 (XALOSTOC),IMSS,Media,Media,"19.526677, -99.082058"
2020-06-07,HOSPITAL GENERAL DE ZONA 98 (COACALCO),IMSS,Crítica,Media,"19.638165, -99.098892"
2020-06-07,CENTRO MEDICO 20 DE NOVIEMBRE,ISSSTE,Crítica,Crítica,"19.372720, -99.171205"
2020-06-07,HG DARIO FERNANDEZ FIERRO,ISSSTE,Media,Media,"19.363602, -99.188608"
2020-06-07,HG JOSE MARIA MORELOS,ISSSTE,Media,Crítica,"19.363918, -98.995393"
2020-06-07,HG TACUBA,ISSSTE,Media,Buena,"19.454384, -99.191231"
2020-06-07,HG DR FERNANDO QUIROZ,ISSSTE,Media,Buena,"19.394242, -99.194187"
2020-06-07,HG IGNACIO ZARAGOZA,ISSSTE,Crítica,Crítica,"19.389472, -99.045019"
2020-06-07,HR PRIMERO DE OCTUBRE,ISSSTE,Crítica,Media,"19.486751, -99.133249"
2020-06-07,HR LIC. ADOLFO LÓPEZ MATEOS,ISSSTE,Media,Buena,"19.358451, -99.172716"
2020-06-07,HR BICENTENARIO DE LA INDEPENDENCIA,ISSSTE,Crítica,Media,"19.628814, -99.163343"
2020-06-07,ALTA ESPECIALIDAD DE ZUMPANGO,EDOMEX,Crítica,Crítica,"19.815198, -99.089196"
2020-06-07,HOSPITAL REGIONAL TLALNEPANTLA ISSEMYM,EDOMEX,Crítica,Buena,"19.521706, -99.187341"
2020-06-07,"HOSPITAL GENERAL ECATEPEC ""LAS AMÉRICAS""",EDOMEX,Buena,Media,"19.594136, -99.018679"
2020-06-07,"HOSPITAL GENERAL DE NAUCALPAN ""DR. MAXIMILIANO RUIZ CASTAÑEDA"" ",EDOMEX,Media,Media,"19.468662, -99.234348"
2020-06-07,"HOSPITAL GENERAL ATIZAPAN DE ZARAGOZA ""DR. SALVADOR GONZALEZ HERREJÓN""",EDOMEX,Buena,Crítica,"19.546322, -99.237491"
2020-06-07,"HOSPITAL GENERAL CUAUTITLAN ""GRAL. JOSE VICENTE VILLADA""",EDOMEX,Media,Media,"19.664586, -99.178557"
2020-06-07,"HOSPITAL GENERAL DE NEZAHUALCOYOTL ""GUSTAVO BAZ PRADA""",EDOMEX,Media,Crítica,"19.422253, -99.014892"
2020-06-07,"HOSPITAL GENERAL DE ECATEPEC ""JOSÉ MARÍA RODRÍGUEZ""",EDOMEX,Buena,Buena,"19.514412, -99.038087"
2020-06-07,"HOSPITAL GENERAL NEZAHUALCOYOTL ""LA PERLA"" ",EDOMEX,Buena,Buena,"19.387963, -98.989442"
2020-06-07,HOSPITAL GENERAL DE CHIMALHUACAN,EDOMEX,Media,Media,"19.419753, -98.975140"
2020-06-07,"HOSPITAL GENERAL DE IXTAPALUCA ""PEDRO LOPEZ""",EDOMEX,Buena,Buena,"19.318829, -98.855366"
2020-06-07,HOSPITAL GENERAL DE CHALCO ,EDOMEX,Buena,Buena,"19.268265, -98.893965"
2020-06-07,"HOSPITAL GENERAL TEXCOCO ""GUADALUPE VICTORIA"" BICENTENARIO ",EDOMEX,Buena,Crítica,"19.514309, -98.871750"
2020-06-07,"HOSPITAL GENERAL VALLE DE CHALCO ""DR. FERNANDO QUIROZ GUTIERREZ"" ",EDOMEX,Buena,Buena,"19.273775, -98.941609"
2020-06-07,"HOSPITAL GENERAL AMECAMECA ""VALENTIN GOMEZ FARIAS"" ",EDOMEX,Buena,Buena,"19.144883, -98.785072"
2020-06-07,HOSPITAL GENERAL DE AXAPUSCO,EDOMEX,Crítica,Crítica,"19.732872, -98.769445"
2020-06-08,INSTITUTO NACIONAL DE NUTRICIÓN,SSA,Crítica,Crítica,"19.289599, -99.155441"
2020-06-08,INER,SSA,Media,Media,"19.291375, -99.158653"
2020-06-08,HOSPITAL GENERAL DE MÉXICO,SSA,Media,Media,"19.4129258, -99.1520225"
2020-06-08,HOSPITAL JUAREZ,SSA,Crítica,Media,"19.481829, -99.135576"
2020-06-08,HOSPITAL GENERAL DR. MANUEL GEA GONZÁLEZ,SSA,Crítica,Media,"19.290295, -99.160861"
2020-06-08,HOSPITAL INFANTIL DE MÉXICO FEDERICO GÓMEZ,SSA,Buena,Buena,"19.410839, -99.151941"
2020-06-08,INSTITUTO  NACIONAL DE CARDIOLOGÍA IGNACIO CHÁVEZ,SSA,Media,Media,"19.290598, -99.153838"
2020-06-08,CITIBANAMEX,SSA,Buena,Crítica,"19.439732, -99.224235"
2020-06-08,HOSPITAL REGIONAL DE ALTA ESPECIALIDAD DE IXTAPALUCA,SSA,Media,Crítica,"19.318796, -98.855353"
2020-06-08,BELISARIO DOMINGUEZ,SEDESA,Media,Buena,"19.307226, -99.065356"
2020-06-08,ENRIQUE CABRERA,SEDESA,Media,Buena,"19.361675, -99.224432"
2020-06-08,GENERAL TLAHUAC,SEDESA,Media,Buena,"19.287492, -99.052665"
2020-06-08,PEDIATRICO DE LA VILLA,SEDESA,Buena,Buena,"19.487355, -99.114316"
2020-06-08,HOSPITAL GENERAL AJUSCO MEDIO,SEDESA,Media,Media,"19.272165, -99.207846"
2020-06-08,HOSPITAL GENERAL IZTAPALAPA,SEDESA,Buena,Buena,"19.343426, -99.027236"
2020-06-08,HOSPITAL GENERAL XOCO,SEDESA,Crítica,Buena,"19.360313, -99.162275"
2020-06-08,HOSPITAL GENERAL VILLA,SEDESA,Media,Buena,"19.480079, -99.103353"
2020-06-08,HOSPITAL GENERAL DR. RUBÉN LEÑERO,SEDESA,Media,Buena,"19.451398, -99.169565"
2020-06-08,HOSPITAL GENERAL MILPA ALTA,SEDESA,Media,Media,"19.200951, -99.011210"
2020-06-08,HOSPITAL GENERAL BALBUENA,SEDESA,Media,Buena,"19.424195, -99.115412"
2020-06-08,HOSPITAL TEPEPAN,SEDESA,,Sin Dato,"19.275806, -99.144298"
2020-06-08,HOSPITAL DE ESPECIALIDADES 01 CMN SIGLO XXI (CDMX SUR),IMSS,Buena,Media,"19.466549, -99.145102"
2020-06-08,HOSPITAL DE PEDIATRIA 01 CMN SIGLO XXI (CDMX SUR),IMSS,Buena,Buena,"19.407458, -99.152267"
2020-06-08,HOSPITAL GENERAL DE ZONA 01 CARLOS MC GREGOR (CDMX SUR),IMSS,Media,Crítica,"19.395912, -99.161610"
2020-06-08,HOSPITAL GENERAL DE ZONA 1A PARQUE DE LOS VENADOS (CDMX SUR),IMSS,Media,Media,"19.374431, -99.151203"
2020-06-08,HOSPITAL DE INFECTOLOGIA 01 LA RAZA (CDMX NORTE),IMSS,Media,Media,"19.464865, -99.144859"
2020-06-08,HOSPITAL GENERAL 01 (CDMX NORTE) LA RAZA,IMSS,Media,Media,"19.395740, -99.161677"
2020-06-08,HOSPITAL GENERAL DE ZONA 24 (CDMX NORTE),IMSS,Media,Buena,"19.483221, -99.128448"
2020-06-08,HOSPITAL GENERAL DE ZONA 27 (CDMX NORTE),IMSS,Media,Buena,"19.454776, -99.140007"
2020-06-08,HOSPITAL GENERAL DE ZONA 2A (CDMX SUR),IMSS,Media,Buena,"19.405495, -99.112200"
2020-06-08,HOSPITAL GENERAL DE ZONA 30 (CDMX SUR),IMSS,Media,Media,"19.398836, -99.116913"
2020-06-08,HOSPITAL GENERAL DE ZONA 32 (CDMX SUR),IMSS,Media,Crítica,"19.307964, -99.130677"
2020-06-08,HOSPITAL GENERAL DE ZONA C/MF 08 (CDMX SUR),IMSS,Crítica,Media,"19.337137, -99.200142"
2020-06-08,HOSPITAL GENERAL DE ZONA C/UMAA 48 (CDMX NORTE),IMSS,Media,Crítica,"19.482375, -99.213046"
2020-06-08,HOSPITAL GENERAL 02 (CDMX SUR) VILLA COAPA (COY.),IMSS,Media,Crítica,"19.309194, -99.129593"
2020-06-08,HOSPITAL DE ESPECIALIDADES 01 (CDMX NORTE) LA RAZA (AZC),IMSS,Crítica,Media,"19.467169, -99.143785"
2020-06-08,HOSPITAL GENERAL DE ZONA C/MF 29 (S. JUAN ARAGÓN),IMSS,Media,Buena,"19.465117, -99.085162"
2020-06-08,HOSPITAL GENERAL DE ZONA 47 (CDMX SUR) (IZP),IMSS,Media,Buena,"19.357566, -99.054269"
2020-06-08,UNIDAD MÓVIL TEMPORAL COVID,IMSS,Crítica,Buena,"19.403082, -99.089177"
2020-06-08,HOSPITAL GENERAL REGIONAL 72,IMSS,Media,Media,"19.542797, -99.205022"
2020-06-08,HOSPITAL GENERAL REGIONAL 196,IMSS,Crítica,Media,"19.529016, -99.030983"
2020-06-08,HOSPITAL GENERAL REGIONAL 200,IMSS,Media,Media,"19.742905, -98.972971"
2020-06-08,HOSPITAL GENERAL DE ZONA 53,IMSS,Media,Crítica,"19.356913, -98.990929"
2020-06-08,HOSPITAL GENERAL DE ZONA 197,IMSS,Media,Buena,"19.515133, -98.891450"
2020-06-08,HOSPITAL GENERAL DE ZONA 194,IMSS,Crítica,Buena,"19.470300, -99.234208"
2020-06-08,HOSPITAL GENERAL DE ZONA 57 (LA QUEBRADA),IMSS,Crítica,Crítica,"19.597387, -99.188426"
2020-06-08,HOSPITAL GENERAL DE ZONA 58 (LAS MARGARITAS),IMSS,Media,Crítica,"19.530797, -99.222446"
2020-06-08,HOSPITAL GENERAL DE ZONA 68 (TULPETLAC),IMSS,Media,Media,"19.570070, -99.044009"
2020-06-08,HOSPITAL GENERAL DE ZONA 71 (CHALCO),IMSS,Media,Buena,"19.259803, -98.893368"
2020-06-08,HOSPITAL GENERAL DE ZONA 76 (XALOSTOC),IMSS,Media,Media,"19.526677, -99.082058"
2020-06-08,HOSPITAL GENERAL DE ZONA 98 (COACALCO),IMSS,Crítica,Media,"19.638165, -99.098892"
2020-06-08,CENTRO MEDICO 20 DE NOVIEMBRE,ISSSTE,Crítica,Crítica,"19.372720, -99.171205"
2020-06-08,HG DARIO FERNANDEZ FIERRO,ISSSTE,Media,Media,"19.363602, -99.188608"
2020-06-08,HG JOSE MARIA MORELOS,ISSSTE,Buena,Crítica,"19.363918, -98.995393"
2020-06-08,HG TACUBA,ISSSTE,Media,Buena,"19.454384, -99.191231"
2020-06-08,HG DR FERNANDO QUIROZ,ISSSTE,Media,Buena,"19.394242, -99.194187"
2020-06-08,HG IGNACIO ZARAGOZA,ISSSTE,Crítica,Crítica,"19.389472, -99.045019"
2020-06-08,HR PRIMERO DE OCTUBRE,ISSSTE,Crítica,Media,"19.486751, -99.133249"
2020-06-08,HR LIC. ADOLFO LÓPEZ MATEOS,ISSSTE,Media,Buena,"19.358451, -99.172716"
2020-06-08,HR BICENTENARIO DE LA INDEPENDENCIA,ISSSTE,Crítica,Media,"19.628814, -99.163343"
2020-06-08,ALTA ESPECIALIDAD DE ZUMPANGO,EDOMEX,Crítica,Crítica,"19.815198, -99.089196"
2020-06-08,HOSPITAL REGIONAL TLALNEPANTLA ISSEMYM,EDOMEX,Media,Buena,"19.521706, -99.187341"
2020-06-08,"HOSPITAL GENERAL ECATEPEC ""LAS AMÉRICAS""",EDOMEX,Media,Media,"19.594136, -99.018679"
2020-06-08,"HOSPITAL GENERAL DE NAUCALPAN ""DR. MAXIMILIANO RUIZ CASTAÑEDA"" ",EDOMEX,Media,Media,"19.468662, -99.234348"
2020-06-08,"HOSPITAL GENERAL ATIZAPAN DE ZARAGOZA ""DR. SALVADOR GONZALEZ HERREJÓN""",EDOMEX,Buena,Media,"19.546322, -99.237491"
2020-06-08,"HOSPITAL GENERAL CUAUTITLAN ""GRAL. JOSE VICENTE VILLADA""",EDOMEX,Media,Media,"19.664586, -99.178557"
2020-06-08,"HOSPITAL GENERAL DE NEZAHUALCOYOTL ""GUSTAVO BAZ PRADA""",EDOMEX,Media,Crítica,"19.422253, -99.014892"
2020-06-08,"HOSPITAL GENERAL DE ECATEPEC ""JOSÉ MARÍA RODRÍGUEZ""",EDOMEX,Buena,Media,"19.514412, -99.038087"
2020-06-08,"HOSPITAL GENERAL NEZAHUALCOYOTL ""LA PERLA"" ",EDOMEX,Buena,Buena,"19.387963, -98.989442"
2020-06-08,HOSPITAL GENERAL DE CHIMALHUACAN,EDOMEX,Media,Media,"19.419753, -98.975140"
2020-06-08,"HOSPITAL GENERAL DE IXTAPALUCA ""PEDRO LOPEZ""",EDOMEX,Buena,Buena,"19.318829, -98.855366"
2020-06-08,HOSPITAL GENERAL DE CHALCO ,EDOMEX,Buena,Buena,"19.268265, -98.893965"
2020-06-08,"HOSPITAL GENERAL TEXCOCO ""GUADALUPE VICTORIA"" BICENTENARIO ",EDOMEX,Media,Media,"19.514309, -98.871750"
2020-06-08,"HOSPITAL GENERAL VALLE DE CHALCO ""DR. FERNANDO QUIROZ GUTIERREZ"" ",EDOMEX,Buena,Buena,"19.273775, -98.941609"
2020-06-08,"HOSPITAL GENERAL AMECAMECA ""VALENTIN GOMEZ FARIAS"" ",EDOMEX,Buena,Buena,"19.144883, -98.785072"
2020-06-08,HOSPITAL GENERAL DE AXAPUSCO,EDOMEX,Media,Media,"19.732872, -98.769445"
2020-06-09,INSTITUTO NACIONAL DE NUTRICIÓN,SSA,Crítica,Crítica,"19.289599, -99.155441"
2020-06-09,INER,SSA,Media,Media,"19.291375, -99.158653"
2020-06-09,HOSPITAL GENERAL DE MÉXICO,SSA,Media,Media,"19.4129258, -99.1520225"
2020-06-09,HOSPITAL JUAREZ,SSA,Crítica,Media,"19.481829, -99.135576"
2020-06-09,HOSPITAL GENERAL DR. MANUEL GEA GONZÁLEZ,SSA,Crítica,Media,"19.290295, -99.160861"
2020-06-09,HOSPITAL INFANTIL DE MÉXICO FEDERICO GÓMEZ,SSA,Buena,Buena,"19.410839, -99.151941"
2020-06-09,INSTITUTO  NACIONAL DE CARDIOLOGÍA IGNACIO CHÁVEZ,SSA,Media,Media,"19.290598, -99.153838"
2020-06-09,CITIBANAMEX,SSA,Buena,Crítica,"19.439732, -99.224235"
2020-06-09,HOSPITAL REGIONAL DE ALTA ESPECIALIDAD DE IXTAPALUCA,SSA,Media,Media,"19.318796, -98.855353"
2020-06-09,BELISARIO DOMINGUEZ,SEDESA,Media,Buena,"19.307226, -99.065356"
2020-06-09,ENRIQUE CABRERA,SEDESA,Media,Buena,"19.361675, -99.224432"
2020-06-09,GENERAL TLAHUAC,SEDESA,Buena,Buena,"19.287492, -99.052665"
2020-06-09,PEDIATRICO DE LA VILLA,SEDESA,Buena,Buena,"19.487355, -99.114316"
2020-06-09,HOSPITAL GENERAL AJUSCO MEDIO,SEDESA,Media,Media,"19.272165, -99.207846"
2020-06-09,HOSPITAL GENERAL IZTAPALAPA,SEDESA,Buena,Buena,"19.343426, -99.027236"
2020-06-09,HOSPITAL GENERAL XOCO,SEDESA,Crítica,Buena,"19.360313, -99.162275"
2020-06-09,HOSPITAL GENERAL VILLA,SEDESA,Media,Buena,"19.480079, -99.103353"
2020-06-09,HOSPITAL GENERAL DR. RUBÉN LEÑERO,SEDESA,Media,Buena,"19.451398, -99.169565"
2020-06-09,HOSPITAL GENERAL MILPA ALTA,SEDESA,Media,Media,"19.200951, -99.011210"
2020-06-09,HOSPITAL GENERAL BALBUENA,SEDESA,Media,Buena,"19.424195, -99.115412"
2020-06-09,HOSPITAL TEPEPAN,SEDESA,Sin Dato,Sin Dato,"19.275806, -99.144298"
2020-06-09,HOSPITAL DE ESPECIALIDADES 01 CMN SIGLO XXI (CDMX SUR),IMSS,Buena,Media,"19.466549, -99.145102"
2020-06-09,HOSPITAL DE PEDIATRIA 01 CMN SIGLO XXI (CDMX SUR),IMSS,Buena,Buena,"19.407458, -99.152267"
2020-06-09,HOSPITAL GENERAL DE ZONA 01 CARLOS MC GREGOR (CDMX SUR),IMSS,Media,Crítica,"19.395912, -99.161610"
2020-06-09,HOSPITAL GENERAL DE ZONA 1A PARQUE DE LOS VENADOS (CDMX SUR),IMSS,Media,Media,"19.374431, -99.151203"
2020-06-09,HOSPITAL DE INFECTOLOGIA 01 LA RAZA (CDMX NORTE),IMSS,Media,Media,"19.464865, -99.144859"
2020-06-09,HOSPITAL GENERAL 01 (CDMX NORTE) LA RAZA,IMSS,Media,Media,"19.395740, -99.161677"
2020-06-09,HOSPITAL GENERAL DE ZONA 24 (CDMX NORTE),IMSS,Media,Media,"19.483221, -99.128448"
2020-06-09,HOSPITAL GENERAL DE ZONA 27 (CDMX NORTE),IMSS,Media,Buena,"19.454776, -99.140007"
2020-06-09,HOSPITAL GENERAL DE ZONA 2A (CDMX SUR),IMSS,Crítica,Buena,"19.405495, -99.112200"
2020-06-09,HOSPITAL GENERAL DE ZONA 30 (CDMX SUR),IMSS,Media,Media,"19.398836, -99.116913"
2020-06-09,HOSPITAL GENERAL DE ZONA 32 (CDMX SUR),IMSS,Media,Crítica,"19.307964, -99.130677"
2020-06-09,HOSPITAL GENERAL DE ZONA C/MF 08 (CDMX SUR),IMSS,Crítica,Media,"19.337137, -99.200142"
2020-06-09,HOSPITAL GENERAL DE ZONA C/UMAA 48 (CDMX NORTE),IMSS,Media,Crítica,"19.482375, -99.213046"
2020-06-09,HOSPITAL GENERAL 02 (CDMX SUR) VILLA COAPA (COY.),IMSS,Media,Crítica,"19.309194, -99.129593"
2020-06-09,HOSPITAL DE ESPECIALIDADES 01 (CDMX NORTE) LA RAZA (AZC),IMSS,Crítica,Media,"19.467169, -99.143785"
2020-06-09,HOSPITAL GENERAL DE ZONA C/MF 29 (S. JUAN ARAGÓN),IMSS,Media,Buena,"19.465117, -99.085162"
2020-06-09,HOSPITAL GENERAL DE ZONA 47 (CDMX SUR) (IZP),IMSS,Media,Buena,"19.357566, -99.054269"
2020-06-09,UNIDAD MÓVIL TEMPORAL COVID,IMSS,Crítica,Buena,"19.403082, -99.089177"
2020-06-09,HOSPITAL GENERAL REGIONAL 72,IMSS,Media,Media,"19.542797, -99.205022"
2020-06-09,HOSPITAL GENERAL REGIONAL 196,IMSS,Crítica,Media,"19.529016, -99.030983"
2020-06-09,HOSPITAL GENERAL REGIONAL 200,IMSS,Media,Media,"19.742905, -98.972971"
2020-06-09,HOSPITAL GENERAL DE ZONA 53,IMSS,Media,Crítica,"19.356913, -98.990929"
2020-06-09,HOSPITAL GENERAL DE ZONA 197,IMSS,Media,Buena,"19.515133, -98.891450"
2020-06-09,HOSPITAL GENERAL DE ZONA 194,IMSS,Crítica,Buena,"19.470300, -99.234208"
2020-06-09,HOSPITAL GENERAL DE ZONA 57 (LA QUEBRADA),IMSS,Crítica,Crítica,"19.597387, -99.188426"
2020-06-09,HOSPITAL GENERAL DE ZONA 58 (LAS MARGARITAS),IMSS,Media,Crítica,"19.530797, -99.222446"
2020-06-09,HOSPITAL GENERAL DE ZONA 68 (TULPETLAC),IMSS,Media,Media,"19.570070, -99.044009"
2020-06-09,HOSPITAL GENERAL DE ZONA 71 (CHALCO),IMSS,Media,Buena,"19.259803, -98.893368"
2020-06-09,HOSPITAL GENERAL DE ZONA 76 (XALOSTOC),IMSS,Media,Buena,"19.526677, -99.082058"
2020-06-09,HOSPITAL GENERAL DE ZONA 98 (COACALCO),IMSS,Crítica,Media,"19.638165, -99.098892"
2020-06-09,CENTRO MEDICO 20 DE NOVIEMBRE,ISSSTE,Crítica,Media,"19.372720, -99.171205"
2020-06-09,HG DARIO FERNANDEZ FIERRO,ISSSTE,Media,Crítica,"19.363602, -99.188608"
2020-06-09,HG JOSE MARIA MORELOS,ISSSTE,Buena,Crítica,"19.363918, -98.995393"
2020-06-09,HG TACUBA,ISSSTE,Media,Buena,"19.454384, -99.191231"
2020-06-09,HG DR FERNANDO QUIROZ,ISSSTE,Media,Buena,"19.394242, -99.194187"
2020-06-09,HG IGNACIO ZARAGOZA,ISSSTE,Crítica,Crítica,"19.389472, -99.045019"
2020-06-09,HR PRIMERO DE OCTUBRE,ISSSTE,Crítica,Media,"19.486751, -99.133249"
2020-06-09,HR LIC. ADOLFO LÓPEZ MATEOS,ISSSTE,Media,Buena,"19.358451, -99.172716"
2020-06-09,HR BICENTENARIO DE LA INDEPENDENCIA,ISSSTE,Crítica,Media,"19.628814, -99.163343"
2020-06-09,ALTA ESPECIALIDAD DE ZUMPANGO,EDOMEX,Crítica,Crítica,"19.815198, -99.089196"
2020-06-09,HOSPITAL REGIONAL TLALNEPANTLA ISSEMYM,EDOMEX,Media,Media,"19.521706, -99.187341"
2020-06-09,"HOSPITAL GENERAL ECATEPEC ""LAS AMÉRICAS""",EDOMEX,Media,Media,"19.594136, -99.018679"
2020-06-09,"HOSPITAL GENERAL DE NAUCALPAN ""DR. MAXIMILIANO RUIZ CASTAÑEDA"" ",EDOMEX,Media,Media,"19.468662, -99.234348"
2020-06-09,"HOSPITAL GENERAL ATIZAPAN DE ZARAGOZA ""DR. SALVADOR GONZALEZ HERREJÓN""",EDOMEX,Buena,Media,"19.546322, -99.237491"
2020-06-09,"HOSPITAL GENERAL CUAUTITLAN ""GRAL. JOSE VICENTE VILLADA""",EDOMEX,Media,Media,"19.664586, -99.178557"
2020-06-09,"HOSPITAL GENERAL DE NEZAHUALCOYOTL ""GUSTAVO BAZ PRADA""",EDOMEX,Media,Media,"19.422253, -99.014892"
2020-06-09,"HOSPITAL GENERAL DE ECATEPEC ""JOSÉ MARÍA RODRÍGUEZ""",EDOMEX,Buena,Buena,"19.514412, -99.038087"
2020-06-09,"HOSPITAL GENERAL NEZAHUALCOYOTL ""LA PERLA"" ",EDOMEX,Buena,Buena,"19.387963, -98.989442"
2020-06-09,HOSPITAL GENERAL DE CHIMALHUACAN,EDOMEX,Media,Buena,"19.419753, -98.975140"
2020-06-09,"HOSPITAL GENERAL DE IXTAPALUCA ""PEDRO LOPEZ""",EDOMEX,Buena,Buena,"19.318829, -98.855366"
2020-06-09,HOSPITAL GENERAL DE CHALCO ,EDOMEX,Buena,Buena,"19.268265, -98.893965"
2020-06-09,"HOSPITAL GENERAL TEXCOCO ""GUADALUPE VICTORIA"" BICENTENARIO ",EDOMEX,Media,Buena,"19.514309, -98.871750"
2020-06-09,"HOSPITAL GENERAL VALLE DE CHALCO ""DR. FERNANDO QUIROZ GUTIERREZ"" ",EDOMEX,Buena,Buena,"19.273775, -98.941609"
2020-06-09,"HOSPITAL GENERAL AMECAMECA ""VALENTIN GOMEZ FARIAS"" ",EDOMEX,Buena,Buena,"19.144883, -98.785072"
2020-06-09,HOSPITAL GENERAL DE AXAPUSCO,EDOMEX,Media,Media,"19.732872, -98.769445"
2020-06-10,INSTITUTO NACIONAL DE NUTRICIÓN,SSA,Crítica,Crítica,"19.289599, -99.155441"
2020-06-10,INER,SSA,Crítica,Media,"19.291375, -99.158653"
2020-06-10,HOSPITAL GENERAL DE MÉXICO,SSA,Media,Media,"19.4129258, -99.1520225"
2020-06-10,HOSPITAL JUAREZ,SSA,Crítica,Media,"19.481829, -99.135576"
2020-06-10,HOSPITAL GENERAL DR. MANUEL GEA GONZÁLEZ,SSA,Crítica,Media,"19.290295, -99.160861"
2020-06-10,HOSPITAL INFANTIL DE MÉXICO FEDERICO GÓMEZ,SSA,Media,Buena,"19.410839, -99.151941"
2020-06-10,INSTITUTO  NACIONAL DE CARDIOLOGÍA IGNACIO CHÁVEZ,SSA,Crítica,Media,"19.290598, -99.153838"
2020-06-10,CITIBANAMEX,SSA,Buena,Crítica,"19.439732, -99.224235"
2020-06-10,HOSPITAL REGIONAL DE ALTA ESPECIALIDAD DE IXTAPALUCA,SSA,Media,Crítica,"19.318796, -98.855353"
2020-06-10,BELISARIO DOMINGUEZ,SEDESA,Media,Buena,"19.307226, -99.065356"
2020-06-10,ENRIQUE CABRERA,SEDESA,Media,Buena,"19.361675, -99.224432"
2020-06-10,GENERAL TLAHUAC,SEDESA,Buena,Buena,"19.287492, -99.052665"
2020-06-10,PEDIATRICO DE LA VILLA,SEDESA,Buena,Buena,"19.487355, -99.114316"
2020-06-10,HOSPITAL GENERAL AJUSCO MEDIO,SEDESA,Media,Media,"19.272165, -99.207846"
2020-06-10,HOSPITAL GENERAL IZTAPALAPA,SEDESA,Buena,Buena,"19.343426, -99.027236"
2020-06-10,HOSPITAL GENERAL XOCO,SEDESA,Crítica,Buena,"19.360313, -99.162275"
2020-06-10,HOSPITAL GENERAL VILLA,SEDESA,Media,Buena,"19.480079, -99.103353"
2020-06-10,HOSPITAL GENERAL DR. RUBÉN LEÑERO,SEDESA,Crítica,Buena,"19.451398, -99.169565"
2020-06-10,HOSPITAL GENERAL MILPA ALTA,SEDESA,Media,Buena,"19.200951, -99.011210"
2020-06-10,HOSPITAL GENERAL BALBUENA,SEDESA,Media,Buena,"19.424195, -99.115412"
2020-06-10,HOSPITAL TEPEPAN,SEDESA,,Sin Dato,"19.275806, -99.144298"
2020-06-10,HOSPITAL DE ESPECIALIDADES 01 CMN SIGLO XXI (CDMX SUR),IMSS,Buena,Media,"19.466549, -99.145102"
2020-06-10,HOSPITAL DE PEDIATRIA 01 CMN SIGLO XXI (CDMX SUR),IMSS,Buena,Buena,"19.407458, -99.152267"
2020-06-10,HOSPITAL GENERAL DE ZONA 01 CARLOS MC GREGOR (CDMX SUR),IMSS,Media,Crítica,"19.395912, -99.161610"
2020-06-10,HOSPITAL GENERAL DE ZONA 1A PARQUE DE LOS VENADOS (CDMX SUR),IMSS,Crítica,Media,"19.374431, -99.151203"
2020-06-10,HOSPITAL DE INFECTOLOGIA 01 LA RAZA (CDMX NORTE),IMSS,Media,Media,"19.464865, -99.144859"
2020-06-10,HOSPITAL GENERAL 01 (CDMX NORTE) LA RAZA,IMSS,Media,Media,"19.395740, -99.161677"
2020-06-10,HOSPITAL GENERAL DE ZONA 24 (CDMX NORTE),IMSS,Media,Media,"19.483221, -99.128448"
2020-06-10,HOSPITAL GENERAL DE ZONA 27 (CDMX NORTE),IMSS,Media,Buena,"19.454776, -99.140007"
2020-06-10,HOSPITAL GENERAL DE ZONA 2A (CDMX SUR),IMSS,Crítica,Buena,"19.405495, -99.112200"
2020-06-10,HOSPITAL GENERAL DE ZONA 30 (CDMX SUR),IMSS,Media,Media,"19.398836, -99.116913"
2020-06-10,HOSPITAL GENERAL DE ZONA 32 (CDMX SUR),IMSS,Media,Crítica,"19.307964, -99.130677"
2020-06-10,HOSPITAL GENERAL DE ZONA C/MF 08 (CDMX SUR),IMSS,Crítica,Media,"19.337137, -99.200142"
2020-06-10,HOSPITAL GENERAL DE ZONA C/UMAA 48 (CDMX NORTE),IMSS,Crítica,Crítica,"19.482375, -99.213046"
2020-06-10,HOSPITAL GENERAL 02 (CDMX SUR) VILLA COAPA (COY.),IMSS,Media,Crítica,"19.309194, -99.129593"
2020-06-10,HOSPITAL DE ESPECIALIDADES 01 (CDMX NORTE) LA RAZA (AZC),IMSS,Crítica,Media,"19.467169, -99.143785"
2020-06-10,HOSPITAL GENERAL DE ZONA C/MF 29 (S. JUAN ARAGÓN),IMSS,Media,Buena,"19.465117, -99.085162"
2020-06-10,HOSPITAL GENERAL DE ZONA 47 (CDMX SUR) (IZP),IMSS,Media,Buena,"19.357566, -99.054269"
2020-06-10,UNIDAD MÓVIL TEMPORAL COVID,IMSS,Crítica,Buena,"19.403082, -99.089177"
2020-06-10,HOSPITAL GENERAL REGIONAL 72,IMSS,Media,Media,"19.542797, -99.205022"
2020-06-10,HOSPITAL GENERAL REGIONAL 196,IMSS,Crítica,Media,"19.529016, -99.030983"
2020-06-10,HOSPITAL GENERAL REGIONAL 200,IMSS,Media,Media,"19.742905, -98.972971"
2020-06-10,HOSPITAL GENERAL DE ZONA 53,IMSS,Media,Media,"19.356913, -98.990929"
2020-06-10,HOSPITAL GENERAL DE ZONA 197,IMSS,Media,Buena,"19.515133, -98.891450"
2020-06-10,HOSPITAL GENERAL DE ZONA 194,IMSS,Crítica,Buena,"19.470300, -99.234208"
2020-06-10,HOSPITAL GENERAL DE ZONA 57 (LA QUEBRADA),IMSS,Crítica,Crítica,"19.597387, -99.188426"
2020-06-10,HOSPITAL GENERAL DE ZONA 58 (LAS MARGARITAS),IMSS,Crítica,Crítica,"19.530797, -99.222446"
2020-06-10,HOSPITAL GENERAL DE ZONA 68 (TULPETLAC),IMSS,Media,Media,"19.570070, -99.044009"
2020-06-10,HOSPITAL GENERAL DE ZONA 71 (CHALCO),IMSS,Media,Buena,"19.259803, -98.893368"
2020-06-10,HOSPITAL GENERAL DE ZONA 76 (XALOSTOC),IMSS,Media,Buena,"19.526677, -99.082058"
2020-06-10,HOSPITAL GENERAL DE ZONA 98 (COACALCO),IMSS,Crítica,Media,"19.638165, -99.098892"
2020-06-10,CENTRO MEDICO 20 DE NOVIEMBRE,ISSSTE,Media,Crítica,"19.372720, -99.171205"
2020-06-10,HG DARIO FERNANDEZ FIERRO,ISSSTE,Media,Media,"19.363602, -99.188608"
2020-06-10,HG JOSE MARIA MORELOS,ISSSTE,Media,Media,"19.363918, -98.995393"
2020-06-10,HG TACUBA,ISSSTE,Crítica,Buena,"19.454384, -99.191231"
2020-06-10,HG DR FERNANDO QUIROZ,ISSSTE,Media,Buena,"19.394242, -99.194187"
2020-06-10,HG IGNACIO ZARAGOZA,ISSSTE,Crítica,Crítica,"19.389472, -99.045019"
2020-06-10,HR PRIMERO DE OCTUBRE,ISSSTE,Crítica,Media,"19.486751, -99.133249"
2020-06-10,HR LIC. ADOLFO LÓPEZ MATEOS,ISSSTE,Media,Buena,"19.358451, -99.172716"
2020-06-10,HR BICENTENARIO DE LA INDEPENDENCIA,ISSSTE,Crítica,Media,"19.628814, -99.163343"
2020-06-10,ALTA ESPECIALIDAD DE ZUMPANGO,EDOMEX,Crítica,Crítica,"19.815198, -99.089196"
2020-06-10,HOSPITAL REGIONAL TLALNEPANTLA ISSEMYM,EDOMEX,Media,Buena,"19.521706, -99.187341"
2020-06-10,"HOSPITAL GENERAL ECATEPEC ""LAS AMÉRICAS""",EDOMEX,Media,Media,"19.594136, -99.018679"
2020-06-10,"HOSPITAL GENERAL DE NAUCALPAN ""DR. MAXIMILIANO RUIZ CASTAÑEDA"" ",EDOMEX,Media,Media,"19.468662, -99.234348"
2020-06-10,"HOSPITAL GENERAL ATIZAPAN DE ZARAGOZA ""DR. SALVADOR GONZALEZ HERREJÓN""",EDOMEX,Buena,Media,"19.546322, -99.237491"
2020-06-10,"HOSPITAL GENERAL CUAUTITLAN ""GRAL. JOSE VICENTE VILLADA""",EDOMEX,Crítica,Buena,"19.664586, -99.178557"
2020-06-10,"HOSPITAL GENERAL DE NEZAHUALCOYOTL ""GUSTAVO BAZ PRADA""",EDOMEX,Media,Crítica,"19.422253, -99.014892"
2020-06-10,"HOSPITAL GENERAL DE ECATEPEC ""JOSÉ MARÍA RODRÍGUEZ""",EDOMEX,Buena,Buena,"19.514412, -99.038087"
2020-06-10,"HOSPITAL GENERAL NEZAHUALCOYOTL ""LA PERLA"" ",EDOMEX,Buena,Buena,"19.387963, -98.989442"
2020-06-10,HOSPITAL GENERAL DE CHIMALHUACAN,EDOMEX,Media,Buena,"19.419753, -98.975140"
2020-06-10,"HOSPITAL GENERAL DE IXTAPALUCA ""PEDRO LOPEZ""",EDOMEX,Buena,Buena,"19.318829, -98.855366"
2020-06-10,HOSPITAL GENERAL DE CHALCO ,EDOMEX,Buena,Buena,"19.268265, -98.893965"
2020-06-10,"HOSPITAL GENERAL TEXCOCO ""GUADALUPE VICTORIA"" BICENTENARIO ",EDOMEX,Media,Buena,"19.514309, -98.871750"
2020-06-10,"HOSPITAL GENERAL VALLE DE CHALCO ""DR. FERNANDO QUIROZ GUTIERREZ"" ",EDOMEX,Buena,Buena,"19.273775, -98.941609"
2020-06-10,"HOSPITAL GENERAL AMECAMECA ""VALENTIN GOMEZ FARIAS"" ",EDOMEX,Buena,Buena,"19.144883, -98.785072"
2020-06-10,HOSPITAL GENERAL DE AXAPUSCO,EDOMEX,Crítica,Media,"19.732872, -98.769445"
2020-06-11,INSTITUTO NACIONAL DE NUTRICIÓN,SSA,Crítica,Crítica,"19.289599, -99.155441"
2020-06-11,INER,SSA,Crítica,Media,"19.291375, -99.158653"
2020-06-11,HOSPITAL GENERAL DE MÉXICO,SSA,Media,Media,"19.4129258, -99.1520225"
2020-06-11,HOSPITAL JUAREZ,SSA,Crítica,Media,"19.481829, -99.135576"
2020-06-11,HOSPITAL GENERAL DR. MANUEL GEA GONZÁLEZ,SSA,Crítica,Media,"19.290295, -99.160861"
2020-06-11,HOSPITAL INFANTIL DE MÉXICO FEDERICO GÓMEZ,SSA,Media,Buena,"19.410839, -99.151941"
2020-06-11,INSTITUTO  NACIONAL DE CARDIOLOGÍA IGNACIO CHÁVEZ,SSA,Crítica,Media,"19.290598, -99.153838"
2020-06-11,CITIBANAMEX,SSA,Media,Crítica,"19.439732, -99.224235"
2020-06-11,HOSPITAL REGIONAL DE ALTA ESPECIALIDAD DE IXTAPALUCA,SSA,Media,Crítica,"19.318796, -98.855353"
2020-06-11,BELISARIO DOMINGUEZ,SEDESA,Media,Buena,"19.307226, -99.065356"
2020-06-11,ENRIQUE CABRERA,SEDESA,Media,Buena,"19.361675, -99.224432"
2020-06-11,GENERAL TLAHUAC,SEDESA,Buena,Buena,"19.287492, -99.052665"
2020-06-11,PEDIATRICO DE LA VILLA,SEDESA,Buena,Buena,"19.487355, -99.114316"
2020-06-11,HOSPITAL GENERAL AJUSCO MEDIO,SEDESA,Media,Media,"19.272165, -99.207846"
2020-06-11,HOSPITAL GENERAL IZTAPALAPA,SEDESA,Buena,Buena,"19.343426, -99.027236"
2020-06-11,HOSPITAL GENERAL XOCO,SEDESA,Crítica,Buena,"19.360313, -99.162275"
2020-06-11,HOSPITAL GENERAL VILLA,SEDESA,Media,Buena,"19.480079, -99.103353"
2020-06-11,HOSPITAL GENERAL DR. RUBÉN LEÑERO,SEDESA,Crítica,Buena,"19.451398, -99.169565"
2020-06-11,HOSPITAL GENERAL MILPA ALTA,SEDESA,Media,Buena,"19.200951, -99.011210"
2020-06-11,HOSPITAL GENERAL BALBUENA,SEDESA,Media,Buena,"19.424195, -99.115412"
2020-06-11,HOSPITAL TEPEPAN,SEDESA,,Sin Dato,"19.275806, -99.144298"
2020-06-11,HOSPITAL DE ESPECIALIDADES 01 CMN SIGLO XXI (CDMX SUR),IMSS,Buena,Buena,"19.466549, -99.145102"
2020-06-11,HOSPITAL DE PEDIATRIA 01 CMN SIGLO XXI (CDMX SUR),IMSS,Buena,Buena,"19.407458, -99.152267"
2020-06-11,HOSPITAL GENERAL DE ZONA 01 CARLOS MC GREGOR (CDMX SUR),IMSS,Media,Crítica,"19.395912, -99.161610"
2020-06-11,HOSPITAL GENERAL DE ZONA 1A PARQUE DE LOS VENADOS (CDMX SUR),IMSS,Media,Crítica,"19.374431, -99.151203"
2020-06-11,HOSPITAL DE INFECTOLOGIA 01 LA RAZA (CDMX NORTE),IMSS,Media,Media,"19.464865, -99.144859"
2020-06-11,HOSPITAL GENERAL 01 (CDMX NORTE) LA RAZA,IMSS,Crítica,Media,"19.395740, -99.161677"
2020-06-11,HOSPITAL GENERAL DE ZONA 24 (CDMX NORTE),IMSS,Media,Media,"19.483221, -99.128448"
2020-06-11,HOSPITAL GENERAL DE ZONA 27 (CDMX NORTE),IMSS,Media,Buena,"19.454776, -99.140007"
2020-06-11,HOSPITAL GENERAL DE ZONA 2A (CDMX SUR),IMSS,Crítica,Buena,"19.405495, -99.112200"
2020-06-11,HOSPITAL GENERAL DE ZONA 30 (CDMX SUR),IMSS,Media,Media,"19.398836, -99.116913"
2020-06-11,HOSPITAL GENERAL DE ZONA 32 (CDMX SUR),IMSS,Media,Crítica,"19.307964, -99.130677"
2020-06-11,HOSPITAL GENERAL DE ZONA C/MF 08 (CDMX SUR),IMSS,Crítica,Media,"19.337137, -99.200142"
2020-06-11,HOSPITAL GENERAL DE ZONA C/UMAA 48 (CDMX NORTE),IMSS,Crítica,Crítica,"19.482375, -99.213046"
2020-06-11,HOSPITAL GENERAL 02 (CDMX SUR) VILLA COAPA (COY.),IMSS,Media,Crítica,"19.309194, -99.129593"
2020-06-11,HOSPITAL DE ESPECIALIDADES 01 (CDMX NORTE) LA RAZA (AZC),IMSS,Crítica,Media,"19.467169, -99.143785"
2020-06-11,HOSPITAL GENERAL DE ZONA C/MF 29 (S. JUAN ARAGÓN),IMSS,Media,Buena,"19.465117, -99.085162"
2020-06-11,HOSPITAL GENERAL DE ZONA 47 (CDMX SUR) (IZP),IMSS,Media,Buena,"19.357566, -99.054269"
2020-06-11,UNIDAD MÓVIL TEMPORAL COVID,IMSS,Crítica,Buena,"19.403082, -99.089177"
2020-06-11,HOSPITAL GENERAL REGIONAL 72,IMSS,Media,Media,"19.542797, -99.205022"
2020-06-11,HOSPITAL GENERAL REGIONAL 196,IMSS,Crítica,Media,"19.529016, -99.030983"
2020-06-11,HOSPITAL GENERAL REGIONAL 200,IMSS,Media,Media,"19.742905, -98.972971"
2020-06-11,HOSPITAL GENERAL DE ZONA 53,IMSS,Crítica,Media,"19.356913, -98.990929"
2020-06-11,HOSPITAL GENERAL DE ZONA 197,IMSS,Media,Buena,"19.515133, -98.891450"
2020-06-11,HOSPITAL GENERAL DE ZONA 194,IMSS,Media,Media,"19.470300, -99.234208"
2020-06-11,HOSPITAL GENERAL DE ZONA 57 (LA QUEBRADA),IMSS,Crítica,Crítica,"19.597387, -99.188426"
2020-06-11,HOSPITAL GENERAL DE ZONA 58 (LAS MARGARITAS),IMSS,Crítica,Crítica,"19.530797, -99.222446"
2020-06-11,HOSPITAL GENERAL DE ZONA 68 (TULPETLAC),IMSS,Media,Media,"19.570070, -99.044009"
2020-06-11,HOSPITAL GENERAL DE ZONA 71 (CHALCO),IMSS,Media,Buena,"19.259803, -98.893368"
2020-06-11,HOSPITAL GENERAL DE ZONA 76 (XALOSTOC),IMSS,Media,Buena,"19.526677, -99.082058"
2020-06-11,HOSPITAL GENERAL DE ZONA 98 (COACALCO),IMSS,Crítica,Media,"19.638165, -99.098892"
2020-06-11,CENTRO MEDICO 20 DE NOVIEMBRE,ISSSTE,Media,Crítica,"19.372720, -99.171205"
2020-06-11,HG DARIO FERNANDEZ FIERRO,ISSSTE,Media,Crítica,"19.363602, -99.188608"
2020-06-11,HG JOSE MARIA MORELOS,ISSSTE,Buena,Media,"19.363918, -98.995393"
2020-06-11,HG TACUBA,ISSSTE,Media,Media,"19.454384, -99.191231"
2020-06-11,HG DR FERNANDO QUIROZ,ISSSTE,Media,Buena,"19.394242, -99.194187"
2020-06-11,HG IGNACIO ZARAGOZA,ISSSTE,Crítica,Crítica,"19.389472, -99.045019"
2020-06-11,HR PRIMERO DE OCTUBRE,ISSSTE,Media,Media,"19.486751, -99.133249"
2020-06-11,HR LIC. ADOLFO LÓPEZ MATEOS,ISSSTE,Media,Buena,"19.358451, -99.172716"
2020-06-11,HR BICENTENARIO DE LA INDEPENDENCIA,ISSSTE,Crítica,Media,"19.628814, -99.163343"
2020-06-11,ALTA ESPECIALIDAD DE ZUMPANGO,EDOMEX,Crítica,Crítica,"19.815198, -99.089196"
2020-06-11,HOSPITAL REGIONAL TLALNEPANTLA ISSEMYM,EDOMEX,Media,Media,"19.521706, -99.187341"
2020-06-11,"HOSPITAL GENERAL ECATEPEC ""LAS AMÉRICAS""",EDOMEX,Buena,Buena,"19.594136, -99.018679"
2020-06-11,"HOSPITAL GENERAL DE NAUCALPAN ""DR. MAXIMILIANO RUIZ CASTAÑEDA"" ",EDOMEX,Media,Buena,"19.468662, -99.234348"
2020-06-11,"HOSPITAL GENERAL ATIZAPAN DE ZARAGOZA ""DR. SALVADOR GONZALEZ HERREJÓN""",EDOMEX,Buena,Crítica,"19.546322, -99.237491"
2020-06-11,"HOSPITAL GENERAL CUAUTITLAN ""GRAL. JOSE VICENTE VILLADA""",EDOMEX,Media,Buena,"19.664586, -99.178557"
2020-06-11,"HOSPITAL GENERAL DE NEZAHUALCOYOTL ""GUSTAVO BAZ PRADA""",EDOMEX,Buena,Media,"19.422253, -99.014892"
2020-06-11,"HOSPITAL GENERAL DE ECATEPEC ""JOSÉ MARÍA RODRÍGUEZ""",EDOMEX,Buena,Buena,"19.514412, -99.038087"
2020-06-11,"HOSPITAL GENERAL NEZAHUALCOYOTL ""LA PERLA"" ",EDOMEX,Buena,Buena,"19.387963, -98.989442"
2020-06-11,HOSPITAL GENERAL DE CHIMALHUACAN,EDOMEX,Media,Media,"19.419753, -98.975140"
2020-06-11,"HOSPITAL GENERAL DE IXTAPALUCA ""PEDRO LOPEZ""",EDOMEX,Buena,Buena,"19.318829, -98.855366"
2020-06-11,HOSPITAL GENERAL DE CHALCO ,EDOMEX,Buena,Buena,"19.268265, -98.893965"
2020-06-11,"HOSPITAL GENERAL TEXCOCO ""GUADALUPE VICTORIA"" BICENTENARIO ",EDOMEX,Media,Buena,"19.514309, -98.871750"
2020-06-11,"HOSPITAL GENERAL VALLE DE CHALCO ""DR. FERNANDO QUIROZ GUTIERREZ"" ",EDOMEX,Buena,Buena,"19.273775, -98.941609"
2020-06-11,"HOSPITAL GENERAL AMECAMECA ""VALENTIN GOMEZ FARIAS"" ",EDOMEX,Buena,Buena,"19.144883, -98.785072"
2020-06-11,HOSPITAL GENERAL DE AXAPUSCO,EDOMEX,Crítica,Media,"19.732872, -98.769445"
2020-06-12,INSTITUTO NACIONAL DE NUTRICIÓN,SSA,Crítica,Crítica,"19.289599, -99.155441"
2020-06-12,INER,SSA,Media,Media,"19.291375, -99.158653"
2020-06-12,HOSPITAL GENERAL DE MÉXICO,SSA,Media,Media,"19.4129258, -99.1520225"
2020-06-12,HOSPITAL JUAREZ,SSA,Crítica,Media,"19.481829, -99.135576"
2020-06-12,HOSPITAL GENERAL DR. MANUEL GEA GONZÁLEZ,SSA,Crítica,Media,"19.290295, -99.160861"
2020-06-12,HOSPITAL INFANTIL DE MÉXICO FEDERICO GÓMEZ,SSA,Media,Buena,"19.410839, -99.151941"
2020-06-12,INSTITUTO  NACIONAL DE CARDIOLOGÍA IGNACIO CHÁVEZ,SSA,Crítica,Media,"19.290598, -99.153838"
2020-06-12,CITIBANAMEX,SSA,Media,Crítica,"19.439732, -99.224235"
2020-06-12,HOSPITAL REGIONAL DE ALTA ESPECIALIDAD DE IXTAPALUCA,SSA,Media,Crítica,"19.318796, -98.855353"
2020-06-12,BELISARIO DOMINGUEZ,SEDESA,Media,Buena,"19.307226, -99.065356"
2020-06-12,ENRIQUE CABRERA,SEDESA,Media,Buena,"19.361675, -99.224432"
2020-06-12,GENERAL TLAHUAC,SEDESA,Buena,Buena,"19.287492, -99.052665"
2020-06-12,PEDIATRICO DE LA VILLA,SEDESA,Buena,Buena,"19.487355, -99.114316"
2020-06-12,HOSPITAL GENERAL AJUSCO MEDIO,SEDESA,Media,Media,"19.272165, -99.207846"
2020-06-12,HOSPITAL GENERAL IZTAPALAPA,SEDESA,Buena,Buena,"19.343426, -99.027236"
2020-06-12,HOSPITAL GENERAL XOCO,SEDESA,Crítica,Buena,"19.360313, -99.162275"
2020-06-12,HOSPITAL GENERAL VILLA,SEDESA,Media,Buena,"19.480079, -99.103353"
2020-06-12,HOSPITAL GENERAL DR. RUBÉN LEÑERO,SEDESA,Media,Buena,"19.451398, -99.169565"
2020-06-12,HOSPITAL GENERAL MILPA ALTA,SEDESA,Crítica,Media,"19.200951, -99.011210"
2020-06-12,HOSPITAL GENERAL BALBUENA,SEDESA,Media,Buena,"19.424195, -99.115412"
2020-06-12,HOSPITAL TEPEPAN,SEDESA,Sin Dato,Sin Dato,"19.275806, -99.144298"
2020-06-12,HOSPITAL DE ESPECIALIDADES 01 CMN SIGLO XXI (CDMX SUR),IMSS,Buena,Media,"19.466549, -99.145102"
2020-06-12,HOSPITAL DE PEDIATRIA 01 CMN SIGLO XXI (CDMX SUR),IMSS,Buena,Buena,"19.407458, -99.152267"
2020-06-12,HOSPITAL GENERAL DE ZONA 01 CARLOS MC GREGOR (CDMX SUR),IMSS,Crítica,Media,"19.395912, -99.161610"
2020-06-12,HOSPITAL GENERAL DE ZONA 1A PARQUE DE LOS VENADOS (CDMX SUR),IMSS,Media,Media,"19.374431, -99.151203"
2020-06-12,HOSPITAL DE INFECTOLOGIA 01 LA RAZA (CDMX NORTE),IMSS,Media,Media,"19.464865, -99.144859"
2020-06-12,HOSPITAL GENERAL 01 (CDMX NORTE) LA RAZA,IMSS,Media,Media,"19.395740, -99.161677"
2020-06-12,HOSPITAL GENERAL DE ZONA 24 (CDMX NORTE),IMSS,Media,Crítica,"19.483221, -99.128448"
2020-06-12,HOSPITAL GENERAL DE ZONA 27 (CDMX NORTE),IMSS,Media,Media,"19.454776, -99.140007"
2020-06-12,HOSPITAL GENERAL DE ZONA 2A (CDMX SUR),IMSS,Media,Media,"19.405495, -99.112200"
2020-06-12,HOSPITAL GENERAL DE ZONA 30 (CDMX SUR),IMSS,Media,Media,"19.398836, -99.116913"
2020-06-12,HOSPITAL GENERAL DE ZONA 32 (CDMX SUR),IMSS,Media,Crítica,"19.307964, -99.130677"
2020-06-12,HOSPITAL GENERAL DE ZONA C/MF 08 (CDMX SUR),IMSS,Media,Media,"19.337137, -99.200142"
2020-06-12,HOSPITAL GENERAL DE ZONA C/UMAA 48 (CDMX NORTE),IMSS,Crítica,Crítica,"19.482375, -99.213046"
2020-06-12,HOSPITAL GENERAL 02 (CDMX SUR) VILLA COAPA (COY.),IMSS,Media,Crítica,"19.309194, -99.129593"
2020-06-12,HOSPITAL DE ESPECIALIDADES 01 (CDMX NORTE) LA RAZA (AZC),IMSS,Crítica,Media,"19.467169, -99.143785"
2020-06-12,HOSPITAL GENERAL DE ZONA C/MF 29 (S. JUAN ARAGÓN),IMSS,Media,Buena,"19.465117, -99.085162"
2020-06-12,HOSPITAL GENERAL DE ZONA 47 (CDMX SUR) (IZP),IMSS,Media,Buena,"19.357566, -99.054269"
2020-06-12,UNIDAD MÓVIL TEMPORAL COVID,IMSS,Crítica,Media,"19.403082, -99.089177"
2020-06-12,HOSPITAL GENERAL REGIONAL 72,IMSS,Media,Media,"19.542797, -99.205022"
2020-06-12,HOSPITAL GENERAL REGIONAL 196,IMSS,Crítica,Media,"19.529016, -99.030983"
2020-06-12,HOSPITAL GENERAL REGIONAL 200,IMSS,Media,Media,"19.742905, -98.972971"
2020-06-12,HOSPITAL GENERAL DE ZONA 53,IMSS,Crítica,Media,"19.356913, -98.990929"
2020-06-12,HOSPITAL GENERAL DE ZONA 197,IMSS,Media,Buena,"19.515133, -98.891450"
2020-06-12,HOSPITAL GENERAL DE ZONA 194,IMSS,Media,Media,"19.470300, -99.234208"
2020-06-12,HOSPITAL GENERAL DE ZONA 57 (LA QUEBRADA),IMSS,Crítica,Crítica,"19.597387, -99.188426"
2020-06-12,HOSPITAL GENERAL DE ZONA 58 (LAS MARGARITAS),IMSS,Crítica,Crítica,"19.530797, -99.222446"
2020-06-12,HOSPITAL GENERAL DE ZONA 68 (TULPETLAC),IMSS,Media,Media,"19.570070, -99.044009"
2020-06-12,HOSPITAL GENERAL DE ZONA 71 (CHALCO),IMSS,Media,Buena,"19.259803, -98.893368"
2020-06-12,HOSPITAL GENERAL DE ZONA 76 (XALOSTOC),IMSS,Media,Buena,"19.526677, -99.082058"
2020-06-12,HOSPITAL GENERAL DE ZONA 98 (COACALCO),IMSS,Crítica,Buena,"19.638165, -99.098892"
2020-06-12,CENTRO MEDICO 20 DE NOVIEMBRE,ISSSTE,Crítica,Media,"19.372720, -99.171205"
2020-06-12,HG DARIO FERNANDEZ FIERRO,ISSSTE,Media,Crítica,"19.363602, -99.188608"
2020-06-12,HG JOSE MARIA MORELOS,ISSSTE,Media,Media,"19.363918, -98.995393"
2020-06-12,HG TACUBA,ISSSTE,Crítica,Media,"19.454384, -99.191231"
2020-06-12,HG DR FERNANDO QUIROZ,ISSSTE,Media,Buena,"19.394242, -99.194187"
2020-06-12,HG IGNACIO ZARAGOZA,ISSSTE,Crítica,Media,"19.389472, -99.045019"
2020-06-12,HR PRIMERO DE OCTUBRE,ISSSTE,Crítica,Media,"19.486751, -99.133249"
2020-06-12,HR LIC. ADOLFO LÓPEZ MATEOS,ISSSTE,Media,Buena,"19.358451, -99.172716"
2020-06-12,HR BICENTENARIO DE LA INDEPENDENCIA,ISSSTE,Crítica,Media,"19.628814, -99.163343"
2020-06-12,ALTA ESPECIALIDAD DE ZUMPANGO,EDOMEX,Crítica,Crítica,"19.815198, -99.089196"
2020-06-12,HOSPITAL REGIONAL TLALNEPANTLA ISSEMYM,EDOMEX,Crítica,Buena,"19.521706, -99.187341"
2020-06-12,"HOSPITAL GENERAL ECATEPEC ""LAS AMÉRICAS""",EDOMEX,Buena,Media,"19.594136, -99.018679"
2020-06-12,"HOSPITAL GENERAL DE NAUCALPAN ""DR. MAXIMILIANO RUIZ CASTAÑEDA"" ",EDOMEX,Media,Media,"19.468662, -99.234348"
2020-06-12,"HOSPITAL GENERAL ATIZAPAN DE ZARAGOZA ""DR. SALVADOR GONZALEZ HERREJÓN""",EDOMEX,Buena,Crítica,"19.546322, -99.237491"
2020-06-12,"HOSPITAL GENERAL CUAUTITLAN ""GRAL. JOSE VICENTE VILLADA""",EDOMEX,Crítica,Buena,"19.664586, -99.178557"
2020-06-12,"HOSPITAL GENERAL DE NEZAHUALCOYOTL ""GUSTAVO BAZ PRADA""",EDOMEX,Buena,Media,"19.422253, -99.014892"
2020-06-12,"HOSPITAL GENERAL DE ECATEPEC ""JOSÉ MARÍA RODRÍGUEZ""",EDOMEX,Buena,Media,"19.514412, -99.038087"
2020-06-12,"HOSPITAL GENERAL NEZAHUALCOYOTL ""LA PERLA"" ",EDOMEX,Buena,Media,"19.387963, -98.989442"
2020-06-12,HOSPITAL GENERAL DE CHIMALHUACAN,EDOMEX,Media,Buena,"19.419753, -98.975140"
2020-06-12,"HOSPITAL GENERAL DE IXTAPALUCA ""PEDRO LOPEZ""",EDOMEX,Buena,Buena,"19.318829, -98.855366"
2020-06-12,HOSPITAL GENERAL DE CHALCO ,EDOMEX,Media,Buena,"19.268265, -98.893965"
2020-06-12,"HOSPITAL GENERAL TEXCOCO ""GUADALUPE VICTORIA"" BICENTENARIO ",EDOMEX,Media,Buena,"19.514309, -98.871750"
2020-06-12,"HOSPITAL GENERAL VALLE DE CHALCO ""DR. FERNANDO QUIROZ GUTIERREZ"" ",EDOMEX,Buena,Buena,"19.273775, -98.941609"
2020-06-12,"HOSPITAL GENERAL AMECAMECA ""VALENTIN GOMEZ FARIAS"" ",EDOMEX,Buena,Buena,"19.144883, -98.785072"
2020-06-12,HOSPITAL GENERAL DE AXAPUSCO,EDOMEX,Crítica,Crítica,"19.732872, -98.769445"
2020-06-13,INSTITUTO NACIONAL DE NUTRICIÓN,SSA,Crítica,Crítica,"19.289599, -99.155441"
2020-06-13,INER,SSA,Media,Media,"19.291375, -99.158653"
2020-06-13,HOSPITAL GENERAL DE MÉXICO,SSA,Media,Media,"19.4129258, -99.1520225"
2020-06-13,HOSPITAL JUAREZ,SSA,Crítica,Media,"19.481829, -99.135576"
2020-06-13,HOSPITAL GENERAL DR. MANUEL GEA GONZÁLEZ,SSA,Crítica,Media,"19.290295, -99.160861"
2020-06-13,HOSPITAL INFANTIL DE MÉXICO FEDERICO GÓMEZ,SSA,Media,Buena,"19.410839, -99.151941"
2020-06-13,INSTITUTO  NACIONAL DE CARDIOLOGÍA IGNACIO CHÁVEZ,SSA,Crítica,Media,"19.290598, -99.153838"
2020-06-13,CITIBANAMEX,SSA,Media,Crítica,"19.439732, -99.224235"
2020-06-13,HOSPITAL REGIONAL DE ALTA ESPECIALIDAD DE IXTAPALUCA,SSA,Media,Crítica,"19.318796, -98.855353"
2020-06-13,BELISARIO DOMINGUEZ,SEDESA,Media,Buena,"19.307226, -99.065356"
2020-06-13,ENRIQUE CABRERA,SEDESA,Media,Buena,"19.361675, -99.224432"
2020-06-13,GENERAL TLAHUAC,SEDESA,Buena,Buena,"19.287492, -99.052665"
2020-06-13,PEDIATRICO DE LA VILLA,SEDESA,Buena,Buena,"19.487355, -99.114316"
2020-06-13,HOSPITAL GENERAL AJUSCO MEDIO,SEDESA,Media,Media,"19.272165, -99.207846"
2020-06-13,HOSPITAL GENERAL IZTAPALAPA,SEDESA,Buena,Buena,"19.343426, -99.027236"
2020-06-13,HOSPITAL GENERAL XOCO,SEDESA,Crítica,Buena,"19.360313, -99.162275"
2020-06-13,HOSPITAL GENERAL VILLA,SEDESA,Media,Buena,"19.480079, -99.103353"
2020-06-13,HOSPITAL GENERAL DR. RUBÉN LEÑERO,SEDESA,Media,Buena,"19.451398, -99.169565"
2020-06-13,HOSPITAL GENERAL MILPA ALTA,SEDESA,Crítica,Media,"19.200951, -99.011210"
2020-06-13,HOSPITAL GENERAL BALBUENA,SEDESA,Media,Buena,"19.424195, -99.115412"
2020-06-13,HOSPITAL TEPEPAN,SEDESA,Sin Dato,Sin Dato,"19.275806, -99.144298"
2020-06-13,HOSPITAL DE ESPECIALIDADES 01 CMN SIGLO XXI (CDMX SUR),IMSS,Buena,Media,"19.466549, -99.145102"
2020-06-13,HOSPITAL DE PEDIATRIA 01 CMN SIGLO XXI (CDMX SUR),IMSS,Buena,Buena,"19.407458, -99.152267"
2020-06-13,HOSPITAL GENERAL DE ZONA 01 CARLOS MC GREGOR (CDMX SUR),IMSS,Crítica,Media,"19.395912, -99.161610"
2020-06-13,HOSPITAL GENERAL DE ZONA 1A PARQUE DE LOS VENADOS (CDMX SUR),IMSS,Media,Media,"19.374431, -99.151203"
2020-06-13,HOSPITAL DE INFECTOLOGIA 01 LA RAZA (CDMX NORTE),IMSS,Media,Media,"19.464865, -99.144859"
2020-06-13,HOSPITAL GENERAL 01 (CDMX NORTE) LA RAZA,IMSS,Media,Media,"19.395740, -99.161677"
2020-06-13,HOSPITAL GENERAL DE ZONA 24 (CDMX NORTE),IMSS,Media,Crítica,"19.483221, -99.128448"
2020-06-13,HOSPITAL GENERAL DE ZONA 27 (CDMX NORTE),IMSS,Media,Media,"19.454776, -99.140007"
2020-06-13,HOSPITAL GENERAL DE ZONA 2A (CDMX SUR),IMSS,Media,Media,"19.405495, -99.112200"
2020-06-13,HOSPITAL GENERAL DE ZONA 30 (CDMX SUR),IMSS,Media,Media,"19.398836, -99.116913"
2020-06-13,HOSPITAL GENERAL DE ZONA 32 (CDMX SUR),IMSS,Media,Crítica,"19.307964, -99.130677"
2020-06-13,HOSPITAL GENERAL DE ZONA C/MF 08 (CDMX SUR),IMSS,Media,Media,"19.337137, -99.200142"
2020-06-13,HOSPITAL GENERAL DE ZONA C/UMAA 48 (CDMX NORTE),IMSS,Crítica,Crítica,"19.482375, -99.213046"
2020-06-13,HOSPITAL GENERAL 02 (CDMX SUR) VILLA COAPA (COY.),IMSS,Media,Crítica,"19.309194, -99.129593"
2020-06-13,HOSPITAL DE ESPECIALIDADES 01 (CDMX NORTE) LA RAZA (AZC),IMSS,Crítica,Media,"19.467169, -99.143785"
2020-06-13,HOSPITAL GENERAL DE ZONA C/MF 29 (S. JUAN ARAGÓN),IMSS,Media,Buena,"19.465117, -99.085162"
2020-06-13,HOSPITAL GENERAL DE ZONA 47 (CDMX SUR) (IZP),IMSS,Media,Buena,"19.357566, -99.054269"
2020-06-13,UNIDAD MÓVIL TEMPORAL COVID,IMSS,Crítica,Media,"19.403082, -99.089177"
2020-06-13,HOSPITAL GENERAL REGIONAL 72,IMSS,Media,Media,"19.542797, -99.205022"
2020-06-13,HOSPITAL GENERAL REGIONAL 196,IMSS,Crítica,Media,"19.529016, -99.030983"
2020-06-13,HOSPITAL GENERAL REGIONAL 200,IMSS,Media,Media,"19.742905, -98.972971"
2020-06-13,HOSPITAL GENERAL DE ZONA 53,IMSS,Crítica,Media,"19.356913, -98.990929"
2020-06-13,HOSPITAL GENERAL DE ZONA 197,IMSS,Media,Buena,"19.515133, -98.891450"
2020-06-13,HOSPITAL GENERAL DE ZONA 194,IMSS,Media,Media,"19.470300, -99.234208"
2020-06-13,HOSPITAL GENERAL DE ZONA 57 (LA QUEBRADA),IMSS,Crítica,Crítica,"19.597387, -99.188426"
2020-06-13,HOSPITAL GENERAL DE ZONA 58 (LAS MARGARITAS),IMSS,Crítica,Crítica,"19.530797, -99.222446"
2020-06-13,HOSPITAL GENERAL DE ZONA 68 (TULPETLAC),IMSS,Media,Media,"19.570070, -99.044009"
2020-06-13,HOSPITAL GENERAL DE ZONA 71 (CHALCO),IMSS,Media,Buena,"19.259803, -98.893368"
2020-06-13,HOSPITAL GENERAL DE ZONA 76 (XALOSTOC),IMSS,Media,Buena,"19.526677, -99.082058"
2020-06-13,HOSPITAL GENERAL DE ZONA 98 (COACALCO),IMSS,Crítica,Buena,"19.638165, -99.098892"
2020-06-13,CENTRO MEDICO 20 DE NOVIEMBRE,ISSSTE,Crítica,Media,"19.372720, -99.171205"
2020-06-13,HG DARIO FERNANDEZ FIERRO,ISSSTE,Media,Crítica,"19.363602, -99.188608"
2020-06-13,HG JOSE MARIA MORELOS,ISSSTE,Media,Media,"19.363918, -98.995393"
2020-06-13,HG TACUBA,ISSSTE,Crítica,Media,"19.454384, -99.191231"
2020-06-13,HG DR FERNANDO QUIROZ,ISSSTE,Media,Buena,"19.394242, -99.194187"
2020-06-13,HG IGNACIO ZARAGOZA,ISSSTE,Crítica,Media,"19.389472, -99.045019"
2020-06-13,HR PRIMERO DE OCTUBRE,ISSSTE,Crítica,Media,"19.486751, -99.133249"
2020-06-13,HR LIC. ADOLFO LÓPEZ MATEOS,ISSSTE,Media,Buena,"19.358451, -99.172716"
2020-06-13,HR BICENTENARIO DE LA INDEPENDENCIA,ISSSTE,Crítica,Media,"19.628814, -99.163343"
2020-06-13,ALTA ESPECIALIDAD DE ZUMPANGO,EDOMEX,Crítica,Crítica,"19.815198, -99.089196"
2020-06-13,HOSPITAL REGIONAL TLALNEPANTLA ISSEMYM,EDOMEX,Crítica,Buena,"19.521706, -99.187341"
2020-06-13,"HOSPITAL GENERAL ECATEPEC ""LAS AMÉRICAS""",EDOMEX,Buena,Media,"19.594136, -99.018679"
2020-06-13,"HOSPITAL GENERAL DE NAUCALPAN ""DR. MAXIMILIANO RUIZ CASTAÑEDA"" ",EDOMEX,Media,Media,"19.468662, -99.234348"
2020-06-13,"HOSPITAL GENERAL ATIZAPAN DE ZARAGOZA ""DR. SALVADOR GONZALEZ HERREJÓN""",EDOMEX,Buena,Crítica,"19.546322, -99.237491"
2020-06-13,"HOSPITAL GENERAL CUAUTITLAN ""GRAL. JOSE VICENTE VILLADA""",EDOMEX,Crítica,Buena,"19.664586, -99.178557"
2020-06-13,"HOSPITAL GENERAL DE NEZAHUALCOYOTL ""GUSTAVO BAZ PRADA""",EDOMEX,Buena,Media,"19.422253, -99.014892"
2020-06-13,"HOSPITAL GENERAL DE ECATEPEC ""JOSÉ MARÍA RODRÍGUEZ""",EDOMEX,Buena,Media,"19.514412, -99.038087"
2020-06-13,"HOSPITAL GENERAL NEZAHUALCOYOTL ""LA PERLA"" ",EDOMEX,Buena,Media,"19.387963, -98.989442"
2020-06-13,HOSPITAL GENERAL DE CHIMALHUACAN,EDOMEX,Media,Buena,"19.419753, -98.975140"
2020-06-13,"HOSPITAL GENERAL DE IXTAPALUCA ""PEDRO LOPEZ""",EDOMEX,Buena,Buena,"19.318829, -98.855366"
2020-06-13,HOSPITAL GENERAL DE CHALCO ,EDOMEX,Media,Buena,"19.268265, -98.893965"
2020-06-13,"HOSPITAL GENERAL TEXCOCO ""GUADALUPE VICTORIA"" BICENTENARIO ",EDOMEX,Media,Buena,"19.514309, -98.871750"
2020-06-13,"HOSPITAL GENERAL VALLE DE CHALCO ""DR. FERNANDO QUIROZ GUTIERREZ"" ",EDOMEX,Buena,Buena,"19.273775, -98.941609"
2020-06-13,"HOSPITAL GENERAL AMECAMECA ""VALENTIN GOMEZ FARIAS"" ",EDOMEX,Buena,Buena,"19.144883, -98.785072"
2020-06-13,HOSPITAL GENERAL DE AXAPUSCO,EDOMEX,Crítica,Crítica,"19.732872, -98.769445"
2020-06-14,INSTITUTO NACIONAL DE NUTRICIÓN,SSA,Crítica,Crítica,"19.289599, -99.155441"
2020-06-14,INER,SSA,Media,Media,"19.291375, -99.158653"
2020-06-14,HOSPITAL GENERAL DE MÉXICO,SSA,Media,Media,"19.4129258, -99.1520225"
2020-06-14,HOSPITAL JUAREZ,SSA,Crítica,Media,"19.481829, -99.135576"
2020-06-14,HOSPITAL GENERAL DR. MANUEL GEA GONZÁLEZ,SSA,Media,Media,"19.290295, -99.160861"
2020-06-14,HOSPITAL INFANTIL DE MÉXICO FEDERICO GÓMEZ,SSA,Media,Buena,"19.410839, -99.151941"
2020-06-14,INSTITUTO  NACIONAL DE CARDIOLOGÍA IGNACIO CHÁVEZ,SSA,Crítica,Media,"19.290598, -99.153838"
2020-06-14,CITIBANAMEX,SSA,Media,Crítica,"19.439732, -99.224235"
2020-06-14,HOSPITAL REGIONAL DE ALTA ESPECIALIDAD DE IXTAPALUCA,SSA,Media,Media,"19.318796, -98.855353"
2020-06-14,BELISARIO DOMINGUEZ,SEDESA,Media,Buena,"19.307226, -99.065356"
2020-06-14,ENRIQUE CABRERA,SEDESA,Media,Buena,"19.361675, -99.224432"
2020-06-14,GENERAL TLAHUAC,SEDESA,Buena,Buena,"19.287492, -99.052665"
2020-06-14,PEDIATRICO DE LA VILLA,SEDESA,Buena,Buena,"19.487355, -99.114316"
2020-06-14,HOSPITAL GENERAL AJUSCO MEDIO,SEDESA,Media,Media,"19.272165, -99.207846"
2020-06-14,HOSPITAL GENERAL IZTAPALAPA,SEDESA,Buena,Buena,"19.343426, -99.027236"
2020-06-14,HOSPITAL GENERAL XOCO,SEDESA,Crítica,Buena,"19.360313, -99.162275"
2020-06-14,HOSPITAL GENERAL VILLA,SEDESA,Media,Buena,"19.480079, -99.103353"
2020-06-14,HOSPITAL GENERAL DR. RUBÉN LEÑERO,SEDESA,Crítica,Buena,"19.451398, -99.169565"
2020-06-14,HOSPITAL GENERAL MILPA ALTA,SEDESA,Media,Media,"19.200951, -99.011210"
2020-06-14,HOSPITAL GENERAL BALBUENA,SEDESA,Media,Buena,"19.424195, -99.115412"
2020-06-14,HOSPITAL TEPEPAN,SEDESA,,,"19.275806, -99.144298"
2020-06-14,HOSPITAL DE ESPECIALIDADES 01 CMN SIGLO XXI (CDMX SUR),IMSS,Buena,Media,"19.466549, -99.145102"
2020-06-14,HOSPITAL DE PEDIATRIA 01 CMN SIGLO XXI (CDMX SUR),IMSS,Buena,Buena,"19.407458, -99.152267"
2020-06-14,HOSPITAL GENERAL DE ZONA 01 CARLOS MC GREGOR (CDMX SUR),IMSS,Crítica,Crítica,"19.395912, -99.161610"
2020-06-14,HOSPITAL GENERAL DE ZONA 1A PARQUE DE LOS VENADOS (CDMX SUR),IMSS,Media,Media,"19.374431, -99.151203"
2020-06-14,HOSPITAL DE INFECTOLOGIA 01 LA RAZA (CDMX NORTE),IMSS,Media,Media,"19.464865, -99.144859"
2020-06-14,HOSPITAL GENERAL 01 (CDMX NORTE) LA RAZA,IMSS,Media,Media,"19.395740, -99.161677"
2020-06-14,HOSPITAL GENERAL DE ZONA 24 (CDMX NORTE),IMSS,Media,Crítica,"19.483221, -99.128448"
2020-06-14,HOSPITAL GENERAL DE ZONA 27 (CDMX NORTE),IMSS,Media,Media,"19.454776, -99.140007"
2020-06-14,HOSPITAL GENERAL DE ZONA 2A (CDMX SUR),IMSS,Media,Media,"19.405495, -99.112200"
2020-06-14,HOSPITAL GENERAL DE ZONA 30 (CDMX SUR),IMSS,Media,Media,"19.398836, -99.116913"
2020-06-14,HOSPITAL GENERAL DE ZONA 32 (CDMX SUR),IMSS,Media,Crítica,"19.307964, -99.130677"
2020-06-14,HOSPITAL GENERAL DE ZONA C/MF 08 (CDMX SUR),IMSS,Crítica,Media,"19.337137, -99.200142"
2020-06-14,HOSPITAL GENERAL DE ZONA C/UMAA 48 (CDMX NORTE),IMSS,Crítica,Crítica,"19.482375, -99.213046"
2020-06-14,HOSPITAL GENERAL 02 (CDMX SUR) VILLA COAPA (COY.),IMSS,Media,Crítica,"19.309194, -99.129593"
2020-06-14,HOSPITAL DE ESPECIALIDADES 01 (CDMX NORTE) LA RAZA (AZC),IMSS,Media,Media,"19.467169, -99.143785"
2020-06-14,HOSPITAL GENERAL DE ZONA C/MF 29 (S. JUAN ARAGÓN),IMSS,Media,Buena,"19.465117, -99.085162"
2020-06-14,HOSPITAL GENERAL DE ZONA 47 (CDMX SUR) (IZP),IMSS,Media,Buena,"19.357566, -99.054269"
2020-06-14,UNIDAD MÓVIL TEMPORAL COVID,IMSS,Crítica,Media,"19.403082, -99.089177"
2020-06-14,HOSPITAL GENERAL REGIONAL 72,IMSS,Media,Media,"19.542797, -99.205022"
2020-06-14,HOSPITAL GENERAL REGIONAL 196,IMSS,Crítica,Media,"19.529016, -99.030983"
2020-06-14,HOSPITAL GENERAL REGIONAL 200,IMSS,Media,Media,"19.742905, -98.972971"
2020-06-14,HOSPITAL GENERAL DE ZONA 53,IMSS,Media,Media,"19.356913, -98.990929"
2020-06-14,HOSPITAL GENERAL DE ZONA 197,IMSS,Media,Buena,"19.515133, -98.891450"
2020-06-14,HOSPITAL GENERAL DE ZONA 194,IMSS,Media,Media,"19.470300, -99.234208"
2020-06-14,HOSPITAL GENERAL DE ZONA 57 (LA QUEBRADA),IMSS,Crítica,Crítica,"19.597387, -99.188426"
2020-06-14,HOSPITAL GENERAL DE ZONA 58 (LAS MARGARITAS),IMSS,Crítica,Crítica,"19.530797, -99.222446"
2020-06-14,HOSPITAL GENERAL DE ZONA 68 (TULPETLAC),IMSS,Media,Media,"19.570070, -99.044009"
2020-06-14,HOSPITAL GENERAL DE ZONA 71 (CHALCO),IMSS,Media,Media,"19.259803, -98.893368"
2020-06-14,HOSPITAL GENERAL DE ZONA 76 (XALOSTOC),IMSS,Media,Buena,"19.526677, -99.082058"
2020-06-14,HOSPITAL GENERAL DE ZONA 98 (COACALCO),IMSS,Crítica,Buena,"19.638165, -99.098892"
2020-06-14,CENTRO MEDICO 20 DE NOVIEMBRE,ISSSTE,Crítica,Media,"19.372720, -99.171205"
2020-06-14,HG DARIO FERNANDEZ FIERRO,ISSSTE,Media,Crítica,"19.363602, -99.188608"
2020-06-14,HG JOSE MARIA MORELOS,ISSSTE,Media,Media,"19.363918, -98.995393"
2020-06-14,HG TACUBA,ISSSTE,Crítica,Buena,"19.454384, -99.191231"
2020-06-14,HG DR FERNANDO QUIROZ,ISSSTE,Media,Buena,"19.394242, -99.194187"
2020-06-14,HG IGNACIO ZARAGOZA,ISSSTE,Crítica,Media,"19.389472, -99.045019"
2020-06-14,HR PRIMERO DE OCTUBRE,ISSSTE,Media,Media,"19.486751, -99.133249"
2020-06-14,HR LIC. ADOLFO LÓPEZ MATEOS,ISSSTE,Media,Buena,"19.358451, -99.172716"
2020-06-14,HR BICENTENARIO DE LA INDEPENDENCIA,ISSSTE,Crítica,Media,"19.628814, -99.163343"
2020-06-14,ALTA ESPECIALIDAD DE ZUMPANGO,EDOMEX,Media,Crítica,"19.815198, -99.089196"
2020-06-14,HOSPITAL REGIONAL TLALNEPANTLA ISSEMYM,EDOMEX,Media,Buena,"19.521706, -99.187341"
2020-06-14,"HOSPITAL GENERAL ECATEPEC ""LAS AMÉRICAS""",EDOMEX,Media,Media,"19.594136, -99.018679"
2020-06-14,"HOSPITAL GENERAL DE NAUCALPAN ""DR. MAXIMILIANO RUIZ CASTAÑEDA"" ",EDOMEX,Buena,Media,"19.468662, -99.234348"
2020-06-14,"HOSPITAL GENERAL ATIZAPAN DE ZARAGOZA ""DR. SALVADOR GONZALEZ HERREJÓN""",EDOMEX,Buena,Media,"19.546322, -99.237491"
2020-06-14,"HOSPITAL GENERAL CUAUTITLAN ""GRAL. JOSE VICENTE VILLADA""",EDOMEX,Crítica,Buena,"19.664586, -99.178557"
2020-06-14,"HOSPITAL GENERAL DE NEZAHUALCOYOTL ""GUSTAVO BAZ PRADA""",EDOMEX,Buena,Media,"19.422253, -99.014892"
2020-06-14,"HOSPITAL GENERAL DE ECATEPEC ""JOSÉ MARÍA RODRÍGUEZ""",EDOMEX,Buena,Media,"19.514412, -99.038087"
2020-06-14,"HOSPITAL GENERAL NEZAHUALCOYOTL ""LA PERLA"" ",EDOMEX,Buena,Buena,"19.387963, -98.989442"
2020-06-14,HOSPITAL GENERAL DE CHIMALHUACAN,EDOMEX,Media,Media,"19.419753, -98.975140"
2020-06-14,"HOSPITAL GENERAL DE IXTAPALUCA ""PEDRO LOPEZ""",EDOMEX,Buena,Buena,"19.318829, -98.855366"
2020-06-14,HOSPITAL GENERAL DE CHALCO ,EDOMEX,Buena,Buena,"19.268265, -98.893965"
2020-06-14,"HOSPITAL GENERAL TEXCOCO ""GUADALUPE VICTORIA"" BICENTENARIO ",EDOMEX,Media,Buena,"19.514309, -98.871750"
2020-06-14,"HOSPITAL GENERAL VALLE DE CHALCO ""DR. FERNANDO QUIROZ GUTIERREZ"" ",EDOMEX,Buena,Buena,"19.273775, -98.941609"
2020-06-14,"HOSPITAL GENERAL AMECAMECA ""VALENTIN GOMEZ FARIAS"" ",EDOMEX,Buena,Buena,"19.144883, -98.785072"
2020-06-14,HOSPITAL GENERAL DE AXAPUSCO,EDOMEX,Media,Crítica,"19.732872, -98.769445"
2020-06-15,INSTITUTO NACIONAL DE NUTRICIÓN,SSA,Crítica,Crítica,"19.289599, -99.155441"
2020-06-15,INER,SSA,Media,Media,"19.291375, -99.158653"
2020-06-15,HOSPITAL GENERAL DE MÉXICO,SSA,Media,Media,"19.4129258, -99.1520225"
2020-06-15,HOSPITAL JUAREZ,SSA,Crítica,Media,"19.481829, -99.135576"
2020-06-15,HOSPITAL GENERAL DR. MANUEL GEA GONZÁLEZ,SSA,Media,Media,"19.290295, -99.160861"
2020-06-15,HOSPITAL INFANTIL DE MÉXICO FEDERICO GÓMEZ,SSA,Media,Buena,"19.410839, -99.151941"
2020-06-15,INSTITUTO  NACIONAL DE CARDIOLOGÍA IGNACIO CHÁVEZ,SSA,Crítica,Media,"19.290598, -99.153838"
2020-06-15,CITIBANAMEX,SSA,Media,Crítica,"19.439732, -99.224235"
2020-06-15,HOSPITAL REGIONAL DE ALTA ESPECIALIDAD DE IXTAPALUCA,SSA,Media,Media,"19.318796, -98.855353"
2020-06-15,BELISARIO DOMINGUEZ,SEDESA,Media,Buena,"19.307226, -99.065356"
2020-06-15,ENRIQUE CABRERA,SEDESA,Media,Buena,"19.361675, -99.224432"
2020-06-15,GENERAL TLAHUAC,SEDESA,Buena,Buena,"19.287492, -99.052665"
2020-06-15,PEDIATRICO DE LA VILLA,SEDESA,Buena,Buena,"19.487355, -99.114316"
2020-06-15,HOSPITAL GENERAL AJUSCO MEDIO,SEDESA,Media,Media,"19.272165, -99.207846"
2020-06-15,HOSPITAL GENERAL IZTAPALAPA,SEDESA,Buena,Buena,"19.343426, -99.027236"
2020-06-15,HOSPITAL GENERAL XOCO,SEDESA,Crítica,Buena,"19.360313, -99.162275"
2020-06-15,HOSPITAL GENERAL VILLA,SEDESA,Buena,Buena,"19.480079, -99.103353"
2020-06-15,HOSPITAL GENERAL DR. RUBÉN LEÑERO,SEDESA,Media,Buena,"19.451398, -99.169565"
2020-06-15,HOSPITAL GENERAL MILPA ALTA,SEDESA,Media,Buena,"19.200951, -99.011210"
2020-06-15,HOSPITAL GENERAL BALBUENA,SEDESA,Media,Buena,"19.424195, -99.115412"
2020-06-15,HOSPITAL TEPEPAN,SEDESA,,,"19.275806, -99.144298"
2020-06-15,HOSPITAL DE ESPECIALIDADES 01 CMN SIGLO XXI (CDMX SUR),IMSS,Buena,Buena,"19.466549, -99.145102"
2020-06-15,HOSPITAL DE PEDIATRIA 01 CMN SIGLO XXI (CDMX SUR),IMSS,Buena,Buena,"19.407458, -99.152267"
2020-06-15,HOSPITAL GENERAL DE ZONA 01 CARLOS MC GREGOR (CDMX SUR),IMSS,Crítica,Crítica,"19.395912, -99.161610"
2020-06-15,HOSPITAL GENERAL DE ZONA 1A PARQUE DE LOS VENADOS (CDMX SUR),IMSS,Media,Media,"19.374431, -99.151203"
2020-06-15,HOSPITAL DE INFECTOLOGIA 01 LA RAZA (CDMX NORTE),IMSS,Media,Media,"19.464865, -99.144859"
2020-06-15,HOSPITAL GENERAL 01 (CDMX NORTE) LA RAZA,IMSS,Media,Buena,"19.395740, -99.161677"
2020-06-15,HOSPITAL GENERAL DE ZONA 24 (CDMX NORTE),IMSS,Media,Media,"19.483221, -99.128448"
2020-06-15,HOSPITAL GENERAL DE ZONA 27 (CDMX NORTE),IMSS,Media,Media,"19.454776, -99.140007"
2020-06-15,HOSPITAL GENERAL DE ZONA 2A (CDMX SUR),IMSS,Media,Media,"19.405495, -99.112200"
2020-06-15,HOSPITAL GENERAL DE ZONA 30 (CDMX SUR),IMSS,Media,Crítica,"19.398836, -99.116913"
2020-06-15,HOSPITAL GENERAL DE ZONA 32 (CDMX SUR),IMSS,Media,Crítica,"19.307964, -99.130677"
2020-06-15,HOSPITAL GENERAL DE ZONA C/MF 08 (CDMX SUR),IMSS,Crítica,Media,"19.337137, -99.200142"
2020-06-15,HOSPITAL GENERAL DE ZONA C/UMAA 48 (CDMX NORTE),IMSS,Crítica,Crítica,"19.482375, -99.213046"
2020-06-15,HOSPITAL GENERAL 02 (CDMX SUR) VILLA COAPA (COY.),IMSS,Media,Crítica,"19.309194, -99.129593"
2020-06-15,HOSPITAL DE ESPECIALIDADES 01 (CDMX NORTE) LA RAZA (AZC),IMSS,Media,Media,"19.467169, -99.143785"
2020-06-15,HOSPITAL GENERAL DE ZONA C/MF 29 (S. JUAN ARAGÓN),IMSS,Media,Buena,"19.465117, -99.085162"
2020-06-15,HOSPITAL GENERAL DE ZONA 47 (CDMX SUR) (IZP),IMSS,Media,Buena,"19.357566, -99.054269"
2020-06-15,UNIDAD MÓVIL TEMPORAL COVID,IMSS,Crítica,Media,"19.403082, -99.089177"
2020-06-15,HOSPITAL GENERAL REGIONAL 72,IMSS,Media,Media,"19.542797, -99.205022"
2020-06-15,HOSPITAL GENERAL REGIONAL 196,IMSS,Crítica,Media,"19.529016, -99.030983"
2020-06-15,HOSPITAL GENERAL REGIONAL 200,IMSS,Media,Media,"19.742905, -98.972971"
2020-06-15,HOSPITAL GENERAL DE ZONA 53,IMSS,Media,Media,"19.356913, -98.990929"
2020-06-15,HOSPITAL GENERAL DE ZONA 197,IMSS,Media,Buena,"19.515133, -98.891450"
2020-06-15,HOSPITAL GENERAL DE ZONA 194,IMSS,Media,Media,"19.470300, -99.234208"
2020-06-15,HOSPITAL GENERAL DE ZONA 57 (LA QUEBRADA),IMSS,Crítica,Crítica,"19.597387, -99.188426"
2020-06-15,HOSPITAL GENERAL DE ZONA 58 (LAS MARGARITAS),IMSS,Crítica,Crítica,"19.530797, -99.222446"
2020-06-15,HOSPITAL GENERAL DE ZONA 68 (TULPETLAC),IMSS,Media,Media,"19.570070, -99.044009"
2020-06-15,HOSPITAL GENERAL DE ZONA 71 (CHALCO),IMSS,Media,Media,"19.259803, -98.893368"
2020-06-15,HOSPITAL GENERAL DE ZONA 76 (XALOSTOC),IMSS,Media,Buena,"19.526677, -99.082058"
2020-06-15,HOSPITAL GENERAL DE ZONA 98 (COACALCO),IMSS,Crítica,Media,"19.638165, -99.098892"
2020-06-15,CENTRO MEDICO 20 DE NOVIEMBRE,ISSSTE,Crítica,Media,"19.372720, -99.171205"
2020-06-15,HG DARIO FERNANDEZ FIERRO,ISSSTE,Media,Crítica,"19.363602, -99.188608"
2020-06-15,HG JOSE MARIA MORELOS,ISSSTE,Buena,Crítica,"19.363918, -98.995393"
2020-06-15,HG TACUBA,ISSSTE,Media,Buena,"19.454384, -99.191231"
2020-06-15,HG DR FERNANDO QUIROZ,ISSSTE,Media,Buena,"19.394242, -99.194187"
2020-06-15,HG IGNACIO ZARAGOZA,ISSSTE,Crítica,Media,"19.389472, -99.045019"
2020-06-15,HR PRIMERO DE OCTUBRE,ISSSTE,Media,Media,"19.486751, -99.133249"
2020-06-15,HR LIC. ADOLFO LÓPEZ MATEOS,ISSSTE,Media,Buena,"19.358451, -99.172716"
2020-06-15,HR BICENTENARIO DE LA INDEPENDENCIA,ISSSTE,Crítica,Media,"19.628814, -99.163343"
2020-06-15,ALTA ESPECIALIDAD DE ZUMPANGO,EDOMEX,Media,Crítica,"19.815198, -99.089196"
2020-06-15,HOSPITAL REGIONAL TLALNEPANTLA ISSEMYM,EDOMEX,Media,Buena,"19.521706, -99.187341"
2020-06-15,"HOSPITAL GENERAL ECATEPEC ""LAS AMÉRICAS""",EDOMEX,Media,Media,"19.594136, -99.018679"
2020-06-15,"HOSPITAL GENERAL DE NAUCALPAN ""DR. MAXIMILIANO RUIZ CASTAÑEDA"" ",EDOMEX,Buena,Media,"19.468662, -99.234348"
2020-06-15,"HOSPITAL GENERAL ATIZAPAN DE ZARAGOZA ""DR. SALVADOR GONZALEZ HERREJÓN""",EDOMEX,Buena,Media,"19.546322, -99.237491"
2020-06-15,"HOSPITAL GENERAL CUAUTITLAN ""GRAL. JOSE VICENTE VILLADA""",EDOMEX,Crítica,Buena,"19.664586, -99.178557"
2020-06-15,"HOSPITAL GENERAL DE NEZAHUALCOYOTL ""GUSTAVO BAZ PRADA""",EDOMEX,Buena,Media,"19.422253, -99.014892"
2020-06-15,"HOSPITAL GENERAL DE ECATEPEC ""JOSÉ MARÍA RODRÍGUEZ""",EDOMEX,Buena,Buena,"19.514412, -99.038087"
2020-06-15,"HOSPITAL GENERAL NEZAHUALCOYOTL ""LA PERLA"" ",EDOMEX,Buena,Buena,"19.387963, -98.989442"
2020-06-15,HOSPITAL GENERAL DE CHIMALHUACAN,EDOMEX,Media,Buena,"19.419753, -98.975140"
2020-06-15,"HOSPITAL GENERAL DE IXTAPALUCA ""PEDRO LOPEZ""",EDOMEX,Buena,Buena,"19.318829, -98.855366"
2020-06-15,HOSPITAL GENERAL DE CHALCO ,EDOMEX,Buena,Buena,"19.268265, -98.893965"
2020-06-15,"HOSPITAL GENERAL TEXCOCO ""GUADALUPE VICTORIA"" BICENTENARIO ",EDOMEX,Media,Buena,"19.514309, -98.871750"
2020-06-15,"HOSPITAL GENERAL VALLE DE CHALCO ""DR. FERNANDO QUIROZ GUTIERREZ"" ",EDOMEX,Buena,Buena,"19.273775, -98.941609"
2020-06-15,"HOSPITAL GENERAL AMECAMECA ""VALENTIN GOMEZ FARIAS"" ",EDOMEX,Buena,Buena,"19.144883, -98.785072"
2020-06-15,HOSPITAL GENERAL DE AXAPUSCO,EDOMEX,Media,Crítica,"19.732872, -98.769445"
2020-06-16,INSTITUTO NACIONAL DE NUTRICIÓN,SSA,Crítica,Crítica,"19.289599, -99.155441"
2020-06-16,INER,SSA,Crítica,Media,"19.291375, -99.158653"
2020-06-16,HOSPITAL GENERAL DE MÉXICO,SSA,Media,Media,"19.4129258, -99.1520225"
2020-06-16,HOSPITAL JUAREZ,SSA,Crítica,Media,"19.481829, -99.135576"
2020-06-16,HOSPITAL GENERAL DR. MANUEL GEA GONZÁLEZ,SSA,Media,Media,"19.290295, -99.160861"
2020-06-16,HOSPITAL INFANTIL DE MÉXICO FEDERICO GÓMEZ,SSA,Media,Buena,"19.410839, -99.151941"
2020-06-16,INSTITUTO  NACIONAL DE CARDIOLOGÍA IGNACIO CHÁVEZ,SSA,Media,Media,"19.290598, -99.153838"
2020-06-16,CITIBANAMEX,SSA,Media,Crítica,"19.439732, -99.224235"
2020-06-16,HOSPITAL REGIONAL DE ALTA ESPECIALIDAD DE IXTAPALUCA,SSA,Media,Media,"19.318796, -98.855353"
2020-06-16,BELISARIO DOMINGUEZ,SEDESA,Media,Buena,"19.307226, -99.065356"
2020-06-16,ENRIQUE CABRERA,SEDESA,Media,Buena,"19.361675, -99.224432"
2020-06-16,GENERAL TLAHUAC,SEDESA,Buena,Buena,"19.287492, -99.052665"
2020-06-16,PEDIATRICO DE LA VILLA,SEDESA,Buena,Buena,"19.487355, -99.114316"
2020-06-16,HOSPITAL GENERAL AJUSCO MEDIO,SEDESA,Media,Media,"19.272165, -99.207846"
2020-06-16,HOSPITAL GENERAL IZTAPALAPA,SEDESA,Media,Buena,"19.343426, -99.027236"
2020-06-16,HOSPITAL GENERAL XOCO,SEDESA,Crítica,Buena,"19.360313, -99.162275"
2020-06-16,HOSPITAL GENERAL VILLA,SEDESA,Media,Buena,"19.480079, -99.103353"
2020-06-16,HOSPITAL GENERAL DR. RUBÉN LEÑERO,SEDESA,Media,Buena,"19.451398, -99.169565"
2020-06-16,HOSPITAL GENERAL MILPA ALTA,SEDESA,Media,Buena,"19.200951, -99.011210"
2020-06-16,HOSPITAL GENERAL BALBUENA,SEDESA,Media,Buena,"19.424195, -99.115412"
2020-06-16,HOSPITAL DE ESPECIALIDADES 01 CMN SIGLO XXI (CDMX SUR),IMSS,Buena,Media,"19.466549, -99.145102"
2020-06-16,HOSPITAL DE PEDIATRIA 01 CMN SIGLO XXI (CDMX SUR),IMSS,Buena,Buena,"19.407458, -99.152267"
2020-06-16,HOSPITAL GENERAL DE ZONA 01 CARLOS MC GREGOR (CDMX SUR),IMSS,Crítica,Media,"19.395912, -99.161610"
2020-06-16,HOSPITAL GENERAL DE ZONA 1A PARQUE DE LOS VENADOS (CDMX SUR),IMSS,Media,Media,"19.374431, -99.151203"
2020-06-16,HOSPITAL DE INFECTOLOGIA 01 LA RAZA (CDMX NORTE),IMSS,Media,Crítica,"19.464865, -99.144859"
2020-06-16,HOSPITAL GENERAL 01 (CDMX NORTE) LA RAZA,IMSS,Media,Media,"19.395740, -99.161677"
2020-06-16,HOSPITAL GENERAL DE ZONA 24 (CDMX NORTE),IMSS,Media,Media,"19.483221, -99.128448"
2020-06-16,HOSPITAL GENERAL DE ZONA 27 (CDMX NORTE),IMSS,Media,Media,"19.454776, -99.140007"
2020-06-16,HOSPITAL GENERAL DE ZONA 2A (CDMX SUR),IMSS,Media,Media,"19.405495, -99.112200"
2020-06-16,HOSPITAL GENERAL DE ZONA 30 (CDMX SUR),IMSS,Media,Media,"19.398836, -99.116913"
2020-06-16,HOSPITAL GENERAL DE ZONA 32 (CDMX SUR),IMSS,Media,Crítica,"19.307964, -99.130677"
2020-06-16,HOSPITAL GENERAL DE ZONA C/MF 08 (CDMX SUR),IMSS,Crítica,Media,"19.337137, -99.200142"
2020-06-16,HOSPITAL GENERAL DE ZONA C/UMAA 48 (CDMX NORTE),IMSS,Crítica,Crítica,"19.482375, -99.213046"
2020-06-16,HOSPITAL GENERAL 02 (CDMX SUR) VILLA COAPA (COY.),IMSS,Media,Media,"19.309194, -99.129593"
2020-06-16,HOSPITAL DE ESPECIALIDADES 01 (CDMX NORTE) LA RAZA (AZC),IMSS,Media,Media,"19.467169, -99.143785"
2020-06-16,HOSPITAL GENERAL DE ZONA C/MF 29 (S. JUAN ARAGÓN),IMSS,Media,Buena,"19.465117, -99.085162"
2020-06-16,HOSPITAL GENERAL DE ZONA 47 (CDMX SUR) (IZP),IMSS,Media,Buena,"19.357566, -99.054269"
2020-06-16,UNIDAD MÓVIL TEMPORAL COVID,IMSS,Crítica,Media,"19.403082, -99.089177"
2020-06-16,HOSPITAL GENERAL REGIONAL 72,IMSS,Media,Media,"19.542797, -99.205022"
2020-06-16,HOSPITAL GENERAL REGIONAL 196,IMSS,Crítica,Media,"19.529016, -99.030983"
2020-06-16,HOSPITAL GENERAL REGIONAL 200,IMSS,Media,Media,"19.742905, -98.972971"
2020-06-16,HOSPITAL GENERAL DE ZONA 53,IMSS,Media,Media,"19.356913, -98.990929"
2020-06-16,HOSPITAL GENERAL DE ZONA 197,IMSS,Media,Buena,"19.515133, -98.891450"
2020-06-16,HOSPITAL GENERAL DE ZONA 194,IMSS,Media,Buena,"19.470300, -99.234208"
2020-06-16,HOSPITAL GENERAL DE ZONA 57 (LA QUEBRADA),IMSS,Crítica,Media,"19.597387, -99.188426"
2020-06-16,HOSPITAL GENERAL DE ZONA 58 (LAS MARGARITAS),IMSS,Crítica,Media,"19.530797, -99.222446"
2020-06-16,HOSPITAL GENERAL DE ZONA 68 (TULPETLAC),IMSS,Media,Media,"19.570070, -99.044009"
2020-06-16,HOSPITAL GENERAL DE ZONA 71 (CHALCO),IMSS,Media,Buena,"19.259803, -98.893368"
2020-06-16,HOSPITAL GENERAL DE ZONA 76 (XALOSTOC),IMSS,Media,Buena,"19.526677, -99.082058"
2020-06-16,HOSPITAL GENERAL DE ZONA 98 (COACALCO),IMSS,Crítica,Media,"19.638165, -99.098892"
2020-06-16,CENTRO MEDICO 20 DE NOVIEMBRE,ISSSTE,Crítica,Crítica,"19.372720, -99.171205"
2020-06-16,HG DARIO FERNANDEZ FIERRO,ISSSTE,Media,Crítica,"19.363602, -99.188608"
2020-06-16,HG JOSE MARIA MORELOS,ISSSTE,Media,Crítica,"19.363918, -98.995393"
2020-06-16,HG TACUBA,ISSSTE,Crítica,Media,"19.454384, -99.191231"
2020-06-16,HG DR FERNANDO QUIROZ,ISSSTE,Media,Buena,"19.394242, -99.194187"
2020-06-16,HG IGNACIO ZARAGOZA,ISSSTE,Crítica,Media,"19.389472, -99.045019"
2020-06-16,HR PRIMERO DE OCTUBRE,ISSSTE,Media,Media,"19.486751, -99.133249"
2020-06-16,HR LIC. ADOLFO LÓPEZ MATEOS,ISSSTE,Media,Buena,"19.358451, -99.172716"
2020-06-16,HR BICENTENARIO DE LA INDEPENDENCIA,ISSSTE,Crítica,Media,"19.628814, -99.163343"
2020-06-16,ALTA ESPECIALIDAD DE ZUMPANGO,EDOMEX,Media,Media,"19.815198, -99.089196"
2020-06-16,HOSPITAL REGIONAL TLALNEPANTLA ISSEMYM,EDOMEX,Media,Media,"19.521706, -99.187341"
2020-06-16,"HOSPITAL GENERAL ECATEPEC ""LAS AMÉRICAS""",EDOMEX,Buena,Media,"19.594136, -99.018679"
2020-06-16,"HOSPITAL GENERAL DE NAUCALPAN ""DR. MAXIMILIANO RUIZ CASTAÑEDA"" ",EDOMEX,Media,Media,"19.468662, -99.234348"
2020-06-16,"HOSPITAL GENERAL ATIZAPAN DE ZARAGOZA ""DR. SALVADOR GONZALEZ HERREJÓN""",EDOMEX,Buena,Media,"19.546322, -99.237491"
2020-06-16,"HOSPITAL GENERAL CUAUTITLAN ""GRAL. JOSE VICENTE VILLADA""",EDOMEX,Crítica,Buena,"19.664586, -99.178557"
2020-06-16,"HOSPITAL GENERAL DE NEZAHUALCOYOTL ""GUSTAVO BAZ PRADA""",EDOMEX,Buena,Buena,"19.422253, -99.014892"
2020-06-16,"HOSPITAL GENERAL DE ECATEPEC ""JOSÉ MARÍA RODRÍGUEZ""",EDOMEX,Buena,Buena,"19.514412, -99.038087"
2020-06-16,"HOSPITAL GENERAL NEZAHUALCOYOTL ""LA PERLA"" ",EDOMEX,Buena,Buena,"19.387963, -98.989442"
2020-06-16,HOSPITAL GENERAL DE CHIMALHUACAN,EDOMEX,Media,Buena,"19.419753, -98.975140"
2020-06-16,"HOSPITAL GENERAL DE IXTAPALUCA ""PEDRO LOPEZ""",EDOMEX,Buena,Buena,"19.318829, -98.855366"
2020-06-16,HOSPITAL GENERAL DE CHALCO ,EDOMEX,Media,Buena,"19.268265, -98.893965"
2020-06-16,"HOSPITAL GENERAL TEXCOCO ""GUADALUPE VICTORIA"" BICENTENARIO ",EDOMEX,Crítica,Buena,"19.514309, -98.871750"
2020-06-16,"HOSPITAL GENERAL VALLE DE CHALCO ""DR. FERNANDO QUIROZ GUTIERREZ"" ",EDOMEX,Buena,Buena,"19.273775, -98.941609"
2020-06-16,"HOSPITAL GENERAL AMECAMECA ""VALENTIN GOMEZ FARIAS"" ",EDOMEX,Buena,Buena,"19.144883, -98.785072"
2020-06-16,HOSPITAL GENERAL DE AXAPUSCO,EDOMEX,Crítica,Media,"19.732872, -98.769445"
2020-06-17,INSTITUTO NACIONAL DE NUTRICIÓN,SSA,Crítica,Crítica,"19.289599, -99.155441"
2020-06-17,INER,SSA,Crítica,Media,"19.291375, -99.158653"
2020-06-17,HOSPITAL GENERAL DE MÉXICO,SSA,Media,Media,"19.4129258, -99.1520225"
2020-06-17,HOSPITAL JUAREZ,SSA,Crítica,Media,"19.481829, -99.135576"
2020-06-17,HOSPITAL GENERAL DR. MANUEL GEA GONZÁLEZ,SSA,Crítica,Media,"19.290295, -99.160861"
2020-06-17,HOSPITAL INFANTIL DE MÉXICO FEDERICO GÓMEZ,SSA,Media,Buena,"19.410839, -99.151941"
2020-06-17,INSTITUTO  NACIONAL DE CARDIOLOGÍA IGNACIO CHÁVEZ,SSA,Crítica,Media,"19.290598, -99.153838"
2020-06-17,CITIBANAMEX,SSA,Media,Crítica,"19.439732, -99.224235"
2020-06-17,HOSPITAL REGIONAL DE ALTA ESPECIALIDAD DE IXTAPALUCA,SSA,Media,Media,"19.318796, -98.855353"
2020-06-17,BELISARIO DOMINGUEZ,SEDESA,Media,Buena,"19.307226, -99.065356"
2020-06-17,ENRIQUE CABRERA,SEDESA,Media,Buena,"19.361675, -99.224432"
2020-06-17,GENERAL TLAHUAC,SEDESA,Buena,Buena,"19.287492, -99.052665"
2020-06-17,PEDIATRICO DE LA VILLA,SEDESA,Buena,Buena,"19.487355, -99.114316"
2020-06-17,HOSPITAL GENERAL AJUSCO MEDIO,SEDESA,Media,Media,"19.272165, -99.207846"
2020-06-17,HOSPITAL GENERAL IZTAPALAPA,SEDESA,Media,Buena,"19.343426, -99.027236"
2020-06-17,HOSPITAL GENERAL XOCO,SEDESA,Crítica,Buena,"19.360313, -99.162275"
2020-06-17,HOSPITAL GENERAL VILLA,SEDESA,Media,Buena,"19.480079, -99.103353"
2020-06-17,HOSPITAL GENERAL DR. RUBÉN LEÑERO,SEDESA,Media,Buena,"19.451398, -99.169565"
2020-06-17,HOSPITAL GENERAL MILPA ALTA,SEDESA,Crítica,Buena,"19.200951, -99.011210"
2020-06-17,HOSPITAL GENERAL BALBUENA,SEDESA,Media,Buena,"19.424195, -99.115412"
2020-06-17,HOSPITAL DE ESPECIALIDADES 01 CMN SIGLO XXI (CDMX SUR),IMSS,Buena,Media,"19.466549, -99.145102"
2020-06-17,HOSPITAL DE PEDIATRIA 01 CMN SIGLO XXI (CDMX SUR),IMSS,Buena,Buena,"19.407458, -99.152267"
2020-06-17,HOSPITAL GENERAL DE ZONA 01 CARLOS MC GREGOR (CDMX SUR),IMSS,Media,Crítica,"19.395912, -99.161610"
2020-06-17,HOSPITAL GENERAL DE ZONA 1A PARQUE DE LOS VENADOS (CDMX SUR),IMSS,Media,Media,"19.374431, -99.151203"
2020-06-17,HOSPITAL DE INFECTOLOGIA 01 LA RAZA (CDMX NORTE),IMSS,Media,Buena,"19.464865, -99.144859"
2020-06-17,HOSPITAL GENERAL 01 (CDMX NORTE) LA RAZA,IMSS,Media,Buena,"19.395740, -99.161677"
2020-06-17,HOSPITAL GENERAL DE ZONA 24 (CDMX NORTE),IMSS,Media,Media,"19.483221, -99.128448"
2020-06-17,HOSPITAL GENERAL DE ZONA 27 (CDMX NORTE),IMSS,Media,Media,"19.454776, -99.140007"
2020-06-17,HOSPITAL GENERAL DE ZONA 2A (CDMX SUR),IMSS,Media,Media,"19.405495, -99.112200"
2020-06-17,HOSPITAL GENERAL DE ZONA 30 (CDMX SUR),IMSS,Media,Crítica,"19.398836, -99.116913"
2020-06-17,HOSPITAL GENERAL DE ZONA 32 (CDMX SUR),IMSS,Media,Crítica,"19.307964, -99.130677"
2020-06-17,HOSPITAL GENERAL DE ZONA C/MF 08 (CDMX SUR),IMSS,Crítica,Media,"19.337137, -99.200142"
2020-06-17,HOSPITAL GENERAL DE ZONA C/UMAA 48 (CDMX NORTE),IMSS,Crítica,Crítica,"19.482375, -99.213046"
2020-06-17,HOSPITAL GENERAL 02 (CDMX SUR) VILLA COAPA (COY.),IMSS,Media,Crítica,"19.309194, -99.129593"
2020-06-17,HOSPITAL DE ESPECIALIDADES 01 (CDMX NORTE) LA RAZA (AZC),IMSS,Crítica,Media,"19.467169, -99.143785"
2020-06-17,HOSPITAL GENERAL DE ZONA C/MF 29 (S. JUAN ARAGÓN),IMSS,Media,Buena,"19.465117, -99.085162"
2020-06-17,HOSPITAL GENERAL DE ZONA 47 (CDMX SUR) (IZP),IMSS,Media,Buena,"19.357566, -99.054269"
2020-06-17,UNIDAD MÓVIL TEMPORAL COVID,IMSS,Crítica,Crítica,"19.403082, -99.089177"
2020-06-17,HOSPITAL GENERAL REGIONAL 72,IMSS,Media,Media,"19.542797, -99.205022"
2020-06-17,HOSPITAL GENERAL REGIONAL 196,IMSS,Media,Media,"19.529016, -99.030983"
2020-06-17,HOSPITAL GENERAL REGIONAL 200,IMSS,Media,Buena,"19.742905, -98.972971"
2020-06-17,HOSPITAL GENERAL DE ZONA 53,IMSS,Media,Media,"19.356913, -98.990929"
2020-06-17,HOSPITAL GENERAL DE ZONA 197,IMSS,Media,Buena,"19.515133, -98.891450"
2020-06-17,HOSPITAL GENERAL DE ZONA 194,IMSS,Media,Buena,"19.470300, -99.234208"
2020-06-17,HOSPITAL GENERAL DE ZONA 57 (LA QUEBRADA),IMSS,Crítica,Crítica,"19.597387, -99.188426"
2020-06-17,HOSPITAL GENERAL DE ZONA 58 (LAS MARGARITAS),IMSS,Media,Crítica,"19.530797, -99.222446"
2020-06-17,HOSPITAL GENERAL DE ZONA 68 (TULPETLAC),IMSS,Media,Media,"19.570070, -99.044009"
2020-06-17,HOSPITAL GENERAL DE ZONA 71 (CHALCO),IMSS,Media,Buena,"19.259803, -98.893368"
2020-06-17,HOSPITAL GENERAL DE ZONA 76 (XALOSTOC),IMSS,Media,Buena,"19.526677, -99.082058"
2020-06-17,HOSPITAL GENERAL DE ZONA 98 (COACALCO),IMSS,Crítica,Media,"19.638165, -99.098892"
2020-06-17,CENTRO MEDICO 20 DE NOVIEMBRE,ISSSTE,Crítica,Media,"19.372720, -99.171205"
2020-06-17,HG DARIO FERNANDEZ FIERRO,ISSSTE,Media,Media,"19.363602, -99.188608"
2020-06-17,HG JOSE MARIA MORELOS,ISSSTE,Media,Crítica,"19.363918, -98.995393"
2020-06-17,HG TACUBA,ISSSTE,Media,Media,"19.454384, -99.191231"
2020-06-17,HG DR FERNANDO QUIROZ,ISSSTE,Media,Buena,"19.394242, -99.194187"
2020-06-17,HG IGNACIO ZARAGOZA,ISSSTE,Crítica,Media,"19.389472, -99.045019"
2020-06-17,HR PRIMERO DE OCTUBRE,ISSSTE,Crítica,Media,"19.486751, -99.133249"
2020-06-17,HR LIC. ADOLFO LÓPEZ MATEOS,ISSSTE,Media,Buena,"19.358451, -99.172716"
2020-06-17,HR BICENTENARIO DE LA INDEPENDENCIA,ISSSTE,Media,Media,"19.628814, -99.163343"
2020-06-17,ALTA ESPECIALIDAD DE ZUMPANGO,EDOMEX,Media,Media,"19.815198, -99.089196"
2020-06-17,HOSPITAL REGIONAL TLALNEPANTLA ISSEMYM,EDOMEX,Crítica,Media,"19.521706, -99.187341"
2020-06-17,"HOSPITAL GENERAL ECATEPEC ""LAS AMÉRICAS""",EDOMEX,Buena,Buena,"19.594136, -99.018679"
2020-06-17,"HOSPITAL GENERAL DE NAUCALPAN ""DR. MAXIMILIANO RUIZ CASTAÑEDA"" ",EDOMEX,Media,Media,"19.468662, -99.234348"
2020-06-17,"HOSPITAL GENERAL ATIZAPAN DE ZARAGOZA ""DR. SALVADOR GONZALEZ HERREJÓN""",EDOMEX,Buena,Media,"19.546322, -99.237491"
2020-06-17,"HOSPITAL GENERAL CUAUTITLAN ""GRAL. JOSE VICENTE VILLADA""",EDOMEX,Media,Media,"19.664586, -99.178557"
2020-06-17,"HOSPITAL GENERAL DE NEZAHUALCOYOTL ""GUSTAVO BAZ PRADA""",EDOMEX,Buena,Buena,"19.422253, -99.014892"
2020-06-17,"HOSPITAL GENERAL DE ECATEPEC ""JOSÉ MARÍA RODRÍGUEZ""",EDOMEX,Buena,Buena,"19.514412, -99.038087"
2020-06-17,"HOSPITAL GENERAL NEZAHUALCOYOTL ""LA PERLA"" ",EDOMEX,Buena,Buena,"19.387963, -98.989442"
2020-06-17,HOSPITAL GENERAL DE CHIMALHUACAN,EDOMEX,Media,Buena,"19.419753, -98.975140"
2020-06-17,"HOSPITAL GENERAL DE IXTAPALUCA ""PEDRO LOPEZ""",EDOMEX,Buena,Buena,"19.318829, -98.855366"
2020-06-17,HOSPITAL GENERAL DE CHALCO ,EDOMEX,Media,Buena,"19.268265, -98.893965"
2020-06-17,"HOSPITAL GENERAL TEXCOCO ""GUADALUPE VICTORIA"" BICENTENARIO ",EDOMEX,Media,Buena,"19.514309, -98.871750"
2020-06-17,"HOSPITAL GENERAL VALLE DE CHALCO ""DR. FERNANDO QUIROZ GUTIERREZ"" ",EDOMEX,Buena,Buena,"19.273775, -98.941609"
2020-06-17,"HOSPITAL GENERAL AMECAMECA ""VALENTIN GOMEZ FARIAS"" ",EDOMEX,Buena,Buena,"19.144883, -98.785072"
2020-06-17,HOSPITAL GENERAL DE AXAPUSCO,EDOMEX,Crítica,Media,"19.732872, -98.769445"
2020-06-18,INSTITUTO NACIONAL DE NUTRICIÓN,SSA,Crítica,Crítica,"19.289599, -99.155441"
2020-06-18,INER,SSA,Crítica,Media,"19.291375, -99.158653"
2020-06-18,HOSPITAL GENERAL DE MÉXICO,SSA,Media,Media,"19.4129258, -99.1520225"
2020-06-18,HOSPITAL JUAREZ,SSA,Media,Media,"19.481829, -99.135576"
2020-06-18,HOSPITAL GENERAL DR. MANUEL GEA GONZÁLEZ,SSA,Media,Media,"19.290295, -99.160861"
2020-06-18,HOSPITAL INFANTIL DE MÉXICO FEDERICO GÓMEZ,SSA,Buena,Buena,"19.410839, -99.151941"
2020-06-18,INSTITUTO  NACIONAL DE CARDIOLOGÍA IGNACIO CHÁVEZ,SSA,Crítica,Media,"19.290598, -99.153838"
2020-06-18,CITIBANAMEX,SSA,Media,Crítica,"19.439732, -99.224235"
2020-06-18,HOSPITAL REGIONAL DE ALTA ESPECIALIDAD DE IXTAPALUCA,SSA,Media,Media,"19.318796, -98.855353"
2020-06-18,BELISARIO DOMINGUEZ,SEDESA,Media,Buena,"19.307226, -99.065356"
2020-06-18,ENRIQUE CABRERA,SEDESA,Media,Buena,"19.361675, -99.224432"
2020-06-18,GENERAL TLAHUAC,SEDESA,Buena,Buena,"19.287492, -99.052665"
2020-06-18,PEDIATRICO DE LA VILLA,SEDESA,Buena,Buena,"19.487355, -99.114316"
2020-06-18,HOSPITAL GENERAL AJUSCO MEDIO,SEDESA,Media,Media,"19.272165, -99.207846"
2020-06-18,HOSPITAL GENERAL IZTAPALAPA,SEDESA,Media,Buena,"19.343426, -99.027236"
2020-06-18,HOSPITAL GENERAL XOCO,SEDESA,Crítica,Buena,"19.360313, -99.162275"
2020-06-18,HOSPITAL GENERAL VILLA,SEDESA,Media,Buena,"19.480079, -99.103353"
2020-06-18,HOSPITAL GENERAL DR. RUBÉN LEÑERO,SEDESA,Media,Buena,"19.451398, -99.169565"
2020-06-18,HOSPITAL GENERAL MILPA ALTA,SEDESA,Crítica,Buena,"19.200951, -99.011210"
2020-06-18,HOSPITAL GENERAL BALBUENA,SEDESA,Media,Buena,"19.424195, -99.115412"
2020-06-18,HOSPITAL DE ESPECIALIDADES 01 CMN SIGLO XXI (CDMX SUR),IMSS,Buena,Media,"19.466549, -99.145102"
2020-06-18,HOSPITAL DE PEDIATRIA 01 CMN SIGLO XXI (CDMX SUR),IMSS,Buena,Buena,"19.407458, -99.152267"
2020-06-18,HOSPITAL GENERAL DE ZONA 01 CARLOS MC GREGOR (CDMX SUR),IMSS,Media,Crítica,"19.395912, -99.161610"
2020-06-18,HOSPITAL GENERAL DE ZONA 1A PARQUE DE LOS VENADOS (CDMX SUR),IMSS,Media,Media,"19.374431, -99.151203"
2020-06-18,HOSPITAL DE INFECTOLOGIA 01 LA RAZA (CDMX NORTE),IMSS,Media,Media,"19.464865, -99.144859"
2020-06-18,HOSPITAL GENERAL 01 (CDMX NORTE) LA RAZA,IMSS,Media,Buena,"19.395740, -99.161677"
2020-06-18,HOSPITAL GENERAL DE ZONA 24 (CDMX NORTE),IMSS,Media,Media,"19.483221, -99.128448"
2020-06-18,HOSPITAL GENERAL DE ZONA 27 (CDMX NORTE),IMSS,Media,Media,"19.454776, -99.140007"
2020-06-18,HOSPITAL GENERAL DE ZONA 2A (CDMX SUR),IMSS,Crítica,Media,"19.405495, -99.112200"
2020-06-18,HOSPITAL GENERAL DE ZONA 30 (CDMX SUR),IMSS,Media,Crítica,"19.398836, -99.116913"
2020-06-18,HOSPITAL GENERAL DE ZONA 32 (CDMX SUR),IMSS,Media,Crítica,"19.307964, -99.130677"
2020-06-18,HOSPITAL GENERAL DE ZONA C/MF 08 (CDMX SUR),IMSS,Crítica,Media,"19.337137, -99.200142"
2020-06-18,HOSPITAL GENERAL DE ZONA C/UMAA 48 (CDMX NORTE),IMSS,Crítica,Media,"19.482375, -99.213046"
2020-06-18,HOSPITAL GENERAL 02 (CDMX SUR) VILLA COAPA (COY.),IMSS,Media,Crítica,"19.309194, -99.129593"
2020-06-18,HOSPITAL DE ESPECIALIDADES 01 (CDMX NORTE) LA RAZA (AZC),IMSS,Crítica,Media,"19.467169, -99.143785"
2020-06-18,HOSPITAL GENERAL DE ZONA C/MF 29 (S. JUAN ARAGÓN),IMSS,Media,Media,"19.465117, -99.085162"
2020-06-18,HOSPITAL GENERAL DE ZONA 47 (CDMX SUR) (IZP),IMSS,Media,Buena,"19.357566, -99.054269"
2020-06-18,UNIDAD MÓVIL TEMPORAL COVID,IMSS,Crítica,Crítica,"19.403082, -99.089177"
2020-06-18,HOSPITAL GENERAL REGIONAL 72,IMSS,Crítica,Media,"19.542797, -99.205022"
2020-06-18,HOSPITAL GENERAL REGIONAL 196,IMSS,Media,Media,"19.529016, -99.030983"
2020-06-18,HOSPITAL GENERAL REGIONAL 200,IMSS,Media,Buena,"19.742905, -98.972971"
2020-06-18,HOSPITAL GENERAL DE ZONA 53,IMSS,Media,Media,"19.356913, -98.990929"
2020-06-18,HOSPITAL GENERAL DE ZONA 197,IMSS,Media,Buena,"19.515133, -98.891450"
2020-06-18,HOSPITAL GENERAL DE ZONA 194,IMSS,Media,Buena,"19.470300, -99.234208"
2020-06-18,HOSPITAL GENERAL DE ZONA 57 (LA QUEBRADA),IMSS,Crítica,Crítica,"19.597387, -99.188426"
2020-06-18,HOSPITAL GENERAL DE ZONA 58 (LAS MARGARITAS),IMSS,Crítica,Crítica,"19.530797, -99.222446"
2020-06-18,HOSPITAL GENERAL DE ZONA 68 (TULPETLAC),IMSS,Media,Media,"19.570070, -99.044009"
2020-06-18,HOSPITAL GENERAL DE ZONA 71 (CHALCO),IMSS,Media,Buena,"19.259803, -98.893368"
2020-06-18,HOSPITAL GENERAL DE ZONA 76 (XALOSTOC),IMSS,Media,Media,"19.526677, -99.082058"
2020-06-18,HOSPITAL GENERAL DE ZONA 98 (COACALCO),IMSS,Crítica,Media,"19.638165, -99.098892"
2020-06-18,CENTRO MEDICO 20 DE NOVIEMBRE,ISSSTE,Crítica,Media,"19.372720, -99.171205"
2020-06-18,HG DARIO FERNANDEZ FIERRO,ISSSTE,Media,Crítica,"19.363602, -99.188608"
2020-06-18,HG JOSE MARIA MORELOS,ISSSTE,Media,Crítica,"19.363918, -98.995393"
2020-06-18,HG TACUBA,ISSSTE,Crítica,Media,"19.454384, -99.191231"
2020-06-18,HG DR FERNANDO QUIROZ,ISSSTE,Media,Buena,"19.394242, -99.194187"
2020-06-18,HG IGNACIO ZARAGOZA,ISSSTE,Media,Media,"19.389472, -99.045019"
2020-06-18,HR PRIMERO DE OCTUBRE,ISSSTE,Crítica,Media,"19.486751, -99.133249"
2020-06-18,HR LIC. ADOLFO LÓPEZ MATEOS,ISSSTE,Media,Buena,"19.358451, -99.172716"
2020-06-18,HR BICENTENARIO DE LA INDEPENDENCIA,ISSSTE,Media,Media,"19.628814, -99.163343"
2020-06-18,ALTA ESPECIALIDAD DE ZUMPANGO,EDOMEX,Media,Media,"19.815198, -99.089196"
2020-06-18,HOSPITAL REGIONAL TLALNEPANTLA ISSEMYM,EDOMEX,Crítica,Media,"19.521706, -99.187341"
2020-06-18,"HOSPITAL GENERAL ECATEPEC ""LAS AMÉRICAS""",EDOMEX,Buena,Buena,"19.594136, -99.018679"
2020-06-18,"HOSPITAL GENERAL DE NAUCALPAN ""DR. MAXIMILIANO RUIZ CASTAÑEDA"" ",EDOMEX,Media,Media,"19.468662, -99.234348"
2020-06-18,"HOSPITAL GENERAL ATIZAPAN DE ZARAGOZA ""DR. SALVADOR GONZALEZ HERREJÓN""",EDOMEX,Buena,Media,"19.546322, -99.237491"
2020-06-18,"HOSPITAL GENERAL CUAUTITLAN ""GRAL. JOSE VICENTE VILLADA""",EDOMEX,Media,Buena,"19.664586, -99.178557"
2020-06-18,"HOSPITAL GENERAL DE NEZAHUALCOYOTL ""GUSTAVO BAZ PRADA""",EDOMEX,Buena,Buena,"19.422253, -99.014892"
2020-06-18,"HOSPITAL GENERAL DE ECATEPEC ""JOSÉ MARÍA RODRÍGUEZ""",EDOMEX,Buena,Buena,"19.514412, -99.038087"
2020-06-18,"HOSPITAL GENERAL NEZAHUALCOYOTL ""LA PERLA"" ",EDOMEX,Buena,Buena,"19.387963, -98.989442"
2020-06-18,HOSPITAL GENERAL DE CHIMALHUACAN,EDOMEX,Buena,Buena,"19.419753, -98.975140"
2020-06-18,"HOSPITAL GENERAL DE IXTAPALUCA ""PEDRO LOPEZ""",EDOMEX,Buena,Buena,"19.318829, -98.855366"
2020-06-18,HOSPITAL GENERAL DE CHALCO ,EDOMEX,Media,Buena,"19.268265, -98.893965"
2020-06-18,"HOSPITAL GENERAL TEXCOCO ""GUADALUPE VICTORIA"" BICENTENARIO ",EDOMEX,Media,Media,"19.514309, -98.871750"
2020-06-18,"HOSPITAL GENERAL VALLE DE CHALCO ""DR. FERNANDO QUIROZ GUTIERREZ"" ",EDOMEX,Buena,Buena,"19.273775, -98.941609"
2020-06-18,"HOSPITAL GENERAL AMECAMECA ""VALENTIN GOMEZ FARIAS"" ",EDOMEX,Buena,Buena,"19.144883, -98.785072"
2020-06-18,HOSPITAL GENERAL DE AXAPUSCO,EDOMEX,Crítica,Media,"19.732872, -98.769445"
2020-06-19,INSTITUTO NACIONAL DE NUTRICIÓN,SSA,Crítica,Crítica,"19.289599, -99.155441"
2020-06-19,INER,SSA,Crítica,Media,"19.291375, -99.158653"
2020-06-19,HOSPITAL GENERAL DE MÉXICO,SSA,Media,Media,"19.4129258, -99.1520225"
2020-06-19,HOSPITAL JUAREZ,SSA,Crítica,Media,"19.481829, -99.135576"
2020-06-19,HOSPITAL GENERAL DR. MANUEL GEA GONZÁLEZ,SSA,Media,Crítica,"19.290295, -99.160861"
2020-06-19,HOSPITAL INFANTIL DE MÉXICO FEDERICO GÓMEZ,SSA,Buena,Buena,"19.410839, -99.151941"
2020-06-19,INSTITUTO  NACIONAL DE CARDIOLOGÍA IGNACIO CHÁVEZ,SSA,Crítica,Media,"19.290598, -99.153838"
2020-06-19,CITIBANAMEX,SSA,Media,Crítica,"19.439732, -99.224235"
2020-06-19,HOSPITAL REGIONAL DE ALTA ESPECIALIDAD DE IXTAPALUCA,SSA,Media,Media,"19.318796, -98.855353"
2020-06-19,BELISARIO DOMINGUEZ,SEDESA,Media,Buena,"19.307226, -99.065356"
2020-06-19,ENRIQUE CABRERA,SEDESA,Media,Buena,"19.361675, -99.224432"
2020-06-19,GENERAL TLAHUAC,SEDESA,Buena,Buena,"19.287492, -99.052665"
2020-06-19,PEDIATRICO DE LA VILLA,SEDESA,Buena,Buena,"19.487355, -99.114316"
2020-06-19,HOSPITAL GENERAL AJUSCO MEDIO,SEDESA,Media,Media,"19.272165, -99.207846"
2020-06-19,HOSPITAL GENERAL IZTAPALAPA,SEDESA,Buena,Buena,"19.343426, -99.027236"
2020-06-19,HOSPITAL GENERAL XOCO,SEDESA,Media,Buena,"19.360313, -99.162275"
2020-06-19,HOSPITAL GENERAL VILLA,SEDESA,Media,Buena,"19.480079, -99.103353"
2020-06-19,HOSPITAL GENERAL DR. RUBÉN LEÑERO,SEDESA,Crítica,Buena,"19.451398, -99.169565"
2020-06-19,HOSPITAL GENERAL MILPA ALTA,SEDESA,Media,Buena,"19.200951, -99.011210"
2020-06-19,HOSPITAL GENERAL BALBUENA,SEDESA,Media,Buena,"19.424195, -99.115412"
2020-06-19,HOSPITAL TEPEPAN,SEDESA,Sin Dato,Sin Dato,"19.275806, -99.144298"
2020-06-19,HOSPITAL DE ESPECIALIDADES 01 CMN SIGLO XXI (CDMX SUR),IMSS,Buena,Media,"19.466549, -99.145102"
2020-06-19,HOSPITAL DE PEDIATRIA 01 CMN SIGLO XXI (CDMX SUR),IMSS,Buena,Buena,"19.407458, -99.152267"
2020-06-19,HOSPITAL GENERAL DE ZONA 01 CARLOS MC GREGOR (CDMX SUR),IMSS,Media,Crítica,"19.395912, -99.161610"
2020-06-19,HOSPITAL GENERAL DE ZONA 1A PARQUE DE LOS VENADOS (CDMX SUR),IMSS,Media,Media,"19.374431, -99.151203"
2020-06-19,HOSPITAL DE INFECTOLOGIA 01 LA RAZA (CDMX NORTE),IMSS,Media,Media,"19.464865, -99.144859"
2020-06-19,HOSPITAL GENERAL 01 (CDMX NORTE) LA RAZA,IMSS,Media,Buena,"19.395740, -99.161677"
2020-06-19,HOSPITAL GENERAL DE ZONA 24 (CDMX NORTE),IMSS,Media,Media,"19.483221, -99.128448"
2020-06-19,HOSPITAL GENERAL DE ZONA 27 (CDMX NORTE),IMSS,Media,Media,"19.454776, -99.140007"
2020-06-19,HOSPITAL GENERAL DE ZONA 2A (CDMX SUR),IMSS,Media,Media,"19.405495, -99.112200"
2020-06-19,HOSPITAL GENERAL DE ZONA 30 (CDMX SUR),IMSS,Media,Crítica,"19.398836, -99.116913"
2020-06-19,HOSPITAL GENERAL DE ZONA 32 (CDMX SUR),IMSS,Media,Media,"19.307964, -99.130677"
2020-06-19,HOSPITAL GENERAL DE ZONA C/MF 08 (CDMX SUR),IMSS,Crítica,Crítica,"19.337137, -99.200142"
2020-06-19,HOSPITAL GENERAL DE ZONA C/UMAA 48 (CDMX NORTE),IMSS,Crítica,Crítica,"19.482375, -99.213046"
2020-06-19,HOSPITAL GENERAL 02 (CDMX SUR) VILLA COAPA (COY.),IMSS,Media,Crítica,"19.309194, -99.129593"
2020-06-19,HOSPITAL DE ESPECIALIDADES 01 (CDMX NORTE) LA RAZA (AZC),IMSS,Crítica,Buena,"19.467169, -99.143785"
2020-06-19,HOSPITAL GENERAL DE ZONA C/MF 29 (S. JUAN ARAGÓN),IMSS,Media,Media,"19.465117, -99.085162"
2020-06-19,HOSPITAL GENERAL DE ZONA 47 (CDMX SUR) (IZP),IMSS,Media,Buena,"19.357566, -99.054269"
2020-06-19,UNIDAD MÓVIL TEMPORAL COVID,IMSS,Crítica,Crítica,"19.403082, -99.089177"
2020-06-19,HOSPITAL GENERAL REGIONAL 72,IMSS,Media,Media,"19.542797, -99.205022"
2020-06-19,HOSPITAL GENERAL REGIONAL 196,IMSS,Media,Media,"19.529016, -99.030983"
2020-06-19,HOSPITAL GENERAL REGIONAL 200,IMSS,Media,Buena,"19.742905, -98.972971"
2020-06-19,HOSPITAL GENERAL DE ZONA 53,IMSS,Media,Media,"19.356913, -98.990929"
2020-06-19,HOSPITAL GENERAL DE ZONA 197,IMSS,Media,Buena,"19.515133, -98.891450"
2020-06-19,HOSPITAL GENERAL DE ZONA 194,IMSS,Media,Buena,"19.470300, -99.234208"
2020-06-19,HOSPITAL GENERAL DE ZONA 57 (LA QUEBRADA),IMSS,Crítica,Crítica,"19.597387, -99.188426"
2020-06-19,HOSPITAL GENERAL DE ZONA 58 (LAS MARGARITAS),IMSS,Crítica,Crítica,"19.530797, -99.222446"
2020-06-19,HOSPITAL GENERAL DE ZONA 68 (TULPETLAC),IMSS,Media,Media,"19.570070, -99.044009"
2020-06-19,HOSPITAL GENERAL DE ZONA 71 (CHALCO),IMSS,Media,Media,"19.259803, -98.893368"
2020-06-19,HOSPITAL GENERAL DE ZONA 76 (XALOSTOC),IMSS,Media,Media,"19.526677, -99.082058"
2020-06-19,HOSPITAL GENERAL DE ZONA 98 (COACALCO),IMSS,Crítica,Media,"19.638165, -99.098892"
2020-06-19,CENTRO MEDICO 20 DE NOVIEMBRE,ISSSTE,Crítica,Media,"19.372720, -99.171205"
2020-06-19,HG DARIO FERNANDEZ FIERRO,ISSSTE,Buena,Crítica,"19.363602, -99.188608"
2020-06-19,HG JOSE MARIA MORELOS,ISSSTE,Media,Media,"19.363918, -98.995393"
2020-06-19,HG TACUBA,ISSSTE,Crítica,Media,"19.454384, -99.191231"
2020-06-19,HG DR FERNANDO QUIROZ,ISSSTE,Media,Buena,"19.394242, -99.194187"
2020-06-19,HG IGNACIO ZARAGOZA,ISSSTE,Media,Media,"19.389472, -99.045019"
2020-06-19,HR PRIMERO DE OCTUBRE,ISSSTE,Crítica,Media,"19.486751, -99.133249"
2020-06-19,HR LIC. ADOLFO LÓPEZ MATEOS,ISSSTE,Media,Buena,"19.358451, -99.172716"
2020-06-19,HR BICENTENARIO DE LA INDEPENDENCIA,ISSSTE,Media,Buena,"19.628814, -99.163343"
2020-06-19,ALTA ESPECIALIDAD DE ZUMPANGO,EDOMEX,Crítica,Media,"19.815198, -99.089196"
2020-06-19,HOSPITAL REGIONAL TLALNEPANTLA ISSEMYM,EDOMEX,Crítica,Media,"19.521706, -99.187341"
2020-06-19,"HOSPITAL GENERAL ECATEPEC ""LAS AMÉRICAS""",EDOMEX,Media,Media,"19.594136, -99.018679"
2020-06-19,"HOSPITAL GENERAL DE NAUCALPAN ""DR. MAXIMILIANO RUIZ CASTAÑEDA"" ",EDOMEX,Media,Buena,"19.468662, -99.234348"
2020-06-19,"HOSPITAL GENERAL ATIZAPAN DE ZARAGOZA ""DR. SALVADOR GONZALEZ HERREJÓN""",EDOMEX,Buena,Media,"19.546322, -99.237491"
2020-06-19,"HOSPITAL GENERAL CUAUTITLAN ""GRAL. JOSE VICENTE VILLADA""",EDOMEX,Crítica,Buena,"19.664586, -99.178557"
2020-06-19,"HOSPITAL GENERAL DE NEZAHUALCOYOTL ""GUSTAVO BAZ PRADA""",EDOMEX,Media,Buena,"19.422253, -99.014892"
2020-06-19,"HOSPITAL GENERAL DE ECATEPEC ""JOSÉ MARÍA RODRÍGUEZ""",EDOMEX,Buena,Buena,"19.514412, -99.038087"
2020-06-19,"HOSPITAL GENERAL NEZAHUALCOYOTL ""LA PERLA"" ",EDOMEX,Buena,Buena,"19.387963, -98.989442"
2020-06-19,HOSPITAL GENERAL DE CHIMALHUACAN,EDOMEX,Buena,Buena,"19.419753, -98.975140"
2020-06-19,"HOSPITAL GENERAL DE IXTAPALUCA ""PEDRO LOPEZ""",EDOMEX,Buena,Buena,"19.318829, -98.855366"
2020-06-19,HOSPITAL GENERAL DE CHALCO ,EDOMEX,Buena,Buena,"19.268265, -98.893965"
2020-06-19,"HOSPITAL GENERAL TEXCOCO ""GUADALUPE VICTORIA"" BICENTENARIO ",EDOMEX,Media,Media,"19.514309, -98.871750"
2020-06-19,"HOSPITAL GENERAL VALLE DE CHALCO ""DR. FERNANDO QUIROZ GUTIERREZ"" ",EDOMEX,Buena,Buena,"19.273775, -98.941609"
2020-06-19,"HOSPITAL GENERAL AMECAMECA ""VALENTIN GOMEZ FARIAS"" ",EDOMEX,Buena,Buena,"19.144883, -98.785072"
2020-06-19,HOSPITAL GENERAL DE AXAPUSCO,EDOMEX,Crítica,Media,"19.732872, -98.769445"
2020-06-20,INSTITUTO NACIONAL DE NUTRICIÓN,SSA,Crítica,Crítica,"19.289599, -99.155441"
2020-06-20,INER,SSA,Crítica,Media,"19.291375, -99.158653"
2020-06-20,HOSPITAL GENERAL DE MÉXICO,SSA,Media,Media,"19.4129258, -99.1520225"
2020-06-20,HOSPITAL JUAREZ,SSA,Media,Media,"19.481829, -99.135576"
2020-06-20,HOSPITAL GENERAL DR. MANUEL GEA GONZÁLEZ,SSA,Crítica,Media,"19.290295, -99.160861"
2020-06-20,HOSPITAL INFANTIL DE MÉXICO FEDERICO GÓMEZ,SSA,Buena,Buena,"19.410839, -99.151941"
2020-06-20,INSTITUTO  NACIONAL DE CARDIOLOGÍA IGNACIO CHÁVEZ,SSA,Crítica,Media,"19.290598, -99.153838"
2020-06-20,CITIBANAMEX,SSA,Media,Crítica,"19.439732, -99.224235"
2020-06-20,HOSPITAL REGIONAL DE ALTA ESPECIALIDAD DE IXTAPALUCA,SSA,Media,Media,"19.318796, -98.855353"
2020-06-20,BELISARIO DOMINGUEZ,SEDESA,Media,Buena,"19.307226, -99.065356"
2020-06-20,ENRIQUE CABRERA,SEDESA,Media,Buena,"19.361675, -99.224432"
2020-06-20,GENERAL TLAHUAC,SEDESA,Buena,Buena,"19.287492, -99.052665"
2020-06-20,PEDIATRICO DE LA VILLA,SEDESA,Buena,Buena,"19.487355, -99.114316"
2020-06-20,HOSPITAL GENERAL AJUSCO MEDIO,SEDESA,Media,Media,"19.272165, -99.207846"
2020-06-20,HOSPITAL GENERAL IZTAPALAPA,SEDESA,Buena,Buena,"19.343426, -99.027236"
2020-06-20,HOSPITAL GENERAL XOCO,SEDESA,Media,Buena,"19.360313, -99.162275"
2020-06-20,HOSPITAL GENERAL VILLA,SEDESA,Media,Buena,"19.480079, -99.103353"
2020-06-20,HOSPITAL GENERAL DR. RUBÉN LEÑERO,SEDESA,Crítica,Buena,"19.451398, -99.169565"
2020-06-20,HOSPITAL GENERAL MILPA ALTA,SEDESA,Buena,Buena,"19.200951, -99.011210"
2020-06-20,HOSPITAL GENERAL BALBUENA,SEDESA,Media,Buena,"19.424195, -99.115412"
2020-06-20,HOSPITAL TEPEPAN,SEDESA,Sin Dato,Sin Dato,"19.275806, -99.144298"
2020-06-20,HOSPITAL DE ESPECIALIDADES 01 CMN SIGLO XXI (CDMX SUR),IMSS,Buena,Media,"19.466549, -99.145102"
2020-06-20,HOSPITAL DE PEDIATRIA 01 CMN SIGLO XXI (CDMX SUR),IMSS,Buena,Buena,"19.407458, -99.152267"
2020-06-20,HOSPITAL GENERAL DE ZONA 01 CARLOS MC GREGOR (CDMX SUR),IMSS,Media,Crítica,"19.395912, -99.161610"
2020-06-20,HOSPITAL GENERAL DE ZONA 1A PARQUE DE LOS VENADOS (CDMX SUR),IMSS,Media,Media,"19.374431, -99.151203"
2020-06-20,HOSPITAL DE INFECTOLOGIA 01 LA RAZA (CDMX NORTE),IMSS,Media,Media,"19.464865, -99.144859"
2020-06-20,HOSPITAL GENERAL 01 (CDMX NORTE) LA RAZA,IMSS,Media,Buena,"19.395740, -99.161677"
2020-06-20,HOSPITAL GENERAL DE ZONA 24 (CDMX NORTE),IMSS,Media,Media,"19.483221, -99.128448"
2020-06-20,HOSPITAL GENERAL DE ZONA 27 (CDMX NORTE),IMSS,Media,Media,"19.454776, -99.140007"
2020-06-20,HOSPITAL GENERAL DE ZONA 2A (CDMX SUR),IMSS,Media,Crítica,"19.405495, -99.112200"
2020-06-20,HOSPITAL GENERAL DE ZONA 30 (CDMX SUR),IMSS,Buena,Crítica,"19.398836, -99.116913"
2020-06-20,HOSPITAL GENERAL DE ZONA 32 (CDMX SUR),IMSS,Media,Media,"19.307964, -99.130677"
2020-06-20,HOSPITAL GENERAL DE ZONA C/MF 08 (CDMX SUR),IMSS,Media,Media,"19.337137, -99.200142"
2020-06-20,HOSPITAL GENERAL DE ZONA C/UMAA 48 (CDMX NORTE),IMSS,Crítica,Media,"19.482375, -99.213046"
2020-06-20,HOSPITAL GENERAL 02 (CDMX SUR) VILLA COAPA (COY.),IMSS,Media,Media,"19.309194, -99.129593"
2020-06-20,HOSPITAL DE ESPECIALIDADES 01 (CDMX NORTE) LA RAZA (AZC),IMSS,Crítica,Buena,"19.467169, -99.143785"
2020-06-20,HOSPITAL GENERAL DE ZONA C/MF 29 (S. JUAN ARAGÓN),IMSS,Media,Media,"19.465117, -99.085162"
2020-06-20,HOSPITAL GENERAL DE ZONA 47 (CDMX SUR) (IZP),IMSS,Media,Buena,"19.357566, -99.054269"
2020-06-20,UNIDAD MÓVIL TEMPORAL COVID,IMSS,Crítica,Crítica,"19.403082, -99.089177"
2020-06-20,HOSPITAL GENERAL REGIONAL 72,IMSS,Media,Media,"19.542797, -99.205022"
2020-06-20,HOSPITAL GENERAL REGIONAL 196,IMSS,Media,Buena,"19.529016, -99.030983"
2020-06-20,HOSPITAL GENERAL REGIONAL 200,IMSS,Media,Buena,"19.742905, -98.972971"
2020-06-20,HOSPITAL GENERAL DE ZONA 53,IMSS,Buena,Media,"19.356913, -98.990929"
2020-06-20,HOSPITAL GENERAL DE ZONA 197,IMSS,Media,Buena,"19.515133, -98.891450"
2020-06-20,HOSPITAL GENERAL DE ZONA 194,IMSS,Media,Media,"19.470300, -99.234208"
2020-06-20,HOSPITAL GENERAL DE ZONA 57 (LA QUEBRADA),IMSS,Crítica,Crítica,"19.597387, -99.188426"
2020-06-20,HOSPITAL GENERAL DE ZONA 58 (LAS MARGARITAS),IMSS,Media,Crítica,"19.530797, -99.222446"
2020-06-20,HOSPITAL GENERAL DE ZONA 68 (TULPETLAC),IMSS,Buena,Media,"19.570070, -99.044009"
2020-06-20,HOSPITAL GENERAL DE ZONA 71 (CHALCO),IMSS,Media,Buena,"19.259803, -98.893368"
2020-06-20,HOSPITAL GENERAL DE ZONA 76 (XALOSTOC),IMSS,Media,Buena,"19.526677, -99.082058"
2020-06-20,HOSPITAL GENERAL DE ZONA 98 (COACALCO),IMSS,Crítica,Media,"19.638165, -99.098892"
2020-06-20,CENTRO MEDICO 20 DE NOVIEMBRE,ISSSTE,Media,Media,"19.372720, -99.171205"
2020-06-20,HG DARIO FERNANDEZ FIERRO,ISSSTE,Media,Crítica,"19.363602, -99.188608"
2020-06-20,HG JOSE MARIA MORELOS,ISSSTE,Media,Crítica,"19.363918, -98.995393"
2020-06-20,HG TACUBA,ISSSTE,Crítica,Media,"19.454384, -99.191231"
2020-06-20,HG DR FERNANDO QUIROZ,ISSSTE,Media,Buena,"19.394242, -99.194187"
2020-06-20,HG IGNACIO ZARAGOZA,ISSSTE,Media,Media,"19.389472, -99.045019"
2020-06-20,HR PRIMERO DE OCTUBRE,ISSSTE,Media,Media,"19.486751, -99.133249"
2020-06-20,HR LIC. ADOLFO LÓPEZ MATEOS,ISSSTE,Media,Buena,"19.358451, -99.172716"
2020-06-20,HR BICENTENARIO DE LA INDEPENDENCIA,ISSSTE,Media,Buena,"19.628814, -99.163343"
2020-06-20,ALTA ESPECIALIDAD DE ZUMPANGO,EDOMEX,Crítica,Media,"19.815198, -99.089196"
2020-06-20,HOSPITAL REGIONAL TLALNEPANTLA ISSEMYM,EDOMEX,Crítica,Media,"19.521706, -99.187341"
2020-06-20,"HOSPITAL GENERAL ECATEPEC ""LAS AMÉRICAS""",EDOMEX,Media,Media,"19.594136, -99.018679"
2020-06-20,"HOSPITAL GENERAL DE NAUCALPAN ""DR. MAXIMILIANO RUIZ CASTAÑEDA"" ",EDOMEX,Media,Buena,"19.468662, -99.234348"
2020-06-20,"HOSPITAL GENERAL ATIZAPAN DE ZARAGOZA ""DR. SALVADOR GONZALEZ HERREJÓN""",EDOMEX,Buena,Media,"19.546322, -99.237491"
2020-06-20,"HOSPITAL GENERAL CUAUTITLAN ""GRAL. JOSE VICENTE VILLADA""",EDOMEX,Crítica,Buena,"19.664586, -99.178557"
2020-06-20,"HOSPITAL GENERAL DE NEZAHUALCOYOTL ""GUSTAVO BAZ PRADA""",EDOMEX,Media,Media,"19.422253, -99.014892"
2020-06-20,"HOSPITAL GENERAL DE ECATEPEC ""JOSÉ MARÍA RODRÍGUEZ""",EDOMEX,Buena,Buena,"19.514412, -99.038087"
2020-06-20,"HOSPITAL GENERAL NEZAHUALCOYOTL ""LA PERLA"" ",EDOMEX,Buena,Buena,"19.387963, -98.989442"
2020-06-20,HOSPITAL GENERAL DE CHIMALHUACAN,EDOMEX,Buena,Buena,"19.419753, -98.975140"
2020-06-20,"HOSPITAL GENERAL DE IXTAPALUCA ""PEDRO LOPEZ""",EDOMEX,Buena,Buena,"19.318829, -98.855366"
2020-06-20,HOSPITAL GENERAL DE CHALCO ,EDOMEX,Media,Buena,"19.268265, -98.893965"
2020-06-20,"HOSPITAL GENERAL TEXCOCO ""GUADALUPE VICTORIA"" BICENTENARIO ",EDOMEX,Media,Media,"19.514309, -98.871750"
2020-06-20,"HOSPITAL GENERAL VALLE DE CHALCO ""DR. FERNANDO QUIROZ GUTIERREZ"" ",EDOMEX,Buena,Buena,"19.273775, -98.941609"
2020-06-20,"HOSPITAL GENERAL AMECAMECA ""VALENTIN GOMEZ FARIAS"" ",EDOMEX,Buena,Buena,"19.144883, -98.785072"
2020-06-20,HOSPITAL GENERAL DE AXAPUSCO,EDOMEX,Crítica,Crítica,"19.732872, -98.769445"
2020-06-22,INSTITUTO NACIONAL DE NUTRICIÓN,SSA,Crítica,Crítica,"19.289599, -99.155441"
2020-06-22,INER,SSA,Crítica,Media,"19.291375, -99.158653"
2020-06-22,HOSPITAL GENERAL DE MÉXICO,SSA,Media,Media,"19.4129258, -99.1520225"
2020-06-22,HOSPITAL JUAREZ,SSA,Crítica,Media,"19.481829, -99.135576"
2020-06-22,HOSPITAL GENERAL DR. MANUEL GEA GONZÁLEZ,SSA,Crítica,Media,"19.290295, -99.160861"
2020-06-22,HOSPITAL INFANTIL DE MÉXICO FEDERICO GÓMEZ,SSA,Buena,Buena,"19.410839, -99.151941"
2020-06-22,INSTITUTO  NACIONAL DE CARDIOLOGÍA IGNACIO CHÁVEZ,SSA,Media,Media,"19.290598, -99.153838"
2020-06-22,CITIBANAMEX,SSA,Media,Crítica,"19.439732, -99.224235"
2020-06-22,HOSPITAL REGIONAL DE ALTA ESPECIALIDAD DE IXTAPALUCA,SSA,Media,Media,"19.318796, -98.855353"
2020-06-22,BELISARIO DOMINGUEZ,SEDESA,Media,Buena,"19.307226, -99.065356"
2020-06-22,ENRIQUE CABRERA,SEDESA,Buena,Buena,"19.361675, -99.224432"
2020-06-22,GENERAL TLAHUAC,SEDESA,Buena,Buena,"19.287492, -99.052665"
2020-06-22,PEDIATRICO DE LA VILLA,SEDESA,Buena,Buena,"19.487355, -99.114316"
2020-06-22,HOSPITAL GENERAL AJUSCO MEDIO,SEDESA,Media,Media,"19.272165, -99.207846"
2020-06-22,HOSPITAL GENERAL IZTAPALAPA,SEDESA,Media,Buena,"19.343426, -99.027236"
2020-06-22,HOSPITAL GENERAL XOCO,SEDESA,Crítica,Buena,"19.360313, -99.162275"
2020-06-22,HOSPITAL GENERAL VILLA,SEDESA,Media,Buena,"19.480079, -99.103353"
2020-06-22,HOSPITAL GENERAL DR. RUBÉN LEÑERO,SEDESA,Crítica,Buena,"19.451398, -99.169565"
2020-06-22,HOSPITAL GENERAL MILPA ALTA,SEDESA,Buena,Buena,"19.200951, -99.011210"
2020-06-22,HOSPITAL GENERAL BALBUENA,SEDESA,Buena,Buena,"19.424195, -99.115412"
2020-06-22,HOSPITAL TEPEPAN,SEDESA,Sin Dato,Sin Dato,"19.275806, -99.144298"
2020-06-22,HOSPITAL DE ESPECIALIDADES 01 CMN SIGLO XXI (CDMX SUR),IMSS,Buena,Buena,"19.466549, -99.145102"
2020-06-22,HOSPITAL DE PEDIATRIA 01 CMN SIGLO XXI (CDMX SUR),IMSS,Buena,Buena,"19.407458, -99.152267"
2020-06-22,HOSPITAL GENERAL DE ZONA 01 CARLOS MC GREGOR (CDMX SUR),IMSS,Media,Crítica,"19.395912, -99.161610"
2020-06-22,HOSPITAL GENERAL DE ZONA 1A PARQUE DE LOS VENADOS (CDMX SUR),IMSS,Media,Media,"19.374431, -99.151203"
2020-06-22,HOSPITAL DE INFECTOLOGIA 01 LA RAZA (CDMX NORTE),IMSS,Media,Media,"19.464865, -99.144859"
2020-06-22,HOSPITAL GENERAL 01 (CDMX NORTE) LA RAZA,IMSS,Media,Buena,"19.395740, -99.161677"
2020-06-22,HOSPITAL GENERAL DE ZONA 24 (CDMX NORTE),IMSS,Media,Media,"19.483221, -99.128448"
2020-06-22,HOSPITAL GENERAL DE ZONA 27 (CDMX NORTE),IMSS,Media,Media,"19.454776, -99.140007"
2020-06-22,HOSPITAL GENERAL DE ZONA 2A (CDMX SUR),IMSS,Media,Media,"19.405495, -99.112200"
2020-06-22,HOSPITAL GENERAL DE ZONA 30 (CDMX SUR),IMSS,Buena,Crítica,"19.398836, -99.116913"
2020-06-22,HOSPITAL GENERAL DE ZONA 32 (CDMX SUR),IMSS,Media,Crítica,"19.307964, -99.130677"
2020-06-22,HOSPITAL GENERAL DE ZONA C/MF 08 (CDMX SUR),IMSS,Crítica,Media,"19.337137, -99.200142"
2020-06-22,HOSPITAL GENERAL DE ZONA C/UMAA 48 (CDMX NORTE),IMSS,Media,Media,"19.482375, -99.213046"
2020-06-22,HOSPITAL GENERAL 02 (CDMX SUR) VILLA COAPA (COY.),IMSS,Media,Media,"19.309194, -99.129593"
2020-06-22,HOSPITAL DE ESPECIALIDADES 01 (CDMX NORTE) LA RAZA (AZC),IMSS,Crítica,Media,"19.467169, -99.143785"
2020-06-22,HOSPITAL GENERAL DE ZONA C/MF 29 (S. JUAN ARAGÓN),IMSS,Media,Media,"19.465117, -99.085162"
2020-06-22,HOSPITAL GENERAL DE ZONA 47 (CDMX SUR) (IZP),IMSS,Media,Buena,"19.357566, -99.054269"
2020-06-22,UNIDAD MÓVIL TEMPORAL COVID,IMSS,Crítica,Media,"19.403082, -99.089177"
2020-06-22,HOSPITAL GENERAL REGIONAL 72,IMSS,Media,Media,"19.542797, -99.205022"
2020-06-22,HOSPITAL GENERAL REGIONAL 196,IMSS,Media,Media,"19.529016, -99.030983"
2020-06-22,HOSPITAL GENERAL REGIONAL 200,IMSS,Buena,Media,"19.742905, -98.972971"
2020-06-22,HOSPITAL GENERAL DE ZONA 53,IMSS,Buena,Media,"19.356913, -98.990929"
2020-06-22,HOSPITAL GENERAL DE ZONA 197,IMSS,Media,Buena,"19.515133, -98.891450"
2020-06-22,HOSPITAL GENERAL DE ZONA 194,IMSS,Media,Buena,"19.470300, -99.234208"
2020-06-22,HOSPITAL GENERAL DE ZONA 57 (LA QUEBRADA),IMSS,Crítica,Crítica,"19.597387, -99.188426"
2020-06-22,HOSPITAL GENERAL DE ZONA 58 (LAS MARGARITAS),IMSS,Media,Crítica,"19.530797, -99.222446"
2020-06-22,HOSPITAL GENERAL DE ZONA 68 (TULPETLAC),IMSS,Media,Media,"19.570070, -99.044009"
2020-06-22,HOSPITAL GENERAL DE ZONA 71 (CHALCO),IMSS,Media,Buena,"19.259803, -98.893368"
2020-06-22,HOSPITAL GENERAL DE ZONA 76 (XALOSTOC),IMSS,Media,Buena,"19.526677, -99.082058"
2020-06-22,HOSPITAL GENERAL DE ZONA 98 (COACALCO),IMSS,Crítica,Media,"19.638165, -99.098892"
2020-06-22,CENTRO MEDICO 20 DE NOVIEMBRE,ISSSTE,Crítica,Media,"19.372720, -99.171205"
2020-06-22,HG DARIO FERNANDEZ FIERRO,ISSSTE,Media,Media,"19.363602, -99.188608"
2020-06-22,HG JOSE MARIA MORELOS,ISSSTE,Media,Media,"19.363918, -98.995393"
2020-06-22,HG TACUBA,ISSSTE,Crítica,Media,"19.454384, -99.191231"
2020-06-22,HG DR FERNANDO QUIROZ,ISSSTE,Media,Buena,"19.394242, -99.194187"
2020-06-22,HG IGNACIO ZARAGOZA,ISSSTE,Media,Crítica,"19.389472, -99.045019"
2020-06-22,HR PRIMERO DE OCTUBRE,ISSSTE,Media,Media,"19.486751, -99.133249"
2020-06-22,HR LIC. ADOLFO LÓPEZ MATEOS,ISSSTE,Media,Buena,"19.358451, -99.172716"
2020-06-22,HR BICENTENARIO DE LA INDEPENDENCIA,ISSSTE,Media,Media,"19.628814, -99.163343"
2020-06-22,ALTA ESPECIALIDAD DE ZUMPANGO,EDOMEX,Crítica,Media,"19.815198, -99.089196"
2020-06-22,HOSPITAL REGIONAL TLALNEPANTLA ISSEMYM,EDOMEX,Crítica,Media,"19.521706, -99.187341"
2020-06-22,"HOSPITAL GENERAL ECATEPEC ""LAS AMÉRICAS""",EDOMEX,Media,Media,"19.594136, -99.018679"
2020-06-22,"HOSPITAL GENERAL DE NAUCALPAN ""DR. MAXIMILIANO RUIZ CASTAÑEDA"" ",EDOMEX,Buena,Buena,"19.468662, -99.234348"
2020-06-22,"HOSPITAL GENERAL ATIZAPAN DE ZARAGOZA ""DR. SALVADOR GONZALEZ HERREJÓN""",EDOMEX,Buena,Media,"19.546322, -99.237491"
2020-06-22,"HOSPITAL GENERAL CUAUTITLAN ""GRAL. JOSE VICENTE VILLADA""",EDOMEX,Crítica,Buena,"19.664586, -99.178557"
2020-06-22,"HOSPITAL GENERAL DE NEZAHUALCOYOTL ""GUSTAVO BAZ PRADA""",EDOMEX,Buena,Media,"19.422253, -99.014892"
2020-06-22,"HOSPITAL GENERAL DE ECATEPEC ""JOSÉ MARÍA RODRÍGUEZ""",EDOMEX,Buena,Buena,"19.514412, -99.038087"
2020-06-22,"HOSPITAL GENERAL NEZAHUALCOYOTL ""LA PERLA"" ",EDOMEX,Buena,Buena,"19.387963, -98.989442"
2020-06-22,HOSPITAL GENERAL DE CHIMALHUACAN,EDOMEX,Buena,Buena,"19.419753, -98.975140"
2020-06-22,"HOSPITAL GENERAL DE IXTAPALUCA ""PEDRO LOPEZ""",EDOMEX,Buena,Buena,"19.318829, -98.855366"
2020-06-22,HOSPITAL GENERAL DE CHALCO ,EDOMEX,Buena,Buena,"19.268265, -98.893965"
2020-06-22,"HOSPITAL GENERAL TEXCOCO ""GUADALUPE VICTORIA"" BICENTENARIO ",EDOMEX,Media,Media,"19.514309, -98.871750"
2020-06-22,"HOSPITAL GENERAL VALLE DE CHALCO ""DR. FERNANDO QUIROZ GUTIERREZ"" ",EDOMEX,Buena,Buena,"19.273775, -98.941609"
2020-06-22,"HOSPITAL GENERAL AMECAMECA ""VALENTIN GOMEZ FARIAS"" ",EDOMEX,Buena,Buena,"19.144883, -98.785072"
2020-06-22,HOSPITAL GENERAL DE AXAPUSCO,EDOMEX,Crítica,Media,"19.732872, -98.769445"
2020-06-23,INSTITUTO NACIONAL DE NUTRICIÓN,SSA,Crítica,Crítica,"19.289599, -99.155441"
2020-06-23,INER,SSA,Crítica,Media,"19.291375, -99.158653"
2020-06-23,HOSPITAL GENERAL DE MÉXICO,SSA,Media,Media,"19.4129258, -99.1520225"
2020-06-23,HOSPITAL JUAREZ,SSA,Media,Media,"19.481829, -99.135576"
2020-06-23,HOSPITAL GENERAL DR. MANUEL GEA GONZÁLEZ,SSA,Crítica,Media,"19.290295, -99.160861"
2020-06-23,HOSPITAL INFANTIL DE MÉXICO FEDERICO GÓMEZ,SSA,Buena,Buena,"19.410839, -99.151941"
2020-06-23,INSTITUTO  NACIONAL DE CARDIOLOGÍA IGNACIO CHÁVEZ,SSA,Media,Media,"19.290598, -99.153838"
2020-06-23,CITIBANAMEX,SSA,Media,Crítica,"19.439732, -99.224235"
2020-06-23,HOSPITAL REGIONAL DE ALTA ESPECIALIDAD DE IXTAPALUCA,SSA,Media,Media,"19.318796, -98.855353"
2020-06-23,BELISARIO DOMINGUEZ,SEDESA,Media,Buena,"19.307226, -99.065356"
2020-06-23,ENRIQUE CABRERA,SEDESA,Buena,Buena,"19.361675, -99.224432"
2020-06-23,GENERAL TLAHUAC,SEDESA,Buena,Buena,"19.287492, -99.052665"
2020-06-23,PEDIATRICO DE LA VILLA,SEDESA,Buena,Buena,"19.487355, -99.114316"
2020-06-23,HOSPITAL GENERAL AJUSCO MEDIO,SEDESA,Media,Media,"19.272165, -99.207846"
2020-06-23,HOSPITAL GENERAL IZTAPALAPA,SEDESA,Buena,Buena,"19.343426, -99.027236"
2020-06-23,HOSPITAL GENERAL XOCO,SEDESA,Crítica,Buena,"19.360313, -99.162275"
2020-06-23,HOSPITAL GENERAL VILLA,SEDESA,Media,Buena,"19.480079, -99.103353"
2020-06-23,HOSPITAL GENERAL DR. RUBÉN LEÑERO,SEDESA,Crítica,Buena,"19.451398, -99.169565"
2020-06-23,HOSPITAL GENERAL MILPA ALTA,SEDESA,Buena,Buena,"19.200951, -99.011210"
2020-06-23,HOSPITAL GENERAL BALBUENA,SEDESA,Buena,Buena,"19.424195, -99.115412"
2020-06-23,HOSPITAL TEPEPAN,SEDESA,Sin Dato,Sin Dato,"19.275806, -99.144298"
2020-06-23,HOSPITAL DE ESPECIALIDADES 01 CMN SIGLO XXI (CDMX SUR),IMSS,Buena,Buena,"19.466549, -99.145102"
2020-06-23,HOSPITAL DE PEDIATRIA 01 CMN SIGLO XXI (CDMX SUR),IMSS,Buena,Buena,"19.407458, -99.152267"
2020-06-23,HOSPITAL GENERAL DE ZONA 01 CARLOS MC GREGOR (CDMX SUR),IMSS,Media,Crítica,"19.395912, -99.161610"
2020-06-23,HOSPITAL GENERAL DE ZONA 1A PARQUE DE LOS VENADOS (CDMX SUR),IMSS,Media,Media,"19.374431, -99.151203"
2020-06-23,HOSPITAL DE INFECTOLOGIA 01 LA RAZA (CDMX NORTE),IMSS,Buena,Media,"19.464865, -99.144859"
2020-06-23,HOSPITAL GENERAL 01 (CDMX NORTE) LA RAZA,IMSS,Media,Media,"19.395740, -99.161677"
2020-06-23,HOSPITAL GENERAL DE ZONA 24 (CDMX NORTE),IMSS,Buena,Buena,"19.483221, -99.128448"
2020-06-23,HOSPITAL GENERAL DE ZONA 27 (CDMX NORTE),IMSS,Media,Media,"19.454776, -99.140007"
2020-06-23,HOSPITAL GENERAL DE ZONA 2A (CDMX SUR),IMSS,Media,Media,"19.405495, -99.112200"
2020-06-23,HOSPITAL GENERAL DE ZONA 30 (CDMX SUR),IMSS,Media,Media,"19.398836, -99.116913"
2020-06-23,HOSPITAL GENERAL DE ZONA 32 (CDMX SUR),IMSS,Media,Crítica,"19.307964, -99.130677"
2020-06-23,HOSPITAL GENERAL DE ZONA C/MF 08 (CDMX SUR),IMSS,Crítica,Media,"19.337137, -99.200142"
2020-06-23,HOSPITAL GENERAL DE ZONA C/UMAA 48 (CDMX NORTE),IMSS,Media,Media,"19.482375, -99.213046"
2020-06-23,HOSPITAL GENERAL 02 (CDMX SUR) VILLA COAPA (COY.),IMSS,Media,Media,"19.309194, -99.129593"
2020-06-23,HOSPITAL DE ESPECIALIDADES 01 (CDMX NORTE) LA RAZA (AZC),IMSS,Crítica,Media,"19.467169, -99.143785"
2020-06-23,HOSPITAL GENERAL DE ZONA C/MF 29 (S. JUAN ARAGÓN),IMSS,Media,Buena,"19.465117, -99.085162"
2020-06-23,HOSPITAL GENERAL DE ZONA 47 (CDMX SUR) (IZP),IMSS,Media,Buena,"19.357566, -99.054269"
2020-06-23,UNIDAD MÓVIL TEMPORAL COVID,IMSS,Crítica,Crítica,"19.403082, -99.089177"
2020-06-23,HOSPITAL GENERAL REGIONAL 72,IMSS,Media,Media,"19.542797, -99.205022"
2020-06-23,HOSPITAL GENERAL REGIONAL 196,IMSS,Media,Media,"19.529016, -99.030983"
2020-06-23,HOSPITAL GENERAL REGIONAL 200,IMSS,Buena,Media,"19.742905, -98.972971"
2020-06-23,HOSPITAL GENERAL DE ZONA 53,IMSS,Media,Media,"19.356913, -98.990929"
2020-06-23,HOSPITAL GENERAL DE ZONA 197,IMSS,Media,Buena,"19.515133, -98.891450"
2020-06-23,HOSPITAL GENERAL DE ZONA 194,IMSS,Media,Buena,"19.470300, -99.234208"
2020-06-23,HOSPITAL GENERAL DE ZONA 57 (LA QUEBRADA),IMSS,Crítica,Crítica,"19.597387, -99.188426"
2020-06-23,HOSPITAL GENERAL DE ZONA 58 (LAS MARGARITAS),IMSS,Crítica,Crítica,"19.530797, -99.222446"
2020-06-23,HOSPITAL GENERAL DE ZONA 68 (TULPETLAC),IMSS,Buena,Media,"19.570070, -99.044009"
2020-06-23,HOSPITAL GENERAL DE ZONA 71 (CHALCO),IMSS,Buena,Buena,"19.259803, -98.893368"
2020-06-23,HOSPITAL GENERAL DE ZONA 76 (XALOSTOC),IMSS,Media,Buena,"19.526677, -99.082058"
2020-06-23,HOSPITAL GENERAL DE ZONA 98 (COACALCO),IMSS,Crítica,Buena,"19.638165, -99.098892"
2020-06-23,CENTRO MEDICO 20 DE NOVIEMBRE,ISSSTE,Media,Media,"19.372720, -99.171205"
2020-06-23,HG DARIO FERNANDEZ FIERRO,ISSSTE,Media,Media,"19.363602, -99.188608"
2020-06-23,HG JOSE MARIA MORELOS,ISSSTE,Media,Media,"19.363918, -98.995393"
2020-06-23,HG TACUBA,ISSSTE,Media,Media,"19.454384, -99.191231"
2020-06-23,HG DR FERNANDO QUIROZ,ISSSTE,Media,Buena,"19.394242, -99.194187"
2020-06-23,HG IGNACIO ZARAGOZA,ISSSTE,Media,Media,"19.389472, -99.045019"
2020-06-23,HR PRIMERO DE OCTUBRE,ISSSTE,Media,Media,"19.486751, -99.133249"
2020-06-23,HR LIC. ADOLFO LÓPEZ MATEOS,ISSSTE,Media,Buena,"19.358451, -99.172716"
2020-06-23,HR BICENTENARIO DE LA INDEPENDENCIA,ISSSTE,Media,Media,"19.628814, -99.163343"
2020-06-23,ALTA ESPECIALIDAD DE ZUMPANGO,EDOMEX,Crítica,Media,"19.815198, -99.089196"
2020-06-23,HOSPITAL REGIONAL TLALNEPANTLA ISSEMYM,EDOMEX,Crítica,Buena,"19.521706, -99.187341"
2020-06-23,"HOSPITAL GENERAL ECATEPEC ""LAS AMÉRICAS""",EDOMEX,Buena,Media,"19.594136, -99.018679"
2020-06-23,"HOSPITAL GENERAL DE NAUCALPAN ""DR. MAXIMILIANO RUIZ CASTAÑEDA"" ",EDOMEX,Buena,Buena,"19.468662, -99.234348"
2020-06-23,"HOSPITAL GENERAL ATIZAPAN DE ZARAGOZA ""DR. SALVADOR GONZALEZ HERREJÓN""",EDOMEX,Buena,Media,"19.546322, -99.237491"
2020-06-23,"HOSPITAL GENERAL CUAUTITLAN ""GRAL. JOSE VICENTE VILLADA""",EDOMEX,Crítica,Buena,"19.664586, -99.178557"
2020-06-23,"HOSPITAL GENERAL DE NEZAHUALCOYOTL ""GUSTAVO BAZ PRADA""",EDOMEX,Buena,Media,"19.422253, -99.014892"
2020-06-23,"HOSPITAL GENERAL DE ECATEPEC ""JOSÉ MARÍA RODRÍGUEZ""",EDOMEX,Buena,Buena,"19.514412, -99.038087"
2020-06-23,"HOSPITAL GENERAL NEZAHUALCOYOTL ""LA PERLA"" ",EDOMEX,Buena,Buena,"19.387963, -98.989442"
2020-06-23,HOSPITAL GENERAL DE CHIMALHUACAN,EDOMEX,Buena,Buena,"19.419753, -98.975140"
2020-06-23,"HOSPITAL GENERAL DE IXTAPALUCA ""PEDRO LOPEZ""",EDOMEX,Buena,Buena,"19.318829, -98.855366"
2020-06-23,HOSPITAL GENERAL DE CHALCO ,EDOMEX,Buena,Buena,"19.268265, -98.893965"
2020-06-23,"HOSPITAL GENERAL TEXCOCO ""GUADALUPE VICTORIA"" BICENTENARIO ",EDOMEX,Media,Buena,"19.514309, -98.871750"
2020-06-23,"HOSPITAL GENERAL VALLE DE CHALCO ""DR. FERNANDO QUIROZ GUTIERREZ"" ",EDOMEX,Buena,Buena,"19.273775, -98.941609"
2020-06-23,"HOSPITAL GENERAL AMECAMECA ""VALENTIN GOMEZ FARIAS"" ",EDOMEX,Buena,Buena,"19.144883, -98.785072"
2020-06-23,HOSPITAL GENERAL DE AXAPUSCO,EDOMEX,Media,Media,"19.732872, -98.769445"
2020-06-24,INSTITUTO NACIONAL DE NUTRICIÓN,SSA,Crítica,Crítica,"19.289599, -99.155441"
2020-06-24,INER,SSA,Crítica,Media,"19.291375, -99.158653"
2020-06-24,HOSPITAL GENERAL DE MÉXICO,SSA,Media,Media,"19.4129258, -99.1520225"
2020-06-24,HOSPITAL JUAREZ,SSA,Media,Media,"19.481829, -99.135576"
2020-06-24,HOSPITAL GENERAL DR. MANUEL GEA GONZÁLEZ,SSA,Crítica,Media,"19.290295, -99.160861"
2020-06-24,HOSPITAL INFANTIL DE MÉXICO FEDERICO GÓMEZ,SSA,Buena,Buena,"19.410839, -99.151941"
2020-06-24,INSTITUTO  NACIONAL DE CARDIOLOGÍA IGNACIO CHÁVEZ,SSA,Buena,Media,"19.290598, -99.153838"
2020-06-24,CITIBANAMEX,SSA,Media,Crítica,"19.439732, -99.224235"
2020-06-24,HOSPITAL REGIONAL DE ALTA ESPECIALIDAD DE IXTAPALUCA,SSA,Buena,Media,"19.318796, -98.855353"
2020-06-24,BELISARIO DOMINGUEZ,SEDESA,Media,Buena,"19.307226, -99.065356"
2020-06-24,ENRIQUE CABRERA,SEDESA,Buena,Buena,"19.361675, -99.224432"
2020-06-24,GENERAL TLAHUAC,SEDESA,Buena,Buena,"19.287492, -99.052665"
2020-06-24,PEDIATRICO DE LA VILLA,SEDESA,Buena,Buena,"19.487355, -99.114316"
2020-06-24,HOSPITAL GENERAL AJUSCO MEDIO,SEDESA,Media,Media,"19.272165, -99.207846"
2020-06-24,HOSPITAL GENERAL IZTAPALAPA,SEDESA,Buena,Buena,"19.343426, -99.027236"
2020-06-24,HOSPITAL GENERAL XOCO,SEDESA,Crítica,Buena,"19.360313, -99.162275"
2020-06-24,HOSPITAL GENERAL VILLA,SEDESA,Media,Buena,"19.480079, -99.103353"
2020-06-24,HOSPITAL GENERAL DR. RUBÉN LEÑERO,SEDESA,Crítica,Buena,"19.451398, -99.169565"
2020-06-24,HOSPITAL GENERAL MILPA ALTA,SEDESA,Buena,Buena,"19.200951, -99.011210"
2020-06-24,HOSPITAL GENERAL BALBUENA,SEDESA,Media,Buena,"19.424195, -99.115412"
2020-06-24,HOSPITAL TEPEPAN,SEDESA,Sin Dato,Sin Dato,"19.275806, -99.144298"
2020-06-24,HOSPITAL DE ESPECIALIDADES 01 CMN SIGLO XXI (CDMX SUR),IMSS,Buena,Buena,"19.466549, -99.145102"
2020-06-24,HOSPITAL DE PEDIATRIA 01 CMN SIGLO XXI (CDMX SUR),IMSS,Buena,Buena,"19.407458, -99.152267"
2020-06-24,HOSPITAL GENERAL DE ZONA 01 CARLOS MC GREGOR (CDMX SUR),IMSS,Media,Media,"19.395912, -99.161610"
2020-06-24,HOSPITAL GENERAL DE ZONA 1A PARQUE DE LOS VENADOS (CDMX SUR),IMSS,Media,Buena,"19.374431, -99.151203"
2020-06-24,HOSPITAL DE INFECTOLOGIA 01 LA RAZA (CDMX NORTE),IMSS,Buena,Crítica,"19.464865, -99.144859"
2020-06-24,HOSPITAL GENERAL 01 (CDMX NORTE) LA RAZA,IMSS,Media,Media,"19.395740, -99.161677"
2020-06-24,HOSPITAL GENERAL DE ZONA 24 (CDMX NORTE),IMSS,Media,Buena,"19.483221, -99.128448"
2020-06-24,HOSPITAL GENERAL DE ZONA 27 (CDMX NORTE),IMSS,Media,Buena,"19.454776, -99.140007"
2020-06-24,HOSPITAL GENERAL DE ZONA 2A (CDMX SUR),IMSS,Media,Buena,"19.405495, -99.112200"
2020-06-24,HOSPITAL GENERAL DE ZONA 30 (CDMX SUR),IMSS,Media,Buena,"19.398836, -99.116913"
2020-06-24,HOSPITAL GENERAL DE ZONA 32 (CDMX SUR),IMSS,Media,Media,"19.307964, -99.130677"
2020-06-24,HOSPITAL GENERAL DE ZONA C/MF 08 (CDMX SUR),IMSS,Crítica,Media,"19.337137, -99.200142"
2020-06-24,HOSPITAL GENERAL DE ZONA C/UMAA 48 (CDMX NORTE),IMSS,Media,Media,"19.482375, -99.213046"
2020-06-24,HOSPITAL GENERAL 02 (CDMX SUR) VILLA COAPA (COY.),IMSS,Media,Media,"19.309194, -99.129593"
2020-06-24,HOSPITAL DE ESPECIALIDADES 01 (CDMX NORTE) LA RAZA (AZC),IMSS,Crítica,Media,"19.467169, -99.143785"
2020-06-24,HOSPITAL GENERAL DE ZONA C/MF 29 (S. JUAN ARAGÓN),IMSS,Buena,Buena,"19.465117, -99.085162"
2020-06-24,HOSPITAL GENERAL DE ZONA 47 (CDMX SUR) (IZP),IMSS,Buena,Buena,"19.357566, -99.054269"
2020-06-24,UNIDAD MÓVIL TEMPORAL COVID,IMSS,Crítica,Media,"19.403082, -99.089177"
2020-06-24,HOSPITAL GENERAL REGIONAL 72,IMSS,Media,Media,"19.542797, -99.205022"
2020-06-24,HOSPITAL GENERAL REGIONAL 196,IMSS,Media,Media,"19.529016, -99.030983"
2020-06-24,HOSPITAL GENERAL REGIONAL 200,IMSS,Media,Media,"19.742905, -98.972971"
2020-06-24,HOSPITAL GENERAL DE ZONA 53,IMSS,Media,Buena,"19.356913, -98.990929"
2020-06-24,HOSPITAL GENERAL DE ZONA 197,IMSS,Media,Buena,"19.515133, -98.891450"
2020-06-24,HOSPITAL GENERAL DE ZONA 194,IMSS,Crítica,Buena,"19.470300, -99.234208"
2020-06-24,HOSPITAL GENERAL DE ZONA 57 (LA QUEBRADA),IMSS,Crítica,Crítica,"19.597387, -99.188426"
2020-06-24,HOSPITAL GENERAL DE ZONA 58 (LAS MARGARITAS),IMSS,Crítica,Crítica,"19.530797, -99.222446"
2020-06-24,HOSPITAL GENERAL DE ZONA 68 (TULPETLAC),IMSS,Buena,Media,"19.570070, -99.044009"
2020-06-24,HOSPITAL GENERAL DE ZONA 71 (CHALCO),IMSS,Buena,Buena,"19.259803, -98.893368"
2020-06-24,HOSPITAL GENERAL DE ZONA 76 (XALOSTOC),IMSS,Media,Buena,"19.526677, -99.082058"
2020-06-24,HOSPITAL GENERAL DE ZONA 98 (COACALCO),IMSS,Crítica,Buena,"19.638165, -99.098892"
2020-06-24,CENTRO MEDICO 20 DE NOVIEMBRE,ISSSTE,Crítica,Media,"19.372720, -99.171205"
2020-06-24,HG DARIO FERNANDEZ FIERRO,ISSSTE,Media,Media,"19.363602, -99.188608"
2020-06-24,HG JOSE MARIA MORELOS,ISSSTE,Media,Media,"19.363918, -98.995393"
2020-06-24,HG TACUBA,ISSSTE,Crítica,Media,"19.454384, -99.191231"
2020-06-24,HG DR FERNANDO QUIROZ,ISSSTE,Media,Buena,"19.394242, -99.194187"
2020-06-24,HG IGNACIO ZARAGOZA,ISSSTE,Media,Media,"19.389472, -99.045019"
2020-06-24,HR PRIMERO DE OCTUBRE,ISSSTE,Media,Media,"19.486751, -99.133249"
2020-06-24,HR LIC. ADOLFO LÓPEZ MATEOS,ISSSTE,Media,Buena,"19.358451, -99.172716"
2020-06-24,HR BICENTENARIO DE LA INDEPENDENCIA,ISSSTE,Media,Buena,"19.628814, -99.163343"
2020-06-24,ALTA ESPECIALIDAD DE ZUMPANGO,EDOMEX,Crítica,Media,"19.815198, -99.089196"
2020-06-24,HOSPITAL REGIONAL TLALNEPANTLA ISSEMYM,EDOMEX,Crítica,Media,"19.521706, -99.187341"
2020-06-24,"HOSPITAL GENERAL ECATEPEC ""LAS AMÉRICAS""",EDOMEX,Media,Media,"19.594136, -99.018679"
2020-06-24,"HOSPITAL GENERAL DE NAUCALPAN ""DR. MAXIMILIANO RUIZ CASTAÑEDA"" ",EDOMEX,Buena,Buena,"19.468662, -99.234348"
2020-06-24,"HOSPITAL GENERAL ATIZAPAN DE ZARAGOZA ""DR. SALVADOR GONZALEZ HERREJÓN""",EDOMEX,Buena,Media,"19.546322, -99.237491"
2020-06-24,"HOSPITAL GENERAL CUAUTITLAN ""GRAL. JOSE VICENTE VILLADA""",EDOMEX,Media,Buena,"19.664586, -99.178557"
2020-06-24,"HOSPITAL GENERAL DE NEZAHUALCOYOTL ""GUSTAVO BAZ PRADA""",EDOMEX,Buena,Media,"19.422253, -99.014892"
2020-06-24,"HOSPITAL GENERAL DE ECATEPEC ""JOSÉ MARÍA RODRÍGUEZ""",EDOMEX,Buena,Buena,"19.514412, -99.038087"
2020-06-24,"HOSPITAL GENERAL NEZAHUALCOYOTL ""LA PERLA"" ",EDOMEX,Buena,Buena,"19.387963, -98.989442"
2020-06-24,HOSPITAL GENERAL DE CHIMALHUACAN,EDOMEX,Buena,Buena,"19.419753, -98.975140"
2020-06-24,"HOSPITAL GENERAL DE IXTAPALUCA ""PEDRO LOPEZ""",EDOMEX,Buena,Buena,"19.318829, -98.855366"
2020-06-24,HOSPITAL GENERAL DE CHALCO ,EDOMEX,Buena,Media,"19.268265, -98.893965"
2020-06-24,"HOSPITAL GENERAL TEXCOCO ""GUADALUPE VICTORIA"" BICENTENARIO ",EDOMEX,Media,Media,"19.514309, -98.871750"
2020-06-24,"HOSPITAL GENERAL VALLE DE CHALCO ""DR. FERNANDO QUIROZ GUTIERREZ"" ",EDOMEX,Buena,Buena,"19.273775, -98.941609"
2020-06-24,"HOSPITAL GENERAL AMECAMECA ""VALENTIN GOMEZ FARIAS"" ",EDOMEX,Buena,Buena,"19.144883, -98.785072"
2020-06-24,HOSPITAL GENERAL DE AXAPUSCO,EDOMEX,Media,Crítica,"19.732872, -98.769445"
2020-06-25,INSTITUTO NACIONAL DE NUTRICIÓN,SSA,Crítica,Crítica,"19.289599, -99.155441"
2020-06-25,INER,SSA,Crítica,Media,"19.291375, -99.158653"
2020-06-25,HOSPITAL GENERAL DE MÉXICO,SSA,Media,Media,"19.4129258, -99.1520225"
2020-06-25,HOSPITAL JUAREZ,SSA,Media,Media,"19.481829, -99.135576"
2020-06-25,HOSPITAL GENERAL DR. MANUEL GEA GONZÁLEZ,SSA,Crítica,Media,"19.290295, -99.160861"
2020-06-25,HOSPITAL INFANTIL DE MÉXICO FEDERICO GÓMEZ,SSA,Buena,Buena,"19.410839, -99.151941"
2020-06-25,INSTITUTO  NACIONAL DE CARDIOLOGÍA IGNACIO CHÁVEZ,SSA,Buena,Media,"19.290598, -99.153838"
2020-06-25,CITIBANAMEX,SSA,Media,Crítica,"19.439732, -99.224235"
2020-06-25,HOSPITAL REGIONAL DE ALTA ESPECIALIDAD DE IXTAPALUCA,SSA,Media,Media,"19.318796, -98.855353"
2020-06-25,BELISARIO DOMINGUEZ,SEDESA,Media,Buena,"19.307226, -99.065356"
2020-06-25,ENRIQUE CABRERA,SEDESA,Buena,Buena,"19.361675, -99.224432"
2020-06-25,GENERAL TLAHUAC,SEDESA,Buena,Buena,"19.287492, -99.052665"
2020-06-25,PEDIATRICO DE LA VILLA,SEDESA,Buena,Buena,"19.487355, -99.114316"
2020-06-25,HOSPITAL GENERAL AJUSCO MEDIO,SEDESA,Media,Media,"19.272165, -99.207846"
2020-06-25,HOSPITAL GENERAL IZTAPALAPA,SEDESA,Buena,Buena,"19.343426, -99.027236"
2020-06-25,HOSPITAL GENERAL XOCO,SEDESA,Crítica,Buena,"19.360313, -99.162275"
2020-06-25,HOSPITAL GENERAL VILLA,SEDESA,Media,Buena,"19.480079, -99.103353"
2020-06-25,HOSPITAL GENERAL DR. RUBÉN LEÑERO,SEDESA,Crítica,Buena,"19.451398, -99.169565"
2020-06-25,HOSPITAL GENERAL MILPA ALTA,SEDESA,Buena,Buena,"19.200951, -99.011210"
2020-06-25,HOSPITAL GENERAL BALBUENA,SEDESA,Media,Buena,"19.424195, -99.115412"
2020-06-25,HOSPITAL TEPEPAN,SEDESA,Sin Dato,Sin Dato,"19.275806, -99.144298"
2020-06-25,HOSPITAL DE ESPECIALIDADES 01 CMN SIGLO XXI (CDMX SUR),IMSS,Buena,Buena,"19.466549, -99.145102"
2020-06-25,HOSPITAL DE PEDIATRIA 01 CMN SIGLO XXI (CDMX SUR),IMSS,Buena,Buena,"19.407458, -99.152267"
2020-06-25,HOSPITAL GENERAL DE ZONA 01 CARLOS MC GREGOR (CDMX SUR),IMSS,Media,Media,"19.395912, -99.161610"
2020-06-25,HOSPITAL GENERAL DE ZONA 1A PARQUE DE LOS VENADOS (CDMX SUR),IMSS,Media,Buena,"19.374431, -99.151203"
2020-06-25,HOSPITAL DE INFECTOLOGIA 01 LA RAZA (CDMX NORTE),IMSS,Media,Media,"19.464865, -99.144859"
2020-06-25,HOSPITAL GENERAL 01 (CDMX NORTE) LA RAZA,IMSS,Media,Media,"19.395740, -99.161677"
2020-06-25,HOSPITAL GENERAL DE ZONA 24 (CDMX NORTE),IMSS,Buena,Media,"19.483221, -99.128448"
2020-06-25,HOSPITAL GENERAL DE ZONA 27 (CDMX NORTE),IMSS,Media,Buena,"19.454776, -99.140007"
2020-06-25,HOSPITAL GENERAL DE ZONA 2A (CDMX SUR),IMSS,Media,Buena,"19.405495, -99.112200"
2020-06-25,HOSPITAL GENERAL DE ZONA 30 (CDMX SUR),IMSS,Media,Buena,"19.398836, -99.116913"
2020-06-25,HOSPITAL GENERAL DE ZONA 32 (CDMX SUR),IMSS,Media,Media,"19.307964, -99.130677"
2020-06-25,HOSPITAL GENERAL DE ZONA C/MF 08 (CDMX SUR),IMSS,Media,Media,"19.337137, -99.200142"
2020-06-25,HOSPITAL GENERAL DE ZONA C/UMAA 48 (CDMX NORTE),IMSS,Crítica,Buena,"19.482375, -99.213046"
2020-06-25,HOSPITAL GENERAL 02 (CDMX SUR) VILLA COAPA (COY.),IMSS,Media,Buena,"19.309194, -99.129593"
2020-06-25,HOSPITAL DE ESPECIALIDADES 01 (CDMX NORTE) LA RAZA (AZC),IMSS,Crítica,Media,"19.467169, -99.143785"
2020-06-25,HOSPITAL GENERAL DE ZONA C/MF 29 (S. JUAN ARAGÓN),IMSS,Media,Buena,"19.465117, -99.085162"
2020-06-25,HOSPITAL GENERAL DE ZONA 47 (CDMX SUR) (IZP),IMSS,Buena,Buena,"19.357566, -99.054269"
2020-06-25,UNIDAD MÓVIL TEMPORAL COVID,IMSS,Crítica,Media,"19.403082, -99.089177"
2020-06-25,HOSPITAL GENERAL REGIONAL 72,IMSS,Media,Media,"19.542797, -99.205022"
2020-06-25,HOSPITAL GENERAL REGIONAL 196,IMSS,Media,Media,"19.529016, -99.030983"
2020-06-25,HOSPITAL GENERAL REGIONAL 200,IMSS,Media,Media,"19.742905, -98.972971"
2020-06-25,HOSPITAL GENERAL DE ZONA 53,IMSS,Media,Buena,"19.356913, -98.990929"
2020-06-25,HOSPITAL GENERAL DE ZONA 197,IMSS,Media,Buena,"19.515133, -98.891450"
2020-06-25,HOSPITAL GENERAL DE ZONA 194,IMSS,Media,Buena,"19.470300, -99.234208"
2020-06-25,HOSPITAL GENERAL DE ZONA 57 (LA QUEBRADA),IMSS,Crítica,Crítica,"19.597387, -99.188426"
2020-06-25,HOSPITAL GENERAL DE ZONA 58 (LAS MARGARITAS),IMSS,Crítica,Media,"19.530797, -99.222446"
2020-06-25,HOSPITAL GENERAL DE ZONA 68 (TULPETLAC),IMSS,Media,Media,"19.570070, -99.044009"
2020-06-25,HOSPITAL GENERAL DE ZONA 71 (CHALCO),IMSS,Media,Buena,"19.259803, -98.893368"
2020-06-25,HOSPITAL GENERAL DE ZONA 76 (XALOSTOC),IMSS,Media,Buena,"19.526677, -99.082058"
2020-06-25,HOSPITAL GENERAL DE ZONA 98 (COACALCO),IMSS,Crítica,Buena,"19.638165, -99.098892"
2020-06-25,CENTRO MEDICO 20 DE NOVIEMBRE,ISSSTE,Crítica,Media,"19.372720, -99.171205"
2020-06-25,HG DARIO FERNANDEZ FIERRO,ISSSTE,Media,Media,"19.363602, -99.188608"
2020-06-25,HG JOSE MARIA MORELOS,ISSSTE,Media,Media,"19.363918, -98.995393"
2020-06-25,HG TACUBA,ISSSTE,Crítica,Media,"19.454384, -99.191231"
2020-06-25,HG DR FERNANDO QUIROZ,ISSSTE,Media,Buena,"19.394242, -99.194187"
2020-06-25,HG IGNACIO ZARAGOZA,ISSSTE,Media,Media,"19.389472, -99.045019"
2020-06-25,HR PRIMERO DE OCTUBRE,ISSSTE,Media,Media,"19.486751, -99.133249"
2020-06-25,HR LIC. ADOLFO LÓPEZ MATEOS,ISSSTE,Media,Buena,"19.358451, -99.172716"
2020-06-25,HR BICENTENARIO DE LA INDEPENDENCIA,ISSSTE,Media,Media,"19.628814, -99.163343"
2020-06-25,ALTA ESPECIALIDAD DE ZUMPANGO,EDOMEX,Crítica,Media,"19.815198, -99.089196"
2020-06-25,HOSPITAL REGIONAL TLALNEPANTLA ISSEMYM,EDOMEX,Crítica,Media,"19.521706, -99.187341"
2020-06-25,"HOSPITAL GENERAL ECATEPEC ""LAS AMÉRICAS""",EDOMEX,Buena,Media,"19.594136, -99.018679"
2020-06-25,"HOSPITAL GENERAL DE NAUCALPAN ""DR. MAXIMILIANO RUIZ CASTAÑEDA"" ",EDOMEX,Buena,Buena,"19.468662, -99.234348"
2020-06-25,"HOSPITAL GENERAL ATIZAPAN DE ZARAGOZA ""DR. SALVADOR GONZALEZ HERREJÓN""",EDOMEX,Buena,Media,"19.546322, -99.237491"
2020-06-25,"HOSPITAL GENERAL CUAUTITLAN ""GRAL. JOSE VICENTE VILLADA""",EDOMEX,Crítica,Buena,"19.664586, -99.178557"
2020-06-25,"HOSPITAL GENERAL DE NEZAHUALCOYOTL ""GUSTAVO BAZ PRADA""",EDOMEX,Buena,Media,"19.422253, -99.014892"
2020-06-25,"HOSPITAL GENERAL DE ECATEPEC ""JOSÉ MARÍA RODRÍGUEZ""",EDOMEX,Buena,Buena,"19.514412, -99.038087"
2020-06-25,"HOSPITAL GENERAL NEZAHUALCOYOTL ""LA PERLA"" ",EDOMEX,Buena,Buena,"19.387963, -98.989442"
2020-06-25,HOSPITAL GENERAL DE CHIMALHUACAN,EDOMEX,Buena,Buena,"19.419753, -98.975140"
2020-06-25,"HOSPITAL GENERAL DE IXTAPALUCA ""PEDRO LOPEZ""",EDOMEX,Buena,Buena,"19.318829, -98.855366"
2020-06-25,HOSPITAL GENERAL DE CHALCO ,EDOMEX,Buena,Media,"19.268265, -98.893965"
2020-06-25,"HOSPITAL GENERAL TEXCOCO ""GUADALUPE VICTORIA"" BICENTENARIO ",EDOMEX,Buena,Media,"19.514309, -98.871750"
2020-06-25,"HOSPITAL GENERAL VALLE DE CHALCO ""DR. FERNANDO QUIROZ GUTIERREZ"" ",EDOMEX,Buena,Buena,"19.273775, -98.941609"
2020-06-25,"HOSPITAL GENERAL AMECAMECA ""VALENTIN GOMEZ FARIAS"" ",EDOMEX,Buena,Buena,"19.144883, -98.785072"
2020-06-25,HOSPITAL GENERAL DE AXAPUSCO,EDOMEX,Media,Crítica,"19.732872, -98.769445"
2020-06-26,INSTITUTO NACIONAL DE NUTRICIÓN,SSA,Crítica,Crítica,"19.289599, -99.155441"
2020-06-26,INER,SSA,Crítica,Media,"19.291375, -99.158653"
2020-06-26,HOSPITAL GENERAL DE MÉXICO,SSA,Media,Media,"19.4129258, -99.1520225"
2020-06-26,HOSPITAL JUAREZ,SSA,Media,Media,"19.481829, -99.135576"
2020-06-26,HOSPITAL GENERAL DR. MANUEL GEA GONZÁLEZ,SSA,Media,Media,"19.290295, -99.160861"
2020-06-26,HOSPITAL INFANTIL DE MÉXICO FEDERICO GÓMEZ,SSA,Buena,Buena,"19.410839, -99.151941"
2020-06-26,INSTITUTO  NACIONAL DE CARDIOLOGÍA IGNACIO CHÁVEZ,SSA,Media,Media,"19.290598, -99.153838"
2020-06-26,CITIBANAMEX,SSA,Media,Crítica,"19.439732, -99.224235"
2020-06-26,HOSPITAL REGIONAL DE ALTA ESPECIALIDAD DE IXTAPALUCA,SSA,Media,Media,"19.318796, -98.855353"
2020-06-26,BELISARIO DOMINGUEZ,SEDESA,Media,Buena,"19.307226, -99.065356"
2020-06-26,ENRIQUE CABRERA,SEDESA,Buena,Buena,"19.361675, -99.224432"
2020-06-26,GENERAL TLAHUAC,SEDESA,Buena,Buena,"19.287492, -99.052665"
2020-06-26,PEDIATRICO DE LA VILLA,SEDESA,Buena,Buena,"19.487355, -99.114316"
2020-06-26,HOSPITAL GENERAL AJUSCO MEDIO,SEDESA,Media,Media,"19.272165, -99.207846"
2020-06-26,HOSPITAL GENERAL IZTAPALAPA,SEDESA,Buena,Buena,"19.343426, -99.027236"
2020-06-26,HOSPITAL GENERAL XOCO,SEDESA,Crítica,Buena,"19.360313, -99.162275"
2020-06-26,HOSPITAL GENERAL VILLA,SEDESA,Media,Buena,"19.480079, -99.103353"
2020-06-26,HOSPITAL GENERAL DR. RUBÉN LEÑERO,SEDESA,Crítica,Buena,"19.451398, -99.169565"
2020-06-26,HOSPITAL GENERAL MILPA ALTA,SEDESA,Buena,Buena,"19.200951, -99.011210"
2020-06-26,HOSPITAL GENERAL BALBUENA,SEDESA,Crítica,Buena,"19.424195, -99.115412"
2020-06-26,HOSPITAL TEPEPAN,SEDESA,Sin Dato,Sin Dato,"19.275806, -99.144298"
2020-06-26,HOSPITAL DE ESPECIALIDADES 01 CMN SIGLO XXI (CDMX SUR),IMSS,Buena,Media,"19.466549, -99.145102"
2020-06-26,HOSPITAL DE PEDIATRIA 01 CMN SIGLO XXI (CDMX SUR),IMSS,Buena,Buena,"19.407458, -99.152267"
2020-06-26,HOSPITAL GENERAL DE ZONA 01 CARLOS MC GREGOR (CDMX SUR),IMSS,Media,Media,"19.395912, -99.161610"
2020-06-26,HOSPITAL GENERAL DE ZONA 1A PARQUE DE LOS VENADOS (CDMX SUR),IMSS,Media,Buena,"19.374431, -99.151203"
2020-06-26,HOSPITAL DE INFECTOLOGIA 01 LA RAZA (CDMX NORTE),IMSS,Buena,Media,"19.464865, -99.144859"
2020-06-26,HOSPITAL GENERAL 01 (CDMX NORTE) LA RAZA,IMSS,Media,Media,"19.395740, -99.161677"
2020-06-26,HOSPITAL GENERAL DE ZONA 24 (CDMX NORTE),IMSS,Buena,Media,"19.483221, -99.128448"
2020-06-26,HOSPITAL GENERAL DE ZONA 27 (CDMX NORTE),IMSS,Media,Buena,"19.454776, -99.140007"
2020-06-26,HOSPITAL GENERAL DE ZONA 2A (CDMX SUR),IMSS,Media,Media,"19.405495, -99.112200"
2020-06-26,HOSPITAL GENERAL DE ZONA 30 (CDMX SUR),IMSS,Media,Buena,"19.398836, -99.116913"
2020-06-26,HOSPITAL GENERAL DE ZONA 32 (CDMX SUR),IMSS,Media,Media,"19.307964, -99.130677"
2020-06-26,HOSPITAL GENERAL DE ZONA C/MF 08 (CDMX SUR),IMSS,Crítica,Media,"19.337137, -99.200142"
2020-06-26,HOSPITAL GENERAL DE ZONA C/UMAA 48 (CDMX NORTE),IMSS,Media,Media,"19.482375, -99.213046"
2020-06-26,HOSPITAL GENERAL 02 (CDMX SUR) VILLA COAPA (COY.),IMSS,Media,Media,"19.309194, -99.129593"
2020-06-26,HOSPITAL DE ESPECIALIDADES 01 (CDMX NORTE) LA RAZA (AZC),IMSS,Media,Media,"19.467169, -99.143785"
2020-06-26,HOSPITAL GENERAL DE ZONA C/MF 29 (S. JUAN ARAGÓN),IMSS,Buena,Buena,"19.465117, -99.085162"
2020-06-26,HOSPITAL GENERAL DE ZONA 47 (CDMX SUR) (IZP),IMSS,Buena,Buena,"19.357566, -99.054269"
2020-06-26,UNIDAD MÓVIL TEMPORAL COVID,IMSS,Crítica,Crítica,"19.403082, -99.089177"
2020-06-26,HOSPITAL GENERAL REGIONAL 72,IMSS,Media,Media,"19.542797, -99.205022"
2020-06-26,HOSPITAL GENERAL REGIONAL 196,IMSS,Media,Buena,"19.529016, -99.030983"
2020-06-26,HOSPITAL GENERAL REGIONAL 200,IMSS,Media,Media,"19.742905, -98.972971"
2020-06-26,HOSPITAL GENERAL DE ZONA 53,IMSS,Buena,Buena,"19.356913, -98.990929"
2020-06-26,HOSPITAL GENERAL DE ZONA 197,IMSS,Media,Buena,"19.515133, -98.891450"
2020-06-26,HOSPITAL GENERAL DE ZONA 194,IMSS,Media,Buena,"19.470300, -99.234208"
2020-06-26,HOSPITAL GENERAL DE ZONA 57 (LA QUEBRADA),IMSS,Crítica,Crítica,"19.597387, -99.188426"
2020-06-26,HOSPITAL GENERAL DE ZONA 58 (LAS MARGARITAS),IMSS,Crítica,Media,"19.530797, -99.222446"
2020-06-26,HOSPITAL GENERAL DE ZONA 68 (TULPETLAC),IMSS,Media,Crítica,"19.570070, -99.044009"
2020-06-26,HOSPITAL GENERAL DE ZONA 71 (CHALCO),IMSS,Buena,Buena,"19.259803, -98.893368"
2020-06-26,HOSPITAL GENERAL DE ZONA 76 (XALOSTOC),IMSS,Media,Buena,"19.526677, -99.082058"
2020-06-26,HOSPITAL GENERAL DE ZONA 98 (COACALCO),IMSS,Crítica,Buena,"19.638165, -99.098892"
2020-06-26,CENTRO MEDICO 20 DE NOVIEMBRE,ISSSTE,Crítica,Media,"19.372720, -99.171205"
2020-06-26,HG DARIO FERNANDEZ FIERRO,ISSSTE,Media,Media,"19.363602, -99.188608"
2020-06-26,HG JOSE MARIA MORELOS,ISSSTE,Media,Media,"19.363918, -98.995393"
2020-06-26,HG TACUBA,ISSSTE,Crítica,Media,"19.454384, -99.191231"
2020-06-26,HG DR FERNANDO QUIROZ,ISSSTE,Media,Buena,"19.394242, -99.194187"
2020-06-26,HG IGNACIO ZARAGOZA,ISSSTE,Media,Media,"19.389472, -99.045019"
2020-06-26,HR PRIMERO DE OCTUBRE,ISSSTE,Media,Crítica,"19.486751, -99.133249"
2020-06-26,HR LIC. ADOLFO LÓPEZ MATEOS,ISSSTE,Media,Buena,"19.358451, -99.172716"
2020-06-26,HR BICENTENARIO DE LA INDEPENDENCIA,ISSSTE,Media,Media,"19.628814, -99.163343"
2020-06-26,ALTA ESPECIALIDAD DE ZUMPANGO,EDOMEX,Crítica,Media,"19.815198, -99.089196"
2020-06-26,HOSPITAL REGIONAL TLALNEPANTLA ISSEMYM,EDOMEX,Crítica,Media,"19.521706, -99.187341"
2020-06-26,"HOSPITAL GENERAL ECATEPEC ""LAS AMÉRICAS""",EDOMEX,Buena,Media,"19.594136, -99.018679"
2020-06-26,"HOSPITAL GENERAL DE NAUCALPAN ""DR. MAXIMILIANO RUIZ CASTAÑEDA"" ",EDOMEX,Buena,Buena,"19.468662, -99.234348"
2020-06-26,"HOSPITAL GENERAL ATIZAPAN DE ZARAGOZA ""DR. SALVADOR GONZALEZ HERREJÓN""",EDOMEX,Buena,Buena,"19.546322, -99.237491"
2020-06-26,"HOSPITAL GENERAL CUAUTITLAN ""GRAL. JOSE VICENTE VILLADA""",EDOMEX,Crítica,Buena,"19.664586, -99.178557"
2020-06-26,"HOSPITAL GENERAL DE NEZAHUALCOYOTL ""GUSTAVO BAZ PRADA""",EDOMEX,Buena,Media,"19.422253, -99.014892"
2020-06-26,"HOSPITAL GENERAL DE ECATEPEC ""JOSÉ MARÍA RODRÍGUEZ""",EDOMEX,Buena,Buena,"19.514412, -99.038087"
2020-06-26,"HOSPITAL GENERAL NEZAHUALCOYOTL ""LA PERLA"" ",EDOMEX,Buena,Buena,"19.387963, -98.989442"
2020-06-26,HOSPITAL GENERAL DE CHIMALHUACAN,EDOMEX,Buena,Buena,"19.419753, -98.975140"
2020-06-26,"HOSPITAL GENERAL DE IXTAPALUCA ""PEDRO LOPEZ""",EDOMEX,Buena,Buena,"19.318829, -98.855366"
2020-06-26,HOSPITAL GENERAL DE CHALCO ,EDOMEX,Buena,Media,"19.268265, -98.893965"
2020-06-26,"HOSPITAL GENERAL TEXCOCO ""GUADALUPE VICTORIA"" BICENTENARIO ",EDOMEX,Buena,Media,"19.514309, -98.871750"
2020-06-26,"HOSPITAL GENERAL VALLE DE CHALCO ""DR. FERNANDO QUIROZ GUTIERREZ"" ",EDOMEX,Buena,Buena,"19.273775, -98.941609"
2020-06-26,"HOSPITAL GENERAL AMECAMECA ""VALENTIN GOMEZ FARIAS"" ",EDOMEX,Buena,Buena,"19.144883, -98.785072"
2020-06-26,HOSPITAL GENERAL DE AXAPUSCO,EDOMEX,Crítica,Crítica,"19.732872, -98.769445"
2020-06-27,INSTITUTO NACIONAL DE NUTRICIÓN,SSA,Crítica,Crítica,"19.289599, -99.155441"
2020-06-27,INER,SSA,Crítica,Media,"19.291375, -99.158653"
2020-06-27,HOSPITAL GENERAL DE MÉXICO,SSA,Media,Media,"19.4129258, -99.1520225"
2020-06-27,HOSPITAL JUAREZ,SSA,Media,Media,"19.481829, -99.135576"
2020-06-27,HOSPITAL GENERAL DR. MANUEL GEA GONZÁLEZ,SSA,Media,Media,"19.290295, -99.160861"
2020-06-27,HOSPITAL INFANTIL DE MÉXICO FEDERICO GÓMEZ,SSA,Buena,Buena,"19.410839, -99.151941"
2020-06-27,INSTITUTO  NACIONAL DE CARDIOLOGÍA IGNACIO CHÁVEZ,SSA,Media,Media,"19.290598, -99.153838"
2020-06-27,CITIBANAMEX,SSA,Media,Crítica,"19.439732, -99.224235"
2020-06-27,HOSPITAL REGIONAL DE ALTA ESPECIALIDAD DE IXTAPALUCA,SSA,Buena,Media,"19.318796, -98.855353"
2020-06-27,BELISARIO DOMINGUEZ,SEDESA,Media,Buena,"19.307226, -99.065356"
2020-06-27,ENRIQUE CABRERA,SEDESA,Buena,Buena,"19.361675, -99.224432"
2020-06-27,GENERAL TLAHUAC,SEDESA,Buena,Buena,"19.287492, -99.052665"
2020-06-27,PEDIATRICO DE LA VILLA,SEDESA,Buena,Buena,"19.487355, -99.114316"
2020-06-27,HOSPITAL GENERAL AJUSCO MEDIO,SEDESA,Media,Crítica,"19.272165, -99.207846"
2020-06-27,HOSPITAL GENERAL IZTAPALAPA,SEDESA,Buena,Buena,"19.343426, -99.027236"
2020-06-27,HOSPITAL GENERAL XOCO,SEDESA,Crítica,Buena,"19.360313, -99.162275"
2020-06-27,HOSPITAL GENERAL VILLA,SEDESA,Buena,Buena,"19.480079, -99.103353"
2020-06-27,HOSPITAL GENERAL DR. RUBÉN LEÑERO,SEDESA,Crítica,Buena,"19.451398, -99.169565"
2020-06-27,HOSPITAL GENERAL MILPA ALTA,SEDESA,Buena,Buena,"19.200951, -99.011210"
2020-06-27,HOSPITAL GENERAL BALBUENA,SEDESA,Crítica,Buena,"19.424195, -99.115412"
2020-06-27,HOSPITAL TEPEPAN,SEDESA,Sin Dato,Sin Dato,"19.275806, -99.144298"
2020-06-27,HOSPITAL DE ESPECIALIDADES 01 CMN SIGLO XXI (CDMX SUR),IMSS,Buena,Media,"19.466549, -99.145102"
2020-06-27,HOSPITAL DE PEDIATRIA 01 CMN SIGLO XXI (CDMX SUR),IMSS,Buena,Buena,"19.407458, -99.152267"
2020-06-27,HOSPITAL GENERAL DE ZONA 01 CARLOS MC GREGOR (CDMX SUR),IMSS,Media,Media,"19.395912, -99.161610"
2020-06-27,HOSPITAL GENERAL DE ZONA 1A PARQUE DE LOS VENADOS (CDMX SUR),IMSS,Media,Buena,"19.374431, -99.151203"
2020-06-27,HOSPITAL DE INFECTOLOGIA 01 LA RAZA (CDMX NORTE),IMSS,Media,Media,"19.464865, -99.144859"
2020-06-27,HOSPITAL GENERAL 01 (CDMX NORTE) LA RAZA,IMSS,Media,Media,"19.395740, -99.161677"
2020-06-27,HOSPITAL GENERAL DE ZONA 24 (CDMX NORTE),IMSS,Media,Media,"19.483221, -99.128448"
2020-06-27,HOSPITAL GENERAL DE ZONA 27 (CDMX NORTE),IMSS,Media,Buena,"19.454776, -99.140007"
2020-06-27,HOSPITAL GENERAL DE ZONA 2A (CDMX SUR),IMSS,Media,Buena,"19.405495, -99.112200"
2020-06-27,HOSPITAL GENERAL DE ZONA 30 (CDMX SUR),IMSS,Media,Buena,"19.398836, -99.116913"
2020-06-27,HOSPITAL GENERAL DE ZONA 32 (CDMX SUR),IMSS,Media,Media,"19.307964, -99.130677"
2020-06-27,HOSPITAL GENERAL DE ZONA C/MF 08 (CDMX SUR),IMSS,Crítica,Media,"19.337137, -99.200142"
2020-06-27,HOSPITAL GENERAL DE ZONA C/UMAA 48 (CDMX NORTE),IMSS,Media,Media,"19.482375, -99.213046"
2020-06-27,HOSPITAL GENERAL 02 (CDMX SUR) VILLA COAPA (COY.),IMSS,Media,Media,"19.309194, -99.129593"
2020-06-27,HOSPITAL DE ESPECIALIDADES 01 (CDMX NORTE) LA RAZA (AZC),IMSS,Media,Media,"19.467169, -99.143785"
2020-06-27,HOSPITAL GENERAL DE ZONA C/MF 29 (S. JUAN ARAGÓN),IMSS,Buena,Buena,"19.465117, -99.085162"
2020-06-27,HOSPITAL GENERAL DE ZONA 47 (CDMX SUR) (IZP),IMSS,Buena,Buena,"19.357566, -99.054269"
2020-06-27,UNIDAD MÓVIL TEMPORAL COVID,IMSS,Crítica,Crítica,"19.403082, -99.089177"
2020-06-27,HOSPITAL GENERAL REGIONAL 72,IMSS,Media,Media,"19.542797, -99.205022"
2020-06-27,HOSPITAL GENERAL REGIONAL 196,IMSS,Media,Buena,"19.529016, -99.030983"
2020-06-27,HOSPITAL GENERAL REGIONAL 200,IMSS,Media,Media,"19.742905, -98.972971"
2020-06-27,HOSPITAL GENERAL DE ZONA 53,IMSS,Buena,Buena,"19.356913, -98.990929"
2020-06-27,HOSPITAL GENERAL DE ZONA 197,IMSS,Media,Buena,"19.515133, -98.891450"
2020-06-27,HOSPITAL GENERAL DE ZONA 194,IMSS,Media,Buena,"19.470300, -99.234208"
2020-06-27,HOSPITAL GENERAL DE ZONA 57 (LA QUEBRADA),IMSS,Crítica,Crítica,"19.597387, -99.188426"
2020-06-27,HOSPITAL GENERAL DE ZONA 58 (LAS MARGARITAS),IMSS,Crítica,Crítica,"19.530797, -99.222446"
2020-06-27,HOSPITAL GENERAL DE ZONA 68 (TULPETLAC),IMSS,Media,Media,"19.570070, -99.044009"
2020-06-27,HOSPITAL GENERAL DE ZONA 71 (CHALCO),IMSS,Buena,Buena,"19.259803, -98.893368"
2020-06-27,HOSPITAL GENERAL DE ZONA 76 (XALOSTOC),IMSS,Media,Buena,"19.526677, -99.082058"
2020-06-27,HOSPITAL GENERAL DE ZONA 98 (COACALCO),IMSS,Crítica,Buena,"19.638165, -99.098892"
2020-06-27,CENTRO MEDICO 20 DE NOVIEMBRE,ISSSTE,Crítica,Media,"19.372720, -99.171205"
2020-06-27,HG DARIO FERNANDEZ FIERRO,ISSSTE,Media,Media,"19.363602, -99.188608"
2020-06-27,HG JOSE MARIA MORELOS,ISSSTE,Buena,Media,"19.363918, -98.995393"
2020-06-27,HG TACUBA,ISSSTE,Crítica,Media,"19.454384, -99.191231"
2020-06-27,HG DR FERNANDO QUIROZ,ISSSTE,Media,Buena,"19.394242, -99.194187"
2020-06-27,HG IGNACIO ZARAGOZA,ISSSTE,Media,Media,"19.389472, -99.045019"
2020-06-27,HR PRIMERO DE OCTUBRE,ISSSTE,Media,Crítica,"19.486751, -99.133249"
2020-06-27,HR LIC. ADOLFO LÓPEZ MATEOS,ISSSTE,Media,Buena,"19.358451, -99.172716"
2020-06-27,HR BICENTENARIO DE LA INDEPENDENCIA,ISSSTE,Media,Media,"19.628814, -99.163343"
2020-06-27,ALTA ESPECIALIDAD DE ZUMPANGO,EDOMEX,Crítica,Media,"19.815198, -99.089196"
2020-06-27,HOSPITAL REGIONAL TLALNEPANTLA ISSEMYM,EDOMEX,Crítica,Buena,"19.521706, -99.187341"
2020-06-27,"HOSPITAL GENERAL ECATEPEC ""LAS AMÉRICAS""",EDOMEX,Media,Buena,"19.594136, -99.018679"
2020-06-27,"HOSPITAL GENERAL DE NAUCALPAN ""DR. MAXIMILIANO RUIZ CASTAÑEDA"" ",EDOMEX,Buena,Buena,"19.468662, -99.234348"
2020-06-27,"HOSPITAL GENERAL ATIZAPAN DE ZARAGOZA ""DR. SALVADOR GONZALEZ HERREJÓN""",EDOMEX,Buena,Media,"19.546322, -99.237491"
2020-06-27,"HOSPITAL GENERAL CUAUTITLAN ""GRAL. JOSE VICENTE VILLADA""",EDOMEX,Media,Buena,"19.664586, -99.178557"
2020-06-27,"HOSPITAL GENERAL DE NEZAHUALCOYOTL ""GUSTAVO BAZ PRADA""",EDOMEX,Buena,Media,"19.422253, -99.014892"
2020-06-27,"HOSPITAL GENERAL DE ECATEPEC ""JOSÉ MARÍA RODRÍGUEZ""",EDOMEX,Buena,Buena,"19.514412, -99.038087"
2020-06-27,"HOSPITAL GENERAL NEZAHUALCOYOTL ""LA PERLA"" ",EDOMEX,Buena,Buena,"19.387963, -98.989442"
2020-06-27,HOSPITAL GENERAL DE CHIMALHUACAN,EDOMEX,Buena,Buena,"19.419753, -98.975140"
2020-06-27,"HOSPITAL GENERAL DE IXTAPALUCA ""PEDRO LOPEZ""",EDOMEX,Buena,Buena,"19.318829, -98.855366"
2020-06-27,HOSPITAL GENERAL DE CHALCO ,EDOMEX,Buena,Media,"19.268265, -98.893965"
2020-06-27,"HOSPITAL GENERAL TEXCOCO ""GUADALUPE VICTORIA"" BICENTENARIO ",EDOMEX,Media,Media,"19.514309, -98.871750"
2020-06-27,"HOSPITAL GENERAL VALLE DE CHALCO ""DR. FERNANDO QUIROZ GUTIERREZ"" ",EDOMEX,Buena,Buena,"19.273775, -98.941609"
2020-06-27,"HOSPITAL GENERAL AMECAMECA ""VALENTIN GOMEZ FARIAS"" ",EDOMEX,Buena,Buena,"19.144883, -98.785072"
2020-06-27,HOSPITAL GENERAL DE AXAPUSCO,EDOMEX,Crítica,Crítica,"19.732872, -98.769445"
2020-06-28,INSTITUTO NACIONAL DE NUTRICIÓN,SSA,Crítica,Crítica,"19.289599, -99.155441"
2020-06-28,INER,SSA,Media,Media,"19.291375, -99.158653"
2020-06-28,HOSPITAL GENERAL DE MÉXICO,SSA,Media,Media,"19.4129258, -99.1520225"
2020-06-28,HOSPITAL JUAREZ,SSA,Media,Media,"19.481829, -99.135576"
2020-06-28,HOSPITAL GENERAL DR. MANUEL GEA GONZÁLEZ,SSA,Crítica,Media,"19.290295, -99.160861"
2020-06-28,HOSPITAL INFANTIL DE MÉXICO FEDERICO GÓMEZ,SSA,Buena,Buena,"19.410839, -99.151941"
2020-06-28,INSTITUTO  NACIONAL DE CARDIOLOGÍA IGNACIO CHÁVEZ,SSA,Media,Media,"19.290598, -99.153838"
2020-06-28,CITIBANAMEX,SSA,Media,Crítica,"19.439732, -99.224235"
2020-06-28,HOSPITAL REGIONAL DE ALTA ESPECIALIDAD DE IXTAPALUCA,SSA,Media,Media,"19.318796, -98.855353"
2020-06-28,BELISARIO DOMINGUEZ,SEDESA,Media,Buena,"19.307226, -99.065356"
2020-06-28,ENRIQUE CABRERA,SEDESA,Buena,Buena,"19.361675, -99.224432"
2020-06-28,GENERAL TLAHUAC,SEDESA,Buena,Buena,"19.287492, -99.052665"
2020-06-28,PEDIATRICO DE LA VILLA,SEDESA,Buena,Buena,"19.487355, -99.114316"
2020-06-28,HOSPITAL GENERAL AJUSCO MEDIO,SEDESA,Media,Crítica,"19.272165, -99.207846"
2020-06-28,HOSPITAL GENERAL IZTAPALAPA,SEDESA,Buena,Buena,"19.343426, -99.027236"
2020-06-28,HOSPITAL GENERAL XOCO,SEDESA,Crítica,Buena,"19.360313, -99.162275"
2020-06-28,HOSPITAL GENERAL VILLA,SEDESA,Buena,Buena,"19.480079, -99.103353"
2020-06-28,HOSPITAL GENERAL DR. RUBÉN LEÑERO,SEDESA,Crítica,Buena,"19.451398, -99.169565"
2020-06-28,HOSPITAL GENERAL MILPA ALTA,SEDESA,Buena,Buena,"19.200951, -99.011210"
2020-06-28,HOSPITAL GENERAL BALBUENA,SEDESA,Media,Buena,"19.424195, -99.115412"
2020-06-28,HOSPITAL TEPEPAN,SEDESA,Sin Dato,Sin Dato,"19.275806, -99.144298"
2020-06-28,HOSPITAL DE ESPECIALIDADES 01 CMN SIGLO XXI (CDMX SUR),IMSS,Buena,Media,"19.466549, -99.145102"
2020-06-28,HOSPITAL DE PEDIATRIA 01 CMN SIGLO XXI (CDMX SUR),IMSS,Buena,Buena,"19.407458, -99.152267"
2020-06-28,HOSPITAL GENERAL DE ZONA 01 CARLOS MC GREGOR (CDMX SUR),IMSS,Media,Media,"19.395912, -99.161610"
2020-06-28,HOSPITAL GENERAL DE ZONA 1A PARQUE DE LOS VENADOS (CDMX SUR),IMSS,Media,Buena,"19.374431, -99.151203"
2020-06-28,HOSPITAL DE INFECTOLOGIA 01 LA RAZA (CDMX NORTE),IMSS,Media,Media,"19.464865, -99.144859"
2020-06-28,HOSPITAL GENERAL 01 (CDMX NORTE) LA RAZA,IMSS,Media,Media,"19.395740, -99.161677"
2020-06-28,HOSPITAL GENERAL DE ZONA 24 (CDMX NORTE),IMSS,Buena,Media,"19.483221, -99.128448"
2020-06-28,HOSPITAL GENERAL DE ZONA 27 (CDMX NORTE),IMSS,Media,Buena,"19.454776, -99.140007"
2020-06-28,HOSPITAL GENERAL DE ZONA 2A (CDMX SUR),IMSS,Buena,Media,"19.405495, -99.112200"
2020-06-28,HOSPITAL GENERAL DE ZONA 30 (CDMX SUR),IMSS,Media,Media,"19.398836, -99.116913"
2020-06-28,HOSPITAL GENERAL DE ZONA 32 (CDMX SUR),IMSS,Buena,Media,"19.307964, -99.130677"
2020-06-28,HOSPITAL GENERAL DE ZONA C/MF 08 (CDMX SUR),IMSS,Crítica,Media,"19.337137, -99.200142"
2020-06-28,HOSPITAL GENERAL DE ZONA C/UMAA 48 (CDMX NORTE),IMSS,Media,Media,"19.482375, -99.213046"
2020-06-28,HOSPITAL GENERAL 02 (CDMX SUR) VILLA COAPA (COY.),IMSS,Media,Media,"19.309194, -99.129593"
2020-06-28,HOSPITAL DE ESPECIALIDADES 01 (CDMX NORTE) LA RAZA (AZC),IMSS,Media,Media,"19.467169, -99.143785"
2020-06-28,HOSPITAL GENERAL DE ZONA C/MF 29 (S. JUAN ARAGÓN),IMSS,Buena,Buena,"19.465117, -99.085162"
2020-06-28,HOSPITAL GENERAL DE ZONA 47 (CDMX SUR) (IZP),IMSS,Buena,Buena,"19.357566, -99.054269"
2020-06-28,UNIDAD MÓVIL TEMPORAL COVID,IMSS,Crítica,Crítica,"19.403082, -99.089177"
2020-06-28,HOSPITAL GENERAL REGIONAL 72,IMSS,Media,Media,"19.542797, -99.205022"
2020-06-28,HOSPITAL GENERAL REGIONAL 196,IMSS,Media,Media,"19.529016, -99.030983"
2020-06-28,HOSPITAL GENERAL REGIONAL 200,IMSS,Media,Media,"19.742905, -98.972971"
2020-06-28,HOSPITAL GENERAL DE ZONA 53,IMSS,Buena,Media,"19.356913, -98.990929"
2020-06-28,HOSPITAL GENERAL DE ZONA 197,IMSS,Media,Buena,"19.515133, -98.891450"
2020-06-28,HOSPITAL GENERAL DE ZONA 194,IMSS,Media,Buena,"19.470300, -99.234208"
2020-06-28,HOSPITAL GENERAL DE ZONA 57 (LA QUEBRADA),IMSS,Crítica,Crítica,"19.597387, -99.188426"
2020-06-28,HOSPITAL GENERAL DE ZONA 58 (LAS MARGARITAS),IMSS,Crítica,Crítica,"19.530797, -99.222446"
2020-06-28,HOSPITAL GENERAL DE ZONA 68 (TULPETLAC),IMSS,Media,Crítica,"19.570070, -99.044009"
2020-06-28,HOSPITAL GENERAL DE ZONA 71 (CHALCO),IMSS,Buena,Buena,"19.259803, -98.893368"
2020-06-28,HOSPITAL GENERAL DE ZONA 76 (XALOSTOC),IMSS,Buena,Buena,"19.526677, -99.082058"
2020-06-28,HOSPITAL GENERAL DE ZONA 98 (COACALCO),IMSS,Crítica,Buena,"19.638165, -99.098892"
2020-06-28,CENTRO MEDICO 20 DE NOVIEMBRE,ISSSTE,Crítica,Media,"19.372720, -99.171205"
2020-06-28,HG DARIO FERNANDEZ FIERRO,ISSSTE,Media,Media,"19.363602, -99.188608"
2020-06-28,HG JOSE MARIA MORELOS,ISSSTE,Buena,Media,"19.363918, -98.995393"
2020-06-28,HG TACUBA,ISSSTE,Crítica,Media,"19.454384, -99.191231"
2020-06-28,HG DR FERNANDO QUIROZ,ISSSTE,Media,Buena,"19.394242, -99.194187"
2020-06-28,HG IGNACIO ZARAGOZA,ISSSTE,Media,Media,"19.389472, -99.045019"
2020-06-28,HR PRIMERO DE OCTUBRE,ISSSTE,Media,Media,"19.486751, -99.133249"
2020-06-28,HR LIC. ADOLFO LÓPEZ MATEOS,ISSSTE,Media,Buena,"19.358451, -99.172716"
2020-06-28,HR BICENTENARIO DE LA INDEPENDENCIA,ISSSTE,Media,Buena,"19.628814, -99.163343"
2020-06-28,ALTA ESPECIALIDAD DE ZUMPANGO,EDOMEX,Crítica,Crítica,"19.815198, -99.089196"
2020-06-28,HOSPITAL REGIONAL TLALNEPANTLA ISSEMYM,EDOMEX,Media,Buena,"19.521706, -99.187341"
2020-06-28,"HOSPITAL GENERAL ECATEPEC ""LAS AMÉRICAS""",EDOMEX,Buena,Buena,"19.594136, -99.018679"
2020-06-28,"HOSPITAL GENERAL DE NAUCALPAN ""DR. MAXIMILIANO RUIZ CASTAÑEDA"" ",EDOMEX,Buena,Buena,"19.468662, -99.234348"
2020-06-28,"HOSPITAL GENERAL ATIZAPAN DE ZARAGOZA ""DR. SALVADOR GONZALEZ HERREJÓN""",EDOMEX,Buena,Media,"19.546322, -99.237491"
2020-06-28,"HOSPITAL GENERAL CUAUTITLAN ""GRAL. JOSE VICENTE VILLADA""",EDOMEX,Media,Buena,"19.664586, -99.178557"
2020-06-28,"HOSPITAL GENERAL DE NEZAHUALCOYOTL ""GUSTAVO BAZ PRADA""",EDOMEX,Buena,Media,"19.422253, -99.014892"
2020-06-28,"HOSPITAL GENERAL DE ECATEPEC ""JOSÉ MARÍA RODRÍGUEZ""",EDOMEX,Buena,Media,"19.514412, -99.038087"
2020-06-28,"HOSPITAL GENERAL NEZAHUALCOYOTL ""LA PERLA"" ",EDOMEX,Buena,Buena,"19.387963, -98.989442"
2020-06-28,HOSPITAL GENERAL DE CHIMALHUACAN,EDOMEX,Buena,Buena,"19.419753, -98.975140"
2020-06-28,"HOSPITAL GENERAL DE IXTAPALUCA ""PEDRO LOPEZ""",EDOMEX,Buena,Buena,"19.318829, -98.855366"
2020-06-28,HOSPITAL GENERAL DE CHALCO ,EDOMEX,Buena,Media,"19.268265, -98.893965"
2020-06-28,"HOSPITAL GENERAL TEXCOCO ""GUADALUPE VICTORIA"" BICENTENARIO ",EDOMEX,Media,Buena,"19.514309, -98.871750"
2020-06-28,"HOSPITAL GENERAL VALLE DE CHALCO ""DR. FERNANDO QUIROZ GUTIERREZ"" ",EDOMEX,Buena,Buena,"19.273775, -98.941609"
2020-06-28,"HOSPITAL GENERAL AMECAMECA ""VALENTIN GOMEZ FARIAS"" ",EDOMEX,Buena,Buena,"19.144883, -98.785072"
2020-06-28,HOSPITAL GENERAL DE AXAPUSCO,EDOMEX,Crítica,Crítica,"19.732872, -98.769445"
2020-06-29,INSTITUTO NACIONAL DE NUTRICIÓN,SSA,Media,Crítica,"19.289599, -99.155441"
2020-06-29,INER,SSA,Crítica,Media,"19.291375, -99.158653"
2020-06-29,HOSPITAL GENERAL DE MÉXICO,SSA,Media,Media,"19.4129258, -99.1520225"
2020-06-29,HOSPITAL JUAREZ,SSA,Media,Media,"19.481829, -99.135576"
2020-06-29,HOSPITAL GENERAL DR. MANUEL GEA GONZÁLEZ,SSA,Media,Media,"19.290295, -99.160861"
2020-06-29,HOSPITAL INFANTIL DE MÉXICO FEDERICO GÓMEZ,SSA,Buena,Buena,"19.410839, -99.151941"
2020-06-29,INSTITUTO  NACIONAL DE CARDIOLOGÍA IGNACIO CHÁVEZ,SSA,Media,Media,"19.290598, -99.153838"
2020-06-29,CITIBANAMEX,SSA,Media,Crítica,"19.439732, -99.224235"
2020-06-29,HOSPITAL REGIONAL DE ALTA ESPECIALIDAD DE IXTAPALUCA,SSA,Buena,Media,"19.318796, -98.855353"
2020-06-29,BELISARIO DOMINGUEZ,SEDESA,Media,Buena,"19.307226, -99.065356"
2020-06-29,ENRIQUE CABRERA,SEDESA,Buena,Buena,"19.361675, -99.224432"
2020-06-29,GENERAL TLAHUAC,SEDESA,Buena,Buena,"19.287492, -99.052665"
2020-06-29,PEDIATRICO DE LA VILLA,SEDESA,Buena,Buena,"19.487355, -99.114316"
2020-06-29,HOSPITAL GENERAL AJUSCO MEDIO,SEDESA,Media,Crítica,"19.272165, -99.207846"
2020-06-29,HOSPITAL GENERAL IZTAPALAPA,SEDESA,Media,Buena,"19.343426, -99.027236"
2020-06-29,HOSPITAL GENERAL XOCO,SEDESA,Crítica,Buena,"19.360313, -99.162275"
2020-06-29,HOSPITAL GENERAL VILLA,SEDESA,Buena,Buena,"19.480079, -99.103353"
2020-06-29,HOSPITAL GENERAL DR. RUBÉN LEÑERO,SEDESA,Crítica,Buena,"19.451398, -99.169565"
2020-06-29,HOSPITAL GENERAL MILPA ALTA,SEDESA,Buena,Buena,"19.200951, -99.011210"
2020-06-29,HOSPITAL GENERAL BALBUENA,SEDESA,Media,Media,"19.424195, -99.115412"
2020-06-29,HOSPITAL TEPEPAN,SEDESA,Sin Dato,Sin Dato,"19.275806, -99.144298"
2020-06-29,HOSPITAL DE ESPECIALIDADES 01 CMN SIGLO XXI (CDMX SUR),IMSS,Buena,Media,"19.466549, -99.145102"
2020-06-29,HOSPITAL DE PEDIATRIA 01 CMN SIGLO XXI (CDMX SUR),IMSS,Buena,Buena,"19.407458, -99.152267"
2020-06-29,HOSPITAL GENERAL DE ZONA 01 CARLOS MC GREGOR (CDMX SUR),IMSS,Media,Media,"19.395912, -99.161610"
2020-06-29,HOSPITAL GENERAL DE ZONA 1A PARQUE DE LOS VENADOS (CDMX SUR),IMSS,Media,Buena,"19.374431, -99.151203"
2020-06-29,HOSPITAL DE INFECTOLOGIA 01 LA RAZA (CDMX NORTE),IMSS,Media,Media,"19.464865, -99.144859"
2020-06-29,HOSPITAL GENERAL 01 (CDMX NORTE) LA RAZA,IMSS,Media,Media,"19.395740, -99.161677"
2020-06-29,HOSPITAL GENERAL DE ZONA 24 (CDMX NORTE),IMSS,Buena,Media,"19.483221, -99.128448"
2020-06-29,HOSPITAL GENERAL DE ZONA 27 (CDMX NORTE),IMSS,Buena,Media,"19.454776, -99.140007"
2020-06-29,HOSPITAL GENERAL DE ZONA 2A (CDMX SUR),IMSS,Buena,Media,"19.405495, -99.112200"
2020-06-29,HOSPITAL GENERAL DE ZONA 30 (CDMX SUR),IMSS,Media,Buena,"19.398836, -99.116913"
2020-06-29,HOSPITAL GENERAL DE ZONA 32 (CDMX SUR),IMSS,Buena,Media,"19.307964, -99.130677"
2020-06-29,HOSPITAL GENERAL DE ZONA C/MF 08 (CDMX SUR),IMSS,Crítica,Media,"19.337137, -99.200142"
2020-06-29,HOSPITAL GENERAL DE ZONA C/UMAA 48 (CDMX NORTE),IMSS,Media,Media,"19.482375, -99.213046"
2020-06-29,HOSPITAL GENERAL 02 (CDMX SUR) VILLA COAPA (COY.),IMSS,Media,Media,"19.309194, -99.129593"
2020-06-29,HOSPITAL DE ESPECIALIDADES 01 (CDMX NORTE) LA RAZA (AZC),IMSS,Media,Buena,"19.467169, -99.143785"
2020-06-29,HOSPITAL GENERAL DE ZONA C/MF 29 (S. JUAN ARAGÓN),IMSS,Buena,Buena,"19.465117, -99.085162"
2020-06-29,HOSPITAL GENERAL DE ZONA 47 (CDMX SUR) (IZP),IMSS,Buena,Buena,"19.357566, -99.054269"
2020-06-29,UNIDAD MÓVIL TEMPORAL COVID,IMSS,Crítica,Crítica,"19.403082, -99.089177"
2020-06-29,HOSPITAL GENERAL REGIONAL 72,IMSS,Media,Media,"19.542797, -99.205022"
2020-06-29,HOSPITAL GENERAL REGIONAL 196,IMSS,Media,Media,"19.529016, -99.030983"
2020-06-29,HOSPITAL GENERAL REGIONAL 200,IMSS,Buena,Media,"19.742905, -98.972971"
2020-06-29,HOSPITAL GENERAL DE ZONA 53,IMSS,Media,Buena,"19.356913, -98.990929"
2020-06-29,HOSPITAL GENERAL DE ZONA 197,IMSS,Media,Buena,"19.515133, -98.891450"
2020-06-29,HOSPITAL GENERAL DE ZONA 194,IMSS,Media,Buena,"19.470300, -99.234208"
2020-06-29,HOSPITAL GENERAL DE ZONA 57 (LA QUEBRADA),IMSS,Crítica,Crítica,"19.597387, -99.188426"
2020-06-29,HOSPITAL GENERAL DE ZONA 58 (LAS MARGARITAS),IMSS,Crítica,Crítica,"19.530797, -99.222446"
2020-06-29,HOSPITAL GENERAL DE ZONA 68 (TULPETLAC),IMSS,Media,Crítica,"19.570070, -99.044009"
2020-06-29,HOSPITAL GENERAL DE ZONA 71 (CHALCO),IMSS,Buena,Buena,"19.259803, -98.893368"
2020-06-29,HOSPITAL GENERAL DE ZONA 76 (XALOSTOC),IMSS,Buena,Buena,"19.526677, -99.082058"
2020-06-29,HOSPITAL GENERAL DE ZONA 98 (COACALCO),IMSS,Crítica,Media,"19.638165, -99.098892"
2020-06-29,CENTRO MEDICO 20 DE NOVIEMBRE,ISSSTE,Crítica,Media,"19.372720, -99.171205"
2020-06-29,HG DARIO FERNANDEZ FIERRO,ISSSTE,Media,Crítica,"19.363602, -99.188608"
2020-06-29,HG JOSE MARIA MORELOS,ISSSTE,Buena,Crítica,"19.363918, -98.995393"
2020-06-29,HG TACUBA,ISSSTE,Crítica,Media,"19.454384, -99.191231"
2020-06-29,HG DR FERNANDO QUIROZ,ISSSTE,Media,Buena,"19.394242, -99.194187"
2020-06-29,HG IGNACIO ZARAGOZA,ISSSTE,Media,Crítica,"19.389472, -99.045019"
2020-06-29,HR PRIMERO DE OCTUBRE,ISSSTE,Crítica,Media,"19.486751, -99.133249"
2020-06-29,HR LIC. ADOLFO LÓPEZ MATEOS,ISSSTE,Media,Buena,"19.358451, -99.172716"
2020-06-29,HR BICENTENARIO DE LA INDEPENDENCIA,ISSSTE,Crítica,Buena,"19.628814, -99.163343"
2020-06-29,ALTA ESPECIALIDAD DE ZUMPANGO,EDOMEX,Crítica,Crítica,"19.815198, -99.089196"
2020-06-29,HOSPITAL REGIONAL TLALNEPANTLA ISSEMYM,EDOMEX,Media,Buena,"19.521706, -99.187341"
2020-06-29,"HOSPITAL GENERAL ECATEPEC ""LAS AMÉRICAS""",EDOMEX,Buena,Buena,"19.594136, -99.018679"
2020-06-29,"HOSPITAL GENERAL DE NAUCALPAN ""DR. MAXIMILIANO RUIZ CASTAÑEDA"" ",EDOMEX,Buena,Media,"19.468662, -99.234348"
2020-06-29,"HOSPITAL GENERAL ATIZAPAN DE ZARAGOZA ""DR. SALVADOR GONZALEZ HERREJÓN""",EDOMEX,Buena,Media,"19.546322, -99.237491"
2020-06-29,"HOSPITAL GENERAL CUAUTITLAN ""GRAL. JOSE VICENTE VILLADA""",EDOMEX,Media,Buena,"19.664586, -99.178557"
2020-06-29,"HOSPITAL GENERAL DE NEZAHUALCOYOTL ""GUSTAVO BAZ PRADA""",EDOMEX,Buena,Media,"19.422253, -99.014892"
2020-06-29,"HOSPITAL GENERAL DE ECATEPEC ""JOSÉ MARÍA RODRÍGUEZ""",EDOMEX,Buena,Buena,"19.514412, -99.038087"
2020-06-29,"HOSPITAL GENERAL NEZAHUALCOYOTL ""LA PERLA"" ",EDOMEX,Buena,Buena,"19.387963, -98.989442"
2020-06-29,HOSPITAL GENERAL DE CHIMALHUACAN,EDOMEX,Buena,Buena,"19.419753, -98.975140"
2020-06-29,"HOSPITAL GENERAL DE IXTAPALUCA ""PEDRO LOPEZ""",EDOMEX,Buena,Buena,"19.318829, -98.855366"
2020-06-29,HOSPITAL GENERAL DE CHALCO ,EDOMEX,Buena,Media,"19.268265, -98.893965"
2020-06-29,"HOSPITAL GENERAL TEXCOCO ""GUADALUPE VICTORIA"" BICENTENARIO ",EDOMEX,Media,Buena,"19.514309, -98.871750"
2020-06-29,"HOSPITAL GENERAL VALLE DE CHALCO ""DR. FERNANDO QUIROZ GUTIERREZ"" ",EDOMEX,Buena,Buena,"19.273775, -98.941609"
2020-06-29,"HOSPITAL GENERAL AMECAMECA ""VALENTIN GOMEZ FARIAS"" ",EDOMEX,Buena,Buena,"19.144883, -98.785072"
2020-06-29,HOSPITAL GENERAL DE AXAPUSCO,EDOMEX,Crítica,Crítica,"19.732872, -98.769445"
2020-06-30,INSTITUTO NACIONAL DE NUTRICIÓN,SSA,Media,Crítica,"19.289599, -99.155441"
2020-06-30,INER,SSA,Crítica,Media,"19.291375, -99.158653"
2020-06-30,HOSPITAL GENERAL DE MÉXICO,SSA,Media,Media,"19.4129258, -99.1520225"
2020-06-30,HOSPITAL JUAREZ,SSA,Media,Media,"19.481829, -99.135576"
2020-06-30,HOSPITAL GENERAL DR. MANUEL GEA GONZÁLEZ,SSA,Crítica,Media,"19.290295, -99.160861"
2020-06-30,HOSPITAL INFANTIL DE MÉXICO FEDERICO GÓMEZ,SSA,Buena,Buena,"19.410839, -99.151941"
2020-06-30,INSTITUTO  NACIONAL DE CARDIOLOGÍA IGNACIO CHÁVEZ,SSA,Media,Media,"19.290598, -99.153838"
2020-06-30,CITIBANAMEX,SSA,Media,Crítica,"19.439732, -99.224235"
2020-06-30,HOSPITAL REGIONAL DE ALTA ESPECIALIDAD DE IXTAPALUCA,SSA,Buena,Media,"19.318796, -98.855353"
2020-06-30,BELISARIO DOMINGUEZ,SEDESA,Media,Buena,"19.307226, -99.065356"
2020-06-30,ENRIQUE CABRERA,SEDESA,Buena,Buena,"19.361675, -99.224432"
2020-06-30,GENERAL TLAHUAC,SEDESA,Buena,Buena,"19.287492, -99.052665"
2020-06-30,PEDIATRICO DE LA VILLA,SEDESA,Buena,Buena,"19.487355, -99.114316"
2020-06-30,HOSPITAL GENERAL AJUSCO MEDIO,SEDESA,Media,Crítica,"19.272165, -99.207846"
2020-06-30,HOSPITAL GENERAL IZTAPALAPA,SEDESA,Media,Buena,"19.343426, -99.027236"
2020-06-30,HOSPITAL GENERAL XOCO,SEDESA,Crítica,Buena,"19.360313, -99.162275"
2020-06-30,HOSPITAL GENERAL VILLA,SEDESA,Media,Buena,"19.480079, -99.103353"
2020-06-30,HOSPITAL GENERAL DR. RUBÉN LEÑERO,SEDESA,Crítica,Buena,"19.451398, -99.169565"
2020-06-30,HOSPITAL GENERAL MILPA ALTA,SEDESA,Buena,Buena,"19.200951, -99.011210"
2020-06-30,HOSPITAL GENERAL BALBUENA,SEDESA,Media,Buena,"19.424195, -99.115412"
2020-06-30,HOSPITAL TEPEPAN,SEDESA,Sin Dato,Sin Dato,"19.275806, -99.144298"
2020-06-30,HOSPITAL DE ESPECIALIDADES 01 CMN SIGLO XXI (CDMX SUR),IMSS,Buena,Media,"19.466549, -99.145102"
2020-06-30,HOSPITAL DE PEDIATRIA 01 CMN SIGLO XXI (CDMX SUR),IMSS,Buena,Buena,"19.407458, -99.152267"
2020-06-30,HOSPITAL GENERAL DE ZONA 01 CARLOS MC GREGOR (CDMX SUR),IMSS,Media,Media,"19.395912, -99.161610"
2020-06-30,HOSPITAL GENERAL DE ZONA 1A PARQUE DE LOS VENADOS (CDMX SUR),IMSS,Media,Buena,"19.374431, -99.151203"
2020-06-30,HOSPITAL DE INFECTOLOGIA 01 LA RAZA (CDMX NORTE),IMSS,Media,Media,"19.464865, -99.144859"
2020-06-30,HOSPITAL GENERAL 01 (CDMX NORTE) LA RAZA,IMSS,Media,Media,"19.395740, -99.161677"
2020-06-30,HOSPITAL GENERAL DE ZONA 24 (CDMX NORTE),IMSS,Buena,Media,"19.483221, -99.128448"
2020-06-30,HOSPITAL GENERAL DE ZONA 27 (CDMX NORTE),IMSS,Buena,Buena,"19.454776, -99.140007"
2020-06-30,HOSPITAL GENERAL DE ZONA 2A (CDMX SUR),IMSS,Buena,Buena,"19.405495, -99.112200"
2020-06-30,HOSPITAL GENERAL DE ZONA 30 (CDMX SUR),IMSS,Media,Buena,"19.398836, -99.116913"
2020-06-30,HOSPITAL GENERAL DE ZONA 32 (CDMX SUR),IMSS,Buena,Media,"19.307964, -99.130677"
2020-06-30,HOSPITAL GENERAL DE ZONA C/MF 08 (CDMX SUR),IMSS,Crítica,Media,"19.337137, -99.200142"
2020-06-30,HOSPITAL GENERAL DE ZONA C/UMAA 48 (CDMX NORTE),IMSS,Media,Media,"19.482375, -99.213046"
2020-06-30,HOSPITAL GENERAL 02 (CDMX SUR) VILLA COAPA (COY.),IMSS,Media,Media,"19.309194, -99.129593"
2020-06-30,HOSPITAL DE ESPECIALIDADES 01 (CDMX NORTE) LA RAZA (AZC),IMSS,Media,Buena,"19.467169, -99.143785"
2020-06-30,HOSPITAL GENERAL DE ZONA C/MF 29 (S. JUAN ARAGÓN),IMSS,Buena,Buena,"19.465117, -99.085162"
2020-06-30,HOSPITAL GENERAL DE ZONA 47 (CDMX SUR) (IZP),IMSS,Buena,Buena,"19.357566, -99.054269"
2020-06-30,UNIDAD MÓVIL TEMPORAL COVID,IMSS,Crítica,Crítica,"19.403082, -99.089177"
2020-06-30,HOSPITAL GENERAL REGIONAL 72,IMSS,Media,Media,"19.542797, -99.205022"
2020-06-30,HOSPITAL GENERAL REGIONAL 196,IMSS,Media,Media,"19.529016, -99.030983"
2020-06-30,HOSPITAL GENERAL REGIONAL 200,IMSS,Media,Media,"19.742905, -98.972971"
2020-06-30,HOSPITAL GENERAL DE ZONA 53,IMSS,Media,Buena,"19.356913, -98.990929"
2020-06-30,HOSPITAL GENERAL DE ZONA 197,IMSS,Media,Buena,"19.515133, -98.891450"
2020-06-30,HOSPITAL GENERAL DE ZONA 194,IMSS,Media,Buena,"19.470300, -99.234208"
2020-06-30,HOSPITAL GENERAL DE ZONA 57 (LA QUEBRADA),IMSS,Crítica,Crítica,"19.597387, -99.188426"
2020-06-30,HOSPITAL GENERAL DE ZONA 58 (LAS MARGARITAS),IMSS,Media,Media,"19.530797, -99.222446"
2020-06-30,HOSPITAL GENERAL DE ZONA 68 (TULPETLAC),IMSS,Buena,Crítica,"19.570070, -99.044009"
2020-06-30,HOSPITAL GENERAL DE ZONA 71 (CHALCO),IMSS,Buena,Buena,"19.259803, -98.893368"
2020-06-30,HOSPITAL GENERAL DE ZONA 76 (XALOSTOC),IMSS,Buena,Buena,"19.526677, -99.082058"
2020-06-30,HOSPITAL GENERAL DE ZONA 98 (COACALCO),IMSS,Crítica,Media,"19.638165, -99.098892"
2020-06-30,CENTRO MEDICO 20 DE NOVIEMBRE,ISSSTE,Crítica,Media,"19.372720, -99.171205"
2020-06-30,HG DARIO FERNANDEZ FIERRO,ISSSTE,Buena,Crítica,"19.363602, -99.188608"
2020-06-30,HG JOSE MARIA MORELOS,ISSSTE,Buena,Crítica,"19.363918, -98.995393"
2020-06-30,HG TACUBA,ISSSTE,Crítica,Media,"19.454384, -99.191231"
2020-06-30,HG DR FERNANDO QUIROZ,ISSSTE,Media,Buena,"19.394242, -99.194187"
2020-06-30,HG IGNACIO ZARAGOZA,ISSSTE,Media,Crítica,"19.389472, -99.045019"
2020-06-30,HR PRIMERO DE OCTUBRE,ISSSTE,Media,Media,"19.486751, -99.133249"
2020-06-30,HR LIC. ADOLFO LÓPEZ MATEOS,ISSSTE,Media,Buena,"19.358451, -99.172716"
2020-06-30,HR BICENTENARIO DE LA INDEPENDENCIA,ISSSTE,Media,Media,"19.628814, -99.163343"
2020-06-30,ALTA ESPECIALIDAD DE ZUMPANGO,EDOMEX,Crítica,Crítica,"19.815198, -99.089196"
2020-06-30,HOSPITAL REGIONAL TLALNEPANTLA ISSEMYM,EDOMEX,Media,Buena,"19.521706, -99.187341"
2020-06-30,"HOSPITAL GENERAL ECATEPEC ""LAS AMÉRICAS""",EDOMEX,Buena,Buena,"19.594136, -99.018679"
2020-06-30,"HOSPITAL GENERAL DE NAUCALPAN ""DR. MAXIMILIANO RUIZ CASTAÑEDA"" ",EDOMEX,Buena,Media,"19.468662, -99.234348"
2020-06-30,"HOSPITAL GENERAL ATIZAPAN DE ZARAGOZA ""DR. SALVADOR GONZALEZ HERREJÓN""",EDOMEX,Buena,Media,"19.546322, -99.237491"
2020-06-30,"HOSPITAL GENERAL CUAUTITLAN ""GRAL. JOSE VICENTE VILLADA""",EDOMEX,Media,Buena,"19.664586, -99.178557"
2020-06-30,"HOSPITAL GENERAL DE NEZAHUALCOYOTL ""GUSTAVO BAZ PRADA""",EDOMEX,Buena,Media,"19.422253, -99.014892"
2020-06-30,"HOSPITAL GENERAL DE ECATEPEC ""JOSÉ MARÍA RODRÍGUEZ""",EDOMEX,Buena,Media,"19.514412, -99.038087"
2020-06-30,"HOSPITAL GENERAL NEZAHUALCOYOTL ""LA PERLA"" ",EDOMEX,Buena,Buena,"19.387963, -98.989442"
2020-06-30,HOSPITAL GENERAL DE CHIMALHUACAN,EDOMEX,Buena,Buena,"19.419753, -98.975140"
2020-06-30,"HOSPITAL GENERAL DE IXTAPALUCA ""PEDRO LOPEZ""",EDOMEX,Buena,Buena,"19.318829, -98.855366"
2020-06-30,HOSPITAL GENERAL DE CHALCO ,EDOMEX,Buena,Media,"19.268265, -98.893965"
2020-06-30,"HOSPITAL GENERAL TEXCOCO ""GUADALUPE VICTORIA"" BICENTENARIO ",EDOMEX,Media,Media,"19.514309, -98.871750"
2020-06-30,"HOSPITAL GENERAL VALLE DE CHALCO ""DR. FERNANDO QUIROZ GUTIERREZ"" ",EDOMEX,Buena,Buena,"19.273775, -98.941609"
2020-06-30,"HOSPITAL GENERAL AMECAMECA ""VALENTIN GOMEZ FARIAS"" ",EDOMEX,Buena,Buena,"19.144883, -98.785072"
2020-06-30,HOSPITAL GENERAL DE AXAPUSCO,EDOMEX,Crítica,Crítica,"19.732872, -98.769445"
2020-07-01,INSTITUTO NACIONAL DE NUTRICIÓN,SSA,Media,Crítica,"19.289599, -99.155441"
2020-07-01,INER,SSA,Media,Media,"19.291375, -99.158653"
2020-07-01,HOSPITAL GENERAL DE MÉXICO,SSA,Media,Media,"19.4129258, -99.1520225"
2020-07-01,HOSPITAL JUAREZ,SSA,Media,Media,"19.481829, -99.135576"
2020-07-01,HOSPITAL GENERAL DR. MANUEL GEA GONZÁLEZ,SSA,Crítica,Media,"19.290295, -99.160861"
2020-07-01,HOSPITAL INFANTIL DE MÉXICO FEDERICO GÓMEZ,SSA,Buena,Buena,"19.410839, -99.151941"
2020-07-01,INSTITUTO  NACIONAL DE CARDIOLOGÍA IGNACIO CHÁVEZ,SSA,Media,Media,"19.290598, -99.153838"
2020-07-01,CITIBANAMEX,SSA,Media,Crítica,"19.439732, -99.224235"
2020-07-01,HOSPITAL REGIONAL DE ALTA ESPECIALIDAD DE IXTAPALUCA,SSA,Media,Media,"19.318796, -98.855353"
2020-07-01,BELISARIO DOMINGUEZ,SEDESA,Media,Buena,"19.307226, -99.065356"
2020-07-01,ENRIQUE CABRERA,SEDESA,Buena,Buena,"19.361675, -99.224432"
2020-07-01,GENERAL TLAHUAC,SEDESA,Buena,Buena,"19.287492, -99.052665"
2020-07-01,PEDIATRICO DE LA VILLA,SEDESA,Buena,Buena,"19.487355, -99.114316"
2020-07-01,HOSPITAL GENERAL AJUSCO MEDIO,SEDESA,Media,Media,"19.272165, -99.207846"
2020-07-01,HOSPITAL GENERAL IZTAPALAPA,SEDESA,Media,Buena,"19.343426, -99.027236"
2020-07-01,HOSPITAL GENERAL XOCO,SEDESA,Crítica,Buena,"19.360313, -99.162275"
2020-07-01,HOSPITAL GENERAL VILLA,SEDESA,Media,Buena,"19.480079, -99.103353"
2020-07-01,HOSPITAL GENERAL DR. RUBÉN LEÑERO,SEDESA,Crítica,Buena,"19.451398, -99.169565"
2020-07-01,HOSPITAL GENERAL MILPA ALTA,SEDESA,Buena,Buena,"19.200951, -99.011210"
2020-07-01,HOSPITAL GENERAL BALBUENA,SEDESA,Media,Buena,"19.424195, -99.115412"
2020-07-01,HOSPITAL TEPEPAN,SEDESA,Sin Dato,Sin Dato,"19.275806, -99.144298"
2020-07-01,HOSPITAL DE ESPECIALIDADES 01 CMN SIGLO XXI (CDMX SUR),IMSS,Buena,Media,"19.466549, -99.145102"
2020-07-01,HOSPITAL DE PEDIATRIA 01 CMN SIGLO XXI (CDMX SUR),IMSS,Buena,Buena,"19.407458, -99.152267"
2020-07-01,HOSPITAL GENERAL DE ZONA 01 CARLOS MC GREGOR (CDMX SUR),IMSS,Media,Media,"19.395912, -99.161610"
2020-07-01,HOSPITAL GENERAL DE ZONA 1A PARQUE DE LOS VENADOS (CDMX SUR),IMSS,Media,Buena,"19.374431, -99.151203"
2020-07-01,HOSPITAL DE INFECTOLOGIA 01 LA RAZA (CDMX NORTE),IMSS,Media,Media,"19.464865, -99.144859"
2020-07-01,HOSPITAL GENERAL 01 (CDMX NORTE) LA RAZA,IMSS,Media,Media,"19.395740, -99.161677"
2020-07-01,HOSPITAL GENERAL DE ZONA 24 (CDMX NORTE),IMSS,Media,Media,"19.483221, -99.128448"
2020-07-01,HOSPITAL GENERAL DE ZONA 27 (CDMX NORTE),IMSS,Buena,Buena,"19.454776, -99.140007"
2020-07-01,HOSPITAL GENERAL DE ZONA 2A (CDMX SUR),IMSS,Buena,Media,"19.405495, -99.112200"
2020-07-01,HOSPITAL GENERAL DE ZONA 30 (CDMX SUR),IMSS,Media,Buena,"19.398836, -99.116913"
2020-07-01,HOSPITAL GENERAL DE ZONA 32 (CDMX SUR),IMSS,Buena,Media,"19.307964, -99.130677"
2020-07-01,HOSPITAL GENERAL DE ZONA C/MF 08 (CDMX SUR),IMSS,Crítica,Buena,"19.337137, -99.200142"
2020-07-01,HOSPITAL GENERAL DE ZONA C/UMAA 48 (CDMX NORTE),IMSS,Media,Media,"19.482375, -99.213046"
2020-07-01,HOSPITAL GENERAL 02 (CDMX SUR) VILLA COAPA (COY.),IMSS,Media,Media,"19.309194, -99.129593"
2020-07-01,HOSPITAL DE ESPECIALIDADES 01 (CDMX NORTE) LA RAZA (AZC),IMSS,Crítica,Buena,"19.467169, -99.143785"
2020-07-01,HOSPITAL GENERAL DE ZONA C/MF 29 (S. JUAN ARAGÓN),IMSS,Media,Buena,"19.465117, -99.085162"
2020-07-01,HOSPITAL GENERAL DE ZONA 47 (CDMX SUR) (IZP),IMSS,Buena,Buena,"19.357566, -99.054269"
2020-07-01,UNIDAD MÓVIL TEMPORAL COVID,IMSS,Crítica,Crítica,"19.403082, -99.089177"
2020-07-01,HOSPITAL GENERAL REGIONAL 72,IMSS,Media,Media,"19.542797, -99.205022"
2020-07-01,HOSPITAL GENERAL REGIONAL 196,IMSS,Media,Buena,"19.529016, -99.030983"
2020-07-01,HOSPITAL GENERAL REGIONAL 200,IMSS,Media,Media,"19.742905, -98.972971"
2020-07-01,HOSPITAL GENERAL DE ZONA 53,IMSS,Media,Buena,"19.356913, -98.990929"
2020-07-01,HOSPITAL GENERAL DE ZONA 197,IMSS,Media,Buena,"19.515133, -98.891450"
2020-07-01,HOSPITAL GENERAL DE ZONA 194,IMSS,Media,Buena,"19.470300, -99.234208"
2020-07-01,HOSPITAL GENERAL DE ZONA 57 (LA QUEBRADA),IMSS,Crítica,Crítica,"19.597387, -99.188426"
2020-07-01,HOSPITAL GENERAL DE ZONA 58 (LAS MARGARITAS),IMSS,Media,Media,"19.530797, -99.222446"
2020-07-01,HOSPITAL GENERAL DE ZONA 68 (TULPETLAC),IMSS,Buena,Media,"19.570070, -99.044009"
2020-07-01,HOSPITAL GENERAL DE ZONA 71 (CHALCO),IMSS,Buena,Buena,"19.259803, -98.893368"
2020-07-01,HOSPITAL GENERAL DE ZONA 76 (XALOSTOC),IMSS,Buena,Buena,"19.526677, -99.082058"
2020-07-01,HOSPITAL GENERAL DE ZONA 98 (COACALCO),IMSS,Crítica,Buena,"19.638165, -99.098892"
2020-07-01,CENTRO MEDICO 20 DE NOVIEMBRE,ISSSTE,Crítica,Media,"19.372720, -99.171205"
2020-07-01,HG DARIO FERNANDEZ FIERRO,ISSSTE,Buena,Crítica,"19.363602, -99.188608"
2020-07-01,HG JOSE MARIA MORELOS,ISSSTE,Buena,Media,"19.363918, -98.995393"
2020-07-01,HG TACUBA,ISSSTE,Crítica,Media,"19.454384, -99.191231"
2020-07-01,HG DR FERNANDO QUIROZ,ISSSTE,Media,Buena,"19.394242, -99.194187"
2020-07-01,HG IGNACIO ZARAGOZA,ISSSTE,Media,Crítica,"19.389472, -99.045019"
2020-07-01,HR PRIMERO DE OCTUBRE,ISSSTE,Crítica,Media,"19.486751, -99.133249"
2020-07-01,HR LIC. ADOLFO LÓPEZ MATEOS,ISSSTE,Media,Buena,"19.358451, -99.172716"
2020-07-01,HR BICENTENARIO DE LA INDEPENDENCIA,ISSSTE,Media,Media,"19.628814, -99.163343"
2020-07-01,ALTA ESPECIALIDAD DE ZUMPANGO,EDOMEX,Media,Crítica,"19.815198, -99.089196"
2020-07-01,HOSPITAL REGIONAL TLALNEPANTLA ISSEMYM,EDOMEX,Media,Buena,"19.521706, -99.187341"
2020-07-01,"HOSPITAL GENERAL ECATEPEC ""LAS AMÉRICAS""",EDOMEX,Buena,Buena,"19.594136, -99.018679"
2020-07-01,"HOSPITAL GENERAL DE NAUCALPAN ""DR. MAXIMILIANO RUIZ CASTAÑEDA"" ",EDOMEX,Buena,Media,"19.468662, -99.234348"
2020-07-01,"HOSPITAL GENERAL ATIZAPAN DE ZARAGOZA ""DR. SALVADOR GONZALEZ HERREJÓN""",EDOMEX,Buena,Media,"19.546322, -99.237491"
2020-07-01,"HOSPITAL GENERAL CUAUTITLAN ""GRAL. JOSE VICENTE VILLADA""",EDOMEX,Media,Media,"19.664586, -99.178557"
2020-07-01,"HOSPITAL GENERAL DE NEZAHUALCOYOTL ""GUSTAVO BAZ PRADA""",EDOMEX,Buena,Media,"19.422253, -99.014892"
2020-07-01,"HOSPITAL GENERAL DE ECATEPEC ""JOSÉ MARÍA RODRÍGUEZ""",EDOMEX,Buena,Buena,"19.514412, -99.038087"
2020-07-01,"HOSPITAL GENERAL NEZAHUALCOYOTL ""LA PERLA"" ",EDOMEX,Buena,Buena,"19.387963, -98.989442"
2020-07-01,HOSPITAL GENERAL DE CHIMALHUACAN,EDOMEX,Buena,Buena,"19.419753, -98.975140"
2020-07-01,"HOSPITAL GENERAL DE IXTAPALUCA ""PEDRO LOPEZ""",EDOMEX,Buena,Buena,"19.318829, -98.855366"
2020-07-01,HOSPITAL GENERAL DE CHALCO ,EDOMEX,Buena,Buena,"19.268265, -98.893965"
2020-07-01,"HOSPITAL GENERAL TEXCOCO ""GUADALUPE VICTORIA"" BICENTENARIO ",EDOMEX,Media,Media,"19.514309, -98.871750"
2020-07-01,"HOSPITAL GENERAL VALLE DE CHALCO ""DR. FERNANDO QUIROZ GUTIERREZ"" ",EDOMEX,Buena,Buena,"19.273775, -98.941609"
2020-07-01,"HOSPITAL GENERAL AMECAMECA ""VALENTIN GOMEZ FARIAS"" ",EDOMEX,Buena,Buena,"19.144883, -98.785072"
2020-07-01,HOSPITAL GENERAL DE AXAPUSCO,EDOMEX,Crítica,Media,"19.732872, -98.769445"
2020-07-02,INSTITUTO NACIONAL DE NUTRICIÓN,SSA,Media,Crítica,"19.289599, -99.155441"
2020-07-02,INER,SSA,Media,Media,"19.291375, -99.158653"
2020-07-02,HOSPITAL GENERAL DE MÉXICO,SSA,Media,Media,"19.4129258, -99.1520225"
2020-07-02,HOSPITAL JUAREZ,SSA,Media,Media,"19.481829, -99.135576"
2020-07-02,HOSPITAL GENERAL DR. MANUEL GEA GONZÁLEZ,SSA,Crítica,Media,"19.290295, -99.160861"
2020-07-02,HOSPITAL INFANTIL DE MÉXICO FEDERICO GÓMEZ,SSA,Buena,Buena,"19.410839, -99.151941"
2020-07-02,INSTITUTO  NACIONAL DE CARDIOLOGÍA IGNACIO CHÁVEZ,SSA,Media,Media,"19.290598, -99.153838"
2020-07-02,CITIBANAMEX,SSA,Crítica,Crítica,"19.439732, -99.224235"
2020-07-02,HOSPITAL REGIONAL DE ALTA ESPECIALIDAD DE IXTAPALUCA,SSA,Buena,Media,"19.318796, -98.855353"
2020-07-02,BELISARIO DOMINGUEZ,SEDESA,Media,Buena,"19.307226, -99.065356"
2020-07-02,ENRIQUE CABRERA,SEDESA,Buena,Buena,"19.361675, -99.224432"
2020-07-02,GENERAL TLAHUAC,SEDESA,Buena,Buena,"19.287492, -99.052665"
2020-07-02,PEDIATRICO DE LA VILLA,SEDESA,Buena,Buena,"19.487355, -99.114316"
2020-07-02,HOSPITAL GENERAL AJUSCO MEDIO,SEDESA,Media,Media,"19.272165, -99.207846"
2020-07-02,HOSPITAL GENERAL IZTAPALAPA,SEDESA,Buena,Buena,"19.343426, -99.027236"
2020-07-02,HOSPITAL GENERAL XOCO,SEDESA,Crítica,Buena,"19.360313, -99.162275"
2020-07-02,HOSPITAL GENERAL VILLA,SEDESA,Media,Buena,"19.480079, -99.103353"
2020-07-02,HOSPITAL GENERAL DR. RUBÉN LEÑERO,SEDESA,Crítica,Buena,"19.451398, -99.169565"
2020-07-02,HOSPITAL GENERAL MILPA ALTA,SEDESA,Buena,Buena,"19.200951, -99.011210"
2020-07-02,HOSPITAL GENERAL BALBUENA,SEDESA,Media,Buena,"19.424195, -99.115412"
2020-07-02,HOSPITAL TEPEPAN,SEDESA,Sin Dato,Sin Dato,"19.275806, -99.144298"
2020-07-02,HOSPITAL DE ESPECIALIDADES 01 CMN SIGLO XXI (CDMX SUR),IMSS,Buena,Media,"19.466549, -99.145102"
2020-07-02,HOSPITAL DE PEDIATRIA 01 CMN SIGLO XXI (CDMX SUR),IMSS,Buena,Buena,"19.407458, -99.152267"
2020-07-02,HOSPITAL GENERAL DE ZONA 01 CARLOS MC GREGOR (CDMX SUR),IMSS,Media,Media,"19.395912, -99.161610"
2020-07-02,HOSPITAL GENERAL DE ZONA 1A PARQUE DE LOS VENADOS (CDMX SUR),IMSS,Media,Buena,"19.374431, -99.151203"
2020-07-02,HOSPITAL DE INFECTOLOGIA 01 LA RAZA (CDMX NORTE),IMSS,Media,Buena,"19.464865, -99.144859"
2020-07-02,HOSPITAL GENERAL 01 (CDMX NORTE) LA RAZA,IMSS,Media,Media,"19.395740, -99.161677"
2020-07-02,HOSPITAL GENERAL DE ZONA 24 (CDMX NORTE),IMSS,Buena,Media,"19.483221, -99.128448"
2020-07-02,HOSPITAL GENERAL DE ZONA 27 (CDMX NORTE),IMSS,Media,Buena,"19.454776, -99.140007"
2020-07-02,HOSPITAL GENERAL DE ZONA 2A (CDMX SUR),IMSS,Buena,Media,"19.405495, -99.112200"
2020-07-02,HOSPITAL GENERAL DE ZONA 30 (CDMX SUR),IMSS,Media,Buena,"19.398836, -99.116913"
2020-07-02,HOSPITAL GENERAL DE ZONA 32 (CDMX SUR),IMSS,Buena,Media,"19.307964, -99.130677"
2020-07-02,HOSPITAL GENERAL DE ZONA C/MF 08 (CDMX SUR),IMSS,Crítica,Media,"19.337137, -99.200142"
2020-07-02,HOSPITAL GENERAL DE ZONA C/UMAA 48 (CDMX NORTE),IMSS,Media,Media,"19.482375, -99.213046"
2020-07-02,HOSPITAL GENERAL 02 (CDMX SUR) VILLA COAPA (COY.),IMSS,Media,Media,"19.309194, -99.129593"
2020-07-02,HOSPITAL DE ESPECIALIDADES 01 (CDMX NORTE) LA RAZA (AZC),IMSS,Media,Buena,"19.467169, -99.143785"
2020-07-02,HOSPITAL GENERAL DE ZONA C/MF 29 (S. JUAN ARAGÓN),IMSS,Media,Buena,"19.465117, -99.085162"
2020-07-02,HOSPITAL GENERAL DE ZONA 47 (CDMX SUR) (IZP),IMSS,Buena,Buena,"19.357566, -99.054269"
2020-07-02,UNIDAD MÓVIL TEMPORAL COVID,IMSS,Crítica,Crítica,"19.403082, -99.089177"
2020-07-02,HOSPITAL GENERAL REGIONAL 72,IMSS,Media,Media,"19.542797, -99.205022"
2020-07-02,HOSPITAL GENERAL REGIONAL 196,IMSS,Media,Buena,"19.529016, -99.030983"
2020-07-02,HOSPITAL GENERAL REGIONAL 200,IMSS,Media,Buena,"19.742905, -98.972971"
2020-07-02,HOSPITAL GENERAL DE ZONA 53,IMSS,Media,Buena,"19.356913, -98.990929"
2020-07-02,HOSPITAL GENERAL DE ZONA 197,IMSS,Buena,Media,"19.515133, -98.891450"
2020-07-02,HOSPITAL GENERAL DE ZONA 194,IMSS,Media,Buena,"19.470300, -99.234208"
2020-07-02,HOSPITAL GENERAL DE ZONA 57 (LA QUEBRADA),IMSS,Crítica,Media,"19.597387, -99.188426"
2020-07-02,HOSPITAL GENERAL DE ZONA 58 (LAS MARGARITAS),IMSS,Media,Media,"19.530797, -99.222446"
2020-07-02,HOSPITAL GENERAL DE ZONA 68 (TULPETLAC),IMSS,Media,Media,"19.570070, -99.044009"
2020-07-02,HOSPITAL GENERAL DE ZONA 71 (CHALCO),IMSS,Buena,Buena,"19.259803, -98.893368"
2020-07-02,HOSPITAL GENERAL DE ZONA 76 (XALOSTOC),IMSS,Buena,Buena,"19.526677, -99.082058"
2020-07-02,HOSPITAL GENERAL DE ZONA 98 (COACALCO),IMSS,Crítica,Buena,"19.638165, -99.098892"
2020-07-02,CENTRO MEDICO 20 DE NOVIEMBRE,ISSSTE,Crítica,Media,"19.372720, -99.171205"
2020-07-02,HG DARIO FERNANDEZ FIERRO,ISSSTE,Buena,Media,"19.363602, -99.188608"
2020-07-02,HG JOSE MARIA MORELOS,ISSSTE,Buena,Crítica,"19.363918, -98.995393"
2020-07-02,HG TACUBA,ISSSTE,Crítica,Media,"19.454384, -99.191231"
2020-07-02,HG DR FERNANDO QUIROZ,ISSSTE,Media,Buena,"19.394242, -99.194187"
2020-07-02,HG IGNACIO ZARAGOZA,ISSSTE,Media,Crítica,"19.389472, -99.045019"
2020-07-02,HR PRIMERO DE OCTUBRE,ISSSTE,Crítica,Media,"19.486751, -99.133249"
2020-07-02,HR LIC. ADOLFO LÓPEZ MATEOS,ISSSTE,Media,Buena,"19.358451, -99.172716"
2020-07-02,HR BICENTENARIO DE LA INDEPENDENCIA,ISSSTE,Media,Media,"19.628814, -99.163343"
2020-07-02,ALTA ESPECIALIDAD DE ZUMPANGO,EDOMEX,Crítica,Crítica,"19.815198, -99.089196"
2020-07-02,HOSPITAL REGIONAL TLALNEPANTLA ISSEMYM,EDOMEX,Media,Buena,"19.521706, -99.187341"
2020-07-02,"HOSPITAL GENERAL ECATEPEC ""LAS AMÉRICAS""",EDOMEX,Buena,Buena,"19.594136, -99.018679"
2020-07-02,"HOSPITAL GENERAL DE NAUCALPAN ""DR. MAXIMILIANO RUIZ CASTAÑEDA"" ",EDOMEX,Buena,Media,"19.468662, -99.234348"
2020-07-02,"HOSPITAL GENERAL ATIZAPAN DE ZARAGOZA ""DR. SALVADOR GONZALEZ HERREJÓN""",EDOMEX,Buena,Media,"19.546322, -99.237491"
2020-07-02,"HOSPITAL GENERAL CUAUTITLAN ""GRAL. JOSE VICENTE VILLADA""",EDOMEX,Media,Media,"19.664586, -99.178557"
2020-07-02,"HOSPITAL GENERAL DE NEZAHUALCOYOTL ""GUSTAVO BAZ PRADA""",EDOMEX,Buena,Media,"19.422253, -99.014892"
2020-07-02,"HOSPITAL GENERAL DE ECATEPEC ""JOSÉ MARÍA RODRÍGUEZ""",EDOMEX,Buena,Buena,"19.514412, -99.038087"
2020-07-02,"HOSPITAL GENERAL NEZAHUALCOYOTL ""LA PERLA"" ",EDOMEX,Buena,Buena,"19.387963, -98.989442"
2020-07-02,HOSPITAL GENERAL DE CHIMALHUACAN,EDOMEX,Buena,Buena,"19.419753, -98.975140"
2020-07-02,"HOSPITAL GENERAL DE IXTAPALUCA ""PEDRO LOPEZ""",EDOMEX,Buena,Buena,"19.318829, -98.855366"
2020-07-02,HOSPITAL GENERAL DE CHALCO ,EDOMEX,Buena,Buena,"19.268265, -98.893965"
2020-07-02,"HOSPITAL GENERAL TEXCOCO ""GUADALUPE VICTORIA"" BICENTENARIO ",EDOMEX,Media,Media,"19.514309, -98.871750"
2020-07-02,"HOSPITAL GENERAL VALLE DE CHALCO ""DR. FERNANDO QUIROZ GUTIERREZ"" ",EDOMEX,Buena,Buena,"19.273775, -98.941609"
2020-07-02,"HOSPITAL GENERAL AMECAMECA ""VALENTIN GOMEZ FARIAS"" ",EDOMEX,Buena,Buena,"19.144883, -98.785072"
2020-07-02,HOSPITAL GENERAL DE AXAPUSCO,EDOMEX,Crítica,Media,"19.732872, -98.769445"
2020-07-03,INSTITUTO NACIONAL DE NUTRICIÓN,SSA,Media,Crítica,"19.289599, -99.155441"
2020-07-03,INER,SSA,Media,Media,"19.291375, -99.158653"
2020-07-03,HOSPITAL GENERAL DE MÉXICO,SSA,Media,Media,"19.4129258, -99.1520225"
2020-07-03,HOSPITAL JUAREZ,SSA,Media,Media,"19.481829, -99.135576"
2020-07-03,HOSPITAL GENERAL DR. MANUEL GEA GONZÁLEZ,SSA,Crítica,Media,"19.290295, -99.160861"
2020-07-03,HOSPITAL INFANTIL DE MÉXICO FEDERICO GÓMEZ,SSA,Buena,Buena,"19.410839, -99.151941"
2020-07-03,INSTITUTO  NACIONAL DE CARDIOLOGÍA IGNACIO CHÁVEZ,SSA,Buena,Buena,"19.290598, -99.153838"
2020-07-03,CITIBANAMEX,SSA,Crítica,Crítica,"19.439732, -99.224235"
2020-07-03,HOSPITAL REGIONAL DE ALTA ESPECIALIDAD DE IXTAPALUCA,SSA,Buena,Media,"19.318796, -98.855353"
2020-07-03,BELISARIO DOMINGUEZ,SEDESA,Media,Buena,"19.307226, -99.065356"
2020-07-03,ENRIQUE CABRERA,SEDESA,Buena,Buena,"19.361675, -99.224432"
2020-07-03,GENERAL TLAHUAC,SEDESA,Buena,Buena,"19.287492, -99.052665"
2020-07-03,PEDIATRICO DE LA VILLA,SEDESA,Buena,Buena,"19.487355, -99.114316"
2020-07-03,HOSPITAL GENERAL AJUSCO MEDIO,SEDESA,Buena,Media,"19.272165, -99.207846"
2020-07-03,HOSPITAL GENERAL IZTAPALAPA,SEDESA,Buena,Buena,"19.343426, -99.027236"
2020-07-03,HOSPITAL GENERAL XOCO,SEDESA,Crítica,Buena,"19.360313, -99.162275"
2020-07-03,HOSPITAL GENERAL VILLA,SEDESA,Media,Buena,"19.480079, -99.103353"
2020-07-03,HOSPITAL GENERAL DR. RUBÉN LEÑERO,SEDESA,Crítica,Buena,"19.451398, -99.169565"
2020-07-03,HOSPITAL GENERAL MILPA ALTA,SEDESA,Buena,Buena,"19.200951, -99.011210"
2020-07-03,HOSPITAL GENERAL BALBUENA,SEDESA,Media,Buena,"19.424195, -99.115412"
2020-07-03,HOSPITAL TEPEPAN,SEDESA,Sin Dato,Sin Dato,"19.275806, -99.144298"
2020-07-03,HOSPITAL DE ESPECIALIDADES 01 CMN SIGLO XXI (CDMX SUR),IMSS,Buena,Media,"19.466549, -99.145102"
2020-07-03,HOSPITAL DE PEDIATRIA 01 CMN SIGLO XXI (CDMX SUR),IMSS,Buena,Buena,"19.407458, -99.152267"
2020-07-03,HOSPITAL GENERAL DE ZONA 01 CARLOS MC GREGOR (CDMX SUR),IMSS,Media,Media,"19.395912, -99.161610"
2020-07-03,HOSPITAL GENERAL DE ZONA 1A PARQUE DE LOS VENADOS (CDMX SUR),IMSS,Media,Buena,"19.374431, -99.151203"
2020-07-03,HOSPITAL DE INFECTOLOGIA 01 LA RAZA (CDMX NORTE),IMSS,Media,Media,"19.464865, -99.144859"
2020-07-03,HOSPITAL GENERAL 01 (CDMX NORTE) LA RAZA,IMSS,Media,Buena,"19.395740, -99.161677"
2020-07-03,HOSPITAL GENERAL DE ZONA 24 (CDMX NORTE),IMSS,Buena,Media,"19.483221, -99.128448"
2020-07-03,HOSPITAL GENERAL DE ZONA 27 (CDMX NORTE),IMSS,Media,Buena,"19.454776, -99.140007"
2020-07-03,HOSPITAL GENERAL DE ZONA 2A (CDMX SUR),IMSS,Buena,Media,"19.405495, -99.112200"
2020-07-03,HOSPITAL GENERAL DE ZONA 30 (CDMX SUR),IMSS,Media,Buena,"19.398836, -99.116913"
2020-07-03,HOSPITAL GENERAL DE ZONA 32 (CDMX SUR),IMSS,Buena,Buena,"19.307964, -99.130677"
2020-07-03,HOSPITAL GENERAL DE ZONA C/MF 08 (CDMX SUR),IMSS,Crítica,Media,"19.337137, -99.200142"
2020-07-03,HOSPITAL GENERAL DE ZONA C/UMAA 48 (CDMX NORTE),IMSS,Media,Media,"19.482375, -99.213046"
2020-07-03,HOSPITAL GENERAL 02 (CDMX SUR) VILLA COAPA (COY.),IMSS,Media,Media,"19.309194, -99.129593"
2020-07-03,HOSPITAL DE ESPECIALIDADES 01 (CDMX NORTE) LA RAZA (AZC),IMSS,Crítica,Buena,"19.467169, -99.143785"
2020-07-03,HOSPITAL GENERAL DE ZONA C/MF 29 (S. JUAN ARAGÓN),IMSS,Media,Buena,"19.465117, -99.085162"
2020-07-03,HOSPITAL GENERAL DE ZONA 47 (CDMX SUR) (IZP),IMSS,Buena,Buena,"19.357566, -99.054269"
2020-07-03,UNIDAD MÓVIL TEMPORAL COVID,IMSS,Crítica,Crítica,"19.403082, -99.089177"
2020-07-03,HOSPITAL GENERAL REGIONAL 72,IMSS,Media,Buena,"19.542797, -99.205022"
2020-07-03,HOSPITAL GENERAL REGIONAL 196,IMSS,Media,Buena,"19.529016, -99.030983"
2020-07-03,HOSPITAL GENERAL REGIONAL 200,IMSS,Media,Buena,"19.742905, -98.972971"
2020-07-03,HOSPITAL GENERAL DE ZONA 53,IMSS,Media,Buena,"19.356913, -98.990929"
2020-07-03,HOSPITAL GENERAL DE ZONA 197,IMSS,Buena,Media,"19.515133, -98.891450"
2020-07-03,HOSPITAL GENERAL DE ZONA 194,IMSS,Media,Buena,"19.470300, -99.234208"
2020-07-03,HOSPITAL GENERAL DE ZONA 57 (LA QUEBRADA),IMSS,Crítica,Media,"19.597387, -99.188426"
2020-07-03,HOSPITAL GENERAL DE ZONA 58 (LAS MARGARITAS),IMSS,Media,Media,"19.530797, -99.222446"
2020-07-03,HOSPITAL GENERAL DE ZONA 68 (TULPETLAC),IMSS,Media,Buena,"19.570070, -99.044009"
2020-07-03,HOSPITAL GENERAL DE ZONA 71 (CHALCO),IMSS,Buena,Buena,"19.259803, -98.893368"
2020-07-03,HOSPITAL GENERAL DE ZONA 76 (XALOSTOC),IMSS,Buena,Buena,"19.526677, -99.082058"
2020-07-03,HOSPITAL GENERAL DE ZONA 98 (COACALCO),IMSS,Crítica,Buena,"19.638165, -99.098892"
2020-07-03,CENTRO MEDICO 20 DE NOVIEMBRE,ISSSTE,Crítica,Media,"19.372720, -99.171205"
2020-07-03,HG DARIO FERNANDEZ FIERRO,ISSSTE,Buena,Media,"19.363602, -99.188608"
2020-07-03,HG JOSE MARIA MORELOS,ISSSTE,Buena,Media,"19.363918, -98.995393"
2020-07-03,HG TACUBA,ISSSTE,Crítica,Media,"19.454384, -99.191231"
2020-07-03,HG DR FERNANDO QUIROZ,ISSSTE,Media,Buena,"19.394242, -99.194187"
2020-07-03,HG IGNACIO ZARAGOZA,ISSSTE,Media,Crítica,"19.389472, -99.045019"
2020-07-03,HR PRIMERO DE OCTUBRE,ISSSTE,Crítica,Media,"19.486751, -99.133249"
2020-07-03,HR LIC. ADOLFO LÓPEZ MATEOS,ISSSTE,Media,Buena,"19.358451, -99.172716"
2020-07-03,HR BICENTENARIO DE LA INDEPENDENCIA,ISSSTE,Media,Media,"19.628814, -99.163343"
2020-07-03,ALTA ESPECIALIDAD DE ZUMPANGO,EDOMEX,Crítica,Crítica,"19.815198, -99.089196"
2020-07-03,HOSPITAL REGIONAL TLALNEPANTLA ISSEMYM,EDOMEX,Crítica,Buena,"19.521706, -99.187341"
2020-07-03,"HOSPITAL GENERAL ECATEPEC ""LAS AMÉRICAS""",EDOMEX,Buena,Buena,"19.594136, -99.018679"
2020-07-03,"HOSPITAL GENERAL DE NAUCALPAN ""DR. MAXIMILIANO RUIZ CASTAÑEDA"" ",EDOMEX,Buena,Media,"19.468662, -99.234348"
2020-07-03,"HOSPITAL GENERAL ATIZAPAN DE ZARAGOZA ""DR. SALVADOR GONZALEZ HERREJÓN""",EDOMEX,Buena,Media,"19.546322, -99.237491"
2020-07-03,"HOSPITAL GENERAL CUAUTITLAN ""GRAL. JOSE VICENTE VILLADA""",EDOMEX,Buena,Media,"19.664586, -99.178557"
2020-07-03,"HOSPITAL GENERAL DE NEZAHUALCOYOTL ""GUSTAVO BAZ PRADA""",EDOMEX,Buena,Buena,"19.422253, -99.014892"
2020-07-03,"HOSPITAL GENERAL DE ECATEPEC ""JOSÉ MARÍA RODRÍGUEZ""",EDOMEX,Buena,Buena,"19.514412, -99.038087"
2020-07-03,"HOSPITAL GENERAL NEZAHUALCOYOTL ""LA PERLA"" ",EDOMEX,Buena,Buena,"19.387963, -98.989442"
2020-07-03,HOSPITAL GENERAL DE CHIMALHUACAN,EDOMEX,Buena,Buena,"19.419753, -98.975140"
2020-07-03,"HOSPITAL GENERAL DE IXTAPALUCA ""PEDRO LOPEZ""",EDOMEX,Buena,Buena,"19.318829, -98.855366"
2020-07-03,HOSPITAL GENERAL DE CHALCO ,EDOMEX,Buena,Buena,"19.268265, -98.893965"
2020-07-03,"HOSPITAL GENERAL TEXCOCO ""GUADALUPE VICTORIA"" BICENTENARIO ",EDOMEX,Media,Media,"19.514309, -98.871750"
2020-07-03,"HOSPITAL GENERAL VALLE DE CHALCO ""DR. FERNANDO QUIROZ GUTIERREZ"" ",EDOMEX,Buena,Buena,"19.273775, -98.941609"
2020-07-03,"HOSPITAL GENERAL AMECAMECA ""VALENTIN GOMEZ FARIAS"" ",EDOMEX,Buena,Buena,"19.144883, -98.785072"
2020-07-03,HOSPITAL GENERAL DE AXAPUSCO,EDOMEX,Crítica,Crítica,"19.732872, -98.769445"
2020-07-04,INSTITUTO NACIONAL DE NUTRICIÓN,SSA,Media,Crítica,"19.289599, -99.155441"
2020-07-04,INER,SSA,Media,Media,"19.291375, -99.158653"
2020-07-04,HOSPITAL GENERAL DE MÉXICO,SSA,Buena,Media,"19.4129258, -99.1520225"
2020-07-04,HOSPITAL JUAREZ,SSA,Media,Media,"19.481829, -99.135576"
2020-07-04,HOSPITAL GENERAL DR. MANUEL GEA GONZÁLEZ,SSA,Media,Media,"19.290295, -99.160861"
2020-07-04,HOSPITAL INFANTIL DE MÉXICO FEDERICO GÓMEZ,SSA,Buena,Buena,"19.410839, -99.151941"
2020-07-04,INSTITUTO  NACIONAL DE CARDIOLOGÍA IGNACIO CHÁVEZ,SSA,Buena,Buena,"19.290598, -99.153838"
2020-07-04,CITIBANAMEX,SSA,Crítica,Crítica,"19.439732, -99.224235"
2020-07-04,HOSPITAL REGIONAL DE ALTA ESPECIALIDAD DE IXTAPALUCA,SSA,Buena,Media,"19.318796, -98.855353"
2020-07-04,BELISARIO DOMINGUEZ,SEDESA,Media,Buena,"19.307226, -99.065356"
2020-07-04,ENRIQUE CABRERA,SEDESA,Buena,Buena,"19.361675, -99.224432"
2020-07-04,GENERAL TLAHUAC,SEDESA,Buena,Buena,"19.287492, -99.052665"
2020-07-04,PEDIATRICO DE LA VILLA,SEDESA,Buena,Buena,"19.487355, -99.114316"
2020-07-04,HOSPITAL GENERAL AJUSCO MEDIO,SEDESA,Buena,Media,"19.272165, -99.207846"
2020-07-04,HOSPITAL GENERAL IZTAPALAPA,SEDESA,Buena,Buena,"19.343426, -99.027236"
2020-07-04,HOSPITAL GENERAL XOCO,SEDESA,Crítica,Buena,"19.360313, -99.162275"
2020-07-04,HOSPITAL GENERAL VILLA,SEDESA,Buena,Buena,"19.480079, -99.103353"
2020-07-04,HOSPITAL GENERAL DR. RUBÉN LEÑERO,SEDESA,Crítica,Buena,"19.451398, -99.169565"
2020-07-04,HOSPITAL GENERAL MILPA ALTA,SEDESA,Buena,Buena,"19.200951, -99.011210"
2020-07-04,HOSPITAL GENERAL BALBUENA,SEDESA,Media,Buena,"19.424195, -99.115412"
2020-07-04,HOSPITAL TEPEPAN,SEDESA,Sin Dato,Sin Dato,"19.275806, -99.144298"
2020-07-04,HOSPITAL DE ESPECIALIDADES 01 CMN SIGLO XXI (CDMX SUR),IMSS,Buena,Media,"19.466549, -99.145102"
2020-07-04,HOSPITAL DE PEDIATRIA 01 CMN SIGLO XXI (CDMX SUR),IMSS,Buena,Buena,"19.407458, -99.152267"
2020-07-04,HOSPITAL GENERAL DE ZONA 01 CARLOS MC GREGOR (CDMX SUR),IMSS,Media,Media,"19.395912, -99.161610"
2020-07-04,HOSPITAL GENERAL DE ZONA 1A PARQUE DE LOS VENADOS (CDMX SUR),IMSS,Media,Buena,"19.374431, -99.151203"
2020-07-04,HOSPITAL DE INFECTOLOGIA 01 LA RAZA (CDMX NORTE),IMSS,Media,Media,"19.464865, -99.144859"
2020-07-04,HOSPITAL GENERAL 01 (CDMX NORTE) LA RAZA,IMSS,Media,Buena,"19.395740, -99.161677"
2020-07-04,HOSPITAL GENERAL DE ZONA 24 (CDMX NORTE),IMSS,Buena,Media,"19.483221, -99.128448"
2020-07-04,HOSPITAL GENERAL DE ZONA 27 (CDMX NORTE),IMSS,Media,Buena,"19.454776, -99.140007"
2020-07-04,HOSPITAL GENERAL DE ZONA 2A (CDMX SUR),IMSS,Buena,Media,"19.405495, -99.112200"
2020-07-04,HOSPITAL GENERAL DE ZONA 30 (CDMX SUR),IMSS,Buena,Buena,"19.398836, -99.116913"
2020-07-04,HOSPITAL GENERAL DE ZONA 32 (CDMX SUR),IMSS,Buena,Buena,"19.307964, -99.130677"
2020-07-04,HOSPITAL GENERAL DE ZONA C/MF 08 (CDMX SUR),IMSS,Crítica,Buena,"19.337137, -99.200142"
2020-07-04,HOSPITAL GENERAL DE ZONA C/UMAA 48 (CDMX NORTE),IMSS,Media,Media,"19.482375, -99.213046"
2020-07-04,HOSPITAL GENERAL 02 (CDMX SUR) VILLA COAPA (COY.),IMSS,Media,Media,"19.309194, -99.129593"
2020-07-04,HOSPITAL DE ESPECIALIDADES 01 (CDMX NORTE) LA RAZA (AZC),IMSS,Crítica,Buena,"19.467169, -99.143785"
2020-07-04,HOSPITAL GENERAL DE ZONA C/MF 29 (S. JUAN ARAGÓN),IMSS,Media,Buena,"19.465117, -99.085162"
2020-07-04,HOSPITAL GENERAL DE ZONA 47 (CDMX SUR) (IZP),IMSS,Buena,Buena,"19.357566, -99.054269"
2020-07-04,UNIDAD MÓVIL TEMPORAL COVID,IMSS,Crítica,Crítica,"19.403082, -99.089177"
2020-07-04,HOSPITAL GENERAL REGIONAL 72,IMSS,Media,Buena,"19.542797, -99.205022"
2020-07-04,HOSPITAL GENERAL REGIONAL 196,IMSS,Media,Buena,"19.529016, -99.030983"
2020-07-04,HOSPITAL GENERAL REGIONAL 200,IMSS,Media,Media,"19.742905, -98.972971"
2020-07-04,HOSPITAL GENERAL DE ZONA 53,IMSS,Media,Buena,"19.356913, -98.990929"
2020-07-04,HOSPITAL GENERAL DE ZONA 197,IMSS,Buena,Media,"19.515133, -98.891450"
2020-07-04,HOSPITAL GENERAL DE ZONA 194,IMSS,Media,Buena,"19.470300, -99.234208"
2020-07-04,HOSPITAL GENERAL DE ZONA 57 (LA QUEBRADA),IMSS,Crítica,Media,"19.597387, -99.188426"
2020-07-04,HOSPITAL GENERAL DE ZONA 58 (LAS MARGARITAS),IMSS,Media,Media,"19.530797, -99.222446"
2020-07-04,HOSPITAL GENERAL DE ZONA 68 (TULPETLAC),IMSS,Buena,Buena,"19.570070, -99.044009"
2020-07-04,HOSPITAL GENERAL DE ZONA 71 (CHALCO),IMSS,Buena,Buena,"19.259803, -98.893368"
2020-07-04,HOSPITAL GENERAL DE ZONA 76 (XALOSTOC),IMSS,Buena,Buena,"19.526677, -99.082058"
2020-07-04,HOSPITAL GENERAL DE ZONA 98 (COACALCO),IMSS,Crítica,Buena,"19.638165, -99.098892"
2020-07-04,CENTRO MEDICO 20 DE NOVIEMBRE,ISSSTE,Crítica,Media,"19.372720, -99.171205"
2020-07-04,HG DARIO FERNANDEZ FIERRO,ISSSTE,Buena,Media,"19.363602, -99.188608"
2020-07-04,HG JOSE MARIA MORELOS,ISSSTE,Buena,Media,"19.363918, -98.995393"
2020-07-04,HG TACUBA,ISSSTE,Crítica,Buena,"19.454384, -99.191231"
2020-07-04,HG DR FERNANDO QUIROZ,ISSSTE,Media,Buena,"19.394242, -99.194187"
2020-07-04,HG IGNACIO ZARAGOZA,ISSSTE,Media,Crítica,"19.389472, -99.045019"
2020-07-04,HR PRIMERO DE OCTUBRE,ISSSTE,Crítica,Media,"19.486751, -99.133249"
2020-07-04,HR LIC. ADOLFO LÓPEZ MATEOS,ISSSTE,Media,Buena,"19.358451, -99.172716"
2020-07-04,HR BICENTENARIO DE LA INDEPENDENCIA,ISSSTE,Media,Media,"19.628814, -99.163343"
2020-07-04,ALTA ESPECIALIDAD DE ZUMPANGO,EDOMEX,Media,Media,"19.815198, -99.089196"
2020-07-04,HOSPITAL REGIONAL TLALNEPANTLA ISSEMYM,EDOMEX,Media,Buena,"19.521706, -99.187341"
2020-07-04,"HOSPITAL GENERAL ECATEPEC ""LAS AMÉRICAS""",EDOMEX,Buena,Buena,"19.594136, -99.018679"
2020-07-04,"HOSPITAL GENERAL DE NAUCALPAN ""DR. MAXIMILIANO RUIZ CASTAÑEDA"" ",EDOMEX,Buena,Media,"19.468662, -99.234348"
2020-07-04,"HOSPITAL GENERAL ATIZAPAN DE ZARAGOZA ""DR. SALVADOR GONZALEZ HERREJÓN""",EDOMEX,Buena,Media,"19.546322, -99.237491"
2020-07-04,"HOSPITAL GENERAL CUAUTITLAN ""GRAL. JOSE VICENTE VILLADA""",EDOMEX,Buena,Buena,"19.664586, -99.178557"
2020-07-04,"HOSPITAL GENERAL DE NEZAHUALCOYOTL ""GUSTAVO BAZ PRADA""",EDOMEX,Buena,Buena,"19.422253, -99.014892"
2020-07-04,"HOSPITAL GENERAL DE ECATEPEC ""JOSÉ MARÍA RODRÍGUEZ""",EDOMEX,Buena,Media,"19.514412, -99.038087"
2020-07-04,"HOSPITAL GENERAL NEZAHUALCOYOTL ""LA PERLA"" ",EDOMEX,Buena,Media,"19.387963, -98.989442"
2020-07-04,HOSPITAL GENERAL DE CHIMALHUACAN,EDOMEX,Buena,Buena,"19.419753, -98.975140"
2020-07-04,"HOSPITAL GENERAL DE IXTAPALUCA ""PEDRO LOPEZ""",EDOMEX,Buena,Buena,"19.318829, -98.855366"
2020-07-04,HOSPITAL GENERAL DE CHALCO ,EDOMEX,Buena,Buena,"19.268265, -98.893965"
2020-07-04,"HOSPITAL GENERAL TEXCOCO ""GUADALUPE VICTORIA"" BICENTENARIO ",EDOMEX,Media,Buena,"19.514309, -98.871750"
2020-07-04,"HOSPITAL GENERAL VALLE DE CHALCO ""DR. FERNANDO QUIROZ GUTIERREZ"" ",EDOMEX,Buena,Buena,"19.273775, -98.941609"
2020-07-04,"HOSPITAL GENERAL AMECAMECA ""VALENTIN GOMEZ FARIAS"" ",EDOMEX,Buena,Buena,"19.144883, -98.785072"
2020-07-04,HOSPITAL GENERAL DE AXAPUSCO,EDOMEX,Crítica,Crítica,"19.732872, -98.769445"
2020-07-05,INSTITUTO NACIONAL DE NUTRICIÓN,SSA,Media,Crítica,"19.289599, -99.155441"
2020-07-05,INER,SSA,Media,Media,"19.291375, -99.158653"
2020-07-05,HOSPITAL GENERAL DE MÉXICO,SSA,Buena,Media,"19.4129258, -99.1520225"
2020-07-05,HOSPITAL JUAREZ,SSA,Crítica,Media,"19.481829, -99.135576"
2020-07-05,HOSPITAL GENERAL DR. MANUEL GEA GONZÁLEZ,SSA,Media,Media,"19.290295, -99.160861"
2020-07-05,HOSPITAL INFANTIL DE MÉXICO FEDERICO GÓMEZ,SSA,Buena,Buena,"19.410839, -99.151941"
2020-07-05,INSTITUTO  NACIONAL DE CARDIOLOGÍA IGNACIO CHÁVEZ,SSA,Buena,Buena,"19.290598, -99.153838"
2020-07-05,CITIBANAMEX,SSA,Media,Crítica,"19.439732, -99.224235"
2020-07-05,HOSPITAL REGIONAL DE ALTA ESPECIALIDAD DE IXTAPALUCA,SSA,Buena,Media,"19.318796, -98.855353"
2020-07-05,BELISARIO DOMINGUEZ,SEDESA,Media,Buena,"19.307226, -99.065356"
2020-07-05,ENRIQUE CABRERA,SEDESA,Media,Buena,"19.361675, -99.224432"
2020-07-05,GENERAL TLAHUAC,SEDESA,Buena,Buena,"19.287492, -99.052665"
2020-07-05,PEDIATRICO DE LA VILLA,SEDESA,Buena,Buena,"19.487355, -99.114316"
2020-07-05,HOSPITAL GENERAL AJUSCO MEDIO,SEDESA,Media,Media,"19.272165, -99.207846"
2020-07-05,HOSPITAL GENERAL IZTAPALAPA,SEDESA,Buena,Buena,"19.343426, -99.027236"
2020-07-05,HOSPITAL GENERAL XOCO,SEDESA,Crítica,Buena,"19.360313, -99.162275"
2020-07-05,HOSPITAL GENERAL VILLA,SEDESA,Buena,Buena,"19.480079, -99.103353"
2020-07-05,HOSPITAL GENERAL DR. RUBÉN LEÑERO,SEDESA,Crítica,Buena,"19.451398, -99.169565"
2020-07-05,HOSPITAL GENERAL MILPA ALTA,SEDESA,Buena,Buena,"19.200951, -99.011210"
2020-07-05,HOSPITAL GENERAL BALBUENA,SEDESA,Buena,Buena,"19.424195, -99.115412"
2020-07-05,HOSPITAL TEPEPAN,SEDESA,Sin Dato,Sin Dato,"19.275806, -99.144298"
2020-07-05,HOSPITAL DE ESPECIALIDADES 01 CMN SIGLO XXI (CDMX SUR),IMSS,Buena,Media,"19.466549, -99.145102"
2020-07-05,HOSPITAL DE PEDIATRIA 01 CMN SIGLO XXI (CDMX SUR),IMSS,Buena,Buena,"19.407458, -99.152267"
2020-07-05,HOSPITAL GENERAL DE ZONA 01 CARLOS MC GREGOR (CDMX SUR),IMSS,Media,Media,"19.395912, -99.161610"
2020-07-05,HOSPITAL GENERAL DE ZONA 1A PARQUE DE LOS VENADOS (CDMX SUR),IMSS,Media,Buena,"19.374431, -99.151203"
2020-07-05,HOSPITAL DE INFECTOLOGIA 01 LA RAZA (CDMX NORTE),IMSS,Media,Media,"19.464865, -99.144859"
2020-07-05,HOSPITAL GENERAL 01 (CDMX NORTE) LA RAZA,IMSS,Media,Buena,"19.395740, -99.161677"
2020-07-05,HOSPITAL GENERAL DE ZONA 24 (CDMX NORTE),IMSS,Buena,Media,"19.483221, -99.128448"
2020-07-05,HOSPITAL GENERAL DE ZONA 27 (CDMX NORTE),IMSS,Media,Buena,"19.454776, -99.140007"
2020-07-05,HOSPITAL GENERAL DE ZONA 2A (CDMX SUR),IMSS,Buena,Media,"19.405495, -99.112200"
2020-07-05,HOSPITAL GENERAL DE ZONA 30 (CDMX SUR),IMSS,Buena,Media,"19.398836, -99.116913"
2020-07-05,HOSPITAL GENERAL DE ZONA 32 (CDMX SUR),IMSS,Buena,Buena,"19.307964, -99.130677"
2020-07-05,HOSPITAL GENERAL DE ZONA C/MF 08 (CDMX SUR),IMSS,Crítica,Buena,"19.337137, -99.200142"
2020-07-05,HOSPITAL GENERAL DE ZONA C/UMAA 48 (CDMX NORTE),IMSS,Media,Media,"19.482375, -99.213046"
2020-07-05,HOSPITAL GENERAL 02 (CDMX SUR) VILLA COAPA (COY.),IMSS,Media,Media,"19.309194, -99.129593"
2020-07-05,HOSPITAL DE ESPECIALIDADES 01 (CDMX NORTE) LA RAZA (AZC),IMSS,Crítica,Buena,"19.467169, -99.143785"
2020-07-05,HOSPITAL GENERAL DE ZONA C/MF 29 (S. JUAN ARAGÓN),IMSS,Media,Buena,"19.465117, -99.085162"
2020-07-05,HOSPITAL GENERAL DE ZONA 47 (CDMX SUR) (IZP),IMSS,Buena,Buena,"19.357566, -99.054269"
2020-07-05,UNIDAD MÓVIL TEMPORAL COVID,IMSS,Crítica,Crítica,"19.403082, -99.089177"
2020-07-05,HOSPITAL GENERAL REGIONAL 72,IMSS,Media,Buena,"19.542797, -99.205022"
2020-07-05,HOSPITAL GENERAL REGIONAL 196,IMSS,Media,Media,"19.529016, -99.030983"
2020-07-05,HOSPITAL GENERAL REGIONAL 200,IMSS,Media,Media,"19.742905, -98.972971"
2020-07-05,HOSPITAL GENERAL DE ZONA 53,IMSS,Media,Buena,"19.356913, -98.990929"
2020-07-05,HOSPITAL GENERAL DE ZONA 197,IMSS,Buena,Media,"19.515133, -98.891450"
2020-07-05,HOSPITAL GENERAL DE ZONA 194,IMSS,Media,Buena,"19.470300, -99.234208"
2020-07-05,HOSPITAL GENERAL DE ZONA 57 (LA QUEBRADA),IMSS,Crítica,Media,"19.597387, -99.188426"
2020-07-05,HOSPITAL GENERAL DE ZONA 58 (LAS MARGARITAS),IMSS,Media,Media,"19.530797, -99.222446"
2020-07-05,HOSPITAL GENERAL DE ZONA 68 (TULPETLAC),IMSS,Buena,Buena,"19.570070, -99.044009"
2020-07-05,HOSPITAL GENERAL DE ZONA 71 (CHALCO),IMSS,Buena,Buena,"19.259803, -98.893368"
2020-07-05,HOSPITAL GENERAL DE ZONA 76 (XALOSTOC),IMSS,Buena,Buena,"19.526677, -99.082058"
2020-07-05,HOSPITAL GENERAL DE ZONA 98 (COACALCO),IMSS,Crítica,Buena,"19.638165, -99.098892"
2020-07-05,CENTRO MEDICO 20 DE NOVIEMBRE,ISSSTE,Crítica,Media,"19.372720, -99.171205"
2020-07-05,HG DARIO FERNANDEZ FIERRO,ISSSTE,Buena,Media,"19.363602, -99.188608"
2020-07-05,HG JOSE MARIA MORELOS,ISSSTE,Buena,Media,"19.363918, -98.995393"
2020-07-05,HG TACUBA,ISSSTE,Crítica,Media,"19.454384, -99.191231"
2020-07-05,HG DR FERNANDO QUIROZ,ISSSTE,Buena,Buena,"19.394242, -99.194187"
2020-07-05,HG IGNACIO ZARAGOZA,ISSSTE,Media,Crítica,"19.389472, -99.045019"
2020-07-05,HR PRIMERO DE OCTUBRE,ISSSTE,Media,Media,"19.486751, -99.133249"
2020-07-05,HR LIC. ADOLFO LÓPEZ MATEOS,ISSSTE,Media,Buena,"19.358451, -99.172716"
2020-07-05,HR BICENTENARIO DE LA INDEPENDENCIA,ISSSTE,Media,Media,"19.628814, -99.163343"
2020-07-05,ALTA ESPECIALIDAD DE ZUMPANGO,EDOMEX,Media,Media,"19.815198, -99.089196"
2020-07-05,HOSPITAL REGIONAL TLALNEPANTLA ISSEMYM,EDOMEX,Media,Buena,"19.521706, -99.187341"
2020-07-05,"HOSPITAL GENERAL ECATEPEC ""LAS AMÉRICAS""",EDOMEX,Media,Media,"19.594136, -99.018679"
2020-07-05,"HOSPITAL GENERAL DE NAUCALPAN ""DR. MAXIMILIANO RUIZ CASTAÑEDA"" ",EDOMEX,Buena,Media,"19.468662, -99.234348"
2020-07-05,"HOSPITAL GENERAL ATIZAPAN DE ZARAGOZA ""DR. SALVADOR GONZALEZ HERREJÓN""",EDOMEX,Buena,Media,"19.546322, -99.237491"
2020-07-05,"HOSPITAL GENERAL CUAUTITLAN ""GRAL. JOSE VICENTE VILLADA""",EDOMEX,Media,Buena,"19.664586, -99.178557"
2020-07-05,"HOSPITAL GENERAL DE NEZAHUALCOYOTL ""GUSTAVO BAZ PRADA""",EDOMEX,Buena,Media,"19.422253, -99.014892"
2020-07-05,"HOSPITAL GENERAL DE ECATEPEC ""JOSÉ MARÍA RODRÍGUEZ""",EDOMEX,Buena,Media,"19.514412, -99.038087"
2020-07-05,"HOSPITAL GENERAL NEZAHUALCOYOTL ""LA PERLA"" ",EDOMEX,Buena,Buena,"19.387963, -98.989442"
2020-07-05,HOSPITAL GENERAL DE CHIMALHUACAN,EDOMEX,Buena,Buena,"19.419753, -98.975140"
2020-07-05,"HOSPITAL GENERAL DE IXTAPALUCA ""PEDRO LOPEZ""",EDOMEX,Buena,Buena,"19.318829, -98.855366"
2020-07-05,HOSPITAL GENERAL DE CHALCO ,EDOMEX,Buena,Buena,"19.268265, -98.893965"
2020-07-05,"HOSPITAL GENERAL TEXCOCO ""GUADALUPE VICTORIA"" BICENTENARIO ",EDOMEX,Buena,Crítica,"19.514309, -98.871750"
2020-07-05,"HOSPITAL GENERAL VALLE DE CHALCO ""DR. FERNANDO QUIROZ GUTIERREZ"" ",EDOMEX,Buena,Buena,"19.273775, -98.941609"
2020-07-05,"HOSPITAL GENERAL AMECAMECA ""VALENTIN GOMEZ FARIAS"" ",EDOMEX,Buena,Buena,"19.144883, -98.785072"
2020-07-05,HOSPITAL GENERAL DE AXAPUSCO,EDOMEX,Media,Crítica,"19.732872, -98.769445"
2020-07-06,INSTITUTO NACIONAL DE NUTRICIÓN,SSA,Media,Crítica,"19.289599, -99.155441"
2020-07-06,INER,SSA,Crítica,Media,"19.291375, -99.158653"
2020-07-06,HOSPITAL GENERAL DE MÉXICO,SSA,Media,Media,"19.4129258, -99.1520225"
2020-07-06,HOSPITAL JUAREZ,SSA,Crítica,Media,"19.481829, -99.135576"
2020-07-06,HOSPITAL GENERAL DR. MANUEL GEA GONZÁLEZ,SSA,Media,Media,"19.290295, -99.160861"
2020-07-06,HOSPITAL INFANTIL DE MÉXICO FEDERICO GÓMEZ,SSA,Buena,Buena,"19.410839, -99.151941"
2020-07-06,INSTITUTO  NACIONAL DE CARDIOLOGÍA IGNACIO CHÁVEZ,SSA,Buena,Buena,"19.290598, -99.153838"
2020-07-06,CITIBANAMEX,SSA,Media,Crítica,"19.439732, -99.224235"
2020-07-06,HOSPITAL REGIONAL DE ALTA ESPECIALIDAD DE IXTAPALUCA,SSA,Buena,Media,"19.318796, -98.855353"
2020-07-06,BELISARIO DOMINGUEZ,SEDESA,Media,Buena,"19.307226, -99.065356"
2020-07-06,ENRIQUE CABRERA,SEDESA,Buena,Buena,"19.361675, -99.224432"
2020-07-06,GENERAL TLAHUAC,SEDESA,Buena,Buena,"19.287492, -99.052665"
2020-07-06,PEDIATRICO DE LA VILLA,SEDESA,Buena,Buena,"19.487355, -99.114316"
2020-07-06,HOSPITAL GENERAL AJUSCO MEDIO,SEDESA,Media,Media,"19.272165, -99.207846"
2020-07-06,HOSPITAL GENERAL IZTAPALAPA,SEDESA,Buena,Buena,"19.343426, -99.027236"
2020-07-06,HOSPITAL GENERAL XOCO,SEDESA,Crítica,Buena,"19.360313, -99.162275"
2020-07-06,HOSPITAL GENERAL VILLA,SEDESA,Buena,Buena,"19.480079, -99.103353"
2020-07-06,HOSPITAL GENERAL DR. RUBÉN LEÑERO,SEDESA,Crítica,Buena,"19.451398, -99.169565"
2020-07-06,HOSPITAL GENERAL MILPA ALTA,SEDESA,Buena,Buena,"19.200951, -99.011210"
2020-07-06,HOSPITAL GENERAL BALBUENA,SEDESA,Buena,Buena,"19.424195, -99.115412"
2020-07-06,HOSPITAL TEPEPAN,SEDESA,Sin Dato,Sin Dato,"19.275806, -99.144298"
2020-07-06,HOSPITAL DE ESPECIALIDADES 01 CMN SIGLO XXI (CDMX SUR),IMSS,Buena,Buena,"19.466549, -99.145102"
2020-07-06,HOSPITAL DE PEDIATRIA 01 CMN SIGLO XXI (CDMX SUR),IMSS,Buena,Buena,"19.407458, -99.152267"
2020-07-06,HOSPITAL GENERAL DE ZONA 01 CARLOS MC GREGOR (CDMX SUR),IMSS,Media,Media,"19.395912, -99.161610"
2020-07-06,HOSPITAL GENERAL DE ZONA 1A PARQUE DE LOS VENADOS (CDMX SUR),IMSS,Media,Buena,"19.374431, -99.151203"
2020-07-06,HOSPITAL DE INFECTOLOGIA 01 LA RAZA (CDMX NORTE),IMSS,Media,Media,"19.464865, -99.144859"
2020-07-06,HOSPITAL GENERAL 01 (CDMX NORTE) LA RAZA,IMSS,Media,Buena,"19.395740, -99.161677"
2020-07-06,HOSPITAL GENERAL DE ZONA 24 (CDMX NORTE),IMSS,Buena,Crítica,"19.483221, -99.128448"
2020-07-06,HOSPITAL GENERAL DE ZONA 27 (CDMX NORTE),IMSS,Media,Buena,"19.454776, -99.140007"
2020-07-06,HOSPITAL GENERAL DE ZONA 2A (CDMX SUR),IMSS,Buena,Media,"19.405495, -99.112200"
2020-07-06,HOSPITAL GENERAL DE ZONA 30 (CDMX SUR),IMSS,Media,Media,"19.398836, -99.116913"
2020-07-06,HOSPITAL GENERAL DE ZONA 32 (CDMX SUR),IMSS,Buena,Buena,"19.307964, -99.130677"
2020-07-06,HOSPITAL GENERAL DE ZONA C/MF 08 (CDMX SUR),IMSS,Crítica,Buena,"19.337137, -99.200142"
2020-07-06,HOSPITAL GENERAL DE ZONA C/UMAA 48 (CDMX NORTE),IMSS,Media,Media,"19.482375, -99.213046"
2020-07-06,HOSPITAL GENERAL 02 (CDMX SUR) VILLA COAPA (COY.),IMSS,Media,Media,"19.309194, -99.129593"
2020-07-06,HOSPITAL DE ESPECIALIDADES 01 (CDMX NORTE) LA RAZA (AZC),IMSS,Media,Buena,"19.467169, -99.143785"
2020-07-06,HOSPITAL GENERAL DE ZONA C/MF 29 (S. JUAN ARAGÓN),IMSS,Media,Buena,"19.465117, -99.085162"
2020-07-06,HOSPITAL GENERAL DE ZONA 47 (CDMX SUR) (IZP),IMSS,Buena,Buena,"19.357566, -99.054269"
2020-07-06,UNIDAD MÓVIL TEMPORAL COVID,IMSS,Crítica,Crítica,"19.403082, -99.089177"
2020-07-06,HOSPITAL GENERAL REGIONAL 72,IMSS,Media,Buena,"19.542797, -99.205022"
2020-07-06,HOSPITAL GENERAL REGIONAL 196,IMSS,Media,Media,"19.529016, -99.030983"
2020-07-06,HOSPITAL GENERAL REGIONAL 200,IMSS,Media,Buena,"19.742905, -98.972971"
2020-07-06,HOSPITAL GENERAL DE ZONA 53,IMSS,Media,Buena,"19.356913, -98.990929"
2020-07-06,HOSPITAL GENERAL DE ZONA 197,IMSS,Buena,Media,"19.515133, -98.891450"
2020-07-06,HOSPITAL GENERAL DE ZONA 194,IMSS,Media,Buena,"19.470300, -99.234208"
2020-07-06,HOSPITAL GENERAL DE ZONA 57 (LA QUEBRADA),IMSS,Crítica,Media,"19.597387, -99.188426"
2020-07-06,HOSPITAL GENERAL DE ZONA 58 (LAS MARGARITAS),IMSS,Media,Media,"19.530797, -99.222446"
2020-07-06,HOSPITAL GENERAL DE ZONA 68 (TULPETLAC),IMSS,Buena,Buena,"19.570070, -99.044009"
2020-07-06,HOSPITAL GENERAL DE ZONA 71 (CHALCO),IMSS,Buena,Buena,"19.259803, -98.893368"
2020-07-06,HOSPITAL GENERAL DE ZONA 76 (XALOSTOC),IMSS,Buena,Buena,"19.526677, -99.082058"
2020-07-06,HOSPITAL GENERAL DE ZONA 98 (COACALCO),IMSS,Crítica,Media,"19.638165, -99.098892"
2020-07-06,CENTRO MEDICO 20 DE NOVIEMBRE,ISSSTE,Crítica,Media,"19.372720, -99.171205"
2020-07-06,HG DARIO FERNANDEZ FIERRO,ISSSTE,Buena,Media,"19.363602, -99.188608"
2020-07-06,HG JOSE MARIA MORELOS,ISSSTE,Buena,Crítica,"19.363918, -98.995393"
2020-07-06,HG TACUBA,ISSSTE,Crítica,Media,"19.454384, -99.191231"
2020-07-06,HG DR FERNANDO QUIROZ,ISSSTE,Buena,Buena,"19.394242, -99.194187"
2020-07-06,HG IGNACIO ZARAGOZA,ISSSTE,Media,Crítica,"19.389472, -99.045019"
2020-07-06,HR PRIMERO DE OCTUBRE,ISSSTE,Media,Media,"19.486751, -99.133249"
2020-07-06,HR LIC. ADOLFO LÓPEZ MATEOS,ISSSTE,Media,Buena,"19.358451, -99.172716"
2020-07-06,HR BICENTENARIO DE LA INDEPENDENCIA,ISSSTE,Media,Media,"19.628814, -99.163343"
2020-07-06,ALTA ESPECIALIDAD DE ZUMPANGO,EDOMEX,Media,Media,"19.815198, -99.089196"
2020-07-06,HOSPITAL REGIONAL TLALNEPANTLA ISSEMYM,EDOMEX,Media,Media,"19.521706, -99.187341"
2020-07-06,"HOSPITAL GENERAL ECATEPEC ""LAS AMÉRICAS""",EDOMEX,Media,Media,"19.594136, -99.018679"
2020-07-06,"HOSPITAL GENERAL DE NAUCALPAN ""DR. MAXIMILIANO RUIZ CASTAÑEDA"" ",EDOMEX,Buena,Media,"19.468662, -99.234348"
2020-07-06,"HOSPITAL GENERAL ATIZAPAN DE ZARAGOZA ""DR. SALVADOR GONZALEZ HERREJÓN""",EDOMEX,Buena,Media,"19.546322, -99.237491"
2020-07-06,"HOSPITAL GENERAL CUAUTITLAN ""GRAL. JOSE VICENTE VILLADA""",EDOMEX,Media,Buena,"19.664586, -99.178557"
2020-07-06,"HOSPITAL GENERAL DE NEZAHUALCOYOTL ""GUSTAVO BAZ PRADA""",EDOMEX,Buena,Buena,"19.422253, -99.014892"
2020-07-06,"HOSPITAL GENERAL DE ECATEPEC ""JOSÉ MARÍA RODRÍGUEZ""",EDOMEX,Buena,Buena,"19.514412, -99.038087"
2020-07-06,"HOSPITAL GENERAL NEZAHUALCOYOTL ""LA PERLA"" ",EDOMEX,Buena,Media,"19.387963, -98.989442"
2020-07-06,HOSPITAL GENERAL DE CHIMALHUACAN,EDOMEX,Buena,Media,"19.419753, -98.975140"
2020-07-06,"HOSPITAL GENERAL DE IXTAPALUCA ""PEDRO LOPEZ""",EDOMEX,Buena,Buena,"19.318829, -98.855366"
2020-07-06,HOSPITAL GENERAL DE CHALCO ,EDOMEX,Buena,Buena,"19.268265, -98.893965"
2020-07-06,"HOSPITAL GENERAL TEXCOCO ""GUADALUPE VICTORIA"" BICENTENARIO ",EDOMEX,Buena,Media,"19.514309, -98.871750"
2020-07-06,"HOSPITAL GENERAL VALLE DE CHALCO ""DR. FERNANDO QUIROZ GUTIERREZ"" ",EDOMEX,Buena,Buena,"19.273775, -98.941609"
2020-07-06,"HOSPITAL GENERAL AMECAMECA ""VALENTIN GOMEZ FARIAS"" ",EDOMEX,Buena,Buena,"19.144883, -98.785072"
2020-07-06,HOSPITAL GENERAL DE AXAPUSCO,EDOMEX,Media,Crítica,"19.732872, -98.769445"
2020-07-07,INSTITUTO NACIONAL DE NUTRICIÓN,SSA,Media,Crítica,"19.289599, -99.155441"
2020-07-07,INER,SSA,Crítica,Media,"19.291375, -99.158653"
2020-07-07,HOSPITAL GENERAL DE MÉXICO,SSA,Media,Media,"19.4129258, -99.1520225"
2020-07-07,HOSPITAL JUAREZ,SSA,Crítica,Media,"19.481829, -99.135576"
2020-07-07,HOSPITAL GENERAL DR. MANUEL GEA GONZÁLEZ,SSA,Media,Media,"19.290295, -99.160861"
2020-07-07,HOSPITAL INFANTIL DE MÉXICO FEDERICO GÓMEZ,SSA,Buena,Buena,"19.410839, -99.151941"
2020-07-07,INSTITUTO  NACIONAL DE CARDIOLOGÍA IGNACIO CHÁVEZ,SSA,Buena,Buena,"19.290598, -99.153838"
2020-07-07,CITIBANAMEX,SSA,Media,Crítica,"19.439732, -99.224235"
2020-07-07,HOSPITAL REGIONAL DE ALTA ESPECIALIDAD DE IXTAPALUCA,SSA,Buena,Media,"19.318796, -98.855353"
2020-07-07,BELISARIO DOMINGUEZ,SEDESA,Media,Buena,"19.307226, -99.065356"
2020-07-07,ENRIQUE CABRERA,SEDESA,Buena,Buena,"19.361675, -99.224432"
2020-07-07,GENERAL TLAHUAC,SEDESA,Buena,Buena,"19.287492, -99.052665"
2020-07-07,PEDIATRICO DE LA VILLA,SEDESA,Buena,Buena,"19.487355, -99.114316"
2020-07-07,HOSPITAL GENERAL AJUSCO MEDIO,SEDESA,Media,Media,"19.272165, -99.207846"
2020-07-07,HOSPITAL GENERAL IZTAPALAPA,SEDESA,Buena,Buena,"19.343426, -99.027236"
2020-07-07,HOSPITAL GENERAL XOCO,SEDESA,Crítica,Buena,"19.360313, -99.162275"
2020-07-07,HOSPITAL GENERAL VILLA,SEDESA,Media,Buena,"19.480079, -99.103353"
2020-07-07,HOSPITAL GENERAL DR. RUBÉN LEÑERO,SEDESA,Crítica,Buena,"19.451398, -99.169565"
2020-07-07,HOSPITAL GENERAL MILPA ALTA,SEDESA,Buena,Buena,"19.200951, -99.011210"
2020-07-07,HOSPITAL GENERAL BALBUENA,SEDESA,Buena,Media,"19.424195, -99.115412"
2020-07-07,HOSPITAL TEPEPAN,SEDESA,Sin Dato,Sin Dato,"19.275806, -99.144298"
2020-07-07,HOSPITAL DE ESPECIALIDADES 01 CMN SIGLO XXI (CDMX SUR),IMSS,Buena,Media,"19.466549, -99.145102"
2020-07-07,HOSPITAL DE PEDIATRIA 01 CMN SIGLO XXI (CDMX SUR),IMSS,Buena,Buena,"19.407458, -99.152267"
2020-07-07,HOSPITAL GENERAL DE ZONA 01 CARLOS MC GREGOR (CDMX SUR),IMSS,Media,Media,"19.395912, -99.161610"
2020-07-07,HOSPITAL GENERAL DE ZONA 1A PARQUE DE LOS VENADOS (CDMX SUR),IMSS,Media,Buena,"19.374431, -99.151203"
2020-07-07,HOSPITAL DE INFECTOLOGIA 01 LA RAZA (CDMX NORTE),IMSS,Media,Media,"19.464865, -99.144859"
2020-07-07,HOSPITAL GENERAL 01 (CDMX NORTE) LA RAZA,IMSS,Media,Buena,"19.395740, -99.161677"
2020-07-07,HOSPITAL GENERAL DE ZONA 24 (CDMX NORTE),IMSS,Buena,Media,"19.483221, -99.128448"
2020-07-07,HOSPITAL GENERAL DE ZONA 27 (CDMX NORTE),IMSS,Media,Buena,"19.454776, -99.140007"
2020-07-07,HOSPITAL GENERAL DE ZONA 2A (CDMX SUR),IMSS,Buena,Media,"19.405495, -99.112200"
2020-07-07,HOSPITAL GENERAL DE ZONA 30 (CDMX SUR),IMSS,Media,Buena,"19.398836, -99.116913"
2020-07-07,HOSPITAL GENERAL DE ZONA 32 (CDMX SUR),IMSS,Buena,Buena,"19.307964, -99.130677"
2020-07-07,HOSPITAL GENERAL DE ZONA C/MF 08 (CDMX SUR),IMSS,Crítica,Buena,"19.337137, -99.200142"
2020-07-07,HOSPITAL GENERAL DE ZONA C/UMAA 48 (CDMX NORTE),IMSS,Media,Media,"19.482375, -99.213046"
2020-07-07,HOSPITAL GENERAL 02 (CDMX SUR) VILLA COAPA (COY.),IMSS,Media,Media,"19.309194, -99.129593"
2020-07-07,HOSPITAL DE ESPECIALIDADES 01 (CDMX NORTE) LA RAZA (AZC),IMSS,Media,Buena,"19.467169, -99.143785"
2020-07-07,HOSPITAL GENERAL DE ZONA C/MF 29 (S. JUAN ARAGÓN),IMSS,Media,Buena,"19.465117, -99.085162"
2020-07-07,HOSPITAL GENERAL DE ZONA 47 (CDMX SUR) (IZP),IMSS,Buena,Buena,"19.357566, -99.054269"
2020-07-07,UNIDAD MÓVIL TEMPORAL COVID,IMSS,Crítica,Crítica,"19.403082, -99.089177"
2020-07-07,HOSPITAL GENERAL REGIONAL 72,IMSS,Media,Buena,"19.542797, -99.205022"
2020-07-07,HOSPITAL GENERAL REGIONAL 196,IMSS,Media,Media,"19.529016, -99.030983"
2020-07-07,HOSPITAL GENERAL REGIONAL 200,IMSS,Media,Buena,"19.742905, -98.972971"
2020-07-07,HOSPITAL GENERAL DE ZONA 53,IMSS,Media,Buena,"19.356913, -98.990929"
2020-07-07,HOSPITAL GENERAL DE ZONA 197,IMSS,Buena,Media,"19.515133, -98.891450"
2020-07-07,HOSPITAL GENERAL DE ZONA 194,IMSS,Media,Buena,"19.470300, -99.234208"
2020-07-07,HOSPITAL GENERAL DE ZONA 57 (LA QUEBRADA),IMSS,Crítica,Buena,"19.597387, -99.188426"
2020-07-07,HOSPITAL GENERAL DE ZONA 58 (LAS MARGARITAS),IMSS,Media,Media,"19.530797, -99.222446"
2020-07-07,HOSPITAL GENERAL DE ZONA 68 (TULPETLAC),IMSS,Buena,Buena,"19.570070, -99.044009"
2020-07-07,HOSPITAL GENERAL DE ZONA 71 (CHALCO),IMSS,Buena,Buena,"19.259803, -98.893368"
2020-07-07,HOSPITAL GENERAL DE ZONA 76 (XALOSTOC),IMSS,Buena,Buena,"19.526677, -99.082058"
2020-07-07,HOSPITAL GENERAL DE ZONA 98 (COACALCO),IMSS,Crítica,Media,"19.638165, -99.098892"
2020-07-07,CENTRO MEDICO 20 DE NOVIEMBRE,ISSSTE,Crítica,Media,"19.372720, -99.171205"
2020-07-07,HG DARIO FERNANDEZ FIERRO,ISSSTE,Buena,Media,"19.363602, -99.188608"
2020-07-07,HG JOSE MARIA MORELOS,ISSSTE,Buena,Media,"19.363918, -98.995393"
2020-07-07,HG TACUBA,ISSSTE,Crítica,Media,"19.454384, -99.191231"
2020-07-07,HG DR FERNANDO QUIROZ,ISSSTE,Buena,Buena,"19.394242, -99.194187"
2020-07-07,HG IGNACIO ZARAGOZA,ISSSTE,Media,Media,"19.389472, -99.045019"
2020-07-07,HR PRIMERO DE OCTUBRE,ISSSTE,Media,Media,"19.486751, -99.133249"
2020-07-07,HR LIC. ADOLFO LÓPEZ MATEOS,ISSSTE,Media,Buena,"19.358451, -99.172716"
2020-07-07,HR BICENTENARIO DE LA INDEPENDENCIA,ISSSTE,Media,Media,"19.628814, -99.163343"
2020-07-07,ALTA ESPECIALIDAD DE ZUMPANGO,EDOMEX,Media,Media,"19.815198, -99.089196"
2020-07-07,HOSPITAL REGIONAL TLALNEPANTLA ISSEMYM,EDOMEX,Media,Media,"19.521706, -99.187341"
2020-07-07,"HOSPITAL GENERAL ECATEPEC ""LAS AMÉRICAS""",EDOMEX,Buena,Media,"19.594136, -99.018679"
2020-07-07,"HOSPITAL GENERAL DE NAUCALPAN ""DR. MAXIMILIANO RUIZ CASTAÑEDA"" ",EDOMEX,Buena,Media,"19.468662, -99.234348"
2020-07-07,"HOSPITAL GENERAL ATIZAPAN DE ZARAGOZA ""DR. SALVADOR GONZALEZ HERREJÓN""",EDOMEX,Buena,Media,"19.546322, -99.237491"
2020-07-07,"HOSPITAL GENERAL CUAUTITLAN ""GRAL. JOSE VICENTE VILLADA""",EDOMEX,Media,Buena,"19.664586, -99.178557"
2020-07-07,"HOSPITAL GENERAL DE NEZAHUALCOYOTL ""GUSTAVO BAZ PRADA""",EDOMEX,Buena,Buena,"19.422253, -99.014892"
2020-07-07,"HOSPITAL GENERAL DE ECATEPEC ""JOSÉ MARÍA RODRÍGUEZ""",EDOMEX,Buena,Buena,"19.514412, -99.038087"
2020-07-07,"HOSPITAL GENERAL NEZAHUALCOYOTL ""LA PERLA"" ",EDOMEX,Buena,Media,"19.387963, -98.989442"
2020-07-07,HOSPITAL GENERAL DE CHIMALHUACAN,EDOMEX,Buena,Media,"19.419753, -98.975140"
2020-07-07,"HOSPITAL GENERAL DE IXTAPALUCA ""PEDRO LOPEZ""",EDOMEX,Buena,Buena,"19.318829, -98.855366"
2020-07-07,HOSPITAL GENERAL DE CHALCO ,EDOMEX,Buena,Buena,"19.268265, -98.893965"
2020-07-07,"HOSPITAL GENERAL TEXCOCO ""GUADALUPE VICTORIA"" BICENTENARIO ",EDOMEX,Media,Media,"19.514309, -98.871750"
2020-07-07,"HOSPITAL GENERAL VALLE DE CHALCO ""DR. FERNANDO QUIROZ GUTIERREZ"" ",EDOMEX,Buena,Buena,"19.273775, -98.941609"
2020-07-07,"HOSPITAL GENERAL AMECAMECA ""VALENTIN GOMEZ FARIAS"" ",EDOMEX,Buena,Buena,"19.144883, -98.785072"
2020-07-07,HOSPITAL GENERAL DE AXAPUSCO,EDOMEX,Media,Crítica,"19.732872, -98.769445"
2020-07-08,INSTITUTO NACIONAL DE NUTRICIÓN,SSA,Media,Crítica,"19.289599, -99.155441"
2020-07-08,INER,SSA,Crítica,Media,"19.291375, -99.158653"
2020-07-08,HOSPITAL GENERAL DE MÉXICO,SSA,Media,Media,"19.4129258, -99.1520225"
2020-07-08,HOSPITAL JUAREZ,SSA,Crítica,Media,"19.481829, -99.135576"
2020-07-08,HOSPITAL GENERAL DR. MANUEL GEA GONZÁLEZ,SSA,Media,Media,"19.290295, -99.160861"
2020-07-08,HOSPITAL INFANTIL DE MÉXICO FEDERICO GÓMEZ,SSA,Buena,Buena,"19.410839, -99.151941"
2020-07-08,INSTITUTO  NACIONAL DE CARDIOLOGÍA IGNACIO CHÁVEZ,SSA,Buena,Buena,"19.290598, -99.153838"
2020-07-08,CITIBANAMEX,SSA,Media,Crítica,"19.439732, -99.224235"
2020-07-08,HOSPITAL REGIONAL DE ALTA ESPECIALIDAD DE IXTAPALUCA,SSA,Buena,Media,"19.318796, -98.855353"
2020-07-08,BELISARIO DOMINGUEZ,SEDESA,Media,Buena,"19.307226, -99.065356"
2020-07-08,ENRIQUE CABRERA,SEDESA,Buena,Buena,"19.361675, -99.224432"
2020-07-08,GENERAL TLAHUAC,SEDESA,Buena,Buena,"19.287492, -99.052665"
2020-07-08,PEDIATRICO DE LA VILLA,SEDESA,Buena,Buena,"19.487355, -99.114316"
2020-07-08,HOSPITAL GENERAL AJUSCO MEDIO,SEDESA,Buena,Media,"19.272165, -99.207846"
2020-07-08,HOSPITAL GENERAL IZTAPALAPA,SEDESA,Buena,Buena,"19.343426, -99.027236"
2020-07-08,HOSPITAL GENERAL XOCO,SEDESA,Media,Buena,"19.360313, -99.162275"
2020-07-08,HOSPITAL GENERAL VILLA,SEDESA,Media,Buena,"19.480079, -99.103353"
2020-07-08,HOSPITAL GENERAL DR. RUBÉN LEÑERO,SEDESA,Crítica,Buena,"19.451398, -99.169565"
2020-07-08,HOSPITAL GENERAL MILPA ALTA,SEDESA,Buena,Buena,"19.200951, -99.011210"
2020-07-08,HOSPITAL GENERAL BALBUENA,SEDESA,Buena,Buena,"19.424195, -99.115412"
2020-07-08,HOSPITAL TEPEPAN,SEDESA,Sin Dato,Sin Dato,"19.275806, -99.144298"
2020-07-08,HOSPITAL DE ESPECIALIDADES 01 CMN SIGLO XXI (CDMX SUR),IMSS,Buena,Media,"19.466549, -99.145102"
2020-07-08,HOSPITAL DE PEDIATRIA 01 CMN SIGLO XXI (CDMX SUR),IMSS,Buena,Buena,"19.407458, -99.152267"
2020-07-08,HOSPITAL GENERAL DE ZONA 01 CARLOS MC GREGOR (CDMX SUR),IMSS,Media,Media,"19.395912, -99.161610"
2020-07-08,HOSPITAL GENERAL DE ZONA 1A PARQUE DE LOS VENADOS (CDMX SUR),IMSS,Media,Buena,"19.374431, -99.151203"
2020-07-08,HOSPITAL DE INFECTOLOGIA 01 LA RAZA (CDMX NORTE),IMSS,Media,Media,"19.464865, -99.144859"
2020-07-08,HOSPITAL GENERAL 01 (CDMX NORTE) LA RAZA,IMSS,Media,Media,"19.395740, -99.161677"
2020-07-08,HOSPITAL GENERAL DE ZONA 24 (CDMX NORTE),IMSS,Buena,Media,"19.483221, -99.128448"
2020-07-08,HOSPITAL GENERAL DE ZONA 27 (CDMX NORTE),IMSS,Media,Buena,"19.454776, -99.140007"
2020-07-08,HOSPITAL GENERAL DE ZONA 2A (CDMX SUR),IMSS,Buena,Media,"19.405495, -99.112200"
2020-07-08,HOSPITAL GENERAL DE ZONA 30 (CDMX SUR),IMSS,Media,Media,"19.398836, -99.116913"
2020-07-08,HOSPITAL GENERAL DE ZONA 32 (CDMX SUR),IMSS,Buena,Buena,"19.307964, -99.130677"
2020-07-08,HOSPITAL GENERAL DE ZONA C/MF 08 (CDMX SUR),IMSS,Crítica,Buena,"19.337137, -99.200142"
2020-07-08,HOSPITAL GENERAL DE ZONA C/UMAA 48 (CDMX NORTE),IMSS,Media,Media,"19.482375, -99.213046"
2020-07-08,HOSPITAL GENERAL 02 (CDMX SUR) VILLA COAPA (COY.),IMSS,Media,Media,"19.309194, -99.129593"
2020-07-08,HOSPITAL DE ESPECIALIDADES 01 (CDMX NORTE) LA RAZA (AZC),IMSS,Media,Buena,"19.467169, -99.143785"
2020-07-08,HOSPITAL GENERAL DE ZONA C/MF 29 (S. JUAN ARAGÓN),IMSS,Buena,Buena,"19.465117, -99.085162"
2020-07-08,HOSPITAL GENERAL DE ZONA 47 (CDMX SUR) (IZP),IMSS,Buena,Buena,"19.357566, -99.054269"
2020-07-08,UNIDAD MÓVIL TEMPORAL COVID,IMSS,Crítica,Media,"19.403082, -99.089177"
2020-07-08,HOSPITAL GENERAL REGIONAL 72,IMSS,Media,Buena,"19.542797, -99.205022"
2020-07-08,HOSPITAL GENERAL REGIONAL 196,IMSS,Media,Media,"19.529016, -99.030983"
2020-07-08,HOSPITAL GENERAL REGIONAL 200,IMSS,Buena,Media,"19.742905, -98.972971"
2020-07-08,HOSPITAL GENERAL DE ZONA 53,IMSS,Media,Buena,"19.356913, -98.990929"
2020-07-08,HOSPITAL GENERAL DE ZONA 197,IMSS,Buena,Media,"19.515133, -98.891450"
2020-07-08,HOSPITAL GENERAL DE ZONA 194,IMSS,Media,Buena,"19.470300, -99.234208"
2020-07-08,HOSPITAL GENERAL DE ZONA 57 (LA QUEBRADA),IMSS,Crítica,Buena,"19.597387, -99.188426"
2020-07-08,HOSPITAL GENERAL DE ZONA 58 (LAS MARGARITAS),IMSS,Media,Media,"19.530797, -99.222446"
2020-07-08,HOSPITAL GENERAL DE ZONA 68 (TULPETLAC),IMSS,Buena,Buena,"19.570070, -99.044009"
2020-07-08,HOSPITAL GENERAL DE ZONA 71 (CHALCO),IMSS,Buena,Buena,"19.259803, -98.893368"
2020-07-08,HOSPITAL GENERAL DE ZONA 76 (XALOSTOC),IMSS,Buena,Buena,"19.526677, -99.082058"
2020-07-08,HOSPITAL GENERAL DE ZONA 98 (COACALCO),IMSS,Crítica,Media,"19.638165, -99.098892"
2020-07-08,CENTRO MEDICO 20 DE NOVIEMBRE,ISSSTE,Crítica,Media,"19.372720, -99.171205"
2020-07-08,HG DARIO FERNANDEZ FIERRO,ISSSTE,Buena,Media,"19.363602, -99.188608"
2020-07-08,HG JOSE MARIA MORELOS,ISSSTE,Buena,Media,"19.363918, -98.995393"
2020-07-08,HG TACUBA,ISSSTE,Media,Buena,"19.454384, -99.191231"
2020-07-08,HG DR FERNANDO QUIROZ,ISSSTE,Buena,Buena,"19.394242, -99.194187"
2020-07-08,HG IGNACIO ZARAGOZA,ISSSTE,Media,Media,"19.389472, -99.045019"
2020-07-08,HR PRIMERO DE OCTUBRE,ISSSTE,Media,Media,"19.486751, -99.133249"
2020-07-08,HR LIC. ADOLFO LÓPEZ MATEOS,ISSSTE,Media,Buena,"19.358451, -99.172716"
2020-07-08,HR BICENTENARIO DE LA INDEPENDENCIA,ISSSTE,Media,Media,"19.628814, -99.163343"
2020-07-08,ALTA ESPECIALIDAD DE ZUMPANGO,EDOMEX,Media,Media,"19.815198, -99.089196"
2020-07-08,HOSPITAL REGIONAL TLALNEPANTLA ISSEMYM,EDOMEX,Media,Media,"19.521706, -99.187341"
2020-07-08,"HOSPITAL GENERAL ECATEPEC ""LAS AMÉRICAS""",EDOMEX,Media,Media,"19.594136, -99.018679"
2020-07-08,"HOSPITAL GENERAL DE NAUCALPAN ""DR. MAXIMILIANO RUIZ CASTAÑEDA"" ",EDOMEX,Buena,Media,"19.468662, -99.234348"
2020-07-08,"HOSPITAL GENERAL ATIZAPAN DE ZARAGOZA ""DR. SALVADOR GONZALEZ HERREJÓN""",EDOMEX,Buena,Media,"19.546322, -99.237491"
2020-07-08,"HOSPITAL GENERAL CUAUTITLAN ""GRAL. JOSE VICENTE VILLADA""",EDOMEX,Media,Buena,"19.664586, -99.178557"
2020-07-08,"HOSPITAL GENERAL DE NEZAHUALCOYOTL ""GUSTAVO BAZ PRADA""",EDOMEX,Buena,Buena,"19.422253, -99.014892"
2020-07-08,"HOSPITAL GENERAL DE ECATEPEC ""JOSÉ MARÍA RODRÍGUEZ""",EDOMEX,Buena,Media,"19.514412, -99.038087"
2020-07-08,"HOSPITAL GENERAL NEZAHUALCOYOTL ""LA PERLA"" ",EDOMEX,Buena,Media,"19.387963, -98.989442"
2020-07-08,HOSPITAL GENERAL DE CHIMALHUACAN,EDOMEX,Buena,Buena,"19.419753, -98.975140"
2020-07-08,"HOSPITAL GENERAL DE IXTAPALUCA ""PEDRO LOPEZ""",EDOMEX,Buena,Buena,"19.318829, -98.855366"
2020-07-08,HOSPITAL GENERAL DE CHALCO ,EDOMEX,Buena,Buena,"19.268265, -98.893965"
2020-07-08,"HOSPITAL GENERAL TEXCOCO ""GUADALUPE VICTORIA"" BICENTENARIO ",EDOMEX,Media,Buena,"19.514309, -98.871750"
2020-07-08,"HOSPITAL GENERAL VALLE DE CHALCO ""DR. FERNANDO QUIROZ GUTIERREZ"" ",EDOMEX,Buena,Buena,"19.273775, -98.941609"
2020-07-08,"HOSPITAL GENERAL AMECAMECA ""VALENTIN GOMEZ FARIAS"" ",EDOMEX,Buena,Buena,"19.144883, -98.785072"
2020-07-08,HOSPITAL GENERAL DE AXAPUSCO,EDOMEX,Media,Crítica,"19.732872, -98.769445"
2020-07-09,INSTITUTO NACIONAL DE NUTRICIÓN,SSA,Media,Crítica,"19.289599, -99.155441"
2020-07-09,INER,SSA,Crítica,Media,"19.291375, -99.158653"
2020-07-09,HOSPITAL GENERAL DE MÉXICO,SSA,Media,Media,"19.4129258, -99.1520225"
2020-07-09,HOSPITAL JUAREZ,SSA,Crítica,Media,"19.481829, -99.135576"
2020-07-09,HOSPITAL GENERAL DR. MANUEL GEA GONZÁLEZ,SSA,Media,Media,"19.290295, -99.160861"
2020-07-09,HOSPITAL INFANTIL DE MÉXICO FEDERICO GÓMEZ,SSA,Buena,Buena,"19.410839, -99.151941"
2020-07-09,INSTITUTO  NACIONAL DE CARDIOLOGÍA IGNACIO CHÁVEZ,SSA,Buena,Buena,"19.290598, -99.153838"
2020-07-09,CITIBANAMEX,SSA,Crítica,Crítica,"19.439732, -99.224235"
2020-07-09,HOSPITAL REGIONAL DE ALTA ESPECIALIDAD DE IXTAPALUCA,SSA,Buena,Media,"19.318796, -98.855353"
2020-07-09,BELISARIO DOMINGUEZ,SEDESA,Buena,Buena,"19.307226, -99.065356"
2020-07-09,ENRIQUE CABRERA,SEDESA,Buena,Media,"19.361675, -99.224432"
2020-07-09,GENERAL TLAHUAC,SEDESA,Buena,Buena,"19.287492, -99.052665"
2020-07-09,PEDIATRICO DE LA VILLA,SEDESA,Buena,Buena,"19.487355, -99.114316"
2020-07-09,HOSPITAL GENERAL AJUSCO MEDIO,SEDESA,Buena,Media,"19.272165, -99.207846"
2020-07-09,HOSPITAL GENERAL IZTAPALAPA,SEDESA,Buena,Buena,"19.343426, -99.027236"
2020-07-09,HOSPITAL GENERAL XOCO,SEDESA,Media,Buena,"19.360313, -99.162275"
2020-07-09,HOSPITAL GENERAL VILLA,SEDESA,Media,Buena,"19.480079, -99.103353"
2020-07-09,HOSPITAL GENERAL DR. RUBÉN LEÑERO,SEDESA,Crítica,Buena,"19.451398, -99.169565"
2020-07-09,HOSPITAL GENERAL MILPA ALTA,SEDESA,Buena,Buena,"19.200951, -99.011210"
2020-07-09,HOSPITAL GENERAL BALBUENA,SEDESA,Buena,Buena,"19.424195, -99.115412"
2020-07-09,HOSPITAL TEPEPAN,SEDESA,Sin Dato,Sin Dato,"19.275806, -99.144298"
2020-07-09,HOSPITAL DE ESPECIALIDADES 01 CMN SIGLO XXI (CDMX SUR),IMSS,Buena,Media,"19.466549, -99.145102"
2020-07-09,HOSPITAL DE PEDIATRIA 01 CMN SIGLO XXI (CDMX SUR),IMSS,Buena,Buena,"19.407458, -99.152267"
2020-07-09,HOSPITAL GENERAL DE ZONA 01 CARLOS MC GREGOR (CDMX SUR),IMSS,Media,Media,"19.395912, -99.161610"
2020-07-09,HOSPITAL GENERAL DE ZONA 1A PARQUE DE LOS VENADOS (CDMX SUR),IMSS,Media,Buena,"19.374431, -99.151203"
2020-07-09,HOSPITAL DE INFECTOLOGIA 01 LA RAZA (CDMX NORTE),IMSS,Media,Buena,"19.464865, -99.144859"
2020-07-09,HOSPITAL GENERAL 01 (CDMX NORTE) LA RAZA,IMSS,Media,Media,"19.395740, -99.161677"
2020-07-09,HOSPITAL GENERAL DE ZONA 24 (CDMX NORTE),IMSS,Buena,Media,"19.483221, -99.128448"
2020-07-09,HOSPITAL GENERAL DE ZONA 27 (CDMX NORTE),IMSS,Media,Buena,"19.454776, -99.140007"
2020-07-09,HOSPITAL GENERAL DE ZONA 2A (CDMX SUR),IMSS,Buena,Buena,"19.405495, -99.112200"
2020-07-09,HOSPITAL GENERAL DE ZONA 30 (CDMX SUR),IMSS,Media,Media,"19.398836, -99.116913"
2020-07-09,HOSPITAL GENERAL DE ZONA 32 (CDMX SUR),IMSS,Buena,Buena,"19.307964, -99.130677"
2020-07-09,HOSPITAL GENERAL DE ZONA C/MF 08 (CDMX SUR),IMSS,Crítica,Buena,"19.337137, -99.200142"
2020-07-09,HOSPITAL GENERAL DE ZONA C/UMAA 48 (CDMX NORTE),IMSS,Crítica,Media,"19.482375, -99.213046"
2020-07-09,HOSPITAL GENERAL 02 (CDMX SUR) VILLA COAPA (COY.),IMSS,Media,Media,"19.309194, -99.129593"
2020-07-09,HOSPITAL DE ESPECIALIDADES 01 (CDMX NORTE) LA RAZA (AZC),IMSS,Media,Buena,"19.467169, -99.143785"
2020-07-09,HOSPITAL GENERAL DE ZONA C/MF 29 (S. JUAN ARAGÓN),IMSS,Buena,Buena,"19.465117, -99.085162"
2020-07-09,HOSPITAL GENERAL DE ZONA 47 (CDMX SUR) (IZP),IMSS,Buena,Buena,"19.357566, -99.054269"
2020-07-09,UNIDAD MÓVIL TEMPORAL COVID,IMSS,Crítica,Media,"19.403082, -99.089177"
2020-07-09,HOSPITAL GENERAL REGIONAL 72,IMSS,Media,Buena,"19.542797, -99.205022"
2020-07-09,HOSPITAL GENERAL REGIONAL 196,IMSS,Media,Buena,"19.529016, -99.030983"
2020-07-09,HOSPITAL GENERAL REGIONAL 200,IMSS,Media,Media,"19.742905, -98.972971"
2020-07-09,HOSPITAL GENERAL DE ZONA 53,IMSS,Media,Buena,"19.356913, -98.990929"
2020-07-09,HOSPITAL GENERAL DE ZONA 197,IMSS,Buena,Buena,"19.515133, -98.891450"
2020-07-09,HOSPITAL GENERAL DE ZONA 194,IMSS,Media,Buena,"19.470300, -99.234208"
2020-07-09,HOSPITAL GENERAL DE ZONA 57 (LA QUEBRADA),IMSS,Crítica,Buena,"19.597387, -99.188426"
2020-07-09,HOSPITAL GENERAL DE ZONA 58 (LAS MARGARITAS),IMSS,Media,Media,"19.530797, -99.222446"
2020-07-09,HOSPITAL GENERAL DE ZONA 68 (TULPETLAC),IMSS,Buena,Buena,"19.570070, -99.044009"
2020-07-09,HOSPITAL GENERAL DE ZONA 71 (CHALCO),IMSS,Buena,Buena,"19.259803, -98.893368"
2020-07-09,HOSPITAL GENERAL DE ZONA 76 (XALOSTOC),IMSS,Buena,Buena,"19.526677, -99.082058"
2020-07-09,HOSPITAL GENERAL DE ZONA 98 (COACALCO),IMSS,Crítica,Buena,"19.638165, -99.098892"
2020-07-09,CENTRO MEDICO 20 DE NOVIEMBRE,ISSSTE,Crítica,Media,"19.372720, -99.171205"
2020-07-09,HG DARIO FERNANDEZ FIERRO,ISSSTE,Buena,Media,"19.363602, -99.188608"
2020-07-09,HG JOSE MARIA MORELOS,ISSSTE,Buena,Media,"19.363918, -98.995393"
2020-07-09,HG TACUBA,ISSSTE,Crítica,Buena,"19.454384, -99.191231"
2020-07-09,HG DR FERNANDO QUIROZ,ISSSTE,Buena,Buena,"19.394242, -99.194187"
2020-07-09,HG IGNACIO ZARAGOZA,ISSSTE,Media,Media,"19.389472, -99.045019"
2020-07-09,HR PRIMERO DE OCTUBRE,ISSSTE,Media,Media,"19.486751, -99.133249"
2020-07-09,HR LIC. ADOLFO LÓPEZ MATEOS,ISSSTE,Media,Buena,"19.358451, -99.172716"
2020-07-09,HR BICENTENARIO DE LA INDEPENDENCIA,ISSSTE,Media,Media,"19.628814, -99.163343"
2020-07-09,ALTA ESPECIALIDAD DE ZUMPANGO,EDOMEX,Media,Media,"19.815198, -99.089196"
2020-07-09,HOSPITAL REGIONAL TLALNEPANTLA ISSEMYM,EDOMEX,Media,Buena,"19.521706, -99.187341"
2020-07-09,"HOSPITAL GENERAL ECATEPEC ""LAS AMÉRICAS""",EDOMEX,Buena,Media,"19.594136, -99.018679"
2020-07-09,"HOSPITAL GENERAL DE NAUCALPAN ""DR. MAXIMILIANO RUIZ CASTAÑEDA"" ",EDOMEX,Buena,Media,"19.468662, -99.234348"
2020-07-09,"HOSPITAL GENERAL ATIZAPAN DE ZARAGOZA ""DR. SALVADOR GONZALEZ HERREJÓN""",EDOMEX,Buena,Media,"19.546322, -99.237491"
2020-07-09,"HOSPITAL GENERAL CUAUTITLAN ""GRAL. JOSE VICENTE VILLADA""",EDOMEX,Media,Buena,"19.664586, -99.178557"
2020-07-09,"HOSPITAL GENERAL DE NEZAHUALCOYOTL ""GUSTAVO BAZ PRADA""",EDOMEX,Buena,Buena,"19.422253, -99.014892"
2020-07-09,"HOSPITAL GENERAL DE ECATEPEC ""JOSÉ MARÍA RODRÍGUEZ""",EDOMEX,Buena,Buena,"19.514412, -99.038087"
2020-07-09,"HOSPITAL GENERAL NEZAHUALCOYOTL ""LA PERLA"" ",EDOMEX,Buena,Media,"19.387963, -98.989442"
2020-07-09,HOSPITAL GENERAL DE CHIMALHUACAN,EDOMEX,Buena,Buena,"19.419753, -98.975140"
2020-07-09,"HOSPITAL GENERAL DE IXTAPALUCA ""PEDRO LOPEZ""",EDOMEX,Buena,Buena,"19.318829, -98.855366"
2020-07-09,HOSPITAL GENERAL DE CHALCO ,EDOMEX,Buena,Buena,"19.268265, -98.893965"
2020-07-09,"HOSPITAL GENERAL TEXCOCO ""GUADALUPE VICTORIA"" BICENTENARIO ",EDOMEX,Media,Buena,"19.514309, -98.871750"
2020-07-09,"HOSPITAL GENERAL VALLE DE CHALCO ""DR. FERNANDO QUIROZ GUTIERREZ"" ",EDOMEX,Buena,Buena,"19.273775, -98.941609"
2020-07-09,"HOSPITAL GENERAL AMECAMECA ""VALENTIN GOMEZ FARIAS"" ",EDOMEX,Buena,Buena,"19.144883, -98.785072"
2020-07-09,HOSPITAL GENERAL DE AXAPUSCO,EDOMEX,Buena,Media,"19.732872, -98.769445"
2020-07-10,INSTITUTO NACIONAL DE NUTRICIÓN,SSA,Crítica,Crítica,"19.289599, -99.155441"
2020-07-10,INER,SSA,Media,Media,"19.291375, -99.158653"
2020-07-10,HOSPITAL GENERAL DE MÉXICO,SSA,Buena,Media,"19.4129258, -99.1520225"
2020-07-10,HOSPITAL JUAREZ,SSA,Crítica,Media,"19.481829, -99.135576"
2020-07-10,HOSPITAL GENERAL DR. MANUEL GEA GONZÁLEZ,SSA,Media,Media,"19.290295, -99.160861"
2020-07-10,HOSPITAL INFANTIL DE MÉXICO FEDERICO GÓMEZ,SSA,Buena,Buena,"19.410839, -99.151941"
2020-07-10,INSTITUTO  NACIONAL DE CARDIOLOGÍA IGNACIO CHÁVEZ,SSA,Buena,Buena,"19.290598, -99.153838"
2020-07-10,CITIBANAMEX,SSA,Buena,Buena,"19.439732, -99.224235"
2020-07-10,HOSPITAL REGIONAL DE ALTA ESPECIALIDAD DE IXTAPALUCA,SSA,Buena,Media,"19.318796, -98.855353"
2020-07-10,BELISARIO DOMINGUEZ,SEDESA,Buena,Buena,"19.307226, -99.065356"
2020-07-10,ENRIQUE CABRERA,SEDESA,Buena,Buena,"19.361675, -99.224432"
2020-07-10,GENERAL TLAHUAC,SEDESA,Buena,Buena,"19.287492, -99.052665"
2020-07-10,PEDIATRICO DE LA VILLA,SEDESA,Buena,Buena,"19.487355, -99.114316"
2020-07-10,HOSPITAL GENERAL AJUSCO MEDIO,SEDESA,Buena,Buena,"19.272165, -99.207846"
2020-07-10,HOSPITAL GENERAL IZTAPALAPA,SEDESA,Buena,Buena,"19.343426, -99.027236"
2020-07-10,HOSPITAL GENERAL XOCO,SEDESA,Media,Buena,"19.360313, -99.162275"
2020-07-10,HOSPITAL GENERAL VILLA,SEDESA,Media,Buena,"19.480079, -99.103353"
2020-07-10,HOSPITAL GENERAL DR. RUBÉN LEÑERO,SEDESA,Crítica,Buena,"19.451398, -99.169565"
2020-07-10,HOSPITAL GENERAL MILPA ALTA,SEDESA,Media,Buena,"19.200951, -99.011210"
2020-07-10,HOSPITAL GENERAL BALBUENA,SEDESA,Buena,Buena,"19.424195, -99.115412"
2020-07-10,HOSPITAL TEPEPAN,SEDESA,Sin Dato,Sin Dato,"19.275806, -99.144298"
2020-07-10,HOSPITAL DE ESPECIALIDADES 01 CMN SIGLO XXI (CDMX SUR),IMSS,Buena,Media,"19.466549, -99.145102"
2020-07-10,HOSPITAL DE PEDIATRIA 01 CMN SIGLO XXI (CDMX SUR),IMSS,Buena,Buena,"19.407458, -99.152267"
2020-07-10,HOSPITAL GENERAL DE ZONA 01 CARLOS MC GREGOR (CDMX SUR),IMSS,Media,Media,"19.395912, -99.161610"
2020-07-10,HOSPITAL GENERAL DE ZONA 1A PARQUE DE LOS VENADOS (CDMX SUR),IMSS,Media,Buena,"19.374431, -99.151203"
2020-07-10,HOSPITAL DE INFECTOLOGIA 01 LA RAZA (CDMX NORTE),IMSS,Media,Buena,"19.464865, -99.144859"
2020-07-10,HOSPITAL GENERAL 01 (CDMX NORTE) LA RAZA,IMSS,Media,Buena,"19.395740, -99.161677"
2020-07-10,HOSPITAL GENERAL DE ZONA 24 (CDMX NORTE),IMSS,Buena,Media,"19.483221, -99.128448"
2020-07-10,HOSPITAL GENERAL DE ZONA 27 (CDMX NORTE),IMSS,Buena,Buena,"19.454776, -99.140007"
2020-07-10,HOSPITAL GENERAL DE ZONA 2A (CDMX SUR),IMSS,Buena,Media,"19.405495, -99.112200"
2020-07-10,HOSPITAL GENERAL DE ZONA 30 (CDMX SUR),IMSS,Media,Media,"19.398836, -99.116913"
2020-07-10,HOSPITAL GENERAL DE ZONA 32 (CDMX SUR),IMSS,Buena,Buena,"19.307964, -99.130677"
2020-07-10,HOSPITAL GENERAL DE ZONA C/MF 08 (CDMX SUR),IMSS,Crítica,Buena,"19.337137, -99.200142"
2020-07-10,HOSPITAL GENERAL DE ZONA C/UMAA 48 (CDMX NORTE),IMSS,Media,Media,"19.482375, -99.213046"
2020-07-10,HOSPITAL GENERAL 02 (CDMX SUR) VILLA COAPA (COY.),IMSS,Media,Buena,"19.309194, -99.129593"
2020-07-10,HOSPITAL DE ESPECIALIDADES 01 (CDMX NORTE) LA RAZA (AZC),IMSS,Media,Buena,"19.467169, -99.143785"
2020-07-10,HOSPITAL GENERAL DE ZONA C/MF 29 (S. JUAN ARAGÓN),IMSS,Media,Buena,"19.465117, -99.085162"
2020-07-10,HOSPITAL GENERAL DE ZONA 47 (CDMX SUR) (IZP),IMSS,Buena,Media,"19.357566, -99.054269"
2020-07-10,UNIDAD MÓVIL TEMPORAL COVID,IMSS,Crítica,Media,"19.403082, -99.089177"
2020-07-10,HOSPITAL GENERAL REGIONAL 72,IMSS,Media,Media,"19.542797, -99.205022"
2020-07-10,HOSPITAL GENERAL REGIONAL 196,IMSS,Media,Buena,"19.529016, -99.030983"
2020-07-10,HOSPITAL GENERAL REGIONAL 200,IMSS,Buena,Buena,"19.742905, -98.972971"
2020-07-10,HOSPITAL GENERAL DE ZONA 53,IMSS,Media,Buena,"19.356913, -98.990929"
2020-07-10,HOSPITAL GENERAL DE ZONA 197,IMSS,Buena,Buena,"19.515133, -98.891450"
2020-07-10,HOSPITAL GENERAL DE ZONA 194,IMSS,Media,Buena,"19.470300, -99.234208"
2020-07-10,HOSPITAL GENERAL DE ZONA 57 (LA QUEBRADA),IMSS,Crítica,Media,"19.597387, -99.188426"
2020-07-10,HOSPITAL GENERAL DE ZONA 58 (LAS MARGARITAS),IMSS,Media,Media,"19.530797, -99.222446"
2020-07-10,HOSPITAL GENERAL DE ZONA 68 (TULPETLAC),IMSS,Buena,Buena,"19.570070, -99.044009"
2020-07-10,HOSPITAL GENERAL DE ZONA 71 (CHALCO),IMSS,Buena,Buena,"19.259803, -98.893368"
2020-07-10,HOSPITAL GENERAL DE ZONA 76 (XALOSTOC),IMSS,Buena,Media,"19.526677, -99.082058"
2020-07-10,HOSPITAL GENERAL DE ZONA 98 (COACALCO),IMSS,Crítica,Media,"19.638165, -99.098892"
2020-07-10,CENTRO MEDICO 20 DE NOVIEMBRE,ISSSTE,Crítica,Media,"19.372720, -99.171205"
2020-07-10,HG DARIO FERNANDEZ FIERRO,ISSSTE,Media,Media,"19.363602, -99.188608"
2020-07-10,HG JOSE MARIA MORELOS,ISSSTE,Buena,Crítica,"19.363918, -98.995393"
2020-07-10,HG TACUBA,ISSSTE,Crítica,Buena,"19.454384, -99.191231"
2020-07-10,HG DR FERNANDO QUIROZ,ISSSTE,Buena,Buena,"19.394242, -99.194187"
2020-07-10,HG IGNACIO ZARAGOZA,ISSSTE,Media,Media,"19.389472, -99.045019"
2020-07-10,HR PRIMERO DE OCTUBRE,ISSSTE,Media,Media,"19.486751, -99.133249"
2020-07-10,HR LIC. ADOLFO LÓPEZ MATEOS,ISSSTE,Buena,Buena,"19.358451, -99.172716"
2020-07-10,HR BICENTENARIO DE LA INDEPENDENCIA,ISSSTE,Media,Media,"19.628814, -99.163343"
2020-07-10,ALTA ESPECIALIDAD DE ZUMPANGO,EDOMEX,Media,Media,"19.815198, -99.089196"
2020-07-10,HOSPITAL REGIONAL TLALNEPANTLA ISSEMYM,EDOMEX,Media,Media,"19.521706, -99.187341"
2020-07-10,"HOSPITAL GENERAL ECATEPEC ""LAS AMÉRICAS""",EDOMEX,Buena,Media,"19.594136, -99.018679"
2020-07-10,"HOSPITAL GENERAL DE NAUCALPAN ""DR. MAXIMILIANO RUIZ CASTAÑEDA"" ",EDOMEX,Buena,Media,"19.468662, -99.234348"
2020-07-10,"HOSPITAL GENERAL ATIZAPAN DE ZARAGOZA ""DR. SALVADOR GONZALEZ HERREJÓN""",EDOMEX,Buena,Media,"19.546322, -99.237491"
2020-07-10,"HOSPITAL GENERAL CUAUTITLAN ""GRAL. JOSE VICENTE VILLADA""",EDOMEX,Media,Buena,"19.664586, -99.178557"
2020-07-10,"HOSPITAL GENERAL DE NEZAHUALCOYOTL ""GUSTAVO BAZ PRADA""",EDOMEX,Buena,Media,"19.422253, -99.014892"
2020-07-10,"HOSPITAL GENERAL DE ECATEPEC ""JOSÉ MARÍA RODRÍGUEZ""",EDOMEX,Buena,Buena,"19.514412, -99.038087"
2020-07-10,"HOSPITAL GENERAL NEZAHUALCOYOTL ""LA PERLA"" ",EDOMEX,Buena,Media,"19.387963, -98.989442"
2020-07-10,HOSPITAL GENERAL DE CHIMALHUACAN,EDOMEX,Buena,Media,"19.419753, -98.975140"
2020-07-10,"HOSPITAL GENERAL DE IXTAPALUCA ""PEDRO LOPEZ""",EDOMEX,Buena,Buena,"19.318829, -98.855366"
2020-07-10,HOSPITAL GENERAL DE CHALCO ,EDOMEX,Media,Media,"19.268265, -98.893965"
2020-07-10,"HOSPITAL GENERAL TEXCOCO ""GUADALUPE VICTORIA"" BICENTENARIO ",EDOMEX,Media,Buena,"19.514309, -98.871750"
2020-07-10,"HOSPITAL GENERAL VALLE DE CHALCO ""DR. FERNANDO QUIROZ GUTIERREZ"" ",EDOMEX,Buena,Buena,"19.273775, -98.941609"
2020-07-10,"HOSPITAL GENERAL AMECAMECA ""VALENTIN GOMEZ FARIAS"" ",EDOMEX,Buena,Buena,"19.144883, -98.785072"
2020-07-10,HOSPITAL GENERAL DE AXAPUSCO,EDOMEX,Media,Media,"19.732872, -98.769445"
2020-07-11,INSTITUTO NACIONAL DE NUTRICIÓN,SSA,Crítica,Crítica,"19.289599, -99.155441"
2020-07-11,INER,SSA,Crítica,Media,"19.291375, -99.158653"
2020-07-11,HOSPITAL GENERAL DE MÉXICO,SSA,Buena,Media,"19.4129258, -99.1520225"
2020-07-11,HOSPITAL JUAREZ,SSA,Crítica,Media,"19.481829, -99.135576"
2020-07-11,HOSPITAL GENERAL DR. MANUEL GEA GONZÁLEZ,SSA,Media,Media,"19.290295, -99.160861"
2020-07-11,HOSPITAL INFANTIL DE MÉXICO FEDERICO GÓMEZ,SSA,Buena,Buena,"19.410839, -99.151941"
2020-07-11,INSTITUTO  NACIONAL DE CARDIOLOGÍA IGNACIO CHÁVEZ,SSA,Buena,Buena,"19.290598, -99.153838"
2020-07-11,CITIBANAMEX,SSA,Buena,Buena,"19.439732, -99.224235"
2020-07-11,HOSPITAL REGIONAL DE ALTA ESPECIALIDAD DE IXTAPALUCA,SSA,Media,Media,"19.318796, -98.855353"
2020-07-11,BELISARIO DOMINGUEZ,SEDESA,Buena,Buena,"19.307226, -99.065356"
2020-07-11,ENRIQUE CABRERA,SEDESA,Buena,Buena,"19.361675, -99.224432"
2020-07-11,GENERAL TLAHUAC,SEDESA,Buena,Buena,"19.287492, -99.052665"
2020-07-11,PEDIATRICO DE LA VILLA,SEDESA,Buena,Buena,"19.487355, -99.114316"
2020-07-11,HOSPITAL GENERAL AJUSCO MEDIO,SEDESA,Buena,Buena,"19.272165, -99.207846"
2020-07-11,HOSPITAL GENERAL IZTAPALAPA,SEDESA,Buena,Buena,"19.343426, -99.027236"
2020-07-11,HOSPITAL GENERAL XOCO,SEDESA,Media,Buena,"19.360313, -99.162275"
2020-07-11,HOSPITAL GENERAL VILLA,SEDESA,Media,Buena,"19.480079, -99.103353"
2020-07-11,HOSPITAL GENERAL DR. RUBÉN LEÑERO,SEDESA,Crítica,Buena,"19.451398, -99.169565"
2020-07-11,HOSPITAL GENERAL MILPA ALTA,SEDESA,Media,Buena,"19.200951, -99.011210"
2020-07-11,HOSPITAL GENERAL BALBUENA,SEDESA,Buena,Buena,"19.424195, -99.115412"
2020-07-11,HOSPITAL TEPEPAN,SEDESA,Sin Dato,Sin Dato,"19.275806, -99.144298"
2020-07-11,HOSPITAL DE ESPECIALIDADES 01 CMN SIGLO XXI (CDMX SUR),IMSS,Buena,Buena,"19.466549, -99.145102"
2020-07-11,HOSPITAL DE PEDIATRIA 01 CMN SIGLO XXI (CDMX SUR),IMSS,Buena,Buena,"19.407458, -99.152267"
2020-07-11,HOSPITAL GENERAL DE ZONA 01 CARLOS MC GREGOR (CDMX SUR),IMSS,Media,Media,"19.395912, -99.161610"
2020-07-11,HOSPITAL GENERAL DE ZONA 1A PARQUE DE LOS VENADOS (CDMX SUR),IMSS,Media,Buena,"19.374431, -99.151203"
2020-07-11,HOSPITAL DE INFECTOLOGIA 01 LA RAZA (CDMX NORTE),IMSS,Media,Buena,"19.464865, -99.144859"
2020-07-11,HOSPITAL GENERAL 01 (CDMX NORTE) LA RAZA,IMSS,Media,Buena,"19.395740, -99.161677"
2020-07-11,HOSPITAL GENERAL DE ZONA 24 (CDMX NORTE),IMSS,Buena,Media,"19.483221, -99.128448"
2020-07-11,HOSPITAL GENERAL DE ZONA 27 (CDMX NORTE),IMSS,Buena,Buena,"19.454776, -99.140007"
2020-07-11,HOSPITAL GENERAL DE ZONA 2A (CDMX SUR),IMSS,Buena,Media,"19.405495, -99.112200"
2020-07-11,HOSPITAL GENERAL DE ZONA 30 (CDMX SUR),IMSS,Media,Media,"19.398836, -99.116913"
2020-07-11,HOSPITAL GENERAL DE ZONA 32 (CDMX SUR),IMSS,Buena,Buena,"19.307964, -99.130677"
2020-07-11,HOSPITAL GENERAL DE ZONA C/MF 08 (CDMX SUR),IMSS,Crítica,Buena,"19.337137, -99.200142"
2020-07-11,HOSPITAL GENERAL DE ZONA C/UMAA 48 (CDMX NORTE),IMSS,Media,Media,"19.482375, -99.213046"
2020-07-11,HOSPITAL GENERAL 02 (CDMX SUR) VILLA COAPA (COY.),IMSS,Media,Buena,"19.309194, -99.129593"
2020-07-11,HOSPITAL DE ESPECIALIDADES 01 (CDMX NORTE) LA RAZA (AZC),IMSS,Media,Buena,"19.467169, -99.143785"
2020-07-11,HOSPITAL GENERAL DE ZONA C/MF 29 (S. JUAN ARAGÓN),IMSS,Media,Buena,"19.465117, -99.085162"
2020-07-11,HOSPITAL GENERAL DE ZONA 47 (CDMX SUR) (IZP),IMSS,Buena,Media,"19.357566, -99.054269"
2020-07-11,UNIDAD MÓVIL TEMPORAL COVID,IMSS,Crítica,Media,"19.403082, -99.089177"
2020-07-11,HOSPITAL GENERAL REGIONAL 72,IMSS,Media,Media,"19.542797, -99.205022"
2020-07-11,HOSPITAL GENERAL REGIONAL 196,IMSS,Media,Buena,"19.529016, -99.030983"
2020-07-11,HOSPITAL GENERAL REGIONAL 200,IMSS,Buena,Buena,"19.742905, -98.972971"
2020-07-11,HOSPITAL GENERAL DE ZONA 53,IMSS,Media,Buena,"19.356913, -98.990929"
2020-07-11,HOSPITAL GENERAL DE ZONA 197,IMSS,Buena,Buena,"19.515133, -98.891450"
2020-07-11,HOSPITAL GENERAL DE ZONA 194,IMSS,Buena,Buena,"19.470300, -99.234208"
2020-07-11,HOSPITAL GENERAL DE ZONA 57 (LA QUEBRADA),IMSS,Crítica,Media,"19.597387, -99.188426"
2020-07-11,HOSPITAL GENERAL DE ZONA 58 (LAS MARGARITAS),IMSS,Media,Media,"19.530797, -99.222446"
2020-07-11,HOSPITAL GENERAL DE ZONA 68 (TULPETLAC),IMSS,Buena,Buena,"19.570070, -99.044009"
2020-07-11,HOSPITAL GENERAL DE ZONA 71 (CHALCO),IMSS,Buena,Buena,"19.259803, -98.893368"
2020-07-11,HOSPITAL GENERAL DE ZONA 76 (XALOSTOC),IMSS,Buena,Buena,"19.526677, -99.082058"
2020-07-11,HOSPITAL GENERAL DE ZONA 98 (COACALCO),IMSS,Crítica,Media,"19.638165, -99.098892"
2020-07-11,CENTRO MEDICO 20 DE NOVIEMBRE,ISSSTE,Crítica,Media,"19.372720, -99.171205"
2020-07-11,HG DARIO FERNANDEZ FIERRO,ISSSTE,Media,Media,"19.363602, -99.188608"
2020-07-11,HG JOSE MARIA MORELOS,ISSSTE,Buena,Media,"19.363918, -98.995393"
2020-07-11,HG TACUBA,ISSSTE,Crítica,Buena,"19.454384, -99.191231"
2020-07-11,HG DR FERNANDO QUIROZ,ISSSTE,Media,Buena,"19.394242, -99.194187"
2020-07-11,HG IGNACIO ZARAGOZA,ISSSTE,Media,Media,"19.389472, -99.045019"
2020-07-11,HR PRIMERO DE OCTUBRE,ISSSTE,Media,Media,"19.486751, -99.133249"
2020-07-11,HR LIC. ADOLFO LÓPEZ MATEOS,ISSSTE,Media,Buena,"19.358451, -99.172716"
2020-07-11,HR BICENTENARIO DE LA INDEPENDENCIA,ISSSTE,Buena,Media,"19.628814, -99.163343"
2020-07-11,ALTA ESPECIALIDAD DE ZUMPANGO,EDOMEX,Media,Media,"19.815198, -99.089196"
2020-07-11,HOSPITAL REGIONAL TLALNEPANTLA ISSEMYM,EDOMEX,Media,Buena,"19.521706, -99.187341"
2020-07-11,"HOSPITAL GENERAL ECATEPEC ""LAS AMÉRICAS""",EDOMEX,Buena,Media,"19.594136, -99.018679"
2020-07-11,"HOSPITAL GENERAL DE NAUCALPAN ""DR. MAXIMILIANO RUIZ CASTAÑEDA"" ",EDOMEX,Media,Media,"19.468662, -99.234348"
2020-07-11,"HOSPITAL GENERAL ATIZAPAN DE ZARAGOZA ""DR. SALVADOR GONZALEZ HERREJÓN""",EDOMEX,Buena,Media,"19.546322, -99.237491"
2020-07-11,"HOSPITAL GENERAL CUAUTITLAN ""GRAL. JOSE VICENTE VILLADA""",EDOMEX,Media,Buena,"19.664586, -99.178557"
2020-07-11,"HOSPITAL GENERAL DE NEZAHUALCOYOTL ""GUSTAVO BAZ PRADA""",EDOMEX,Buena,Media,"19.422253, -99.014892"
2020-07-11,"HOSPITAL GENERAL DE ECATEPEC ""JOSÉ MARÍA RODRÍGUEZ""",EDOMEX,Buena,Media,"19.514412, -99.038087"
2020-07-11,"HOSPITAL GENERAL NEZAHUALCOYOTL ""LA PERLA"" ",EDOMEX,Buena,Media,"19.387963, -98.989442"
2020-07-11,HOSPITAL GENERAL DE CHIMALHUACAN,EDOMEX,Buena,Buena,"19.419753, -98.975140"
2020-07-11,"HOSPITAL GENERAL DE IXTAPALUCA ""PEDRO LOPEZ""",EDOMEX,Buena,Buena,"19.318829, -98.855366"
2020-07-11,HOSPITAL GENERAL DE CHALCO ,EDOMEX,Media,Crítica,"19.268265, -98.893965"
2020-07-11,"HOSPITAL GENERAL TEXCOCO ""GUADALUPE VICTORIA"" BICENTENARIO ",EDOMEX,Media,Buena,"19.514309, -98.871750"
2020-07-11,"HOSPITAL GENERAL VALLE DE CHALCO ""DR. FERNANDO QUIROZ GUTIERREZ"" ",EDOMEX,Buena,Buena,"19.273775, -98.941609"
2020-07-11,"HOSPITAL GENERAL AMECAMECA ""VALENTIN GOMEZ FARIAS"" ",EDOMEX,Buena,Media,"19.144883, -98.785072"
2020-07-11,HOSPITAL GENERAL DE AXAPUSCO,EDOMEX,Buena,Buena,"19.732872, -98.769445"
2020-07-12,INSTITUTO NACIONAL DE NUTRICIÓN,SSA,Crítica,Crítica,"19.289599, -99.155441"
2020-07-12,INER,SSA,Media,Media,"19.291375, -99.158653"
2020-07-12,HOSPITAL GENERAL DE MÉXICO,SSA,Buena,Media,"19.4129258, -99.1520225"
2020-07-12,HOSPITAL JUAREZ,SSA,Crítica,Media,"19.481829, -99.135576"
2020-07-12,HOSPITAL GENERAL DR. MANUEL GEA GONZÁLEZ,SSA,Media,Media,"19.290295, -99.160861"
2020-07-12,HOSPITAL INFANTIL DE MÉXICO FEDERICO GÓMEZ,SSA,Buena,Buena,"19.410839, -99.151941"
2020-07-12,INSTITUTO  NACIONAL DE CARDIOLOGÍA IGNACIO CHÁVEZ,SSA,Buena,Buena,"19.290598, -99.153838"
2020-07-12,CITIBANAMEX,SSA,Buena,Buena,"19.439732, -99.224235"
2020-07-12,HOSPITAL REGIONAL DE ALTA ESPECIALIDAD DE IXTAPALUCA,SSA,Buena,Media,"19.318796, -98.855353"
2020-07-12,BELISARIO DOMINGUEZ,SEDESA,Buena,Buena,"19.307226, -99.065356"
2020-07-12,ENRIQUE CABRERA,SEDESA,Buena,Buena,"19.361675, -99.224432"
2020-07-12,GENERAL TLAHUAC,SEDESA,Buena,Buena,"19.287492, -99.052665"
2020-07-12,PEDIATRICO DE LA VILLA,SEDESA,Buena,Buena,"19.487355, -99.114316"
2020-07-12,HOSPITAL GENERAL AJUSCO MEDIO,SEDESA,Buena,Buena,"19.272165, -99.207846"
2020-07-12,HOSPITAL GENERAL IZTAPALAPA,SEDESA,Buena,Buena,"19.343426, -99.027236"
2020-07-12,HOSPITAL GENERAL XOCO,SEDESA,Media,Buena,"19.360313, -99.162275"
2020-07-12,HOSPITAL GENERAL VILLA,SEDESA,Media,Buena,"19.480079, -99.103353"
2020-07-12,HOSPITAL GENERAL DR. RUBÉN LEÑERO,SEDESA,Crítica,Buena,"19.451398, -99.169565"
2020-07-12,HOSPITAL GENERAL MILPA ALTA,SEDESA,Media,Buena,"19.200951, -99.011210"
2020-07-12,HOSPITAL GENERAL BALBUENA,SEDESA,Buena,Buena,"19.424195, -99.115412"
2020-07-12,HOSPITAL TEPEPAN,SEDESA,Sin Dato,Sin Dato,"19.275806, -99.144298"
2020-07-12,HOSPITAL DE ESPECIALIDADES 01 CMN SIGLO XXI (CDMX SUR),IMSS,Buena,Buena,"19.466549, -99.145102"
2020-07-12,HOSPITAL DE PEDIATRIA 01 CMN SIGLO XXI (CDMX SUR),IMSS,Buena,Buena,"19.407458, -99.152267"
2020-07-12,HOSPITAL GENERAL DE ZONA 01 CARLOS MC GREGOR (CDMX SUR),IMSS,Media,Media,"19.395912, -99.161610"
2020-07-12,HOSPITAL GENERAL DE ZONA 1A PARQUE DE LOS VENADOS (CDMX SUR),IMSS,Media,Buena,"19.374431, -99.151203"
2020-07-12,HOSPITAL DE INFECTOLOGIA 01 LA RAZA (CDMX NORTE),IMSS,Media,Buena,"19.464865, -99.144859"
2020-07-12,HOSPITAL GENERAL 01 (CDMX NORTE) LA RAZA,IMSS,Media,Buena,"19.395740, -99.161677"
2020-07-12,HOSPITAL GENERAL DE ZONA 24 (CDMX NORTE),IMSS,Buena,Media,"19.483221, -99.128448"
2020-07-12,HOSPITAL GENERAL DE ZONA 27 (CDMX NORTE),IMSS,Buena,Buena,"19.454776, -99.140007"
2020-07-12,HOSPITAL GENERAL DE ZONA 2A (CDMX SUR),IMSS,Buena,Media,"19.405495, -99.112200"
2020-07-12,HOSPITAL GENERAL DE ZONA 30 (CDMX SUR),IMSS,Media,Media,"19.398836, -99.116913"
2020-07-12,HOSPITAL GENERAL DE ZONA 32 (CDMX SUR),IMSS,Buena,Buena,"19.307964, -99.130677"
2020-07-12,HOSPITAL GENERAL DE ZONA C/MF 08 (CDMX SUR),IMSS,Crítica,Buena,"19.337137, -99.200142"
2020-07-12,HOSPITAL GENERAL DE ZONA C/UMAA 48 (CDMX NORTE),IMSS,Media,Media,"19.482375, -99.213046"
2020-07-12,HOSPITAL GENERAL 02 (CDMX SUR) VILLA COAPA (COY.),IMSS,Media,Buena,"19.309194, -99.129593"
2020-07-12,HOSPITAL DE ESPECIALIDADES 01 (CDMX NORTE) LA RAZA (AZC),IMSS,Media,Buena,"19.467169, -99.143785"
2020-07-12,HOSPITAL GENERAL DE ZONA C/MF 29 (S. JUAN ARAGÓN),IMSS,Media,Buena,"19.465117, -99.085162"
2020-07-12,HOSPITAL GENERAL DE ZONA 47 (CDMX SUR) (IZP),IMSS,Buena,Crítica,"19.357566, -99.054269"
2020-07-12,UNIDAD MÓVIL TEMPORAL COVID,IMSS,Crítica,Media,"19.403082, -99.089177"
2020-07-12,CRIT IZTAPALAPA,IMSS,Buena,Buena,"19.328321, -99.068530"
2020-07-12,HOSPITAL GENERAL REGIONAL 72,IMSS,Media,Media,"19.529016, -99.030983"
2020-07-12,HOSPITAL GENERAL REGIONAL 196,IMSS,Media,Media,"19.742905, -98.972971"
2020-07-12,HOSPITAL GENERAL REGIONAL 200,IMSS,Buena,Buena,"19.356913, -98.990929"
2020-07-12,HOSPITAL GENERAL DE ZONA 53,IMSS,Media,Buena,"19.515133, -98.891450"
2020-07-12,HOSPITAL GENERAL DE ZONA 197,IMSS,Buena,Media,"19.470300, -99.234208"
2020-07-12,HOSPITAL GENERAL DE ZONA 194,IMSS,Buena,Buena,"19.597387, -99.188426"
2020-07-12,HOSPITAL GENERAL DE ZONA 57 (LA QUEBRADA),IMSS,Crítica,Media,"19.542797, -99.205022"
2020-07-12,HOSPITAL GENERAL DE ZONA 58 (LAS MARGARITAS),IMSS,Media,Media,"19.529016, -99.030983"
2020-07-12,HOSPITAL GENERAL DE ZONA 68 (TULPETLAC),IMSS,Buena,Buena,"19.742905, -98.972971"
2020-07-12,HOSPITAL GENERAL DE ZONA 71 (CHALCO),IMSS,Buena,Buena,"19.356913, -98.990929"
2020-07-12,HOSPITAL GENERAL DE ZONA 76 (XALOSTOC),IMSS,Buena,Media,"19.515133, -98.891450"
2020-07-12,HOSPITAL GENERAL DE ZONA 98 (COACALCO),IMSS,Media,Media,"19.470300, -99.234208"
2020-07-12,CRIT NEZAHUALCÓYOTL,IMSS,Buena,Buena,"19.425795, -99.029987"
2020-07-12,CENTRO MEDICO 20 DE NOVIEMBRE,ISSSTE,Crítica,Media,"19.372720, -99.171205"
2020-07-12,HG DARIO FERNANDEZ FIERRO,ISSSTE,Media,Media,"19.363602, -99.188608"
2020-07-12,HG JOSE MARIA MORELOS,ISSSTE,Buena,Media,"19.363918, -98.995393"
2020-07-12,HG TACUBA,ISSSTE,Crítica,Buena,"19.454384, -99.191231"
2020-07-12,HG DR FERNANDO QUIROZ,ISSSTE,Media,Buena,"19.394242, -99.194187"
2020-07-12,HG IGNACIO ZARAGOZA,ISSSTE,Media,Media,"19.389472, -99.045019"
2020-07-12,HR PRIMERO DE OCTUBRE,ISSSTE,Media,Media,"19.486751, -99.133249"
2020-07-12,HR LIC. ADOLFO LÓPEZ MATEOS,ISSSTE,Media,Buena,"19.358451, -99.172716"
2020-07-12,HR BICENTENARIO DE LA INDEPENDENCIA,ISSSTE,Buena,Media,"19.628814, -99.163343"
2020-07-12,ALTA ESPECIALIDAD DE ZUMPANGO,EDOMEX,Media,Media,"19.815198, -99.089196"
2020-07-12,HOSPITAL REGIONAL TLALNEPANTLA ISSEMYM,EDOMEX,Media,Buena,"19.521706, -99.187341"
2020-07-12,"HOSPITAL GENERAL ECATEPEC ""LAS AMÉRICAS""",EDOMEX,Buena,Media,"19.594136, -99.018679"
2020-07-12,"HOSPITAL GENERAL DE NAUCALPAN ""DR. MAXIMILIANO RUIZ CASTAÑEDA"" ",EDOMEX,Buena,Media,"19.468662, -99.234348"
2020-07-12,"HOSPITAL GENERAL ATIZAPAN DE ZARAGOZA ""DR. SALVADOR GONZALEZ HERREJÓN""",EDOMEX,Buena,Media,"19.546322, -99.237491"
2020-07-12,"HOSPITAL GENERAL CUAUTITLAN ""GRAL. JOSE VICENTE VILLADA""",EDOMEX,Media,Buena,"19.664586, -99.178557"
2020-07-12,"HOSPITAL GENERAL DE NEZAHUALCOYOTL ""GUSTAVO BAZ PRADA""",EDOMEX,Buena,Buena,"19.422253, -99.014892"
2020-07-12,"HOSPITAL GENERAL DE ECATEPEC ""JOSÉ MARÍA RODRÍGUEZ""",EDOMEX,Buena,Media,"19.514412, -99.038087"
2020-07-12,"HOSPITAL GENERAL NEZAHUALCOYOTL ""LA PERLA"" ",EDOMEX,Buena,Media,"19.387963, -98.989442"
2020-07-12,HOSPITAL GENERAL DE CHIMALHUACAN,EDOMEX,Buena,Buena,"19.419753, -98.975140"
2020-07-12,"HOSPITAL GENERAL DE IXTAPALUCA ""PEDRO LOPEZ""",EDOMEX,Buena,Buena,"19.318829, -98.855366"
2020-07-12,HOSPITAL GENERAL DE CHALCO ,EDOMEX,Media,Crítica,"19.268265, -98.893965"
2020-07-12,"HOSPITAL GENERAL TEXCOCO ""GUADALUPE VICTORIA"" BICENTENARIO ",EDOMEX,Media,Buena,"19.514309, -98.871750"
2020-07-12,"HOSPITAL GENERAL VALLE DE CHALCO ""DR. FERNANDO QUIROZ GUTIERREZ"" ",EDOMEX,Buena,Buena,"19.273775, -98.941609"
2020-07-12,"HOSPITAL GENERAL AMECAMECA ""VALENTIN GOMEZ FARIAS"" ",EDOMEX,Buena,Buena,"19.144883, -98.785072"
2020-07-12,HOSPITAL GENERAL DE AXAPUSCO,EDOMEX,Buena,Crítica,"19.732872, -98.769445"
2020-07-13,INSTITUTO NACIONAL DE NUTRICIÓN,SSA,Media,Media,"19.289599, -99.155441"
2020-07-13,INER,SSA,Media,Media,"19.291375, -99.158653"
2020-07-13,HOSPITAL GENERAL DE MÉXICO,SSA,Media,Media,"19.4129258, -99.1520225"
2020-07-13,HOSPITAL JUAREZ,SSA,Crítica,Media,"19.481829, -99.135576"
2020-07-13,HOSPITAL GENERAL DR. MANUEL GEA GONZÁLEZ,SSA,Media,Media,"19.290295, -99.160861"
2020-07-13,HOSPITAL INFANTIL DE MÉXICO FEDERICO GÓMEZ,SSA,Buena,Buena,"19.410839, -99.151941"
2020-07-13,INSTITUTO  NACIONAL DE CARDIOLOGÍA IGNACIO CHÁVEZ,SSA,Buena,Buena,"19.290598, -99.153838"
2020-07-13,CITIBANAMEX,SSA,Buena,Buena,"19.439732, -99.224235"
2020-07-13,HOSPITAL REGIONAL DE ALTA ESPECIALIDAD DE IXTAPALUCA,SSA,Buena,Media,"19.318796, -98.855353"
2020-07-13,BELISARIO DOMINGUEZ,SEDESA,Buena,Buena,"19.307226, -99.065356"
2020-07-13,ENRIQUE CABRERA,SEDESA,Buena,Buena,"19.361675, -99.224432"
2020-07-13,GENERAL TLAHUAC,SEDESA,Buena,Buena,"19.287492, -99.052665"
2020-07-13,PEDIATRICO DE LA VILLA,SEDESA,Buena,Buena,"19.487355, -99.114316"
2020-07-13,HOSPITAL GENERAL AJUSCO MEDIO,SEDESA,Buena,Buena,"19.272165, -99.207846"
2020-07-13,HOSPITAL GENERAL IZTAPALAPA,SEDESA,Buena,Buena,"19.343426, -99.027236"
2020-07-13,HOSPITAL GENERAL XOCO,SEDESA,Media,Buena,"19.360313, -99.162275"
2020-07-13,HOSPITAL GENERAL VILLA,SEDESA,Media,Buena,"19.480079, -99.103353"
2020-07-13,HOSPITAL GENERAL DR. RUBÉN LEÑERO,SEDESA,Crítica,Buena,"19.451398, -99.169565"
2020-07-13,HOSPITAL GENERAL MILPA ALTA,SEDESA,Media,Buena,"19.200951, -99.011210"
2020-07-13,HOSPITAL GENERAL BALBUENA,SEDESA,Buena,Buena,"19.424195, -99.115412"
2020-07-13,HOSPITAL TEPEPAN,SEDESA,Sin Dato,Sin Dato,"19.275806, -99.144298"
2020-07-13,HOSPITAL DE ESPECIALIDADES 01 CMN SIGLO XXI (CDMX SUR),IMSS,Buena,Buena,"19.466549, -99.145102"
2020-07-13,HOSPITAL DE PEDIATRIA 01 CMN SIGLO XXI (CDMX SUR),IMSS,Buena,Buena,"19.407458, -99.152267"
2020-07-13,HOSPITAL GENERAL DE ZONA 01 CARLOS MC GREGOR (CDMX SUR),IMSS,Media,Media,"19.395912, -99.161610"
2020-07-13,HOSPITAL GENERAL DE ZONA 1A PARQUE DE LOS VENADOS (CDMX SUR),IMSS,Media,Buena,"19.374431, -99.151203"
2020-07-13,HOSPITAL DE INFECTOLOGIA 01 LA RAZA (CDMX NORTE),IMSS,Buena,Media,"19.464865, -99.144859"
2020-07-13,HOSPITAL GENERAL 01 (CDMX NORTE) LA RAZA,IMSS,Media,Buena,"19.395740, -99.161677"
2020-07-13,HOSPITAL GENERAL DE ZONA 24 (CDMX NORTE),IMSS,Buena,Media,"19.483221, -99.128448"
2020-07-13,HOSPITAL GENERAL DE ZONA 27 (CDMX NORTE),IMSS,Buena,Buena,"19.454776, -99.140007"
2020-07-13,HOSPITAL GENERAL DE ZONA 2A (CDMX SUR),IMSS,Buena,Media,"19.405495, -99.112200"
2020-07-13,HOSPITAL GENERAL DE ZONA 30 (CDMX SUR),IMSS,Media,Media,"19.398836, -99.116913"
2020-07-13,HOSPITAL GENERAL DE ZONA 32 (CDMX SUR),IMSS,Buena,Buena,"19.307964, -99.130677"
2020-07-13,HOSPITAL GENERAL DE ZONA C/MF 08 (CDMX SUR),IMSS,Crítica,Buena,"19.337137, -99.200142"
2020-07-13,HOSPITAL GENERAL DE ZONA C/UMAA 48 (CDMX NORTE),IMSS,Media,Media,"19.482375, -99.213046"
2020-07-13,HOSPITAL GENERAL 02 (CDMX SUR) VILLA COAPA (COY.),IMSS,Media,Buena,"19.309194, -99.129593"
2020-07-13,HOSPITAL DE ESPECIALIDADES 01 (CDMX NORTE) LA RAZA (AZC),IMSS,Buena,Buena,"19.467169, -99.143785"
2020-07-13,HOSPITAL GENERAL DE ZONA C/MF 29 (S. JUAN ARAGÓN),IMSS,Media,Buena,"19.465117, -99.085162"
2020-07-13,HOSPITAL GENERAL DE ZONA 47 (CDMX SUR) (IZP),IMSS,Buena,Media,"19.357566, -99.054269"
2020-07-13,UNIDAD MÓVIL TEMPORAL COVID,IMSS,Crítica,Media,"19.403082, -99.089177"
2020-07-13,CRIT IZTAPALAPA,IMSS,Buena,Buena,"19.328321, -99.068530"
2020-07-13,HOSPITAL GENERAL REGIONAL 72,IMSS,Media,Media,"19.356913, -98.990929"
2020-07-13,HOSPITAL GENERAL REGIONAL 196,IMSS,Media,Media,"19.515133, -98.891450"
2020-07-13,HOSPITAL GENERAL REGIONAL 200,IMSS,Buena,Buena,"19.470300, -99.234208"
2020-07-13,HOSPITAL GENERAL DE ZONA 53,IMSS,Media,Buena,"19.597387, -99.188426"
2020-07-13,HOSPITAL GENERAL DE ZONA 197,IMSS,Buena,Media,"19.530797, -99.222446"
2020-07-13,HOSPITAL GENERAL DE ZONA 194,IMSS,Buena,Buena,"19.570070, -99.044009"
2020-07-13,HOSPITAL GENERAL DE ZONA 57 (LA QUEBRADA),IMSS,Crítica,Media,"19.542797, -99.205022"
2020-07-13,HOSPITAL GENERAL DE ZONA 58 (LAS MARGARITAS),IMSS,Media,Media,"19.529016, -99.030983"
2020-07-13,HOSPITAL GENERAL DE ZONA 68 (TULPETLAC),IMSS,Buena,Buena,"19.742905, -98.972971"
2020-07-13,HOSPITAL GENERAL DE ZONA 71 (CHALCO),IMSS,Buena,Buena,"19.356913, -98.990929"
2020-07-13,HOSPITAL GENERAL DE ZONA 76 (XALOSTOC),IMSS,Buena,Media,"19.515133, -98.891450"
2020-07-13,HOSPITAL GENERAL DE ZONA 98 (COACALCO),IMSS,Crítica,Media,"19.470300, -99.234208"
2020-07-13,CRIT NEZAHUALCÓYOTL,IMSS,Buena,Buena,"19.425795, -99.029987"
2020-07-13,CENTRO MEDICO 20 DE NOVIEMBRE,ISSSTE,Crítica,Media,"19.372720, -99.171205"
2020-07-13,HG DARIO FERNANDEZ FIERRO,ISSSTE,Media,Media,"19.363602, -99.188608"
2020-07-13,HG JOSE MARIA MORELOS,ISSSTE,Buena,Media,"19.363918, -98.995393"
2020-07-13,HG TACUBA,ISSSTE,Crítica,Buena,"19.454384, -99.191231"
2020-07-13,HG DR FERNANDO QUIROZ,ISSSTE,Media,Buena,"19.394242, -99.194187"
2020-07-13,HG IGNACIO ZARAGOZA,ISSSTE,Media,Media,"19.389472, -99.045019"
2020-07-13,HR PRIMERO DE OCTUBRE,ISSSTE,Media,Media,"19.486751, -99.133249"
2020-07-13,HR LIC. ADOLFO LÓPEZ MATEOS,ISSSTE,Buena,Buena,"19.358451, -99.172716"
2020-07-13,HR BICENTENARIO DE LA INDEPENDENCIA,ISSSTE,Buena,Media,"19.628814, -99.163343"
2020-07-13,ALTA ESPECIALIDAD DE ZUMPANGO,EDOMEX,Crítica,Media,"19.815198, -99.089196"
2020-07-13,HOSPITAL REGIONAL TLALNEPANTLA ISSEMYM,EDOMEX,Media,Buena,"19.521706, -99.187341"
2020-07-13,"HOSPITAL GENERAL ECATEPEC ""LAS AMÉRICAS""",EDOMEX,Buena,Media,"19.594136, -99.018679"
2020-07-13,"HOSPITAL GENERAL DE NAUCALPAN ""DR. MAXIMILIANO RUIZ CASTAÑEDA"" ",EDOMEX,Buena,Media,"19.468662, -99.234348"
2020-07-13,"HOSPITAL GENERAL ATIZAPAN DE ZARAGOZA ""DR. SALVADOR GONZALEZ HERREJÓN""",EDOMEX,Buena,Media,"19.546322, -99.237491"
2020-07-13,"HOSPITAL GENERAL CUAUTITLAN ""GRAL. JOSE VICENTE VILLADA""",EDOMEX,Media,Buena,"19.664586, -99.178557"
2020-07-13,"HOSPITAL GENERAL DE NEZAHUALCOYOTL ""GUSTAVO BAZ PRADA""",EDOMEX,Buena,Buena,"19.422253, -99.014892"
2020-07-13,"HOSPITAL GENERAL DE ECATEPEC ""JOSÉ MARÍA RODRÍGUEZ""",EDOMEX,Buena,Buena,"19.514412, -99.038087"
2020-07-13,"HOSPITAL GENERAL NEZAHUALCOYOTL ""LA PERLA"" ",EDOMEX,Buena,Buena,"19.387963, -98.989442"
2020-07-13,HOSPITAL GENERAL DE CHIMALHUACAN,EDOMEX,Buena,Buena,"19.419753, -98.975140"
2020-07-13,"HOSPITAL GENERAL DE IXTAPALUCA ""PEDRO LOPEZ""",EDOMEX,Buena,Buena,"19.318829, -98.855366"
2020-07-13,HOSPITAL GENERAL DE CHALCO ,EDOMEX,Media,Crítica,"19.268265, -98.893965"
2020-07-13,"HOSPITAL GENERAL TEXCOCO ""GUADALUPE VICTORIA"" BICENTENARIO ",EDOMEX,Media,Buena,"19.514309, -98.871750"
2020-07-13,"HOSPITAL GENERAL VALLE DE CHALCO ""DR. FERNANDO QUIROZ GUTIERREZ"" ",EDOMEX,Buena,Buena,"19.273775, -98.941609"
2020-07-13,"HOSPITAL GENERAL AMECAMECA ""VALENTIN GOMEZ FARIAS"" ",EDOMEX,Buena,Buena,"19.144883, -98.785072"
2020-07-13,HOSPITAL GENERAL DE AXAPUSCO,EDOMEX,Buena,Media,"19.732872, -98.769445"
2020-07-14,INSTITUTO NACIONAL DE NUTRICIÓN,SSA,Media,Crítica,"19.289599, -99.155441"
2020-07-14,INER,SSA,Media,Media,"19.291375, -99.158653"
2020-07-14,HOSPITAL GENERAL DE MÉXICO,SSA,Media,Media,"19.4129258, -99.1520225"
2020-07-14,HOSPITAL JUAREZ,SSA,Crítica,Buena,"19.481829, -99.135576"
2020-07-14,HOSPITAL GENERAL DR. MANUEL GEA GONZÁLEZ,SSA,Media,Crítica,"19.290295, -99.160861"
2020-07-14,HOSPITAL INFANTIL DE MÉXICO FEDERICO GÓMEZ,SSA,Buena,Buena,"19.410839, -99.151941"
2020-07-14,INSTITUTO  NACIONAL DE CARDIOLOGÍA IGNACIO CHÁVEZ,SSA,Buena,Buena,"19.290598, -99.153838"
2020-07-14,CITIBANAMEX,SSA,Buena,Buena,"19.439732, -99.224235"
2020-07-14,HOSPITAL REGIONAL DE ALTA ESPECIALIDAD DE IXTAPALUCA,SSA,Buena,Crítica,"19.318796, -98.855353"
2020-07-14,BELISARIO DOMINGUEZ,SEDESA,Buena,Buena,"19.307226, -99.065356"
2020-07-14,ENRIQUE CABRERA,SEDESA,Buena,Buena,"19.361675, -99.224432"
2020-07-14,GENERAL TLAHUAC,SEDESA,Buena,Buena,"19.287492, -99.052665"
2020-07-14,PEDIATRICO DE LA VILLA,SEDESA,Buena,Buena,"19.487355, -99.114316"
2020-07-14,HOSPITAL GENERAL AJUSCO MEDIO,SEDESA,Buena,Media,"19.272165, -99.207846"
2020-07-14,HOSPITAL GENERAL IZTAPALAPA,SEDESA,Media,Buena,"19.343426, -99.027236"
2020-07-14,HOSPITAL GENERAL XOCO,SEDESA,Media,Buena,"19.360313, -99.162275"
2020-07-14,HOSPITAL GENERAL VILLA,SEDESA,Media,Buena,"19.480079, -99.103353"
2020-07-14,HOSPITAL GENERAL DR. RUBÉN LEÑERO,SEDESA,Media,Media,"19.451398, -99.169565"
2020-07-14,HOSPITAL GENERAL MILPA ALTA,SEDESA,Media,Buena,"19.200951, -99.011210"
2020-07-14,HOSPITAL GENERAL BALBUENA,SEDESA,Buena,Buena,"19.424195, -99.115412"
2020-07-14,HOSPITAL TEPEPAN,SEDESA,Sin Dato,Sin Dato,"19.275806, -99.144298"
2020-07-14,HOSPITAL DE ESPECIALIDADES 01 CMN SIGLO XXI (CDMX SUR),IMSS,Buena,Buena,"19.466549, -99.145102"
2020-07-14,HOSPITAL DE PEDIATRIA 01 CMN SIGLO XXI (CDMX SUR),IMSS,Buena,Buena,"19.407458, -99.152267"
2020-07-14,HOSPITAL GENERAL DE ZONA 01 CARLOS MC GREGOR (CDMX SUR),IMSS,Media,Media,"19.395912, -99.161610"
2020-07-14,HOSPITAL GENERAL DE ZONA 1A PARQUE DE LOS VENADOS (CDMX SUR),IMSS,Media,Buena,"19.374431, -99.151203"
2020-07-14,HOSPITAL DE INFECTOLOGIA 01 LA RAZA (CDMX NORTE),IMSS,Media,Buena,"19.464865, -99.144859"
2020-07-14,HOSPITAL GENERAL 01 (CDMX NORTE) LA RAZA,IMSS,Media,Buena,"19.395740, -99.161677"
2020-07-14,HOSPITAL GENERAL DE ZONA 24 (CDMX NORTE),IMSS,Buena,Media,"19.483221, -99.128448"
2020-07-14,HOSPITAL GENERAL DE ZONA 27 (CDMX NORTE),IMSS,Buena,Buena,"19.454776, -99.140007"
2020-07-14,HOSPITAL GENERAL DE ZONA 2A (CDMX SUR),IMSS,Buena,Media,"19.405495, -99.112200"
2020-07-14,HOSPITAL GENERAL DE ZONA 30 (CDMX SUR),IMSS,Media,Buena,"19.398836, -99.116913"
2020-07-14,HOSPITAL GENERAL DE ZONA 32 (CDMX SUR),IMSS,Buena,Buena,"19.307964, -99.130677"
2020-07-14,HOSPITAL GENERAL DE ZONA C/MF 08 (CDMX SUR),IMSS,Crítica,Buena,"19.337137, -99.200142"
2020-07-14,HOSPITAL GENERAL DE ZONA C/UMAA 48 (CDMX NORTE),IMSS,Media,Media,"19.482375, -99.213046"
2020-07-14,HOSPITAL GENERAL 02 (CDMX SUR) VILLA COAPA (COY.),IMSS,Media,Buena,"19.309194, -99.129593"
2020-07-14,HOSPITAL DE ESPECIALIDADES 01 (CDMX NORTE) LA RAZA (AZC),IMSS,Buena,Buena,"19.467169, -99.143785"
2020-07-14,HOSPITAL GENERAL DE ZONA C/MF 29 (S. JUAN ARAGÓN),IMSS,Media,Buena,"19.465117, -99.085162"
2020-07-14,HOSPITAL GENERAL DE ZONA 47 (CDMX SUR) (IZP),IMSS,Buena,Media,"19.357566, -99.054269"
2020-07-14,UNIDAD MÓVIL TEMPORAL COVID,IMSS,Crítica,Crítica,"19.403082, -99.089177"
2020-07-14,CRIT IZTAPALAPA,IMSS,Buena,Buena,"19.328321, -99.068530"
2020-07-14,HOSPITAL GENERAL REGIONAL 72,IMSS,Media,Media,"19.356913, -98.990929"
2020-07-14,HOSPITAL GENERAL REGIONAL 196,IMSS,Media,Media,"19.515133, -98.891450"
2020-07-14,HOSPITAL GENERAL REGIONAL 200,IMSS,Buena,Media,"19.470300, -99.234208"
2020-07-14,HOSPITAL GENERAL DE ZONA 53,IMSS,Media,Media,"19.597387, -99.188426"
2020-07-14,HOSPITAL GENERAL DE ZONA 197,IMSS,Buena,Media,"19.530797, -99.222446"
2020-07-14,HOSPITAL GENERAL DE ZONA 194,IMSS,Buena,Buena,"19.570070, -99.044009"
2020-07-14,HOSPITAL GENERAL DE ZONA 57 (LA QUEBRADA),IMSS,Crítica,Media,"19.542797, -99.205022"
2020-07-14,HOSPITAL GENERAL DE ZONA 58 (LAS MARGARITAS),IMSS,Media,Media,"19.529016, -99.030983"
2020-07-14,HOSPITAL GENERAL DE ZONA 68 (TULPETLAC),IMSS,Buena,Buena,"19.742905, -98.972971"
2020-07-14,HOSPITAL GENERAL DE ZONA 71 (CHALCO),IMSS,Buena,Buena,"19.356913, -98.990929"
2020-07-14,HOSPITAL GENERAL DE ZONA 76 (XALOSTOC),IMSS,Buena,Media,"19.515133, -98.891450"
2020-07-14,HOSPITAL GENERAL DE ZONA 98 (COACALCO),IMSS,Crítica,Buena,"19.470300, -99.234208"
2020-07-14,CRIT NEZAHUALCÓYOTL,IMSS,Buena,Buena,"19.425795, -99.029987"
2020-07-14,CENTRO MEDICO 20 DE NOVIEMBRE,ISSSTE,Media,Media,"19.372720, -99.171205"
2020-07-14,HG DARIO FERNANDEZ FIERRO,ISSSTE,Media,Crítica,"19.363602, -99.188608"
2020-07-14,HG JOSE MARIA MORELOS,ISSSTE,Buena,Buena,"19.363918, -98.995393"
2020-07-14,HG TACUBA,ISSSTE,Crítica,Buena,"19.454384, -99.191231"
2020-07-14,HG DR FERNANDO QUIROZ,ISSSTE,Media,Buena,"19.394242, -99.194187"
2020-07-14,HG IGNACIO ZARAGOZA,ISSSTE,Media,Media,"19.389472, -99.045019"
2020-07-14,HR PRIMERO DE OCTUBRE,ISSSTE,Media,Media,"19.486751, -99.133249"
2020-07-14,HR LIC. ADOLFO LÓPEZ MATEOS,ISSSTE,Buena,Buena,"19.358451, -99.172716"
2020-07-14,HR BICENTENARIO DE LA INDEPENDENCIA,ISSSTE,Buena,Media,"19.628814, -99.163343"
2020-07-14,ALTA ESPECIALIDAD DE ZUMPANGO,EDOMEX,Media,Media,"19.815198, -99.089196"
2020-07-14,HOSPITAL REGIONAL TLALNEPANTLA ISSEMYM,EDOMEX,Media,Buena,"19.521706, -99.187341"
2020-07-14,"HOSPITAL GENERAL ECATEPEC ""LAS AMÉRICAS""",EDOMEX,Buena,Media,"19.594136, -99.018679"
2020-07-14,"HOSPITAL GENERAL DE NAUCALPAN ""DR. MAXIMILIANO RUIZ CASTAÑEDA"" ",EDOMEX,Buena,Media,"19.468662, -99.234348"
2020-07-14,"HOSPITAL GENERAL ATIZAPAN DE ZARAGOZA ""DR. SALVADOR GONZALEZ HERREJÓN""",EDOMEX,Buena,Buena,"19.546322, -99.237491"
2020-07-14,"HOSPITAL GENERAL CUAUTITLAN ""GRAL. JOSE VICENTE VILLADA""",EDOMEX,Media,Buena,"19.664586, -99.178557"
2020-07-14,"HOSPITAL GENERAL DE NEZAHUALCOYOTL ""GUSTAVO BAZ PRADA""",EDOMEX,Buena,Buena,"19.422253, -99.014892"
2020-07-14,"HOSPITAL GENERAL DE ECATEPEC ""JOSÉ MARÍA RODRÍGUEZ""",EDOMEX,Buena,Buena,"19.514412, -99.038087"
2020-07-14,"HOSPITAL GENERAL NEZAHUALCOYOTL ""LA PERLA"" ",EDOMEX,Buena,Buena,"19.387963, -98.989442"
2020-07-14,HOSPITAL GENERAL DE CHIMALHUACAN,EDOMEX,Buena,Buena,"19.419753, -98.975140"
2020-07-14,"HOSPITAL GENERAL DE IXTAPALUCA ""PEDRO LOPEZ""",EDOMEX,Buena,Buena,"19.318829, -98.855366"
2020-07-14,HOSPITAL GENERAL DE CHALCO ,EDOMEX,Media,Media,"19.268265, -98.893965"
2020-07-14,"HOSPITAL GENERAL TEXCOCO ""GUADALUPE VICTORIA"" BICENTENARIO ",EDOMEX,Media,Buena,"19.514309, -98.871750"
2020-07-14,"HOSPITAL GENERAL VALLE DE CHALCO ""DR. FERNANDO QUIROZ GUTIERREZ"" ",EDOMEX,Buena,Buena,"19.273775, -98.941609"
2020-07-14,"HOSPITAL GENERAL AMECAMECA ""VALENTIN GOMEZ FARIAS"" ",EDOMEX,Buena,Buena,"19.144883, -98.785072"
2020-07-14,HOSPITAL GENERAL DE AXAPUSCO,EDOMEX,Buena,Buena,"19.732872, -98.769445"
2020-07-15,INSTITUTO NACIONAL DE NUTRICIÓN,SSA,Media,Crítica,"19.289599, -99.155441"
2020-07-15,INER,SSA,Media,Media,"19.291375, -99.158653"
2020-07-15,HOSPITAL GENERAL DE MÉXICO,SSA,Media,Buena,"19.4129258, -99.1520225"
2020-07-15,HOSPITAL JUAREZ,SSA,Crítica,Buena,"19.481829, -99.135576"
2020-07-15,HOSPITAL GENERAL DR. MANUEL GEA GONZÁLEZ,SSA,Media,Media,"19.290295, -99.160861"
2020-07-15,HOSPITAL INFANTIL DE MÉXICO FEDERICO GÓMEZ,SSA,Buena,Buena,"19.410839, -99.151941"
2020-07-15,INSTITUTO  NACIONAL DE CARDIOLOGÍA IGNACIO CHÁVEZ,SSA,Buena,Buena,"19.290598, -99.153838"
2020-07-15,CITIBANAMEX,SSA,Buena,Media,"19.439732, -99.224235"
2020-07-15,HOSPITAL REGIONAL DE ALTA ESPECIALIDAD DE IXTAPALUCA,SSA,Buena,Media,"19.318796, -98.855353"
2020-07-15,BELISARIO DOMINGUEZ,SEDESA,Media,Buena,"19.307226, -99.065356"
2020-07-15,ENRIQUE CABRERA,SEDESA,Buena,Buena,"19.361675, -99.224432"
2020-07-15,GENERAL TLAHUAC,SEDESA,Buena,Buena,"19.287492, -99.052665"
2020-07-15,PEDIATRICO DE LA VILLA,SEDESA,Buena,Buena,"19.487355, -99.114316"
2020-07-15,HOSPITAL GENERAL AJUSCO MEDIO,SEDESA,Buena,Media,"19.272165, -99.207846"
2020-07-15,HOSPITAL GENERAL IZTAPALAPA,SEDESA,Media,Buena,"19.343426, -99.027236"
2020-07-15,HOSPITAL GENERAL XOCO,SEDESA,Media,Buena,"19.360313, -99.162275"
2020-07-15,HOSPITAL GENERAL VILLA,SEDESA,Media,Buena,"19.480079, -99.103353"
2020-07-15,HOSPITAL GENERAL DR. RUBÉN LEÑERO,SEDESA,Crítica,Buena,"19.451398, -99.169565"
2020-07-15,HOSPITAL GENERAL MILPA ALTA,SEDESA,Media,Buena,"19.200951, -99.011210"
2020-07-15,HOSPITAL GENERAL BALBUENA,SEDESA,Buena,Buena,"19.424195, -99.115412"
2020-07-15,HOSPITAL TEPEPAN,SEDESA,Sin Dato,Sin Dato,"19.275806, -99.144298"
2020-07-15,HOSPITAL DE ESPECIALIDADES 01 CMN SIGLO XXI (CDMX SUR),IMSS,Buena,Buena,"19.466549, -99.145102"
2020-07-15,HOSPITAL DE PEDIATRIA 01 CMN SIGLO XXI (CDMX SUR),IMSS,Buena,Buena,"19.407458, -99.152267"
2020-07-15,HOSPITAL GENERAL DE ZONA 01 CARLOS MC GREGOR (CDMX SUR),IMSS,Media,Media,"19.395912, -99.161610"
2020-07-15,HOSPITAL GENERAL DE ZONA 1A PARQUE DE LOS VENADOS (CDMX SUR),IMSS,Media,Buena,"19.374431, -99.151203"
2020-07-15,HOSPITAL DE INFECTOLOGIA 01 LA RAZA (CDMX NORTE),IMSS,Media,Media,"19.464865, -99.144859"
2020-07-15,HOSPITAL GENERAL 01 (CDMX NORTE) LA RAZA,IMSS,Media,Buena,"19.395740, -99.161677"
2020-07-15,HOSPITAL GENERAL DE ZONA 24 (CDMX NORTE),IMSS,Buena,Buena,"19.483221, -99.128448"
2020-07-15,HOSPITAL GENERAL DE ZONA 27 (CDMX NORTE),IMSS,Buena,Buena,"19.454776, -99.140007"
2020-07-15,HOSPITAL GENERAL DE ZONA 2A (CDMX SUR),IMSS,Media,Media,"19.405495, -99.112200"
2020-07-15,HOSPITAL GENERAL DE ZONA 30 (CDMX SUR),IMSS,Media,Media,"19.398836, -99.116913"
2020-07-15,HOSPITAL GENERAL DE ZONA 32 (CDMX SUR),IMSS,Buena,Buena,"19.307964, -99.130677"
2020-07-15,HOSPITAL GENERAL DE ZONA C/MF 08 (CDMX SUR),IMSS,Crítica,Buena,"19.337137, -99.200142"
2020-07-15,HOSPITAL GENERAL DE ZONA C/UMAA 48 (CDMX NORTE),IMSS,Media,Media,"19.482375, -99.213046"
2020-07-15,HOSPITAL GENERAL 02 (CDMX SUR) VILLA COAPA (COY.),IMSS,Media,Buena,"19.309194, -99.129593"
2020-07-15,HOSPITAL DE ESPECIALIDADES 01 (CDMX NORTE) LA RAZA (AZC),IMSS,Media,Buena,"19.467169, -99.143785"
2020-07-15,HOSPITAL GENERAL DE ZONA C/MF 29 (S. JUAN ARAGÓN),IMSS,Media,Buena,"19.465117, -99.085162"
2020-07-15,HOSPITAL GENERAL DE ZONA 47 (CDMX SUR) (IZP),IMSS,Media,Media,"19.357566, -99.054269"
2020-07-15,UNIDAD MÓVIL TEMPORAL COVID,IMSS,Crítica,Crítica,"19.403082, -99.089177"
2020-07-15,CRIT IZTAPALAPA,IMSS,Buena,Buena,"19.328321, -99.068530"
2020-07-15,HOSPITAL GENERAL REGIONAL 72,IMSS,Media,Media,"19.356913, -98.990929"
2020-07-15,HOSPITAL GENERAL REGIONAL 196,IMSS,Media,Media,"19.515133, -98.891450"
2020-07-15,HOSPITAL GENERAL REGIONAL 200,IMSS,Buena,Media,"19.470300, -99.234208"
2020-07-15,HOSPITAL GENERAL DE ZONA 53,IMSS,Media,Buena,"19.597387, -99.188426"
2020-07-15,HOSPITAL GENERAL DE ZONA 197,IMSS,Buena,Media,"19.530797, -99.222446"
2020-07-15,HOSPITAL GENERAL DE ZONA 194,IMSS,Media,Buena,"19.570070, -99.044009"
2020-07-15,HOSPITAL GENERAL DE ZONA 57 (LA QUEBRADA),IMSS,Crítica,Media,"19.542797, -99.205022"
2020-07-15,HOSPITAL GENERAL DE ZONA 58 (LAS MARGARITAS),IMSS,Media,Media,"19.529016, -99.030983"
2020-07-15,HOSPITAL GENERAL DE ZONA 68 (TULPETLAC),IMSS,Buena,Buena,"19.742905, -98.972971"
2020-07-15,HOSPITAL GENERAL DE ZONA 71 (CHALCO),IMSS,Buena,Buena,"19.356913, -98.990929"
2020-07-15,HOSPITAL GENERAL DE ZONA 76 (XALOSTOC),IMSS,Buena,Buena,"19.515133, -98.891450"
2020-07-15,HOSPITAL GENERAL DE ZONA 98 (COACALCO),IMSS,Crítica,Buena,"19.470300, -99.234208"
2020-07-15,CRIT NEZAHUALCÓYOTL,IMSS,Buena,Buena,"19.425795, -99.029987"
2020-07-15,CENTRO MEDICO 20 DE NOVIEMBRE,ISSSTE,Media,Media,"19.372720, -99.171205"
2020-07-15,HG DARIO FERNANDEZ FIERRO,ISSSTE,Media,Media,"19.363602, -99.188608"
2020-07-15,HG JOSE MARIA MORELOS,ISSSTE,Buena,Media,"19.363918, -98.995393"
2020-07-15,HG TACUBA,ISSSTE,Crítica,Buena,"19.454384, -99.191231"
2020-07-15,HG DR FERNANDO QUIROZ,ISSSTE,Media,Buena,"19.394242, -99.194187"
2020-07-15,HG IGNACIO ZARAGOZA,ISSSTE,Media,Media,"19.389472, -99.045019"
2020-07-15,HR PRIMERO DE OCTUBRE,ISSSTE,Media,Crítica,"19.486751, -99.133249"
2020-07-15,HR LIC. ADOLFO LÓPEZ MATEOS,ISSSTE,Buena,Buena,"19.358451, -99.172716"
2020-07-15,HR BICENTENARIO DE LA INDEPENDENCIA,ISSSTE,Buena,Media,"19.628814, -99.163343"
2020-07-15,ALTA ESPECIALIDAD DE ZUMPANGO,EDOMEX,Crítica,Media,"19.815198, -99.089196"
2020-07-15,HOSPITAL REGIONAL TLALNEPANTLA ISSEMYM,EDOMEX,Media,Buena,"19.521706, -99.187341"
2020-07-15,"HOSPITAL GENERAL ECATEPEC ""LAS AMÉRICAS""",EDOMEX,Buena,Media,"19.594136, -99.018679"
2020-07-15,"HOSPITAL GENERAL DE NAUCALPAN ""DR. MAXIMILIANO RUIZ CASTAÑEDA"" ",EDOMEX,Buena,Media,"19.468662, -99.234348"
2020-07-15,"HOSPITAL GENERAL ATIZAPAN DE ZARAGOZA ""DR. SALVADOR GONZALEZ HERREJÓN""",EDOMEX,Buena,Buena,"19.546322, -99.237491"
2020-07-15,"HOSPITAL GENERAL CUAUTITLAN ""GRAL. JOSE VICENTE VILLADA""",EDOMEX,Media,Buena,"19.664586, -99.178557"
2020-07-15,"HOSPITAL GENERAL DE NEZAHUALCOYOTL ""GUSTAVO BAZ PRADA""",EDOMEX,Buena,Buena,"19.422253, -99.014892"
2020-07-15,"HOSPITAL GENERAL DE ECATEPEC ""JOSÉ MARÍA RODRÍGUEZ""",EDOMEX,Buena,Buena,"19.514412, -99.038087"
2020-07-15,"HOSPITAL GENERAL NEZAHUALCOYOTL ""LA PERLA"" ",EDOMEX,Buena,Buena,"19.387963, -98.989442"
2020-07-15,HOSPITAL GENERAL DE CHIMALHUACAN,EDOMEX,Buena,Buena,"19.419753, -98.975140"
2020-07-15,"HOSPITAL GENERAL DE IXTAPALUCA ""PEDRO LOPEZ""",EDOMEX,Buena,Buena,"19.318829, -98.855366"
2020-07-15,HOSPITAL GENERAL DE CHALCO ,EDOMEX,Buena,Media,"19.268265, -98.893965"
2020-07-15,"HOSPITAL GENERAL TEXCOCO ""GUADALUPE VICTORIA"" BICENTENARIO ",EDOMEX,Media,Buena,"19.514309, -98.871750"
2020-07-15,"HOSPITAL GENERAL VALLE DE CHALCO ""DR. FERNANDO QUIROZ GUTIERREZ"" ",EDOMEX,Buena,Buena,"19.273775, -98.941609"
2020-07-15,"HOSPITAL GENERAL AMECAMECA ""VALENTIN GOMEZ FARIAS"" ",EDOMEX,Buena,Buena,"19.144883, -98.785072"
2020-07-15,HOSPITAL GENERAL DE AXAPUSCO,EDOMEX,Buena,Buena,"19.732872, -98.769445"
2020-07-16,INSTITUTO NACIONAL DE NUTRICIÓN,SSA,Media,Media,"19.289599, -99.155441"
2020-07-16,INER,SSA,Media,Media,"19.291375, -99.158653"
2020-07-16,HOSPITAL GENERAL DE MÉXICO,SSA,Media,Buena,"19.4129258, -99.1520225"
2020-07-16,HOSPITAL JUAREZ,SSA,Crítica,Buena,"19.481829, -99.135576"
2020-07-16,HOSPITAL GENERAL DR. MANUEL GEA GONZÁLEZ,SSA,Media,Media,"19.290295, -99.160861"
2020-07-16,HOSPITAL INFANTIL DE MÉXICO FEDERICO GÓMEZ,SSA,Buena,Buena,"19.410839, -99.151941"
2020-07-16,INSTITUTO  NACIONAL DE CARDIOLOGÍA IGNACIO CHÁVEZ,SSA,Buena,Buena,"19.290598, -99.153838"
2020-07-16,CITIBANAMEX,SSA,Buena,Media,"19.439732, -99.224235"
2020-07-16,HOSPITAL REGIONAL DE ALTA ESPECIALIDAD DE IXTAPALUCA,SSA,Buena,Crítica,"19.318796, -98.855353"
2020-07-16,BELISARIO DOMINGUEZ,SEDESA,Media,Buena,"19.307226, -99.065356"
2020-07-16,ENRIQUE CABRERA,SEDESA,Buena,Buena,"19.361675, -99.224432"
2020-07-16,GENERAL TLAHUAC,SEDESA,Buena,Buena,"19.287492, -99.052665"
2020-07-16,PEDIATRICO DE LA VILLA,SEDESA,Buena,Buena,"19.487355, -99.114316"
2020-07-16,HOSPITAL GENERAL AJUSCO MEDIO,SEDESA,Buena,Media,"19.272165, -99.207846"
2020-07-16,HOSPITAL GENERAL IZTAPALAPA,SEDESA,Buena,Buena,"19.343426, -99.027236"
2020-07-16,HOSPITAL GENERAL XOCO,SEDESA,Buena,Buena,"19.360313, -99.162275"
2020-07-16,HOSPITAL GENERAL VILLA,SEDESA,Media,Buena,"19.480079, -99.103353"
2020-07-16,HOSPITAL GENERAL DR. RUBÉN LEÑERO,SEDESA,Crítica,Buena,"19.451398, -99.169565"
2020-07-16,HOSPITAL GENERAL MILPA ALTA,SEDESA,Buena,Buena,"19.200951, -99.011210"
2020-07-16,HOSPITAL GENERAL BALBUENA,SEDESA,Buena,Buena,"19.424195, -99.115412"
2020-07-16,HOSPITAL TEPEPAN,SEDESA,Sin Dato,Sin Dato,"19.275806, -99.144298"
2020-07-16,HOSPITAL DE ESPECIALIDADES 01 CMN SIGLO XXI (CDMX SUR),IMSS,Buena,Buena,"19.466549, -99.145102"
2020-07-16,HOSPITAL DE PEDIATRIA 01 CMN SIGLO XXI (CDMX SUR),IMSS,Buena,Buena,"19.407458, -99.152267"
2020-07-16,HOSPITAL GENERAL DE ZONA 01 CARLOS MC GREGOR (CDMX SUR),IMSS,Media,Media,"19.395912, -99.161610"
2020-07-16,HOSPITAL GENERAL DE ZONA 1A PARQUE DE LOS VENADOS (CDMX SUR),IMSS,Media,Buena,"19.374431, -99.151203"
2020-07-16,HOSPITAL DE INFECTOLOGIA 01 LA RAZA (CDMX NORTE),IMSS,Media,Buena,"19.464865, -99.144859"
2020-07-16,HOSPITAL GENERAL 01 (CDMX NORTE) LA RAZA,IMSS,Media,Buena,"19.395740, -99.161677"
2020-07-16,HOSPITAL GENERAL DE ZONA 24 (CDMX NORTE),IMSS,Buena,Media,"19.483221, -99.128448"
2020-07-16,HOSPITAL GENERAL DE ZONA 27 (CDMX NORTE),IMSS,Buena,Buena,"19.454776, -99.140007"
2020-07-16,HOSPITAL GENERAL DE ZONA 2A (CDMX SUR),IMSS,Media,Media,"19.405495, -99.112200"
2020-07-16,HOSPITAL GENERAL DE ZONA 30 (CDMX SUR),IMSS,Media,Buena,"19.398836, -99.116913"
2020-07-16,HOSPITAL GENERAL DE ZONA 32 (CDMX SUR),IMSS,Buena,Buena,"19.307964, -99.130677"
2020-07-16,HOSPITAL GENERAL DE ZONA C/MF 08 (CDMX SUR),IMSS,Crítica,Media,"19.337137, -99.200142"
2020-07-16,HOSPITAL GENERAL DE ZONA C/UMAA 48 (CDMX NORTE),IMSS,Media,Buena,"19.482375, -99.213046"
2020-07-16,HOSPITAL GENERAL 02 (CDMX SUR) VILLA COAPA (COY.),IMSS,Media,Buena,"19.309194, -99.129593"
2020-07-16,HOSPITAL DE ESPECIALIDADES 01 (CDMX NORTE) LA RAZA (AZC),IMSS,Media,Buena,"19.467169, -99.143785"
2020-07-16,HOSPITAL GENERAL DE ZONA C/MF 29 (S. JUAN ARAGÓN),IMSS,Media,Buena,"19.465117, -99.085162"
2020-07-16,HOSPITAL GENERAL DE ZONA 47 (CDMX SUR) (IZP),IMSS,Buena,Crítica,"19.357566, -99.054269"
2020-07-16,UNIDAD MÓVIL TEMPORAL COVID,IMSS,Crítica,Crítica,"19.403082, -99.089177"
2020-07-16,CRIT IZTAPALAPA,IMSS,Buena,Buena,"19.328321, -99.068530"
2020-07-16,HOSPITAL GENERAL REGIONAL 72,IMSS,Media,Media,"19.356913, -98.990929"
2020-07-16,HOSPITAL GENERAL REGIONAL 196,IMSS,Media,Media,"19.515133, -98.891450"
2020-07-16,HOSPITAL GENERAL REGIONAL 200,IMSS,Media,Buena,"19.470300, -99.234208"
2020-07-16,HOSPITAL GENERAL DE ZONA 53,IMSS,Media,Buena,"19.597387, -99.188426"
2020-07-16,HOSPITAL GENERAL DE ZONA 197,IMSS,Buena,Media,"19.530797, -99.222446"
2020-07-16,HOSPITAL GENERAL DE ZONA 194,IMSS,Media,Buena,"19.570070, -99.044009"
2020-07-16,HOSPITAL GENERAL DE ZONA 57 (LA QUEBRADA),IMSS,Crítica,Media,"19.542797, -99.205022"
2020-07-16,HOSPITAL GENERAL DE ZONA 58 (LAS MARGARITAS),IMSS,Media,Media,"19.529016, -99.030983"
2020-07-16,HOSPITAL GENERAL DE ZONA 68 (TULPETLAC),IMSS,Buena,Buena,"19.742905, -98.972971"
2020-07-16,HOSPITAL GENERAL DE ZONA 71 (CHALCO),IMSS,Buena,Buena,"19.356913, -98.990929"
2020-07-16,HOSPITAL GENERAL DE ZONA 76 (XALOSTOC),IMSS,Buena,Buena,"19.515133, -98.891450"
2020-07-16,HOSPITAL GENERAL DE ZONA 98 (COACALCO),IMSS,Crítica,Media,"19.470300, -99.234208"
2020-07-16,CRIT NEZAHUALCÓYOTL,IMSS,Buena,Buena,"19.425795, -99.029987"
2020-07-16,CENTRO MEDICO 20 DE NOVIEMBRE,ISSSTE,Media,Media,"19.372720, -99.171205"
2020-07-16,HG DARIO FERNANDEZ FIERRO,ISSSTE,Media,Media,"19.363602, -99.188608"
2020-07-16,HG JOSE MARIA MORELOS,ISSSTE,Buena,Buena,"19.363918, -98.995393"
2020-07-16,HG TACUBA,ISSSTE,Crítica,Buena,"19.454384, -99.191231"
2020-07-16,HG DR FERNANDO QUIROZ,ISSSTE,Media,Buena,"19.394242, -99.194187"
2020-07-16,HG IGNACIO ZARAGOZA,ISSSTE,Media,Media,"19.389472, -99.045019"
2020-07-16,HR PRIMERO DE OCTUBRE,ISSSTE,Media,Media,"19.486751, -99.133249"
2020-07-16,HR LIC. ADOLFO LÓPEZ MATEOS,ISSSTE,Media,Buena,"19.358451, -99.172716"
2020-07-16,HR BICENTENARIO DE LA INDEPENDENCIA,ISSSTE,Media,Media,"19.628814, -99.163343"
2020-07-16,ALTA ESPECIALIDAD DE ZUMPANGO,EDOMEX,Media,Media,"19.815198, -99.089196"
2020-07-16,HOSPITAL REGIONAL TLALNEPANTLA ISSEMYM,EDOMEX,Media,Buena,"19.521706, -99.187341"
2020-07-16,"HOSPITAL GENERAL ECATEPEC ""LAS AMÉRICAS""",EDOMEX,Buena,Crítica,"19.594136, -99.018679"
2020-07-16,"HOSPITAL GENERAL DE NAUCALPAN ""DR. MAXIMILIANO RUIZ CASTAÑEDA"" ",EDOMEX,Buena,Media,"19.468662, -99.234348"
2020-07-16,"HOSPITAL GENERAL ATIZAPAN DE ZARAGOZA ""DR. SALVADOR GONZALEZ HERREJÓN""",EDOMEX,Buena,Buena,"19.546322, -99.237491"
2020-07-16,"HOSPITAL GENERAL CUAUTITLAN ""GRAL. JOSE VICENTE VILLADA""",EDOMEX,Media,Buena,"19.664586, -99.178557"
2020-07-16,"HOSPITAL GENERAL DE NEZAHUALCOYOTL ""GUSTAVO BAZ PRADA""",EDOMEX,Buena,Buena,"19.422253, -99.014892"
2020-07-16,"HOSPITAL GENERAL DE ECATEPEC ""JOSÉ MARÍA RODRÍGUEZ""",EDOMEX,Buena,Buena,"19.514412, -99.038087"
2020-07-16,"HOSPITAL GENERAL NEZAHUALCOYOTL ""LA PERLA"" ",EDOMEX,Buena,Buena,"19.387963, -98.989442"
2020-07-16,HOSPITAL GENERAL DE CHIMALHUACAN,EDOMEX,Buena,Buena,"19.419753, -98.975140"
2020-07-16,"HOSPITAL GENERAL DE IXTAPALUCA ""PEDRO LOPEZ""",EDOMEX,Buena,Buena,"19.318829, -98.855366"
2020-07-16,HOSPITAL GENERAL DE CHALCO ,EDOMEX,Buena,Media,"19.268265, -98.893965"
2020-07-16,"HOSPITAL GENERAL TEXCOCO ""GUADALUPE VICTORIA"" BICENTENARIO ",EDOMEX,Media,Buena,"19.514309, -98.871750"
2020-07-16,"HOSPITAL GENERAL VALLE DE CHALCO ""DR. FERNANDO QUIROZ GUTIERREZ"" ",EDOMEX,Buena,Buena,"19.273775, -98.941609"
2020-07-16,"HOSPITAL GENERAL AMECAMECA ""VALENTIN GOMEZ FARIAS"" ",EDOMEX,Buena,Buena,"19.144883, -98.785072"
2020-07-16,HOSPITAL GENERAL DE AXAPUSCO,EDOMEX,Buena,Buena,"19.732872, -98.769445"
2020-07-17,INSTITUTO NACIONAL DE NUTRICIÓN,SSA,Crítica,Crítica,"19.289599, -99.155441"
2020-07-17,INER,SSA,Media,Media,"19.291375, -99.158653"
2020-07-17,HOSPITAL GENERAL DE MÉXICO,SSA,Media,Buena,"19.4129258, -99.1520225"
2020-07-17,HOSPITAL JUAREZ,SSA,Crítica,Buena,"19.481829, -99.135576"
2020-07-17,HOSPITAL GENERAL DR. MANUEL GEA GONZÁLEZ,SSA,Media,Media,"19.290295, -99.160861"
2020-07-17,HOSPITAL INFANTIL DE MÉXICO FEDERICO GÓMEZ,SSA,Buena,Buena,"19.410839, -99.151941"
2020-07-17,INSTITUTO  NACIONAL DE CARDIOLOGÍA IGNACIO CHÁVEZ,SSA,Media,Buena,"19.290598, -99.153838"
2020-07-17,CITIBANAMEX,SSA,Buena,Media,"19.439732, -99.224235"
2020-07-17,HOSPITAL REGIONAL DE ALTA ESPECIALIDAD DE IXTAPALUCA,SSA,Buena,Media,"19.318796, -98.855353"
2020-07-17,BELISARIO DOMINGUEZ,SEDESA,Buena,Buena,"19.307226, -99.065356"
2020-07-17,ENRIQUE CABRERA,SEDESA,Buena,Buena,"19.361675, -99.224432"
2020-07-17,GENERAL TLAHUAC,SEDESA,Buena,Buena,"19.287492, -99.052665"
2020-07-17,PEDIATRICO DE LA VILLA,SEDESA,Buena,Buena,"19.487355, -99.114316"
2020-07-17,HOSPITAL GENERAL AJUSCO MEDIO,SEDESA,Buena,Buena,"19.272165, -99.207846"
2020-07-17,HOSPITAL GENERAL IZTAPALAPA,SEDESA,Buena,Buena,"19.343426, -99.027236"
2020-07-17,HOSPITAL GENERAL XOCO,SEDESA,Buena,Buena,"19.360313, -99.162275"
2020-07-17,HOSPITAL GENERAL VILLA,SEDESA,Buena,Buena,"19.480079, -99.103353"
2020-07-17,HOSPITAL GENERAL DR. RUBÉN LEÑERO,SEDESA,Crítica,Buena,"19.451398, -99.169565"
2020-07-17,HOSPITAL GENERAL MILPA ALTA,SEDESA,Buena,Buena,"19.200951, -99.011210"
2020-07-17,HOSPITAL GENERAL BALBUENA,SEDESA,Buena,Buena,"19.424195, -99.115412"
2020-07-17,HOSPITAL TEPEPAN,SEDESA,Sin Dato,Sin Dato,"19.275806, -99.144298"
2020-07-17,HOSPITAL DE ESPECIALIDADES 01 CMN SIGLO XXI (CDMX SUR),IMSS,Buena,Buena,"19.466549, -99.145102"
2020-07-17,HOSPITAL DE PEDIATRIA 01 CMN SIGLO XXI (CDMX SUR),IMSS,Buena,Buena,"19.407458, -99.152267"
2020-07-17,HOSPITAL GENERAL DE ZONA 01 CARLOS MC GREGOR (CDMX SUR),IMSS,Media,Buena,"19.395912, -99.161610"
2020-07-17,HOSPITAL GENERAL DE ZONA 1A PARQUE DE LOS VENADOS (CDMX SUR),IMSS,Media,Buena,"19.374431, -99.151203"
2020-07-17,HOSPITAL DE INFECTOLOGIA 01 LA RAZA (CDMX NORTE),IMSS,Buena,Media,"19.464865, -99.144859"
2020-07-17,HOSPITAL GENERAL 01 (CDMX NORTE) LA RAZA,IMSS,Media,Buena,"19.395740, -99.161677"
2020-07-17,HOSPITAL GENERAL DE ZONA 24 (CDMX NORTE),IMSS,Buena,Media,"19.483221, -99.128448"
2020-07-17,HOSPITAL GENERAL DE ZONA 27 (CDMX NORTE),IMSS,Buena,Buena,"19.454776, -99.140007"
2020-07-17,HOSPITAL GENERAL DE ZONA 2A (CDMX SUR),IMSS,Buena,Buena,"19.405495, -99.112200"
2020-07-17,HOSPITAL GENERAL DE ZONA 30 (CDMX SUR),IMSS,Media,Buena,"19.398836, -99.116913"
2020-07-17,HOSPITAL GENERAL DE ZONA 32 (CDMX SUR),IMSS,Buena,Buena,"19.307964, -99.130677"
2020-07-17,HOSPITAL GENERAL DE ZONA C/MF 08 (CDMX SUR),IMSS,Crítica,Buena,"19.337137, -99.200142"
2020-07-17,HOSPITAL GENERAL DE ZONA C/UMAA 48 (CDMX NORTE),IMSS,Media,Buena,"19.482375, -99.213046"
2020-07-17,HOSPITAL GENERAL 02 (CDMX SUR) VILLA COAPA (COY.),IMSS,Media,Buena,"19.309194, -99.129593"
2020-07-17,HOSPITAL DE ESPECIALIDADES 01 (CDMX NORTE) LA RAZA (AZC),IMSS,Media,Buena,"19.467169, -99.143785"
2020-07-17,HOSPITAL GENERAL DE ZONA C/MF 29 (S. JUAN ARAGÓN),IMSS,Media,Buena,"19.465117, -99.085162"
2020-07-17,HOSPITAL GENERAL DE ZONA 47 (CDMX SUR) (IZP),IMSS,Buena,Media,"19.357566, -99.054269"
2020-07-17,UNIDAD MÓVIL TEMPORAL COVID,IMSS,Crítica,Crítica,"19.403082, -99.089177"
2020-07-17,CRIT IZTAPALAPA,IMSS,Buena,Buena,"19.328321, -99.068530"
2020-07-17,HOSPITAL GENERAL REGIONAL 72,IMSS,Media,Media,"19.356913, -98.990929"
2020-07-17,HOSPITAL GENERAL REGIONAL 196,IMSS,Media,Media,"19.515133, -98.891450"
2020-07-17,HOSPITAL GENERAL REGIONAL 200,IMSS,Media,Buena,"19.470300, -99.234208"
2020-07-17,HOSPITAL GENERAL DE ZONA 53,IMSS,Media,Buena,"19.597387, -99.188426"
2020-07-17,HOSPITAL GENERAL DE ZONA 197,IMSS,Buena,Media,"19.530797, -99.222446"
2020-07-17,HOSPITAL GENERAL DE ZONA 194,IMSS,Media,Buena,"19.570070, -99.044009"
2020-07-17,HOSPITAL GENERAL DE ZONA 57 (LA QUEBRADA),IMSS,Crítica,Buena,"19.542797, -99.205022"
2020-07-17,HOSPITAL GENERAL DE ZONA 58 (LAS MARGARITAS),IMSS,Media,Media,"19.529016, -99.030983"
2020-07-17,HOSPITAL GENERAL DE ZONA 68 (TULPETLAC),IMSS,Buena,Buena,"19.742905, -98.972971"
2020-07-17,HOSPITAL GENERAL DE ZONA 71 (CHALCO),IMSS,Buena,Buena,"19.356913, -98.990929"
2020-07-17,HOSPITAL GENERAL DE ZONA 76 (XALOSTOC),IMSS,Buena,Media,"19.515133, -98.891450"
2020-07-17,HOSPITAL GENERAL DE ZONA 98 (COACALCO),IMSS,Crítica,Media,"19.470300, -99.234208"
2020-07-17,CRIT NEZAHUALCÓYOTL,IMSS,Buena,Buena,"19.425795, -99.029987"
2020-07-17,CENTRO MEDICO 20 DE NOVIEMBRE,ISSSTE,Media,Buena,"19.372720, -99.171205"
2020-07-17,HG DARIO FERNANDEZ FIERRO,ISSSTE,Media,Media,"19.363602, -99.188608"
2020-07-17,HG JOSE MARIA MORELOS,ISSSTE,Buena,Buena,"19.363918, -98.995393"
2020-07-17,HG TACUBA,ISSSTE,Crítica,Media,"19.454384, -99.191231"
2020-07-17,HG DR FERNANDO QUIROZ,ISSSTE,Media,Buena,"19.394242, -99.194187"
2020-07-17,HG IGNACIO ZARAGOZA,ISSSTE,Media,Media,"19.389472, -99.045019"
2020-07-17,HR PRIMERO DE OCTUBRE,ISSSTE,Media,Crítica,"19.486751, -99.133249"
2020-07-17,HR LIC. ADOLFO LÓPEZ MATEOS,ISSSTE,Buena,Buena,"19.358451, -99.172716"
2020-07-17,HR BICENTENARIO DE LA INDEPENDENCIA,ISSSTE,Buena,Media,"19.628814, -99.163343"
2020-07-17,ALTA ESPECIALIDAD DE ZUMPANGO,EDOMEX,Media,Media,"19.815198, -99.089196"
2020-07-17,HOSPITAL REGIONAL TLALNEPANTLA ISSEMYM,EDOMEX,Media,Buena,"19.521706, -99.187341"
2020-07-17,"HOSPITAL GENERAL ECATEPEC ""LAS AMÉRICAS""",EDOMEX,Buena,Crítica,"19.594136, -99.018679"
2020-07-17,"HOSPITAL GENERAL DE NAUCALPAN ""DR. MAXIMILIANO RUIZ CASTAÑEDA"" ",EDOMEX,Buena,Media,"19.468662, -99.234348"
2020-07-17,"HOSPITAL GENERAL ATIZAPAN DE ZARAGOZA ""DR. SALVADOR GONZALEZ HERREJÓN""",EDOMEX,Buena,Buena,"19.546322, -99.237491"
2020-07-17,"HOSPITAL GENERAL CUAUTITLAN ""GRAL. JOSE VICENTE VILLADA""",EDOMEX,Media,Buena,"19.664586, -99.178557"
2020-07-17,"HOSPITAL GENERAL DE NEZAHUALCOYOTL ""GUSTAVO BAZ PRADA""",EDOMEX,Buena,Buena,"19.422253, -99.014892"
2020-07-17,"HOSPITAL GENERAL DE ECATEPEC ""JOSÉ MARÍA RODRÍGUEZ""",EDOMEX,Buena,Buena,"19.514412, -99.038087"
2020-07-17,"HOSPITAL GENERAL NEZAHUALCOYOTL ""LA PERLA"" ",EDOMEX,Buena,Buena,"19.387963, -98.989442"
2020-07-17,HOSPITAL GENERAL DE CHIMALHUACAN,EDOMEX,Buena,Buena,"19.419753, -98.975140"
2020-07-17,"HOSPITAL GENERAL DE IXTAPALUCA ""PEDRO LOPEZ""",EDOMEX,Buena,Buena,"19.318829, -98.855366"
2020-07-17,HOSPITAL GENERAL DE CHALCO ,EDOMEX,Media,Media,"19.268265, -98.893965"
2020-07-17,"HOSPITAL GENERAL TEXCOCO ""GUADALUPE VICTORIA"" BICENTENARIO ",EDOMEX,Media,Buena,"19.514309, -98.871750"
2020-07-17,"HOSPITAL GENERAL VALLE DE CHALCO ""DR. FERNANDO QUIROZ GUTIERREZ"" ",EDOMEX,Buena,Buena,"19.273775, -98.941609"
2020-07-17,"HOSPITAL GENERAL AMECAMECA ""VALENTIN GOMEZ FARIAS"" ",EDOMEX,Buena,Buena,"19.144883, -98.785072"
2020-07-17,HOSPITAL GENERAL DE AXAPUSCO,EDOMEX,Buena,Buena,"19.732872, -98.769445"
2020-07-18,INSTITUTO NACIONAL DE NUTRICIÓN,SSA,Media,Media,"19.289599, -99.155441"
2020-07-18,INER,SSA,Media,Media,"19.291375, -99.158653"
2020-07-18,HOSPITAL GENERAL DE MÉXICO,SSA,Media,Buena,"19.4129258, -99.1520225"
2020-07-18,HOSPITAL JUAREZ,SSA,Crítica,Buena,"19.481829, -99.135576"
2020-07-18,HOSPITAL GENERAL DR. MANUEL GEA GONZÁLEZ,SSA,Media,Media,"19.290295, -99.160861"
2020-07-18,HOSPITAL INFANTIL DE MÉXICO FEDERICO GÓMEZ,SSA,Buena,Buena,"19.410839, -99.151941"
2020-07-18,INSTITUTO  NACIONAL DE CARDIOLOGÍA IGNACIO CHÁVEZ,SSA,Media,Buena,"19.290598, -99.153838"
2020-07-18,CITIBANAMEX,SSA,Buena,Media,"19.439732, -99.224235"
2020-07-18,HOSPITAL REGIONAL DE ALTA ESPECIALIDAD DE IXTAPALUCA,SSA,Buena,Media,"19.318796, -98.855353"
2020-07-18,BELISARIO DOMINGUEZ,SEDESA,Buena,Buena,"19.307226, -99.065356"
2020-07-18,ENRIQUE CABRERA,SEDESA,Buena,Buena,"19.361675, -99.224432"
2020-07-18,GENERAL TLAHUAC,SEDESA,Buena,Buena,"19.287492, -99.052665"
2020-07-18,PEDIATRICO DE LA VILLA,SEDESA,Buena,Buena,"19.487355, -99.114316"
2020-07-18,HOSPITAL GENERAL AJUSCO MEDIO,SEDESA,Buena,Buena,"19.272165, -99.207846"
2020-07-18,HOSPITAL GENERAL IZTAPALAPA,SEDESA,Buena,Buena,"19.343426, -99.027236"
2020-07-18,HOSPITAL GENERAL XOCO,SEDESA,Buena,Buena,"19.360313, -99.162275"
2020-07-18,HOSPITAL GENERAL VILLA,SEDESA,Buena,Buena,"19.480079, -99.103353"
2020-07-18,HOSPITAL GENERAL DR. RUBÉN LEÑERO,SEDESA,Crítica,Buena,"19.451398, -99.169565"
2020-07-18,HOSPITAL GENERAL MILPA ALTA,SEDESA,Buena,Buena,"19.200951, -99.011210"
2020-07-18,HOSPITAL GENERAL BALBUENA,SEDESA,Buena,Buena,"19.424195, -99.115412"
2020-07-18,HOSPITAL TEPEPAN,SEDESA,Sin Dato,Sin Dato,"19.275806, -99.144298"
2020-07-18,HOSPITAL DE ESPECIALIDADES 01 CMN SIGLO XXI (CDMX SUR),IMSS,Buena,Buena,"19.466549, -99.145102"
2020-07-18,HOSPITAL DE PEDIATRIA 01 CMN SIGLO XXI (CDMX SUR),IMSS,Buena,Buena,"19.407458, -99.152267"
2020-07-18,HOSPITAL GENERAL DE ZONA 01 CARLOS MC GREGOR (CDMX SUR),IMSS,Media,Media,"19.395912, -99.161610"
2020-07-18,HOSPITAL GENERAL DE ZONA 1A PARQUE DE LOS VENADOS (CDMX SUR),IMSS,Media,Buena,"19.374431, -99.151203"
2020-07-18,HOSPITAL DE INFECTOLOGIA 01 LA RAZA (CDMX NORTE),IMSS,Buena,Buena,"19.464865, -99.144859"
2020-07-18,HOSPITAL GENERAL 01 (CDMX NORTE) LA RAZA,IMSS,Media,Buena,"19.395740, -99.161677"
2020-07-18,HOSPITAL GENERAL DE ZONA 24 (CDMX NORTE),IMSS,Buena,Media,"19.483221, -99.128448"
2020-07-18,HOSPITAL GENERAL DE ZONA 27 (CDMX NORTE),IMSS,Buena,Buena,"19.454776, -99.140007"
2020-07-18,HOSPITAL GENERAL DE ZONA 2A (CDMX SUR),IMSS,Buena,Buena,"19.405495, -99.112200"
2020-07-18,HOSPITAL GENERAL DE ZONA 30 (CDMX SUR),IMSS,Media,Buena,"19.398836, -99.116913"
2020-07-18,HOSPITAL GENERAL DE ZONA 32 (CDMX SUR),IMSS,Buena,Buena,"19.307964, -99.130677"
2020-07-18,HOSPITAL GENERAL DE ZONA C/MF 08 (CDMX SUR),IMSS,Crítica,Buena,"19.337137, -99.200142"
2020-07-18,HOSPITAL GENERAL DE ZONA C/UMAA 48 (CDMX NORTE),IMSS,Media,Buena,"19.482375, -99.213046"
2020-07-18,HOSPITAL GENERAL 02 (CDMX SUR) VILLA COAPA (COY.),IMSS,Media,Buena,"19.309194, -99.129593"
2020-07-18,HOSPITAL DE ESPECIALIDADES 01 (CDMX NORTE) LA RAZA (AZC),IMSS,Media,Buena,"19.467169, -99.143785"
2020-07-18,HOSPITAL GENERAL DE ZONA C/MF 29 (S. JUAN ARAGÓN),IMSS,Media,Buena,"19.465117, -99.085162"
2020-07-18,HOSPITAL GENERAL DE ZONA 47 (CDMX SUR) (IZP),IMSS,Buena,Media,"19.357566, -99.054269"
2020-07-18,UNIDAD MÓVIL TEMPORAL COVID,IMSS,Crítica,Media,"19.403082, -99.089177"
2020-07-18,CRIT IZTAPALAPA,IMSS,Buena,Buena,"19.328321, -99.068530"
2020-07-18,HOSPITAL GENERAL REGIONAL 72,IMSS,Media,Media,"19.356913, -98.990929"
2020-07-18,HOSPITAL GENERAL REGIONAL 196,IMSS,Media,Media,"19.515133, -98.891450"
2020-07-18,HOSPITAL GENERAL REGIONAL 200,IMSS,Buena,Buena,"19.470300, -99.234208"
2020-07-18,HOSPITAL GENERAL DE ZONA 53,IMSS,Media,Buena,"19.597387, -99.188426"
2020-07-18,HOSPITAL GENERAL DE ZONA 197,IMSS,Buena,Buena,"19.530797, -99.222446"
2020-07-18,HOSPITAL GENERAL DE ZONA 194,IMSS,Media,Buena,"19.570070, -99.044009"
2020-07-18,HOSPITAL GENERAL DE ZONA 57 (LA QUEBRADA),IMSS,Crítica,Buena,"19.542797, -99.205022"
2020-07-18,HOSPITAL GENERAL DE ZONA 58 (LAS MARGARITAS),IMSS,Media,Media,"19.529016, -99.030983"
2020-07-18,HOSPITAL GENERAL DE ZONA 68 (TULPETLAC),IMSS,Buena,Buena,"19.742905, -98.972971"
2020-07-18,HOSPITAL GENERAL DE ZONA 71 (CHALCO),IMSS,Buena,Buena,"19.356913, -98.990929"
2020-07-18,HOSPITAL GENERAL DE ZONA 76 (XALOSTOC),IMSS,Buena,Media,"19.515133, -98.891450"
2020-07-18,HOSPITAL GENERAL DE ZONA 98 (COACALCO),IMSS,Crítica,Media,"19.470300, -99.234208"
2020-07-18,CRIT NEZAHUALCÓYOTL,IMSS,Buena,Buena,"19.425795, -99.029987"
2020-07-18,CENTRO MEDICO 20 DE NOVIEMBRE,ISSSTE,Media,Buena,"19.372720, -99.171205"
2020-07-18,HG DARIO FERNANDEZ FIERRO,ISSSTE,Media,Media,"19.363602, -99.188608"
2020-07-18,HG JOSE MARIA MORELOS,ISSSTE,Buena,Buena,"19.363918, -98.995393"
2020-07-18,HG TACUBA,ISSSTE,Crítica,Media,"19.454384, -99.191231"
2020-07-18,HG DR FERNANDO QUIROZ,ISSSTE,Media,Buena,"19.394242, -99.194187"
2020-07-18,HG IGNACIO ZARAGOZA,ISSSTE,Media,Media,"19.389472, -99.045019"
2020-07-18,HR PRIMERO DE OCTUBRE,ISSSTE,Crítica,Crítica,"19.486751, -99.133249"
2020-07-18,HR LIC. ADOLFO LÓPEZ MATEOS,ISSSTE,Media,Buena,"19.358451, -99.172716"
2020-07-18,HR BICENTENARIO DE LA INDEPENDENCIA,ISSSTE,Buena,Media,"19.628814, -99.163343"
2020-07-18,ALTA ESPECIALIDAD DE ZUMPANGO,EDOMEX,Media,Media,"19.815198, -99.089196"
2020-07-18,HOSPITAL REGIONAL TLALNEPANTLA ISSEMYM,EDOMEX,Crítica,Buena,"19.521706, -99.187341"
2020-07-18,"HOSPITAL GENERAL ECATEPEC ""LAS AMÉRICAS""",EDOMEX,Buena,Crítica,"19.594136, -99.018679"
2020-07-18,"HOSPITAL GENERAL DE NAUCALPAN ""DR. MAXIMILIANO RUIZ CASTAÑEDA"" ",EDOMEX,Buena,Media,"19.468662, -99.234348"
2020-07-18,"HOSPITAL GENERAL ATIZAPAN DE ZARAGOZA ""DR. SALVADOR GONZALEZ HERREJÓN""",EDOMEX,Buena,Media,"19.546322, -99.237491"
2020-07-18,"HOSPITAL GENERAL CUAUTITLAN ""GRAL. JOSE VICENTE VILLADA""",EDOMEX,Media,Buena,"19.664586, -99.178557"
2020-07-18,"HOSPITAL GENERAL DE NEZAHUALCOYOTL ""GUSTAVO BAZ PRADA""",EDOMEX,Buena,Buena,"19.422253, -99.014892"
2020-07-18,"HOSPITAL GENERAL DE ECATEPEC ""JOSÉ MARÍA RODRÍGUEZ""",EDOMEX,Buena,Buena,"19.514412, -99.038087"
2020-07-18,"HOSPITAL GENERAL NEZAHUALCOYOTL ""LA PERLA"" ",EDOMEX,Buena,Buena,"19.387963, -98.989442"
2020-07-18,HOSPITAL GENERAL DE CHIMALHUACAN,EDOMEX,Buena,Buena,"19.419753, -98.975140"
2020-07-18,"HOSPITAL GENERAL DE IXTAPALUCA ""PEDRO LOPEZ""",EDOMEX,Buena,Buena,"19.318829, -98.855366"
2020-07-18,HOSPITAL GENERAL DE CHALCO ,EDOMEX,Buena,Media,"19.268265, -98.893965"
2020-07-18,"HOSPITAL GENERAL TEXCOCO ""GUADALUPE VICTORIA"" BICENTENARIO ",EDOMEX,Buena,Buena,"19.514309, -98.871750"
2020-07-18,"HOSPITAL GENERAL VALLE DE CHALCO ""DR. FERNANDO QUIROZ GUTIERREZ"" ",EDOMEX,Buena,Buena,"19.273775, -98.941609"
2020-07-18,"HOSPITAL GENERAL AMECAMECA ""VALENTIN GOMEZ FARIAS"" ",EDOMEX,Buena,Buena,"19.144883, -98.785072"
2020-07-18,HOSPITAL GENERAL DE AXAPUSCO,EDOMEX,Buena,Buena,"19.732872, -98.769445"
2020-07-19,INSTITUTO NACIONAL DE NUTRICIÓN,SSA,Media,Media,"19.289599, -99.155441"
2020-07-19,INER,SSA,Media,Media,"19.291375, -99.158653"
2020-07-19,HOSPITAL GENERAL DE MÉXICO,SSA,Media,Buena,"19.4129258, -99.1520225"
2020-07-19,HOSPITAL JUAREZ,SSA,Crítica,Buena,"19.481829, -99.135576"
2020-07-19,HOSPITAL GENERAL DR. MANUEL GEA GONZÁLEZ,SSA,Media,Media,"19.290295, -99.160861"
2020-07-19,HOSPITAL INFANTIL DE MÉXICO FEDERICO GÓMEZ,SSA,Buena,Buena,"19.410839, -99.151941"
2020-07-19,INSTITUTO  NACIONAL DE CARDIOLOGÍA IGNACIO CHÁVEZ,SSA,Media,Buena,"19.290598, -99.153838"
2020-07-19,CITIBANAMEX,SSA,Buena,Buena,"19.439732, -99.224235"
2020-07-19,HOSPITAL REGIONAL DE ALTA ESPECIALIDAD DE IXTAPALUCA,SSA,Buena,Media,"19.318796, -98.855353"
2020-07-19,BELISARIO DOMINGUEZ,SEDESA,Media,Buena,"19.307226, -99.065356"
2020-07-19,ENRIQUE CABRERA,SEDESA,Buena,Buena,"19.361675, -99.224432"
2020-07-19,GENERAL TLAHUAC,SEDESA,Buena,Buena,"19.287492, -99.052665"
2020-07-19,PEDIATRICO DE LA VILLA,SEDESA,Buena,Buena,"19.487355, -99.114316"
2020-07-19,HOSPITAL GENERAL AJUSCO MEDIO,SEDESA,Buena,Buena,"19.272165, -99.207846"
2020-07-19,HOSPITAL GENERAL IZTAPALAPA,SEDESA,Buena,Buena,"19.343426, -99.027236"
2020-07-19,HOSPITAL GENERAL XOCO,SEDESA,Buena,Buena,"19.360313, -99.162275"
2020-07-19,HOSPITAL GENERAL VILLA,SEDESA,Media,Buena,"19.480079, -99.103353"
2020-07-19,HOSPITAL GENERAL DR. RUBÉN LEÑERO,SEDESA,Crítica,Buena,"19.451398, -99.169565"
2020-07-19,HOSPITAL GENERAL MILPA ALTA,SEDESA,Buena,Buena,"19.200951, -99.011210"
2020-07-19,HOSPITAL GENERAL BALBUENA,SEDESA,Buena,Buena,"19.424195, -99.115412"
2020-07-19,HOSPITAL TEPEPAN,SEDESA,Sin Dato,Sin Dato,"19.275806, -99.144298"
2020-07-19,HOSPITAL DE ESPECIALIDADES 01 CMN SIGLO XXI (CDMX SUR),IMSS,Buena,Buena,"19.466549, -99.145102"
2020-07-19,HOSPITAL DE PEDIATRIA 01 CMN SIGLO XXI (CDMX SUR),IMSS,Buena,Buena,"19.407458, -99.152267"
2020-07-19,HOSPITAL GENERAL DE ZONA 01 CARLOS MC GREGOR (CDMX SUR),IMSS,Buena,Media,"19.395912, -99.161610"
2020-07-19,HOSPITAL GENERAL DE ZONA 1A PARQUE DE LOS VENADOS (CDMX SUR),IMSS,Media,Buena,"19.374431, -99.151203"
2020-07-19,HOSPITAL DE INFECTOLOGIA 01 LA RAZA (CDMX NORTE),IMSS,Buena,Buena,"19.464865, -99.144859"
2020-07-19,HOSPITAL GENERAL 01 (CDMX NORTE) LA RAZA,IMSS,Media,Buena,"19.395740, -99.161677"
2020-07-19,HOSPITAL GENERAL DE ZONA 24 (CDMX NORTE),IMSS,Buena,Media,"19.483221, -99.128448"
2020-07-19,HOSPITAL GENERAL DE ZONA 27 (CDMX NORTE),IMSS,Buena,Buena,"19.454776, -99.140007"
2020-07-19,HOSPITAL GENERAL DE ZONA 2A (CDMX SUR),IMSS,Buena,Buena,"19.405495, -99.112200"
2020-07-19,HOSPITAL GENERAL DE ZONA 30 (CDMX SUR),IMSS,Media,Buena,"19.398836, -99.116913"
2020-07-19,HOSPITAL GENERAL DE ZONA 32 (CDMX SUR),IMSS,Buena,Buena,"19.307964, -99.130677"
2020-07-19,HOSPITAL GENERAL DE ZONA C/MF 08 (CDMX SUR),IMSS,Crítica,Buena,"19.337137, -99.200142"
2020-07-19,HOSPITAL GENERAL DE ZONA C/UMAA 48 (CDMX NORTE),IMSS,Media,Buena,"19.482375, -99.213046"
2020-07-19,HOSPITAL GENERAL 02 (CDMX SUR) VILLA COAPA (COY.),IMSS,Media,Buena,"19.309194, -99.129593"
2020-07-19,HOSPITAL DE ESPECIALIDADES 01 (CDMX NORTE) LA RAZA (AZC),IMSS,Media,Buena,"19.467169, -99.143785"
2020-07-19,HOSPITAL GENERAL DE ZONA C/MF 29 (S. JUAN ARAGÓN),IMSS,Media,Buena,"19.465117, -99.085162"
2020-07-19,HOSPITAL GENERAL DE ZONA 47 (CDMX SUR) (IZP),IMSS,Buena,Media,"19.357566, -99.054269"
2020-07-19,UNIDAD MÓVIL TEMPORAL COVID,IMSS,Crítica,Media,"19.403082, -99.089177"
2020-07-19,CRIT IZTAPALAPA,IMSS,Buena,Buena,"19.328321, -99.068530"
2020-07-19,HOSPITAL GENERAL REGIONAL 72,IMSS,Media,Buena,"19.356913, -98.990929"
2020-07-19,HOSPITAL GENERAL REGIONAL 196,IMSS,Media,Buena,"19.515133, -98.891450"
2020-07-19,HOSPITAL GENERAL REGIONAL 200,IMSS,Buena,Buena,"19.470300, -99.234208"
2020-07-19,HOSPITAL GENERAL DE ZONA 53,IMSS,Media,Media,"19.597387, -99.188426"
2020-07-19,HOSPITAL GENERAL DE ZONA 197,IMSS,Buena,Media,"19.530797, -99.222446"
2020-07-19,HOSPITAL GENERAL DE ZONA 194,IMSS,Media,Buena,"19.570070, -99.044009"
2020-07-19,HOSPITAL GENERAL DE ZONA 57 (LA QUEBRADA),IMSS,Media,Buena,"19.542797, -99.205022"
2020-07-19,HOSPITAL GENERAL DE ZONA 58 (LAS MARGARITAS),IMSS,Media,Media,"19.529016, -99.030983"
2020-07-19,HOSPITAL GENERAL DE ZONA 68 (TULPETLAC),IMSS,Buena,Buena,"19.742905, -98.972971"
2020-07-19,HOSPITAL GENERAL DE ZONA 71 (CHALCO),IMSS,Buena,Buena,"19.356913, -98.990929"
2020-07-19,HOSPITAL GENERAL DE ZONA 76 (XALOSTOC),IMSS,Buena,Media,"19.515133, -98.891450"
2020-07-19,HOSPITAL GENERAL DE ZONA 98 (COACALCO),IMSS,Media,Media,"19.470300, -99.234208"
2020-07-19,CRIT NEZAHUALCÓYOTL,IMSS,Buena,Buena,"19.425795, -99.029987"
2020-07-19,CENTRO MEDICO 20 DE NOVIEMBRE,ISSSTE,Media,Buena,"19.372720, -99.171205"
2020-07-19,HG DARIO FERNANDEZ FIERRO,ISSSTE,Media,Media,"19.363602, -99.188608"
2020-07-19,HG JOSE MARIA MORELOS,ISSSTE,Buena,Buena,"19.363918, -98.995393"
2020-07-19,HG TACUBA,ISSSTE,Crítica,Media,"19.454384, -99.191231"
2020-07-19,HG DR FERNANDO QUIROZ,ISSSTE,Media,Buena,"19.394242, -99.194187"
2020-07-19,HG IGNACIO ZARAGOZA,ISSSTE,Buena,Media,"19.389472, -99.045019"
2020-07-19,HR PRIMERO DE OCTUBRE,ISSSTE,Media,Crítica,"19.486751, -99.133249"
2020-07-19,HR LIC. ADOLFO LÓPEZ MATEOS,ISSSTE,Buena,Buena,"19.358451, -99.172716"
2020-07-19,HR BICENTENARIO DE LA INDEPENDENCIA,ISSSTE,Buena,Media,"19.628814, -99.163343"
2020-07-19,ALTA ESPECIALIDAD DE ZUMPANGO,EDOMEX,Media,Media,"19.815198, -99.089196"
2020-07-19,HOSPITAL REGIONAL TLALNEPANTLA ISSEMYM,EDOMEX,Crítica,Buena,"19.521706, -99.187341"
2020-07-19,"HOSPITAL GENERAL ECATEPEC ""LAS AMÉRICAS""",EDOMEX,Buena,Media,"19.594136, -99.018679"
2020-07-19,"HOSPITAL GENERAL DE NAUCALPAN ""DR. MAXIMILIANO RUIZ CASTAÑEDA"" ",EDOMEX,Buena,Media,"19.468662, -99.234348"
2020-07-19,"HOSPITAL GENERAL ATIZAPAN DE ZARAGOZA ""DR. SALVADOR GONZALEZ HERREJÓN""",EDOMEX,Buena,Buena,"19.546322, -99.237491"
2020-07-19,"HOSPITAL GENERAL CUAUTITLAN ""GRAL. JOSE VICENTE VILLADA""",EDOMEX,Media,Buena,"19.664586, -99.178557"
2020-07-19,"HOSPITAL GENERAL DE NEZAHUALCOYOTL ""GUSTAVO BAZ PRADA""",EDOMEX,Buena,Media,"19.422253, -99.014892"
2020-07-19,"HOSPITAL GENERAL DE ECATEPEC ""JOSÉ MARÍA RODRÍGUEZ""",EDOMEX,Buena,Buena,"19.514412, -99.038087"
2020-07-19,"HOSPITAL GENERAL NEZAHUALCOYOTL ""LA PERLA"" ",EDOMEX,Buena,Buena,"19.387963, -98.989442"
2020-07-19,HOSPITAL GENERAL DE CHIMALHUACAN,EDOMEX,Buena,Buena,"19.419753, -98.975140"
2020-07-19,"HOSPITAL GENERAL DE IXTAPALUCA ""PEDRO LOPEZ""",EDOMEX,Buena,Buena,"19.318829, -98.855366"
2020-07-19,HOSPITAL GENERAL DE CHALCO ,EDOMEX,Buena,Media,"19.268265, -98.893965"
2020-07-19,"HOSPITAL GENERAL TEXCOCO ""GUADALUPE VICTORIA"" BICENTENARIO ",EDOMEX,Media,Buena,"19.514309, -98.871750"
2020-07-19,"HOSPITAL GENERAL VALLE DE CHALCO ""DR. FERNANDO QUIROZ GUTIERREZ"" ",EDOMEX,Buena,Buena,"19.273775, -98.941609"
2020-07-19,"HOSPITAL GENERAL AMECAMECA ""VALENTIN GOMEZ FARIAS"" ",EDOMEX,Buena,Buena,"19.144883, -98.785072"
2020-07-19,HOSPITAL GENERAL DE AXAPUSCO,EDOMEX,Media,Buena,"19.732872, -98.769445"
2020-07-20,INSTITUTO NACIONAL DE NUTRICIÓN,SSA,Crítica,Crítica,"19.289599, -99.155441"
2020-07-20,INER,SSA,Media,Media,"19.291375, -99.158653"
2020-07-20,HOSPITAL GENERAL DE MÉXICO,SSA,Media,Buena,"19.4129258, -99.1520225"
2020-07-20,HOSPITAL JUAREZ,SSA,Crítica,Buena,"19.481829, -99.135576"
2020-07-20,HOSPITAL GENERAL DR. MANUEL GEA GONZÁLEZ,SSA,Media,Media,"19.290295, -99.160861"
2020-07-20,HOSPITAL INFANTIL DE MÉXICO FEDERICO GÓMEZ,SSA,Buena,Buena,"19.410839, -99.151941"
2020-07-20,INSTITUTO  NACIONAL DE CARDIOLOGÍA IGNACIO CHÁVEZ,SSA,Media,Buena,"19.290598, -99.153838"
2020-07-20,CITIBANAMEX,SSA,Buena,Media,"19.439732, -99.224235"
2020-07-20,HOSPITAL REGIONAL DE ALTA ESPECIALIDAD DE IXTAPALUCA,SSA,Buena,Media,"19.318796, -98.855353"
2020-07-20,BELISARIO DOMINGUEZ,SEDESA,Media,Buena,"19.307226, -99.065356"
2020-07-20,ENRIQUE CABRERA,SEDESA,Buena,Buena,"19.361675, -99.224432"
2020-07-20,GENERAL TLAHUAC,SEDESA,Buena,Buena,"19.287492, -99.052665"
2020-07-20,PEDIATRICO DE LA VILLA,SEDESA,Buena,Buena,"19.487355, -99.114316"
2020-07-20,HOSPITAL GENERAL AJUSCO MEDIO,SEDESA,Buena,Buena,"19.272165, -99.207846"
2020-07-20,HOSPITAL GENERAL IZTAPALAPA,SEDESA,Buena,Buena,"19.343426, -99.027236"
2020-07-20,HOSPITAL GENERAL XOCO,SEDESA,Media,Buena,"19.360313, -99.162275"
2020-07-20,HOSPITAL GENERAL VILLA,SEDESA,Buena,Buena,"19.480079, -99.103353"
2020-07-20,HOSPITAL GENERAL DR. RUBÉN LEÑERO,SEDESA,Media,Buena,"19.451398, -99.169565"
2020-07-20,HOSPITAL GENERAL MILPA ALTA,SEDESA,Buena,Buena,"19.200951, -99.011210"
2020-07-20,HOSPITAL GENERAL BALBUENA,SEDESA,Buena,Buena,"19.424195, -99.115412"
2020-07-20,HOSPITAL TEPEPAN,SEDESA,Sin Dato,Sin Dato,"19.275806, -99.144298"
2020-07-20,HOSPITAL DE ESPECIALIDADES 01 CMN SIGLO XXI (CDMX SUR),IMSS,Buena,Buena,"19.466549, -99.145102"
2020-07-20,HOSPITAL DE PEDIATRIA 01 CMN SIGLO XXI (CDMX SUR),IMSS,Buena,Buena,"19.407458, -99.152267"
2020-07-20,HOSPITAL GENERAL DE ZONA 01 CARLOS MC GREGOR (CDMX SUR),IMSS,Media,Media,"19.395912, -99.161610"
2020-07-20,HOSPITAL GENERAL DE ZONA 1A PARQUE DE LOS VENADOS (CDMX SUR),IMSS,Media,Buena,"19.374431, -99.151203"
2020-07-20,HOSPITAL DE INFECTOLOGIA 01 LA RAZA (CDMX NORTE),IMSS,Buena,Buena,"19.464865, -99.144859"
2020-07-20,HOSPITAL GENERAL 01 (CDMX NORTE) LA RAZA,IMSS,Media,Buena,"19.395740, -99.161677"
2020-07-20,HOSPITAL GENERAL DE ZONA 24 (CDMX NORTE),IMSS,Buena,Media,"19.483221, -99.128448"
2020-07-20,HOSPITAL GENERAL DE ZONA 27 (CDMX NORTE),IMSS,Buena,Buena,"19.454776, -99.140007"
2020-07-20,HOSPITAL GENERAL DE ZONA 2A (CDMX SUR),IMSS,Buena,Buena,"19.405495, -99.112200"
2020-07-20,HOSPITAL GENERAL DE ZONA 30 (CDMX SUR),IMSS,Media,Buena,"19.398836, -99.116913"
2020-07-20,HOSPITAL GENERAL DE ZONA 32 (CDMX SUR),IMSS,Buena,Buena,"19.307964, -99.130677"
2020-07-20,HOSPITAL GENERAL DE ZONA C/MF 08 (CDMX SUR),IMSS,Crítica,Buena,"19.337137, -99.200142"
2020-07-20,HOSPITAL GENERAL DE ZONA C/UMAA 48 (CDMX NORTE),IMSS,Media,Buena,"19.482375, -99.213046"
2020-07-20,HOSPITAL GENERAL 02 (CDMX SUR) VILLA COAPA (COY.),IMSS,Media,Media,"19.309194, -99.129593"
2020-07-20,HOSPITAL DE ESPECIALIDADES 01 (CDMX NORTE) LA RAZA (AZC),IMSS,Media,Buena,"19.467169, -99.143785"
2020-07-20,HOSPITAL GENERAL DE ZONA C/MF 29 (S. JUAN ARAGÓN),IMSS,Media,Buena,"19.465117, -99.085162"
2020-07-20,HOSPITAL GENERAL DE ZONA 47 (CDMX SUR) (IZP),IMSS,Buena,Crítica,"19.357566, -99.054269"
2020-07-20,UNIDAD MÓVIL TEMPORAL COVID,IMSS,Crítica,Media,"19.403082, -99.089177"
2020-07-20,CRIT IZTAPALAPA,IMSS,Buena,Buena,"19.328321, -99.068530"
2020-07-20,HOSPITAL GENERAL REGIONAL 72,IMSS,Media,Media,"19.356913, -98.990929"
2020-07-20,HOSPITAL GENERAL REGIONAL 196,IMSS,Media,Media,"19.515133, -98.891450"
2020-07-20,HOSPITAL GENERAL REGIONAL 200,IMSS,Media,Buena,"19.470300, -99.234208"
2020-07-20,HOSPITAL GENERAL DE ZONA 53,IMSS,Media,Buena,"19.597387, -99.188426"
2020-07-20,HOSPITAL GENERAL DE ZONA 197,IMSS,Buena,Media,"19.530797, -99.222446"
2020-07-20,HOSPITAL GENERAL DE ZONA 194,IMSS,Media,Buena,"19.570070, -99.044009"
2020-07-20,HOSPITAL GENERAL DE ZONA 57 (LA QUEBRADA),IMSS,Media,Buena,"19.542797, -99.205022"
2020-07-20,HOSPITAL GENERAL DE ZONA 58 (LAS MARGARITAS),IMSS,Media,Media,"19.529016, -99.030983"
2020-07-20,HOSPITAL GENERAL DE ZONA 68 (TULPETLAC),IMSS,Buena,Buena,"19.742905, -98.972971"
2020-07-20,HOSPITAL GENERAL DE ZONA 71 (CHALCO),IMSS,Buena,Buena,"19.356913, -98.990929"
2020-07-20,HOSPITAL GENERAL DE ZONA 76 (XALOSTOC),IMSS,Buena,Media,"19.515133, -98.891450"
2020-07-20,HOSPITAL GENERAL DE ZONA 98 (COACALCO),IMSS,Media,Media,"19.470300, -99.234208"
2020-07-20,CRIT NEZAHUALCÓYOTL,IMSS,Buena,Buena,"19.425795, -99.029987"
2020-07-20,CENTRO MEDICO 20 DE NOVIEMBRE,ISSSTE,Media,Buena,"19.372720, -99.171205"
2020-07-20,HG DARIO FERNANDEZ FIERRO,ISSSTE,Media,Buena,"19.363602, -99.188608"
2020-07-20,HG JOSE MARIA MORELOS,ISSSTE,Buena,Buena,"19.363918, -98.995393"
2020-07-20,HG TACUBA,ISSSTE,Crítica,Media,"19.454384, -99.191231"
2020-07-20,HG DR FERNANDO QUIROZ,ISSSTE,Media,Buena,"19.394242, -99.194187"
2020-07-20,HG IGNACIO ZARAGOZA,ISSSTE,Buena,Buena,"19.389472, -99.045019"
2020-07-20,HR PRIMERO DE OCTUBRE,ISSSTE,Crítica,Media,"19.486751, -99.133249"
2020-07-20,HR LIC. ADOLFO LÓPEZ MATEOS,ISSSTE,Media,Buena,"19.358451, -99.172716"
2020-07-20,HR BICENTENARIO DE LA INDEPENDENCIA,ISSSTE,Buena,Media,"19.628814, -99.163343"
2020-07-20,ALTA ESPECIALIDAD DE ZUMPANGO,EDOMEX,Media,Media,"19.815198, -99.089196"
2020-07-20,HOSPITAL REGIONAL TLALNEPANTLA ISSEMYM,EDOMEX,Media,Buena,"19.521706, -99.187341"
2020-07-20,"HOSPITAL GENERAL ECATEPEC ""LAS AMÉRICAS""",EDOMEX,Buena,Crítica,"19.594136, -99.018679"
2020-07-20,"HOSPITAL GENERAL DE NAUCALPAN ""DR. MAXIMILIANO RUIZ CASTAÑEDA"" ",EDOMEX,Buena,Buena,"19.468662, -99.234348"
2020-07-20,"HOSPITAL GENERAL ATIZAPAN DE ZARAGOZA ""DR. SALVADOR GONZALEZ HERREJÓN""",EDOMEX,Buena,Buena,"19.546322, -99.237491"
2020-07-20,"HOSPITAL GENERAL CUAUTITLAN ""GRAL. JOSE VICENTE VILLADA""",EDOMEX,Media,Buena,"19.664586, -99.178557"
2020-07-20,"HOSPITAL GENERAL DE NEZAHUALCOYOTL ""GUSTAVO BAZ PRADA""",EDOMEX,Buena,Buena,"19.422253, -99.014892"
2020-07-20,"HOSPITAL GENERAL DE ECATEPEC ""JOSÉ MARÍA RODRÍGUEZ""",EDOMEX,Buena,Buena,"19.514412, -99.038087"
2020-07-20,"HOSPITAL GENERAL NEZAHUALCOYOTL ""LA PERLA"" ",EDOMEX,Buena,Buena,"19.387963, -98.989442"
2020-07-20,HOSPITAL GENERAL DE CHIMALHUACAN,EDOMEX,Buena,Buena,"19.419753, -98.975140"
2020-07-20,"HOSPITAL GENERAL DE IXTAPALUCA ""PEDRO LOPEZ""",EDOMEX,Buena,Buena,"19.318829, -98.855366"
2020-07-20,HOSPITAL GENERAL DE CHALCO ,EDOMEX,Buena,Media,"19.268265, -98.893965"
2020-07-20,"HOSPITAL GENERAL TEXCOCO ""GUADALUPE VICTORIA"" BICENTENARIO ",EDOMEX,Media,Buena,"19.514309, -98.871750"
2020-07-20,"HOSPITAL GENERAL VALLE DE CHALCO ""DR. FERNANDO QUIROZ GUTIERREZ"" ",EDOMEX,Buena,Buena,"19.273775, -98.941609"
2020-07-20,"HOSPITAL GENERAL AMECAMECA ""VALENTIN GOMEZ FARIAS"" ",EDOMEX,Buena,Buena,"19.144883, -98.785072"
2020-07-20,HOSPITAL GENERAL DE AXAPUSCO,EDOMEX,Media,Buena,"19.732872, -98.769445"
2020-07-21,INSTITUTO NACIONAL DE NUTRICIÓN,SSA,Crítica,Crítica,"19.289599, -99.155441"
2020-07-21,INER,SSA,Media,Media,"19.291375, -99.158653"
2020-07-21,HOSPITAL GENERAL DE MÉXICO,SSA,Buena,Buena,"19.4129258, -99.1520225"
2020-07-21,HOSPITAL JUAREZ,SSA,Crítica,Buena,"19.481829, -99.135576"
2020-07-21,HOSPITAL GENERAL DR. MANUEL GEA GONZÁLEZ,SSA,Media,Media,"19.290295, -99.160861"
2020-07-21,HOSPITAL INFANTIL DE MÉXICO FEDERICO GÓMEZ,SSA,Buena,Buena,"19.410839, -99.151941"
2020-07-21,INSTITUTO  NACIONAL DE CARDIOLOGÍA IGNACIO CHÁVEZ,SSA,Buena,Buena,"19.290598, -99.153838"
2020-07-21,CITIBANAMEX,SSA,Buena,Media,"19.439732, -99.224235"
2020-07-21,HOSPITAL REGIONAL DE ALTA ESPECIALIDAD DE IXTAPALUCA,SSA,Buena,Media,"19.318796, -98.855353"
2020-07-21,BELISARIO DOMINGUEZ,SEDESA,Media,Buena,"19.307226, -99.065356"
2020-07-21,ENRIQUE CABRERA,SEDESA,Buena,Buena,"19.361675, -99.224432"
2020-07-21,GENERAL TLAHUAC,SEDESA,Buena,Buena,"19.287492, -99.052665"
2020-07-21,PEDIATRICO DE LA VILLA,SEDESA,Buena,Buena,"19.487355, -99.114316"
2020-07-21,HOSPITAL GENERAL AJUSCO MEDIO,SEDESA,Buena,Buena,"19.272165, -99.207846"
2020-07-21,HOSPITAL GENERAL IZTAPALAPA,SEDESA,Buena,Buena,"19.343426, -99.027236"
2020-07-21,HOSPITAL GENERAL XOCO,SEDESA,Media,Buena,"19.360313, -99.162275"
2020-07-21,HOSPITAL GENERAL VILLA,SEDESA,Buena,Buena,"19.480079, -99.103353"
2020-07-21,HOSPITAL GENERAL DR. RUBÉN LEÑERO,SEDESA,Media,Buena,"19.451398, -99.169565"
2020-07-21,HOSPITAL GENERAL MILPA ALTA,SEDESA,Buena,Buena,"19.200951, -99.011210"
2020-07-21,HOSPITAL GENERAL BALBUENA,SEDESA,Buena,Buena,"19.424195, -99.115412"
2020-07-21,HOSPITAL TEPEPAN,SEDESA,Sin Dato,Sin Dato,"19.275806, -99.144298"
2020-07-21,HOSPITAL DE ESPECIALIDADES 01 CMN SIGLO XXI (CDMX SUR),IMSS,Buena,Buena,"19.466549, -99.145102"
2020-07-21,HOSPITAL DE PEDIATRIA 01 CMN SIGLO XXI (CDMX SUR),IMSS,Buena,Buena,"19.407458, -99.152267"
2020-07-21,HOSPITAL GENERAL DE ZONA 01 CARLOS MC GREGOR (CDMX SUR),IMSS,Buena,Buena,"19.395912, -99.161610"
2020-07-21,HOSPITAL GENERAL DE ZONA 1A PARQUE DE LOS VENADOS (CDMX SUR),IMSS,Media,Buena,"19.374431, -99.151203"
2020-07-21,HOSPITAL DE INFECTOLOGIA 01 LA RAZA (CDMX NORTE),IMSS,Buena,Buena,"19.464865, -99.144859"
2020-07-21,HOSPITAL GENERAL 01 (CDMX NORTE) LA RAZA,IMSS,Media,Buena,"19.395740, -99.161677"
2020-07-21,HOSPITAL GENERAL DE ZONA 24 (CDMX NORTE),IMSS,Buena,Media,"19.483221, -99.128448"
2020-07-21,HOSPITAL GENERAL DE ZONA 27 (CDMX NORTE),IMSS,Buena,Buena,"19.454776, -99.140007"
2020-07-21,HOSPITAL GENERAL DE ZONA 2A (CDMX SUR),IMSS,Media,Buena,"19.405495, -99.112200"
2020-07-21,HOSPITAL GENERAL DE ZONA 30 (CDMX SUR),IMSS,Media,Media,"19.398836, -99.116913"
2020-07-21,HOSPITAL GENERAL DE ZONA 32 (CDMX SUR),IMSS,Buena,Buena,"19.307964, -99.130677"
2020-07-21,HOSPITAL GENERAL DE ZONA C/MF 08 (CDMX SUR),IMSS,Crítica,Buena,"19.337137, -99.200142"
2020-07-21,HOSPITAL GENERAL DE ZONA C/UMAA 48 (CDMX NORTE),IMSS,Media,Buena,"19.482375, -99.213046"
2020-07-21,HOSPITAL GENERAL 02 (CDMX SUR) VILLA COAPA (COY.),IMSS,Media,Media,"19.309194, -99.129593"
2020-07-21,HOSPITAL DE ESPECIALIDADES 01 (CDMX NORTE) LA RAZA (AZC),IMSS,Media,Buena,"19.467169, -99.143785"
2020-07-21,HOSPITAL GENERAL DE ZONA C/MF 29 (S. JUAN ARAGÓN),IMSS,Media,Buena,"19.465117, -99.085162"
2020-07-21,HOSPITAL GENERAL DE ZONA 47 (CDMX SUR) (IZP),IMSS,Buena,Crítica,"19.357566, -99.054269"
2020-07-21,UNIDAD MÓVIL TEMPORAL COVID,IMSS,Crítica,Crítica,"19.403082, -99.089177"
2020-07-21,CRIT IZTAPALAPA,IMSS,Buena,Buena,"19.328321, -99.068530"
2020-07-21,HOSPITAL GENERAL REGIONAL 72,IMSS,Media,Media,"19.356913, -98.990929"
2020-07-21,HOSPITAL GENERAL REGIONAL 196,IMSS,Media,Media,"19.515133, -98.891450"
2020-07-21,HOSPITAL GENERAL REGIONAL 200,IMSS,Media,Buena,"19.470300, -99.234208"
2020-07-21,HOSPITAL GENERAL DE ZONA 53,IMSS,Media,Buena,"19.597387, -99.188426"
2020-07-21,HOSPITAL GENERAL DE ZONA 197,IMSS,Buena,Media,"19.530797, -99.222446"
2020-07-21,HOSPITAL GENERAL DE ZONA 194,IMSS,Media,Buena,"19.570070, -99.044009"
2020-07-21,HOSPITAL GENERAL DE ZONA 57 (LA QUEBRADA),IMSS,Media,Buena,"19.542797, -99.205022"
2020-07-21,HOSPITAL GENERAL DE ZONA 58 (LAS MARGARITAS),IMSS,Media,Media,"19.529016, -99.030983"
2020-07-21,HOSPITAL GENERAL DE ZONA 68 (TULPETLAC),IMSS,Buena,Media,"19.742905, -98.972971"
2020-07-21,HOSPITAL GENERAL DE ZONA 71 (CHALCO),IMSS,Buena,Buena,"19.356913, -98.990929"
2020-07-21,HOSPITAL GENERAL DE ZONA 76 (XALOSTOC),IMSS,Buena,Buena,"19.515133, -98.891450"
2020-07-21,HOSPITAL GENERAL DE ZONA 98 (COACALCO),IMSS,Media,Buena,"19.470300, -99.234208"
2020-07-21,CRIT NEZAHUALCÓYOTL,IMSS,Buena,Buena,"19.425795, -99.029987"
2020-07-21,CENTRO MEDICO 20 DE NOVIEMBRE,ISSSTE,Media,Buena,"19.372720, -99.171205"
2020-07-21,HG DARIO FERNANDEZ FIERRO,ISSSTE,Media,Media,"19.363602, -99.188608"
2020-07-21,HG JOSE MARIA MORELOS,ISSSTE,Buena,Media,"19.363918, -98.995393"
2020-07-21,HG TACUBA,ISSSTE,Crítica,Media,"19.454384, -99.191231"
2020-07-21,HG DR FERNANDO QUIROZ,ISSSTE,Media,Buena,"19.394242, -99.194187"
2020-07-21,HG IGNACIO ZARAGOZA,ISSSTE,Buena,Buena,"19.389472, -99.045019"
2020-07-21,HR PRIMERO DE OCTUBRE,ISSSTE,Media,Media,"19.486751, -99.133249"
2020-07-21,HR LIC. ADOLFO LÓPEZ MATEOS,ISSSTE,Media,Buena,"19.358451, -99.172716"
2020-07-21,HR BICENTENARIO DE LA INDEPENDENCIA,ISSSTE,Media,Media,"19.628814, -99.163343"
2020-07-21,ALTA ESPECIALIDAD DE ZUMPANGO,EDOMEX,Media,Media,"19.815198, -99.089196"
2020-07-21,HOSPITAL REGIONAL TLALNEPANTLA ISSEMYM,EDOMEX,Media,Media,"19.521706, -99.187341"
2020-07-21,"HOSPITAL GENERAL ECATEPEC ""LAS AMÉRICAS""",EDOMEX,Buena,Crítica,"19.594136, -99.018679"
2020-07-21,"HOSPITAL GENERAL DE NAUCALPAN ""DR. MAXIMILIANO RUIZ CASTAÑEDA"" ",EDOMEX,Buena,Buena,"19.468662, -99.234348"
2020-07-21,"HOSPITAL GENERAL ATIZAPAN DE ZARAGOZA ""DR. SALVADOR GONZALEZ HERREJÓN""",EDOMEX,Buena,Buena,"19.546322, -99.237491"
2020-07-21,"HOSPITAL GENERAL CUAUTITLAN ""GRAL. JOSE VICENTE VILLADA""",EDOMEX,Media,Buena,"19.664586, -99.178557"
2020-07-21,"HOSPITAL GENERAL DE NEZAHUALCOYOTL ""GUSTAVO BAZ PRADA""",EDOMEX,Buena,Buena,"19.422253, -99.014892"
2020-07-21,"HOSPITAL GENERAL DE ECATEPEC ""JOSÉ MARÍA RODRÍGUEZ""",EDOMEX,Buena,Buena,"19.514412, -99.038087"
2020-07-21,"HOSPITAL GENERAL NEZAHUALCOYOTL ""LA PERLA"" ",EDOMEX,Buena,Media,"19.387963, -98.989442"
2020-07-21,HOSPITAL GENERAL DE CHIMALHUACAN,EDOMEX,Buena,Buena,"19.419753, -98.975140"
2020-07-21,"HOSPITAL GENERAL DE IXTAPALUCA ""PEDRO LOPEZ""",EDOMEX,Buena,Buena,"19.318829, -98.855366"
2020-07-21,HOSPITAL GENERAL DE CHALCO ,EDOMEX,Buena,Media,"19.268265, -98.893965"
2020-07-21,"HOSPITAL GENERAL TEXCOCO ""GUADALUPE VICTORIA"" BICENTENARIO ",EDOMEX,Media,Buena,"19.514309, -98.871750"
2020-07-21,"HOSPITAL GENERAL VALLE DE CHALCO ""DR. FERNANDO QUIROZ GUTIERREZ"" ",EDOMEX,Buena,Buena,"19.273775, -98.941609"
2020-07-21,"HOSPITAL GENERAL AMECAMECA ""VALENTIN GOMEZ FARIAS"" ",EDOMEX,Buena,Buena,"19.144883, -98.785072"
2020-07-21,HOSPITAL GENERAL DE AXAPUSCO,EDOMEX,Media,Buena,"19.732872, -98.769445"
2020-07-22,INSTITUTO NACIONAL DE NUTRICIÓN,SSA,Crítica,Crítica,"19.289599, -99.155441"
2020-07-22,INER,SSA,Crítica,Media,"19.291375, -99.158653"
2020-07-22,HOSPITAL GENERAL DE MÉXICO,SSA,Media,Media,"19.4129258, -99.1520225"
2020-07-22,HOSPITAL JUAREZ,SSA,Crítica,Buena,"19.481829, -99.135576"
2020-07-22,HOSPITAL GENERAL DR. MANUEL GEA GONZÁLEZ,SSA,Media,Media,"19.290295, -99.160861"
2020-07-22,HOSPITAL INFANTIL DE MÉXICO FEDERICO GÓMEZ,SSA,Buena,Buena,"19.410839, -99.151941"
2020-07-22,INSTITUTO  NACIONAL DE CARDIOLOGÍA IGNACIO CHÁVEZ,SSA,Buena,Buena,"19.290598, -99.153838"
2020-07-22,CITIBANAMEX,SSA,Buena,Media,"19.439732, -99.224235"
2020-07-22,HOSPITAL REGIONAL DE ALTA ESPECIALIDAD DE IXTAPALUCA,SSA,Buena,Media,"19.318796, -98.855353"
2020-07-22,BELISARIO DOMINGUEZ,SEDESA,Buena,Buena,"19.307226, -99.065356"
2020-07-22,ENRIQUE CABRERA,SEDESA,Buena,Buena,"19.361675, -99.224432"
2020-07-22,GENERAL TLAHUAC,SEDESA,Buena,Buena,"19.287492, -99.052665"
2020-07-22,PEDIATRICO DE LA VILLA,SEDESA,Buena,Buena,"19.487355, -99.114316"
2020-07-22,HOSPITAL GENERAL AJUSCO MEDIO,SEDESA,Buena,Buena,"19.272165, -99.207846"
2020-07-22,HOSPITAL GENERAL IZTAPALAPA,SEDESA,Buena,Buena,"19.343426, -99.027236"
2020-07-22,HOSPITAL GENERAL XOCO,SEDESA,Media,Buena,"19.360313, -99.162275"
2020-07-22,HOSPITAL GENERAL VILLA,SEDESA,Media,Buena,"19.480079, -99.103353"
2020-07-22,HOSPITAL GENERAL DR. RUBÉN LEÑERO,SEDESA,Media,Buena,"19.451398, -99.169565"
2020-07-22,HOSPITAL GENERAL MILPA ALTA,SEDESA,Buena,Buena,"19.200951, -99.011210"
2020-07-22,HOSPITAL GENERAL BALBUENA,SEDESA,Buena,Buena,"19.424195, -99.115412"
2020-07-22,HOSPITAL TEPEPAN,SEDESA,Sin Dato,Sin Dato,"19.275806, -99.144298"
2020-07-22,HOSPITAL DE ESPECIALIDADES 01 CMN SIGLO XXI (CDMX SUR),IMSS,Buena,Buena,"19.466549, -99.145102"
2020-07-22,HOSPITAL DE PEDIATRIA 01 CMN SIGLO XXI (CDMX SUR),IMSS,Buena,Buena,"19.407458, -99.152267"
2020-07-22,HOSPITAL GENERAL DE ZONA 01 CARLOS MC GREGOR (CDMX SUR),IMSS,Buena,Media,"19.395912, -99.161610"
2020-07-22,HOSPITAL GENERAL DE ZONA 1A PARQUE DE LOS VENADOS (CDMX SUR),IMSS,Media,Buena,"19.374431, -99.151203"
2020-07-22,HOSPITAL DE INFECTOLOGIA 01 LA RAZA (CDMX NORTE),IMSS,Media,Buena,"19.464865, -99.144859"
2020-07-22,HOSPITAL GENERAL 01 (CDMX NORTE) LA RAZA,IMSS,Media,Buena,"19.395740, -99.161677"
2020-07-22,HOSPITAL GENERAL DE ZONA 24 (CDMX NORTE),IMSS,Buena,Media,"19.483221, -99.128448"
2020-07-22,HOSPITAL GENERAL DE ZONA 27 (CDMX NORTE),IMSS,Media,Buena,"19.454776, -99.140007"
2020-07-22,HOSPITAL GENERAL DE ZONA 2A (CDMX SUR),IMSS,Buena,Buena,"19.405495, -99.112200"
2020-07-22,HOSPITAL GENERAL DE ZONA 30 (CDMX SUR),IMSS,Media,Buena,"19.398836, -99.116913"
2020-07-22,HOSPITAL GENERAL DE ZONA 32 (CDMX SUR),IMSS,Buena,Buena,"19.307964, -99.130677"
2020-07-22,HOSPITAL GENERAL DE ZONA C/MF 08 (CDMX SUR),IMSS,Crítica,Buena,"19.337137, -99.200142"
2020-07-22,HOSPITAL GENERAL DE ZONA C/UMAA 48 (CDMX NORTE),IMSS,Buena,Buena,"19.482375, -99.213046"
2020-07-22,HOSPITAL GENERAL 02 (CDMX SUR) VILLA COAPA (COY.),IMSS,Media,Buena,"19.309194, -99.129593"
2020-07-22,HOSPITAL DE ESPECIALIDADES 01 (CDMX NORTE) LA RAZA (AZC),IMSS,Media,Buena,"19.467169, -99.143785"
2020-07-22,HOSPITAL GENERAL DE ZONA C/MF 29 (S. JUAN ARAGÓN),IMSS,Media,Buena,"19.465117, -99.085162"
2020-07-22,HOSPITAL GENERAL DE ZONA 47 (CDMX SUR) (IZP),IMSS,Buena,Media,"19.357566, -99.054269"
2020-07-22,UNIDAD MÓVIL TEMPORAL COVID,IMSS,Crítica,Crítica,"19.403082, -99.089177"
2020-07-22,CRIT IZTAPALAPA,IMSS,Buena,Buena,"19.328321, -99.068530"
2020-07-22,HOSPITAL GENERAL REGIONAL 72,IMSS,Media,Media,"19.356913, -98.990929"
2020-07-22,HOSPITAL GENERAL REGIONAL 196,IMSS,Media,Buena,"19.515133, -98.891450"
2020-07-22,HOSPITAL GENERAL REGIONAL 200,IMSS,Media,Buena,"19.470300, -99.234208"
2020-07-22,HOSPITAL GENERAL DE ZONA 53,IMSS,Media,Media,"19.597387, -99.188426"
2020-07-22,HOSPITAL GENERAL DE ZONA 197,IMSS,Buena,Buena,"19.530797, -99.222446"
2020-07-22,HOSPITAL GENERAL DE ZONA 194,IMSS,Media,Buena,"19.570070, -99.044009"
2020-07-22,HOSPITAL GENERAL DE ZONA 57 (LA QUEBRADA),IMSS,Media,Media,"19.542797, -99.205022"
2020-07-22,HOSPITAL GENERAL DE ZONA 58 (LAS MARGARITAS),IMSS,Media,Media,"19.529016, -99.030983"
2020-07-22,HOSPITAL GENERAL DE ZONA 68 (TULPETLAC),IMSS,Buena,Media,"19.742905, -98.972971"
2020-07-22,HOSPITAL GENERAL DE ZONA 71 (CHALCO),IMSS,Buena,Buena,"19.356913, -98.990929"
2020-07-22,HOSPITAL GENERAL DE ZONA 76 (XALOSTOC),IMSS,Buena,Buena,"19.515133, -98.891450"
2020-07-22,HOSPITAL GENERAL DE ZONA 98 (COACALCO),IMSS,Crítica,Buena,"19.470300, -99.234208"
2020-07-22,CRIT NEZAHUALCÓYOTL,IMSS,Buena,Buena,"19.425795, -99.029987"
2020-07-22,CENTRO MEDICO 20 DE NOVIEMBRE,ISSSTE,Media,Buena,"19.372720, -99.171205"
2020-07-22,HG DARIO FERNANDEZ FIERRO,ISSSTE,Buena,Media,"19.363602, -99.188608"
2020-07-22,HG JOSE MARIA MORELOS,ISSSTE,Buena,Media,"19.363918, -98.995393"
2020-07-22,HG TACUBA,ISSSTE,Crítica,Buena,"19.454384, -99.191231"
2020-07-22,HG DR FERNANDO QUIROZ,ISSSTE,Media,Buena,"19.394242, -99.194187"
2020-07-22,HG IGNACIO ZARAGOZA,ISSSTE,Buena,Buena,"19.389472, -99.045019"
2020-07-22,HR PRIMERO DE OCTUBRE,ISSSTE,Media,Media,"19.486751, -99.133249"
2020-07-22,HR LIC. ADOLFO LÓPEZ MATEOS,ISSSTE,Buena,Buena,"19.358451, -99.172716"
2020-07-22,HR BICENTENARIO DE LA INDEPENDENCIA,ISSSTE,Media,Buena,"19.628814, -99.163343"
2020-07-22,ALTA ESPECIALIDAD DE ZUMPANGO,EDOMEX,Media,Media,"19.815198, -99.089196"
2020-07-22,HOSPITAL REGIONAL TLALNEPANTLA ISSEMYM,EDOMEX,Media,Media,"19.521706, -99.187341"
2020-07-22,"HOSPITAL GENERAL ECATEPEC ""LAS AMÉRICAS""",EDOMEX,Buena,Media,"19.594136, -99.018679"
2020-07-22,"HOSPITAL GENERAL DE NAUCALPAN ""DR. MAXIMILIANO RUIZ CASTAÑEDA"" ",EDOMEX,Buena,Buena,"19.468662, -99.234348"
2020-07-22,"HOSPITAL GENERAL ATIZAPAN DE ZARAGOZA ""DR. SALVADOR GONZALEZ HERREJÓN""",EDOMEX,Buena,Buena,"19.546322, -99.237491"
2020-07-22,"HOSPITAL GENERAL CUAUTITLAN ""GRAL. JOSE VICENTE VILLADA""",EDOMEX,Media,Buena,"19.664586, -99.178557"
2020-07-22,"HOSPITAL GENERAL DE NEZAHUALCOYOTL ""GUSTAVO BAZ PRADA""",EDOMEX,Buena,Buena,"19.422253, -99.014892"
2020-07-22,"HOSPITAL GENERAL DE ECATEPEC ""JOSÉ MARÍA RODRÍGUEZ""",EDOMEX,Buena,Buena,"19.514412, -99.038087"
2020-07-22,"HOSPITAL GENERAL NEZAHUALCOYOTL ""LA PERLA"" ",EDOMEX,Buena,Buena,"19.387963, -98.989442"
2020-07-22,HOSPITAL GENERAL DE CHIMALHUACAN,EDOMEX,Buena,Buena,"19.419753, -98.975140"
2020-07-22,"HOSPITAL GENERAL DE IXTAPALUCA ""PEDRO LOPEZ""",EDOMEX,Buena,Buena,"19.318829, -98.855366"
2020-07-22,HOSPITAL GENERAL DE CHALCO ,EDOMEX,Buena,Media,"19.268265, -98.893965"
2020-07-22,"HOSPITAL GENERAL TEXCOCO ""GUADALUPE VICTORIA"" BICENTENARIO ",EDOMEX,Media,Media,"19.514309, -98.871750"
2020-07-22,"HOSPITAL GENERAL VALLE DE CHALCO ""DR. FERNANDO QUIROZ GUTIERREZ"" ",EDOMEX,Buena,Buena,"19.273775, -98.941609"
2020-07-22,"HOSPITAL GENERAL AMECAMECA ""VALENTIN GOMEZ FARIAS"" ",EDOMEX,Buena,Buena,"19.144883, -98.785072"
2020-07-22,HOSPITAL GENERAL DE AXAPUSCO,EDOMEX,Media,Buena,"19.732872, -98.769445"
2020-07-23,INSTITUTO NACIONAL DE NUTRICIÓN,SSA,Crítica,Media,"19.289599, -99.155441"
2020-07-23,INER,SSA,Crítica,Media,"19.291375, -99.158653"
2020-07-23,HOSPITAL GENERAL DE MÉXICO,SSA,Buena,Media,"19.4129258, -99.1520225"
2020-07-23,HOSPITAL JUAREZ,SSA,Crítica,Buena,"19.481829, -99.135576"
2020-07-23,HOSPITAL GENERAL DR. MANUEL GEA GONZÁLEZ,SSA,Crítica,Media,"19.290295, -99.160861"
2020-07-23,HOSPITAL INFANTIL DE MÉXICO FEDERICO GÓMEZ,SSA,Buena,Buena,"19.410839, -99.151941"
2020-07-23,INSTITUTO  NACIONAL DE CARDIOLOGÍA IGNACIO CHÁVEZ,SSA,Media,Buena,"19.290598, -99.153838"
2020-07-23,CITIBANAMEX,SSA,Buena,Media,"19.439732, -99.224235"
2020-07-23,HOSPITAL REGIONAL DE ALTA ESPECIALIDAD DE IXTAPALUCA,SSA,Buena,Media,"19.318796, -98.855353"
2020-07-23,BELISARIO DOMINGUEZ,SEDESA,Media,Buena,"19.307226, -99.065356"
2020-07-23,ENRIQUE CABRERA,SEDESA,Buena,Buena,"19.361675, -99.224432"
2020-07-23,GENERAL TLAHUAC,SEDESA,Buena,Buena,"19.287492, -99.052665"
2020-07-23,PEDIATRICO DE LA VILLA,SEDESA,Buena,Buena,"19.487355, -99.114316"
2020-07-23,HOSPITAL GENERAL AJUSCO MEDIO,SEDESA,Buena,Buena,"19.272165, -99.207846"
2020-07-23,HOSPITAL GENERAL IZTAPALAPA,SEDESA,Buena,Buena,"19.343426, -99.027236"
2020-07-23,HOSPITAL GENERAL XOCO,SEDESA,Media,Buena,"19.360313, -99.162275"
2020-07-23,HOSPITAL GENERAL VILLA,SEDESA,Media,Buena,"19.480079, -99.103353"
2020-07-23,HOSPITAL GENERAL DR. RUBÉN LEÑERO,SEDESA,Media,Buena,"19.451398, -99.169565"
2020-07-23,HOSPITAL GENERAL MILPA ALTA,SEDESA,Buena,Buena,"19.200951, -99.011210"
2020-07-23,HOSPITAL GENERAL BALBUENA,SEDESA,Buena,Buena,"19.424195, -99.115412"
2020-07-23,HOSPITAL TEPEPAN,SEDESA,Sin Dato,Sin Dato,"19.275806, -99.144298"
2020-07-23,HOSPITAL DE ESPECIALIDADES 01 CMN SIGLO XXI (CDMX SUR),IMSS,Buena,Buena,"19.466549, -99.145102"
2020-07-23,HOSPITAL DE PEDIATRIA 01 CMN SIGLO XXI (CDMX SUR),IMSS,Buena,Buena,"19.407458, -99.152267"
2020-07-23,HOSPITAL GENERAL DE ZONA 01 CARLOS MC GREGOR (CDMX SUR),IMSS,Media,Media,"19.395912, -99.161610"
2020-07-23,HOSPITAL GENERAL DE ZONA 1A PARQUE DE LOS VENADOS (CDMX SUR),IMSS,Media,Buena,"19.374431, -99.151203"
2020-07-23,HOSPITAL DE INFECTOLOGIA 01 LA RAZA (CDMX NORTE),IMSS,Media,Buena,"19.464865, -99.144859"
2020-07-23,HOSPITAL GENERAL 01 (CDMX NORTE) LA RAZA,IMSS,Media,Buena,"19.395740, -99.161677"
2020-07-23,HOSPITAL GENERAL DE ZONA 24 (CDMX NORTE),IMSS,Buena,Buena,"19.483221, -99.128448"
2020-07-23,HOSPITAL GENERAL DE ZONA 27 (CDMX NORTE),IMSS,Buena,Buena,"19.454776, -99.140007"
2020-07-23,HOSPITAL GENERAL DE ZONA 2A (CDMX SUR),IMSS,Buena,Buena,"19.405495, -99.112200"
2020-07-23,HOSPITAL GENERAL DE ZONA 30 (CDMX SUR),IMSS,Media,Buena,"19.398836, -99.116913"
2020-07-23,HOSPITAL GENERAL DE ZONA 32 (CDMX SUR),IMSS,Media,Buena,"19.307964, -99.130677"
2020-07-23,HOSPITAL GENERAL DE ZONA C/MF 08 (CDMX SUR),IMSS,Crítica,Buena,"19.337137, -99.200142"
2020-07-23,HOSPITAL GENERAL DE ZONA C/UMAA 48 (CDMX NORTE),IMSS,Buena,Buena,"19.482375, -99.213046"
2020-07-23,HOSPITAL GENERAL 02 (CDMX SUR) VILLA COAPA (COY.),IMSS,Media,Buena,"19.309194, -99.129593"
2020-07-23,HOSPITAL DE ESPECIALIDADES 01 (CDMX NORTE) LA RAZA (AZC),IMSS,Media,Buena,"19.467169, -99.143785"
2020-07-23,HOSPITAL GENERAL DE ZONA C/MF 29 (S. JUAN ARAGÓN),IMSS,Media,Buena,"19.465117, -99.085162"
2020-07-23,HOSPITAL GENERAL DE ZONA 47 (CDMX SUR) (IZP),IMSS,Buena,Media,"19.357566, -99.054269"
2020-07-23,UNIDAD MÓVIL TEMPORAL COVID,IMSS,Crítica,Crítica,"19.403082, -99.089177"
2020-07-23,CRIT IZTAPALAPA,IMSS,Buena,Buena,"19.328321, -99.068530"
2020-07-23,HOSPITAL GENERAL REGIONAL 72,IMSS,Media,Media,"19.356913, -98.990929"
2020-07-23,HOSPITAL GENERAL REGIONAL 196,IMSS,Buena,Buena,"19.515133, -98.891450"
2020-07-23,HOSPITAL GENERAL REGIONAL 200,IMSS,Media,Buena,"19.470300, -99.234208"
2020-07-23,HOSPITAL GENERAL DE ZONA 53,IMSS,Media,Buena,"19.597387, -99.188426"
2020-07-23,HOSPITAL GENERAL DE ZONA 197,IMSS,Buena,Buena,"19.530797, -99.222446"
2020-07-23,HOSPITAL GENERAL DE ZONA 194,IMSS,Media,Buena,"19.570070, -99.044009"
2020-07-23,HOSPITAL GENERAL DE ZONA 57 (LA QUEBRADA),IMSS,Media,Crítica,"19.542797, -99.205022"
2020-07-23,HOSPITAL GENERAL DE ZONA 58 (LAS MARGARITAS),IMSS,Media,Buena,"19.529016, -99.030983"
2020-07-23,HOSPITAL GENERAL DE ZONA 68 (TULPETLAC),IMSS,Buena,Media,"19.742905, -98.972971"
2020-07-23,HOSPITAL GENERAL DE ZONA 71 (CHALCO),IMSS,Buena,Buena,"19.356913, -98.990929"
2020-07-23,HOSPITAL GENERAL DE ZONA 76 (XALOSTOC),IMSS,Buena,Buena,"19.515133, -98.891450"
2020-07-23,HOSPITAL GENERAL DE ZONA 98 (COACALCO),IMSS,Crítica,Buena,"19.470300, -99.234208"
2020-07-23,CRIT NEZAHUALCÓYOTL,IMSS,Buena,Buena,"19.425795, -99.029987"
2020-07-23,CENTRO MEDICO 20 DE NOVIEMBRE,ISSSTE,Media,Media,"19.372720, -99.171205"
2020-07-23,HG DARIO FERNANDEZ FIERRO,ISSSTE,Media,Media,"19.363602, -99.188608"
2020-07-23,HG JOSE MARIA MORELOS,ISSSTE,Buena,Media,"19.363918, -98.995393"
2020-07-23,HG TACUBA,ISSSTE,Crítica,Buena,"19.454384, -99.191231"
2020-07-23,HG DR FERNANDO QUIROZ,ISSSTE,Media,Buena,"19.394242, -99.194187"
2020-07-23,HG IGNACIO ZARAGOZA,ISSSTE,Buena,Media,"19.389472, -99.045019"
2020-07-23,HR PRIMERO DE OCTUBRE,ISSSTE,Media,Media,"19.486751, -99.133249"
2020-07-23,HR LIC. ADOLFO LÓPEZ MATEOS,ISSSTE,Buena,Buena,"19.358451, -99.172716"
2020-07-23,HR BICENTENARIO DE LA INDEPENDENCIA,ISSSTE,Media,Media,"19.628814, -99.163343"
2020-07-23,ALTA ESPECIALIDAD DE ZUMPANGO,EDOMEX,Media,Media,"19.815198, -99.089196"
2020-07-23,HOSPITAL REGIONAL TLALNEPANTLA ISSEMYM,EDOMEX,Media,Media,"19.521706, -99.187341"
2020-07-23,"HOSPITAL GENERAL ECATEPEC ""LAS AMÉRICAS""",EDOMEX,Buena,Buena,"19.594136, -99.018679"
2020-07-23,"HOSPITAL GENERAL DE NAUCALPAN ""DR. MAXIMILIANO RUIZ CASTAÑEDA"" ",EDOMEX,Buena,Buena,"19.468662, -99.234348"
2020-07-23,"HOSPITAL GENERAL ATIZAPAN DE ZARAGOZA ""DR. SALVADOR GONZALEZ HERREJÓN""",EDOMEX,Buena,Buena,"19.546322, -99.237491"
2020-07-23,"HOSPITAL GENERAL CUAUTITLAN ""GRAL. JOSE VICENTE VILLADA""",EDOMEX,Media,Media,"19.664586, -99.178557"
2020-07-23,"HOSPITAL GENERAL DE NEZAHUALCOYOTL ""GUSTAVO BAZ PRADA""",EDOMEX,Buena,Buena,"19.422253, -99.014892"
2020-07-23,"HOSPITAL GENERAL DE ECATEPEC ""JOSÉ MARÍA RODRÍGUEZ""",EDOMEX,Buena,Buena,"19.514412, -99.038087"
2020-07-23,"HOSPITAL GENERAL NEZAHUALCOYOTL ""LA PERLA"" ",EDOMEX,Buena,Buena,"19.387963, -98.989442"
2020-07-23,HOSPITAL GENERAL DE CHIMALHUACAN,EDOMEX,Buena,Buena,"19.419753, -98.975140"
2020-07-23,"HOSPITAL GENERAL DE IXTAPALUCA ""PEDRO LOPEZ""",EDOMEX,Buena,Buena,"19.318829, -98.855366"
2020-07-23,HOSPITAL GENERAL DE CHALCO ,EDOMEX,Buena,Buena,"19.268265, -98.893965"
2020-07-23,"HOSPITAL GENERAL TEXCOCO ""GUADALUPE VICTORIA"" BICENTENARIO ",EDOMEX,Media,Media,"19.514309, -98.871750"
2020-07-23,"HOSPITAL GENERAL VALLE DE CHALCO ""DR. FERNANDO QUIROZ GUTIERREZ"" ",EDOMEX,Buena,Buena,"19.273775, -98.941609"
2020-07-23,"HOSPITAL GENERAL AMECAMECA ""VALENTIN GOMEZ FARIAS"" ",EDOMEX,Buena,Buena,"19.144883, -98.785072"
2020-07-23,HOSPITAL GENERAL DE AXAPUSCO,EDOMEX,Media,Media,"19.732872, -98.769445"
2020-07-24,INSTITUTO NACIONAL DE NUTRICIÓN,SSA,Crítica,Crítica,"19.289599, -99.155441"
2020-07-24,INER,SSA,Crítica,Media,"19.291375, -99.158653"
2020-07-24,HOSPITAL GENERAL DE MÉXICO,SSA,Buena,Media,"19.4129258, -99.1520225"
2020-07-24,HOSPITAL JUAREZ,SSA,Crítica,Buena,"19.481829, -99.135576"
2020-07-24,HOSPITAL GENERAL DR. MANUEL GEA GONZÁLEZ,SSA,Media,Media,"19.290295, -99.160861"
2020-07-24,HOSPITAL INFANTIL DE MÉXICO FEDERICO GÓMEZ,SSA,Buena,Buena,"19.410839, -99.151941"
2020-07-24,INSTITUTO  NACIONAL DE CARDIOLOGÍA IGNACIO CHÁVEZ,SSA,Media,Buena,"19.290598, -99.153838"
2020-07-24,CITIBANAMEX,SSA,Buena,Buena,"19.439732, -99.224235"
2020-07-24,HOSPITAL REGIONAL DE ALTA ESPECIALIDAD DE IXTAPALUCA,SSA,Buena,Media,"19.318796, -98.855353"
2020-07-24,BELISARIO DOMINGUEZ,SEDESA,Media,Buena,"19.307226, -99.065356"
2020-07-24,ENRIQUE CABRERA,SEDESA,Media,Buena,"19.361675, -99.224432"
2020-07-24,GENERAL TLAHUAC,SEDESA,Buena,Buena,"19.287492, -99.052665"
2020-07-24,PEDIATRICO DE LA VILLA,SEDESA,Buena,Buena,"19.487355, -99.114316"
2020-07-24,HOSPITAL GENERAL AJUSCO MEDIO,SEDESA,Buena,Buena,"19.272165, -99.207846"
2020-07-24,HOSPITAL GENERAL IZTAPALAPA,SEDESA,Buena,Buena,"19.343426, -99.027236"
2020-07-24,HOSPITAL GENERAL XOCO,SEDESA,Buena,Buena,"19.360313, -99.162275"
2020-07-24,HOSPITAL GENERAL VILLA,SEDESA,Media,Buena,"19.480079, -99.103353"
2020-07-24,HOSPITAL GENERAL DR. RUBÉN LEÑERO,SEDESA,Crítica,Buena,"19.451398, -99.169565"
2020-07-24,HOSPITAL GENERAL MILPA ALTA,SEDESA,Buena,Buena,"19.200951, -99.011210"
2020-07-24,HOSPITAL GENERAL BALBUENA,SEDESA,Buena,Buena,"19.424195, -99.115412"
2020-07-24,HOSPITAL TEPEPAN,SEDESA,Sin Dato,Sin Dato,"19.275806, -99.144298"
2020-07-24,HOSPITAL DE ESPECIALIDADES 01 CMN SIGLO XXI (CDMX SUR),IMSS,Buena,Buena,"19.466549, -99.145102"
2020-07-24,HOSPITAL DE PEDIATRIA 01 CMN SIGLO XXI (CDMX SUR),IMSS,Buena,Buena,"19.407458, -99.152267"
2020-07-24,HOSPITAL GENERAL DE ZONA 01 CARLOS MC GREGOR (CDMX SUR),IMSS,Media,Media,"19.395912, -99.161610"
2020-07-24,HOSPITAL GENERAL DE ZONA 1A PARQUE DE LOS VENADOS (CDMX SUR),IMSS,Media,Buena,"19.374431, -99.151203"
2020-07-24,HOSPITAL DE INFECTOLOGIA 01 LA RAZA (CDMX NORTE),IMSS,Media,Buena,"19.464865, -99.144859"
2020-07-24,HOSPITAL GENERAL 01 (CDMX NORTE) LA RAZA,IMSS,Media,Buena,"19.395740, -99.161677"
2020-07-24,HOSPITAL GENERAL DE ZONA 24 (CDMX NORTE),IMSS,Buena,Media,"19.483221, -99.128448"
2020-07-24,HOSPITAL GENERAL DE ZONA 27 (CDMX NORTE),IMSS,Buena,Buena,"19.454776, -99.140007"
2020-07-24,HOSPITAL GENERAL DE ZONA 2A (CDMX SUR),IMSS,Buena,Buena,"19.405495, -99.112200"
2020-07-24,HOSPITAL GENERAL DE ZONA 30 (CDMX SUR),IMSS,Media,Buena,"19.398836, -99.116913"
2020-07-24,HOSPITAL GENERAL DE ZONA 32 (CDMX SUR),IMSS,Buena,Buena,"19.307964, -99.130677"
2020-07-24,HOSPITAL GENERAL DE ZONA C/MF 08 (CDMX SUR),IMSS,Crítica,Buena,"19.337137, -99.200142"
2020-07-24,HOSPITAL GENERAL DE ZONA C/UMAA 48 (CDMX NORTE),IMSS,Media,Buena,"19.482375, -99.213046"
2020-07-24,HOSPITAL GENERAL 02 (CDMX SUR) VILLA COAPA (COY.),IMSS,Media,Buena,"19.309194, -99.129593"
2020-07-24,HOSPITAL DE ESPECIALIDADES 01 (CDMX NORTE) LA RAZA (AZC),IMSS,Media,Buena,"19.467169, -99.143785"
2020-07-24,HOSPITAL GENERAL DE ZONA C/MF 29 (S. JUAN ARAGÓN),IMSS,Media,Buena,"19.465117, -99.085162"
2020-07-24,HOSPITAL GENERAL DE ZONA 47 (CDMX SUR) (IZP),IMSS,Buena,Media,"19.357566, -99.054269"
2020-07-24,UNIDAD MÓVIL TEMPORAL COVID,IMSS,Crítica,Crítica,"19.403082, -99.089177"
2020-07-24,CRIT IZTAPALAPA,IMSS,Buena,Buena,"19.328321, -99.068530"
2020-07-24,HOSPITAL GENERAL REGIONAL 72,IMSS,Media,Media,"19.356913, -98.990929"
2020-07-24,HOSPITAL GENERAL REGIONAL 196,IMSS,Media,Buena,"19.515133, -98.891450"
2020-07-24,HOSPITAL GENERAL REGIONAL 200,IMSS,Media,Buena,"19.470300, -99.234208"
2020-07-24,HOSPITAL GENERAL DE ZONA 53,IMSS,Media,Buena,"19.597387, -99.188426"
2020-07-24,HOSPITAL GENERAL DE ZONA 197,IMSS,Buena,Buena,"19.530797, -99.222446"
2020-07-24,HOSPITAL GENERAL DE ZONA 194,IMSS,Media,Buena,"19.570070, -99.044009"
2020-07-24,HOSPITAL GENERAL DE ZONA 57 (LA QUEBRADA),IMSS,Media,Crítica,"19.542797, -99.205022"
2020-07-24,HOSPITAL GENERAL DE ZONA 58 (LAS MARGARITAS),IMSS,Media,Media,"19.529016, -99.030983"
2020-07-24,HOSPITAL GENERAL DE ZONA 68 (TULPETLAC),IMSS,Buena,Media,"19.742905, -98.972971"
2020-07-24,HOSPITAL GENERAL DE ZONA 71 (CHALCO),IMSS,Buena,Buena,"19.356913, -98.990929"
2020-07-24,HOSPITAL GENERAL DE ZONA 76 (XALOSTOC),IMSS,Buena,Buena,"19.515133, -98.891450"
2020-07-24,HOSPITAL GENERAL DE ZONA 98 (COACALCO),IMSS,Crítica,Buena,"19.470300, -99.234208"
2020-07-24,CRIT NEZAHUALCÓYOTL,IMSS,Buena,Buena,"19.425795, -99.029987"
2020-07-24,CENTRO MEDICO 20 DE NOVIEMBRE,ISSSTE,Media,Buena,"19.372720, -99.171205"
2020-07-24,HG DARIO FERNANDEZ FIERRO,ISSSTE,Media,Media,"19.363602, -99.188608"
2020-07-24,HG JOSE MARIA MORELOS,ISSSTE,Buena,Media,"19.363918, -98.995393"
2020-07-24,HG TACUBA,ISSSTE,Crítica,Buena,"19.454384, -99.191231"
2020-07-24,HG DR FERNANDO QUIROZ,ISSSTE,Buena,Buena,"19.394242, -99.194187"
2020-07-24,HG IGNACIO ZARAGOZA,ISSSTE,Buena,Media,"19.389472, -99.045019"
2020-07-24,HR PRIMERO DE OCTUBRE,ISSSTE,Media,Media,"19.486751, -99.133249"
2020-07-24,HR LIC. ADOLFO LÓPEZ MATEOS,ISSSTE,Buena,Buena,"19.358451, -99.172716"
2020-07-24,HR BICENTENARIO DE LA INDEPENDENCIA,ISSSTE,Media,Media,"19.628814, -99.163343"
2020-07-24,ALTA ESPECIALIDAD DE ZUMPANGO,EDOMEX,Media,Media,"19.815198, -99.089196"
2020-07-24,HOSPITAL REGIONAL TLALNEPANTLA ISSEMYM,EDOMEX,Media,Media,"19.521706, -99.187341"
2020-07-24,"HOSPITAL GENERAL ECATEPEC ""LAS AMÉRICAS""",EDOMEX,Buena,Media,"19.594136, -99.018679"
2020-07-24,"HOSPITAL GENERAL DE NAUCALPAN ""DR. MAXIMILIANO RUIZ CASTAÑEDA"" ",EDOMEX,Buena,Buena,"19.468662, -99.234348"
2020-07-24,"HOSPITAL GENERAL ATIZAPAN DE ZARAGOZA ""DR. SALVADOR GONZALEZ HERREJÓN""",EDOMEX,Buena,Buena,"19.546322, -99.237491"
2020-07-24,"HOSPITAL GENERAL CUAUTITLAN ""GRAL. JOSE VICENTE VILLADA""",EDOMEX,Media,Buena,"19.664586, -99.178557"
2020-07-24,"HOSPITAL GENERAL DE NEZAHUALCOYOTL ""GUSTAVO BAZ PRADA""",EDOMEX,Buena,Buena,"19.422253, -99.014892"
2020-07-24,"HOSPITAL GENERAL DE ECATEPEC ""JOSÉ MARÍA RODRÍGUEZ""",EDOMEX,Buena,Media,"19.514412, -99.038087"
2020-07-24,"HOSPITAL GENERAL NEZAHUALCOYOTL ""LA PERLA"" ",EDOMEX,Buena,Buena,"19.387963, -98.989442"
2020-07-24,HOSPITAL GENERAL DE CHIMALHUACAN,EDOMEX,Buena,Buena,"19.419753, -98.975140"
2020-07-24,"HOSPITAL GENERAL DE IXTAPALUCA ""PEDRO LOPEZ""",EDOMEX,Buena,Buena,"19.318829, -98.855366"
2020-07-24,HOSPITAL GENERAL DE CHALCO ,EDOMEX,Buena,Media,"19.268265, -98.893965"
2020-07-24,"HOSPITAL GENERAL TEXCOCO ""GUADALUPE VICTORIA"" BICENTENARIO ",EDOMEX,Media,Buena,"19.514309, -98.871750"
2020-07-24,"HOSPITAL GENERAL VALLE DE CHALCO ""DR. FERNANDO QUIROZ GUTIERREZ"" ",EDOMEX,Buena,Buena,"19.273775, -98.941609"
2020-07-24,"HOSPITAL GENERAL AMECAMECA ""VALENTIN GOMEZ FARIAS"" ",EDOMEX,Buena,Buena,"19.144883, -98.785072"
2020-07-24,HOSPITAL GENERAL DE AXAPUSCO,EDOMEX,Media,Buena,"19.732872, -98.769445"
2020-07-25,INSTITUTO NACIONAL DE NUTRICIÓN,SSA,Crítica,Crítica,"19.289599, -99.155441"
2020-07-25,INER,SSA,Crítica,Media,"19.291375, -99.158653"
2020-07-25,HOSPITAL GENERAL DE MÉXICO,SSA,Buena,Buena,"19.4129258, -99.1520225"
2020-07-25,HOSPITAL JUAREZ,SSA,Crítica,Buena,"19.481829, -99.135576"
2020-07-25,HOSPITAL GENERAL DR. MANUEL GEA GONZÁLEZ,SSA,Crítica,Media,"19.290295, -99.160861"
2020-07-25,HOSPITAL INFANTIL DE MÉXICO FEDERICO GÓMEZ,SSA,Buena,Buena,"19.410839, -99.151941"
2020-07-25,INSTITUTO  NACIONAL DE CARDIOLOGÍA IGNACIO CHÁVEZ,SSA,Media,Buena,"19.290598, -99.153838"
2020-07-25,CITIBANAMEX,SSA,Buena,Media,"19.439732, -99.224235"
2020-07-25,HOSPITAL REGIONAL DE ALTA ESPECIALIDAD DE IXTAPALUCA,SSA,Buena,Media,"19.318796, -98.855353"
2020-07-25,BELISARIO DOMINGUEZ,SEDESA,Media,Buena,"19.307226, -99.065356"
2020-07-25,ENRIQUE CABRERA,SEDESA,Media,Buena,"19.361675, -99.224432"
2020-07-25,GENERAL TLAHUAC,SEDESA,Buena,Buena,"19.287492, -99.052665"
2020-07-25,PEDIATRICO DE LA VILLA,SEDESA,Buena,Buena,"19.487355, -99.114316"
2020-07-25,HOSPITAL GENERAL AJUSCO MEDIO,SEDESA,Buena,Buena,"19.272165, -99.207846"
2020-07-25,HOSPITAL GENERAL IZTAPALAPA,SEDESA,Media,Buena,"19.343426, -99.027236"
2020-07-25,HOSPITAL GENERAL XOCO,SEDESA,Buena,Buena,"19.360313, -99.162275"
2020-07-25,HOSPITAL GENERAL VILLA,SEDESA,Media,Buena,"19.480079, -99.103353"
2020-07-25,HOSPITAL GENERAL DR. RUBÉN LEÑERO,SEDESA,Media,Buena,"19.451398, -99.169565"
2020-07-25,HOSPITAL GENERAL MILPA ALTA,SEDESA,Buena,Buena,"19.200951, -99.011210"
2020-07-25,HOSPITAL GENERAL BALBUENA,SEDESA,Buena,Buena,"19.424195, -99.115412"
2020-07-25,HOSPITAL TEPEPAN,SEDESA,Sin Dato,Sin Dato,"19.275806, -99.144298"
2020-07-25,HOSPITAL DE ESPECIALIDADES 01 CMN SIGLO XXI (CDMX SUR),IMSS,Buena,Buena,"19.466549, -99.145102"
2020-07-25,HOSPITAL DE PEDIATRIA 01 CMN SIGLO XXI (CDMX SUR),IMSS,Buena,Buena,"19.407458, -99.152267"
2020-07-25,HOSPITAL GENERAL DE ZONA 01 CARLOS MC GREGOR (CDMX SUR),IMSS,Media,Buena,"19.395912, -99.161610"
2020-07-25,HOSPITAL GENERAL DE ZONA 1A PARQUE DE LOS VENADOS (CDMX SUR),IMSS,Media,Buena,"19.374431, -99.151203"
2020-07-25,HOSPITAL DE INFECTOLOGIA 01 LA RAZA (CDMX NORTE),IMSS,Media,Buena,"19.464865, -99.144859"
2020-07-25,HOSPITAL GENERAL 01 (CDMX NORTE) LA RAZA,IMSS,Media,Buena,"19.395740, -99.161677"
2020-07-25,HOSPITAL GENERAL DE ZONA 24 (CDMX NORTE),IMSS,Buena,Media,"19.483221, -99.128448"
2020-07-25,HOSPITAL GENERAL DE ZONA 27 (CDMX NORTE),IMSS,Buena,Buena,"19.454776, -99.140007"
2020-07-25,HOSPITAL GENERAL DE ZONA 2A (CDMX SUR),IMSS,Media,Buena,"19.405495, -99.112200"
2020-07-25,HOSPITAL GENERAL DE ZONA 30 (CDMX SUR),IMSS,Media,Buena,"19.398836, -99.116913"
2020-07-25,HOSPITAL GENERAL DE ZONA 32 (CDMX SUR),IMSS,Media,Buena,"19.307964, -99.130677"
2020-07-25,HOSPITAL GENERAL DE ZONA C/MF 08 (CDMX SUR),IMSS,Crítica,Buena,"19.337137, -99.200142"
2020-07-25,HOSPITAL GENERAL DE ZONA C/UMAA 48 (CDMX NORTE),IMSS,Media,Buena,"19.482375, -99.213046"
2020-07-25,HOSPITAL GENERAL 02 (CDMX SUR) VILLA COAPA (COY.),IMSS,Media,Buena,"19.309194, -99.129593"
2020-07-25,HOSPITAL DE ESPECIALIDADES 01 (CDMX NORTE) LA RAZA (AZC),IMSS,Media,Buena,"19.467169, -99.143785"
2020-07-25,HOSPITAL GENERAL DE ZONA C/MF 29 (S. JUAN ARAGÓN),IMSS,Media,Buena,"19.465117, -99.085162"
2020-07-25,HOSPITAL GENERAL DE ZONA 47 (CDMX SUR) (IZP),IMSS,Buena,Media,"19.357566, -99.054269"
2020-07-25,UNIDAD MÓVIL TEMPORAL COVID,IMSS,Crítica,Crítica,"19.403082, -99.089177"
2020-07-25,CRIT IZTAPALAPA,IMSS,Buena,Buena,"19.328321, -99.068530"
2020-07-25,HOSPITAL GENERAL REGIONAL 72,IMSS,Media,Media,"19.356913, -98.990929"
2020-07-25,HOSPITAL GENERAL REGIONAL 196,IMSS,Media,Buena,"19.515133, -98.891450"
2020-07-25,HOSPITAL GENERAL REGIONAL 200,IMSS,Media,Buena,"19.470300, -99.234208"
2020-07-25,HOSPITAL GENERAL DE ZONA 53,IMSS,Media,Buena,"19.597387, -99.188426"
2020-07-25,HOSPITAL GENERAL DE ZONA 197,IMSS,Buena,Buena,"19.530797, -99.222446"
2020-07-25,HOSPITAL GENERAL DE ZONA 194,IMSS,Media,Buena,"19.570070, -99.044009"
2020-07-25,HOSPITAL GENERAL DE ZONA 57 (LA QUEBRADA),IMSS,Buena,Crítica,"19.542797, -99.205022"
2020-07-25,HOSPITAL GENERAL DE ZONA 58 (LAS MARGARITAS),IMSS,Media,Buena,"19.529016, -99.030983"
2020-07-25,HOSPITAL GENERAL DE ZONA 68 (TULPETLAC),IMSS,Buena,Buena,"19.742905, -98.972971"
2020-07-25,HOSPITAL GENERAL DE ZONA 71 (CHALCO),IMSS,Buena,Buena,"19.356913, -98.990929"
2020-07-25,HOSPITAL GENERAL DE ZONA 76 (XALOSTOC),IMSS,Buena,Buena,"19.515133, -98.891450"
2020-07-25,HOSPITAL GENERAL DE ZONA 98 (COACALCO),IMSS,Crítica,Buena,"19.470300, -99.234208"
2020-07-25,CRIT NEZAHUALCÓYOTL,IMSS,Buena,Buena,"19.425795, -99.029987"
2020-07-25,CENTRO MEDICO 20 DE NOVIEMBRE,ISSSTE,Media,Buena,"19.372720, -99.171205"
2020-07-25,HG DARIO FERNANDEZ FIERRO,ISSSTE,Media,Buena,"19.363602, -99.188608"
2020-07-25,HG JOSE MARIA MORELOS,ISSSTE,Buena,Media,"19.363918, -98.995393"
2020-07-25,HG TACUBA,ISSSTE,Crítica,Media,"19.454384, -99.191231"
2020-07-25,HG DR FERNANDO QUIROZ,ISSSTE,Buena,Buena,"19.394242, -99.194187"
2020-07-25,HG IGNACIO ZARAGOZA,ISSSTE,Buena,Media,"19.389472, -99.045019"
2020-07-25,HR PRIMERO DE OCTUBRE,ISSSTE,Media,Media,"19.486751, -99.133249"
2020-07-25,HR LIC. ADOLFO LÓPEZ MATEOS,ISSSTE,Buena,Buena,"19.358451, -99.172716"
2020-07-25,HR BICENTENARIO DE LA INDEPENDENCIA,ISSSTE,Media,Media,"19.628814, -99.163343"
2020-07-25,ALTA ESPECIALIDAD DE ZUMPANGO,EDOMEX,Media,Media,"19.815198, -99.089196"
2020-07-25,HOSPITAL REGIONAL TLALNEPANTLA ISSEMYM,EDOMEX,Media,Media,"19.521706, -99.187341"
2020-07-25,"HOSPITAL GENERAL ECATEPEC ""LAS AMÉRICAS""",EDOMEX,Buena,Media,"19.594136, -99.018679"
2020-07-25,"HOSPITAL GENERAL DE NAUCALPAN ""DR. MAXIMILIANO RUIZ CASTAÑEDA"" ",EDOMEX,Buena,Buena,"19.468662, -99.234348"
2020-07-25,"HOSPITAL GENERAL ATIZAPAN DE ZARAGOZA ""DR. SALVADOR GONZALEZ HERREJÓN""",EDOMEX,Buena,Buena,"19.546322, -99.237491"
2020-07-25,"HOSPITAL GENERAL CUAUTITLAN ""GRAL. JOSE VICENTE VILLADA""",EDOMEX,Media,Buena,"19.664586, -99.178557"
2020-07-25,"HOSPITAL GENERAL DE NEZAHUALCOYOTL ""GUSTAVO BAZ PRADA""",EDOMEX,Buena,Buena,"19.422253, -99.014892"
2020-07-25,"HOSPITAL GENERAL DE ECATEPEC ""JOSÉ MARÍA RODRÍGUEZ""",EDOMEX,Buena,Media,"19.514412, -99.038087"
2020-07-25,"HOSPITAL GENERAL NEZAHUALCOYOTL ""LA PERLA"" ",EDOMEX,Buena,Buena,"19.387963, -98.989442"
2020-07-25,HOSPITAL GENERAL DE CHIMALHUACAN,EDOMEX,Buena,Buena,"19.419753, -98.975140"
2020-07-25,"HOSPITAL GENERAL DE IXTAPALUCA ""PEDRO LOPEZ""",EDOMEX,Buena,Buena,"19.318829, -98.855366"
2020-07-25,HOSPITAL GENERAL DE CHALCO ,EDOMEX,Buena,Buena,"19.268265, -98.893965"
2020-07-25,"HOSPITAL GENERAL TEXCOCO ""GUADALUPE VICTORIA"" BICENTENARIO ",EDOMEX,Buena,Media,"19.514309, -98.871750"
2020-07-25,"HOSPITAL GENERAL VALLE DE CHALCO ""DR. FERNANDO QUIROZ GUTIERREZ"" ",EDOMEX,Buena,Buena,"19.273775, -98.941609"
2020-07-25,"HOSPITAL GENERAL AMECAMECA ""VALENTIN GOMEZ FARIAS"" ",EDOMEX,Buena,Buena,"19.144883, -98.785072"
2020-07-25,HOSPITAL GENERAL DE AXAPUSCO,EDOMEX,Media,Buena,"19.732872, -98.769445"
2020-07-26,INSTITUTO NACIONAL DE NUTRICIÓN,SSA,Crítica,Media,"19.289599, -99.155441"
2020-07-26,INER,SSA,Crítica,Media,"19.291375, -99.158653"
2020-07-26,HOSPITAL GENERAL DE MÉXICO,SSA,Buena,Buena,"19.4129258, -99.1520225"
2020-07-26,HOSPITAL JUAREZ,SSA,Crítica,Buena,"19.481829, -99.135576"
2020-07-26,HOSPITAL GENERAL DR. MANUEL GEA GONZÁLEZ,SSA,Crítica,Media,"19.290295, -99.160861"
2020-07-26,HOSPITAL INFANTIL DE MÉXICO FEDERICO GÓMEZ,SSA,Buena,Buena,"19.410839, -99.151941"
2020-07-26,INSTITUTO  NACIONAL DE CARDIOLOGÍA IGNACIO CHÁVEZ,SSA,Buena,Buena,"19.290598, -99.153838"
2020-07-26,CITIBANAMEX,SSA,Buena,Media,"19.439732, -99.224235"
2020-07-26,HOSPITAL REGIONAL DE ALTA ESPECIALIDAD DE IXTAPALUCA,SSA,Buena,Media,"19.318796, -98.855353"
2020-07-26,BELISARIO DOMINGUEZ,SEDESA,Media,Buena,"19.307226, -99.065356"
2020-07-26,ENRIQUE CABRERA,SEDESA,Media,Buena,"19.361675, -99.224432"
2020-07-26,GENERAL TLAHUAC,SEDESA,Buena,Buena,"19.287492, -99.052665"
2020-07-26,PEDIATRICO DE LA VILLA,SEDESA,Buena,Buena,"19.487355, -99.114316"
2020-07-26,HOSPITAL GENERAL AJUSCO MEDIO,SEDESA,Buena,Buena,"19.272165, -99.207846"
2020-07-26,HOSPITAL GENERAL IZTAPALAPA,SEDESA,Media,Buena,"19.343426, -99.027236"
2020-07-26,HOSPITAL GENERAL XOCO,SEDESA,Buena,Buena,"19.360313, -99.162275"
2020-07-26,HOSPITAL GENERAL VILLA,SEDESA,Media,Buena,"19.480079, -99.103353"
2020-07-26,HOSPITAL GENERAL DR. RUBÉN LEÑERO,SEDESA,Media,Buena,"19.451398, -99.169565"
2020-07-26,HOSPITAL GENERAL MILPA ALTA,SEDESA,Buena,Buena,"19.200951, -99.011210"
2020-07-26,HOSPITAL GENERAL BALBUENA,SEDESA,Buena,Buena,"19.424195, -99.115412"
2020-07-26,HOSPITAL TEPEPAN,SEDESA,Sin Dato,Sin Dato,"19.275806, -99.144298"
2020-07-26,HOSPITAL DE ESPECIALIDADES 01 CMN SIGLO XXI (CDMX SUR),IMSS,Buena,Buena,"19.466549, -99.145102"
2020-07-26,HOSPITAL DE PEDIATRIA 01 CMN SIGLO XXI (CDMX SUR),IMSS,Buena,Buena,"19.407458, -99.152267"
2020-07-26,HOSPITAL GENERAL DE ZONA 01 CARLOS MC GREGOR (CDMX SUR),IMSS,Media,Media,"19.395912, -99.161610"
2020-07-26,HOSPITAL GENERAL DE ZONA 1A PARQUE DE LOS VENADOS (CDMX SUR),IMSS,Media,Buena,"19.374431, -99.151203"
2020-07-26,HOSPITAL DE INFECTOLOGIA 01 LA RAZA (CDMX NORTE),IMSS,Buena,Buena,"19.464865, -99.144859"
2020-07-26,HOSPITAL GENERAL 01 (CDMX NORTE) LA RAZA,IMSS,Media,Buena,"19.395740, -99.161677"
2020-07-26,HOSPITAL GENERAL DE ZONA 24 (CDMX NORTE),IMSS,Buena,Buena,"19.483221, -99.128448"
2020-07-26,HOSPITAL GENERAL DE ZONA 27 (CDMX NORTE),IMSS,Buena,Buena,"19.454776, -99.140007"
2020-07-26,HOSPITAL GENERAL DE ZONA 2A (CDMX SUR),IMSS,Buena,Buena,"19.405495, -99.112200"
2020-07-26,HOSPITAL GENERAL DE ZONA 30 (CDMX SUR),IMSS,Media,Buena,"19.398836, -99.116913"
2020-07-26,HOSPITAL GENERAL DE ZONA 32 (CDMX SUR),IMSS,Buena,Buena,"19.307964, -99.130677"
2020-07-26,HOSPITAL GENERAL DE ZONA C/MF 08 (CDMX SUR),IMSS,Crítica,Buena,"19.337137, -99.200142"
2020-07-26,HOSPITAL GENERAL DE ZONA C/UMAA 48 (CDMX NORTE),IMSS,Media,Buena,"19.482375, -99.213046"
2020-07-26,HOSPITAL GENERAL 02 (CDMX SUR) VILLA COAPA (COY.),IMSS,Media,Buena,"19.309194, -99.129593"
2020-07-26,HOSPITAL DE ESPECIALIDADES 01 (CDMX NORTE) LA RAZA (AZC),IMSS,Media,Buena,"19.467169, -99.143785"
2020-07-26,HOSPITAL GENERAL DE ZONA C/MF 29 (S. JUAN ARAGÓN),IMSS,Media,Buena,"19.465117, -99.085162"
2020-07-26,HOSPITAL GENERAL DE ZONA 47 (CDMX SUR) (IZP),IMSS,Buena,Media,"19.357566, -99.054269"
2020-07-26,UNIDAD MÓVIL TEMPORAL COVID,IMSS,Crítica,Crítica,"19.403082, -99.089177"
2020-07-26,CRIT IZTAPALAPA,IMSS,Buena,Buena,"19.328321, -99.068530"
2020-07-26,HOSPITAL GENERAL REGIONAL 72,IMSS,Media,Media,"19.356913, -98.990929"
2020-07-26,HOSPITAL GENERAL REGIONAL 196,IMSS,Media,Buena,"19.515133, -98.891450"
2020-07-26,HOSPITAL GENERAL REGIONAL 200,IMSS,Media,Buena,"19.470300, -99.234208"
2020-07-26,HOSPITAL GENERAL DE ZONA 53,IMSS,Media,Media,"19.597387, -99.188426"
2020-07-26,HOSPITAL GENERAL DE ZONA 197,IMSS,Buena,Buena,"19.530797, -99.222446"
2020-07-26,HOSPITAL GENERAL DE ZONA 194,IMSS,Media,Buena,"19.570070, -99.044009"
2020-07-26,HOSPITAL GENERAL DE ZONA 57 (LA QUEBRADA),IMSS,Buena,Media,"19.542797, -99.205022"
2020-07-26,HOSPITAL GENERAL DE ZONA 58 (LAS MARGARITAS),IMSS,Buena,Buena,"19.529016, -99.030983"
2020-07-26,HOSPITAL GENERAL DE ZONA 68 (TULPETLAC),IMSS,Buena,Buena,"19.742905, -98.972971"
2020-07-26,HOSPITAL GENERAL DE ZONA 71 (CHALCO),IMSS,Buena,Buena,"19.356913, -98.990929"
2020-07-26,HOSPITAL GENERAL DE ZONA 76 (XALOSTOC),IMSS,Buena,Buena,"19.515133, -98.891450"
2020-07-26,HOSPITAL GENERAL DE ZONA 98 (COACALCO),IMSS,Crítica,Buena,"19.470300, -99.234208"
2020-07-26,CRIT NEZAHUALCÓYOTL,IMSS,Buena,Buena,"19.425795, -99.029987"
2020-07-26,CENTRO MEDICO 20 DE NOVIEMBRE,ISSSTE,Media,Buena,"19.372720, -99.171205"
2020-07-26,HG DARIO FERNANDEZ FIERRO,ISSSTE,Media,Buena,"19.363602, -99.188608"
2020-07-26,HG JOSE MARIA MORELOS,ISSSTE,Buena,Media,"19.363918, -98.995393"
2020-07-26,HG TACUBA,ISSSTE,Crítica,Media,"19.454384, -99.191231"
2020-07-26,HG DR FERNANDO QUIROZ,ISSSTE,Buena,Buena,"19.394242, -99.194187"
2020-07-26,HG IGNACIO ZARAGOZA,ISSSTE,Media,Media,"19.389472, -99.045019"
2020-07-26,HR PRIMERO DE OCTUBRE,ISSSTE,Media,Media,"19.486751, -99.133249"
2020-07-26,HR LIC. ADOLFO LÓPEZ MATEOS,ISSSTE,Buena,Buena,"19.358451, -99.172716"
2020-07-26,HR BICENTENARIO DE LA INDEPENDENCIA,ISSSTE,Media,Media,"19.628814, -99.163343"
2020-07-26,ALTA ESPECIALIDAD DE ZUMPANGO,EDOMEX,Media,Media,"19.815198, -99.089196"
2020-07-26,HOSPITAL REGIONAL TLALNEPANTLA ISSEMYM,EDOMEX,Media,Media,"19.521706, -99.187341"
2020-07-26,"HOSPITAL GENERAL ECATEPEC ""LAS AMÉRICAS""",EDOMEX,Buena,Media,"19.594136, -99.018679"
2020-07-26,"HOSPITAL GENERAL DE NAUCALPAN ""DR. MAXIMILIANO RUIZ CASTAÑEDA"" ",EDOMEX,Buena,Buena,"19.468662, -99.234348"
2020-07-26,"HOSPITAL GENERAL ATIZAPAN DE ZARAGOZA ""DR. SALVADOR GONZALEZ HERREJÓN""",EDOMEX,Buena,Buena,"19.546322, -99.237491"
2020-07-26,"HOSPITAL GENERAL CUAUTITLAN ""GRAL. JOSE VICENTE VILLADA""",EDOMEX,Media,Buena,"19.664586, -99.178557"
2020-07-26,"HOSPITAL GENERAL DE NEZAHUALCOYOTL ""GUSTAVO BAZ PRADA""",EDOMEX,Buena,Buena,"19.422253, -99.014892"
2020-07-26,"HOSPITAL GENERAL DE ECATEPEC ""JOSÉ MARÍA RODRÍGUEZ""",EDOMEX,Buena,Media,"19.514412, -99.038087"
2020-07-26,"HOSPITAL GENERAL NEZAHUALCOYOTL ""LA PERLA"" ",EDOMEX,Buena,Buena,"19.387963, -98.989442"
2020-07-26,HOSPITAL GENERAL DE CHIMALHUACAN,EDOMEX,Buena,Buena,"19.419753, -98.975140"
2020-07-26,"HOSPITAL GENERAL DE IXTAPALUCA ""PEDRO LOPEZ""",EDOMEX,Buena,Buena,"19.318829, -98.855366"
2020-07-26,HOSPITAL GENERAL DE CHALCO ,EDOMEX,Buena,Buena,"19.268265, -98.893965"
2020-07-26,"HOSPITAL GENERAL TEXCOCO ""GUADALUPE VICTORIA"" BICENTENARIO ",EDOMEX,Buena,Media,"19.514309, -98.871750"
2020-07-26,"HOSPITAL GENERAL VALLE DE CHALCO ""DR. FERNANDO QUIROZ GUTIERREZ"" ",EDOMEX,Buena,Buena,"19.273775, -98.941609"
2020-07-26,"HOSPITAL GENERAL AMECAMECA ""VALENTIN GOMEZ FARIAS"" ",EDOMEX,Buena,Buena,"19.144883, -98.785072"
2020-07-26,HOSPITAL GENERAL DE AXAPUSCO,EDOMEX,Media,Buena,"19.732872, -98.769445"
2020-07-27,INSTITUTO NACIONAL DE NUTRICIÓN,SSA,Crítica,Media,"19.289599, -99.155441"
2020-07-27,INER,SSA,Crítica,Media,"19.291375, -99.158653"
2020-07-27,HOSPITAL GENERAL DE MÉXICO,SSA,Media,Buena,"19.4129258, -99.1520225"
2020-07-27,HOSPITAL JUAREZ,SSA,Crítica,Buena,"19.481829, -99.135576"
2020-07-27,HOSPITAL GENERAL DR. MANUEL GEA GONZÁLEZ,SSA,Crítica,Media,"19.290295, -99.160861"
2020-07-27,HOSPITAL INFANTIL DE MÉXICO FEDERICO GÓMEZ,SSA,Buena,Buena,"19.410839, -99.151941"
2020-07-27,INSTITUTO  NACIONAL DE CARDIOLOGÍA IGNACIO CHÁVEZ,SSA,Buena,Buena,"19.290598, -99.153838"
2020-07-27,CITIBANAMEX,SSA,Buena,Media,"19.439732, -99.224235"
2020-07-27,HOSPITAL REGIONAL DE ALTA ESPECIALIDAD DE IXTAPALUCA,SSA,Buena,Media,"19.318796, -98.855353"
2020-07-27,BELISARIO DOMINGUEZ,SEDESA,Media,Buena,"19.307226, -99.065356"
2020-07-27,ENRIQUE CABRERA,SEDESA,Buena,Buena,"19.361675, -99.224432"
2020-07-27,GENERAL TLAHUAC,SEDESA,Buena,Buena,"19.287492, -99.052665"
2020-07-27,PEDIATRICO DE LA VILLA,SEDESA,Buena,Buena,"19.487355, -99.114316"
2020-07-27,HOSPITAL GENERAL AJUSCO MEDIO,SEDESA,Media,Buena,"19.272165, -99.207846"
2020-07-27,HOSPITAL GENERAL IZTAPALAPA,SEDESA,Media,Buena,"19.343426, -99.027236"
2020-07-27,HOSPITAL GENERAL XOCO,SEDESA,Buena,Buena,"19.360313, -99.162275"
2020-07-27,HOSPITAL GENERAL VILLA,SEDESA,Media,Buena,"19.480079, -99.103353"
2020-07-27,HOSPITAL GENERAL DR. RUBÉN LEÑERO,SEDESA,Buena,Buena,"19.451398, -99.169565"
2020-07-27,HOSPITAL GENERAL MILPA ALTA,SEDESA,Buena,Buena,"19.200951, -99.011210"
2020-07-27,HOSPITAL GENERAL BALBUENA,SEDESA,Buena,Buena,"19.424195, -99.115412"
2020-07-27,HOSPITAL TEPEPAN,SEDESA,Sin Dato,Sin Dato,"19.275806, -99.144298"
2020-07-27,HOSPITAL DE ESPECIALIDADES 01 CMN SIGLO XXI (CDMX SUR),IMSS,Buena,Buena,"19.466549, -99.145102"
2020-07-27,HOSPITAL DE PEDIATRIA 01 CMN SIGLO XXI (CDMX SUR),IMSS,Buena,Buena,"19.407458, -99.152267"
2020-07-27,HOSPITAL GENERAL DE ZONA 01 CARLOS MC GREGOR (CDMX SUR),IMSS,Media,Media,"19.395912, -99.161610"
2020-07-27,HOSPITAL GENERAL DE ZONA 1A PARQUE DE LOS VENADOS (CDMX SUR),IMSS,Media,Buena,"19.374431, -99.151203"
2020-07-27,HOSPITAL DE INFECTOLOGIA 01 LA RAZA (CDMX NORTE),IMSS,Media,Buena,"19.464865, -99.144859"
2020-07-27,HOSPITAL GENERAL 01 (CDMX NORTE) LA RAZA,IMSS,Media,Buena,"19.395740, -99.161677"
2020-07-27,HOSPITAL GENERAL DE ZONA 24 (CDMX NORTE),IMSS,Buena,Media,"19.483221, -99.128448"
2020-07-27,HOSPITAL GENERAL DE ZONA 27 (CDMX NORTE),IMSS,Buena,Buena,"19.454776, -99.140007"
2020-07-27,HOSPITAL GENERAL DE ZONA 2A (CDMX SUR),IMSS,Buena,Buena,"19.405495, -99.112200"
2020-07-27,HOSPITAL GENERAL DE ZONA 30 (CDMX SUR),IMSS,Media,Buena,"19.398836, -99.116913"
2020-07-27,HOSPITAL GENERAL DE ZONA 32 (CDMX SUR),IMSS,Buena,Buena,"19.307964, -99.130677"
2020-07-27,HOSPITAL GENERAL DE ZONA C/MF 08 (CDMX SUR),IMSS,Crítica,Media,"19.337137, -99.200142"
2020-07-27,HOSPITAL GENERAL DE ZONA C/UMAA 48 (CDMX NORTE),IMSS,Buena,Media,"19.482375, -99.213046"
2020-07-27,HOSPITAL GENERAL 02 (CDMX SUR) VILLA COAPA (COY.),IMSS,Media,Buena,"19.309194, -99.129593"
2020-07-27,HOSPITAL DE ESPECIALIDADES 01 (CDMX NORTE) LA RAZA (AZC),IMSS,Media,Buena,"19.467169, -99.143785"
2020-07-27,HOSPITAL GENERAL DE ZONA C/MF 29 (S. JUAN ARAGÓN),IMSS,Media,Buena,"19.465117, -99.085162"
2020-07-27,HOSPITAL GENERAL DE ZONA 47 (CDMX SUR) (IZP),IMSS,Buena,Media,"19.357566, -99.054269"
2020-07-27,UNIDAD MÓVIL TEMPORAL COVID,IMSS,Crítica,Crítica,"19.403082, -99.089177"
2020-07-27,CRIT IZTAPALAPA,IMSS,Buena,Buena,"19.328321, -99.068530"
2020-07-27,HOSPITAL GENERAL REGIONAL 72,IMSS,Media,Media,"19.356913, -98.990929"
2020-07-27,HOSPITAL GENERAL REGIONAL 196,IMSS,Media,Buena,"19.515133, -98.891450"
2020-07-27,HOSPITAL GENERAL REGIONAL 200,IMSS,Media,Buena,"19.470300, -99.234208"
2020-07-27,HOSPITAL GENERAL DE ZONA 53,IMSS,Media,Media,"19.597387, -99.188426"
2020-07-27,HOSPITAL GENERAL DE ZONA 197,IMSS,Buena,Buena,"19.530797, -99.222446"
2020-07-27,HOSPITAL GENERAL DE ZONA 194,IMSS,Media,Buena,"19.570070, -99.044009"
2020-07-27,HOSPITAL GENERAL DE ZONA 57 (LA QUEBRADA),IMSS,Media,Media,"19.542797, -99.205022"
2020-07-27,HOSPITAL GENERAL DE ZONA 58 (LAS MARGARITAS),IMSS,Media,Buena,"19.529016, -99.030983"
2020-07-27,HOSPITAL GENERAL DE ZONA 68 (TULPETLAC),IMSS,Buena,Buena,"19.742905, -98.972971"
2020-07-27,HOSPITAL GENERAL DE ZONA 71 (CHALCO),IMSS,Buena,Buena,"19.356913, -98.990929"
2020-07-27,HOSPITAL GENERAL DE ZONA 76 (XALOSTOC),IMSS,Buena,Media,"19.515133, -98.891450"
2020-07-27,HOSPITAL GENERAL DE ZONA 98 (COACALCO),IMSS,Media,Buena,"19.470300, -99.234208"
2020-07-27,CRIT NEZAHUALCÓYOTL,IMSS,Buena,Buena,"19.425795, -99.029987"
2020-07-27,CENTRO MEDICO 20 DE NOVIEMBRE,ISSSTE,Media,Buena,"19.372720, -99.171205"
2020-07-27,HG DARIO FERNANDEZ FIERRO,ISSSTE,Media,Media,"19.363602, -99.188608"
2020-07-27,HG JOSE MARIA MORELOS,ISSSTE,Buena,Media,"19.363918, -98.995393"
2020-07-27,HG TACUBA,ISSSTE,Crítica,Media,"19.454384, -99.191231"
2020-07-27,HG DR FERNANDO QUIROZ,ISSSTE,Buena,Buena,"19.394242, -99.194187"
2020-07-27,HG IGNACIO ZARAGOZA,ISSSTE,Media,Media,"19.389472, -99.045019"
2020-07-27,HR PRIMERO DE OCTUBRE,ISSSTE,Media,Crítica,"19.486751, -99.133249"
2020-07-27,HR LIC. ADOLFO LÓPEZ MATEOS,ISSSTE,Media,Buena,"19.358451, -99.172716"
2020-07-27,HR BICENTENARIO DE LA INDEPENDENCIA,ISSSTE,Media,Media,"19.628814, -99.163343"
2020-07-27,ALTA ESPECIALIDAD DE ZUMPANGO,EDOMEX,Media,Media,"19.815198, -99.089196"
2020-07-27,HOSPITAL REGIONAL TLALNEPANTLA ISSEMYM,EDOMEX,Media,Buena,"19.521706, -99.187341"
2020-07-27,"HOSPITAL GENERAL ECATEPEC ""LAS AMÉRICAS""",EDOMEX,Buena,Buena,"19.594136, -99.018679"
2020-07-27,"HOSPITAL GENERAL DE NAUCALPAN ""DR. MAXIMILIANO RUIZ CASTAÑEDA"" ",EDOMEX,Buena,Media,"19.468662, -99.234348"
2020-07-27,"HOSPITAL GENERAL ATIZAPAN DE ZARAGOZA ""DR. SALVADOR GONZALEZ HERREJÓN""",EDOMEX,Buena,Buena,"19.546322, -99.237491"
2020-07-27,"HOSPITAL GENERAL CUAUTITLAN ""GRAL. JOSE VICENTE VILLADA""",EDOMEX,Media,Buena,"19.664586, -99.178557"
2020-07-27,"HOSPITAL GENERAL DE NEZAHUALCOYOTL ""GUSTAVO BAZ PRADA""",EDOMEX,Buena,Buena,"19.422253, -99.014892"
2020-07-27,"HOSPITAL GENERAL DE ECATEPEC ""JOSÉ MARÍA RODRÍGUEZ""",EDOMEX,Buena,Media,"19.514412, -99.038087"
2020-07-27,"HOSPITAL GENERAL NEZAHUALCOYOTL ""LA PERLA"" ",EDOMEX,Buena,Media,"19.387963, -98.989442"
2020-07-27,HOSPITAL GENERAL DE CHIMALHUACAN,EDOMEX,Buena,Buena,"19.419753, -98.975140"
2020-07-27,"HOSPITAL GENERAL DE IXTAPALUCA ""PEDRO LOPEZ""",EDOMEX,Buena,Buena,"19.318829, -98.855366"
2020-07-27,HOSPITAL GENERAL DE CHALCO ,EDOMEX,Buena,Buena,"19.268265, -98.893965"
2020-07-27,"HOSPITAL GENERAL TEXCOCO ""GUADALUPE VICTORIA"" BICENTENARIO ",EDOMEX,Buena,Buena,"19.514309, -98.871750"
2020-07-27,"HOSPITAL GENERAL VALLE DE CHALCO ""DR. FERNANDO QUIROZ GUTIERREZ"" ",EDOMEX,Buena,Buena,"19.273775, -98.941609"
2020-07-27,"HOSPITAL GENERAL AMECAMECA ""VALENTIN GOMEZ FARIAS"" ",EDOMEX,Buena,Buena,"19.144883, -98.785072"
2020-07-27,HOSPITAL GENERAL DE AXAPUSCO,EDOMEX,Media,Media,"19.732872, -98.769445"
2020-07-28,INSTITUTO NACIONAL DE NUTRICIÓN,SSA,Crítica,Crítica,"19.289599, -99.155441"
2020-07-28,INER,SSA,Crítica,Media,"19.291375, -99.158653"
2020-07-28,HOSPITAL GENERAL DE MÉXICO,SSA,Media,Buena,"19.4129258, -99.1520225"
2020-07-28,HOSPITAL JUAREZ,SSA,Media,Buena,"19.481829, -99.135576"
2020-07-28,HOSPITAL GENERAL DR. MANUEL GEA GONZÁLEZ,SSA,Crítica,Media,"19.290295, -99.160861"
2020-07-28,HOSPITAL INFANTIL DE MÉXICO FEDERICO GÓMEZ,SSA,Buena,Buena,"19.410839, -99.151941"
2020-07-28,INSTITUTO  NACIONAL DE CARDIOLOGÍA IGNACIO CHÁVEZ,SSA,Buena,Buena,"19.290598, -99.153838"
2020-07-28,CITIBANAMEX,SSA,Buena,Media,"19.439732, -99.224235"
2020-07-28,HOSPITAL REGIONAL DE ALTA ESPECIALIDAD DE IXTAPALUCA,SSA,Buena,Media,"19.318796, -98.855353"
2020-07-28,BELISARIO DOMINGUEZ,SEDESA,Buena,Buena,"19.307226, -99.065356"
2020-07-28,ENRIQUE CABRERA,SEDESA,Media,Buena,"19.361675, -99.224432"
2020-07-28,GENERAL TLAHUAC,SEDESA,Buena,Buena,"19.287492, -99.052665"
2020-07-28,PEDIATRICO DE LA VILLA,SEDESA,Buena,Buena,"19.487355, -99.114316"
2020-07-28,HOSPITAL GENERAL AJUSCO MEDIO,SEDESA,Media,Buena,"19.272165, -99.207846"
2020-07-28,HOSPITAL GENERAL IZTAPALAPA,SEDESA,Media,Buena,"19.343426, -99.027236"
2020-07-28,HOSPITAL GENERAL XOCO,SEDESA,Buena,Buena,"19.360313, -99.162275"
2020-07-28,HOSPITAL GENERAL VILLA,SEDESA,Media,Buena,"19.480079, -99.103353"
2020-07-28,HOSPITAL GENERAL DR. RUBÉN LEÑERO,SEDESA,Media,Buena,"19.451398, -99.169565"
2020-07-28,HOSPITAL GENERAL MILPA ALTA,SEDESA,Buena,Buena,"19.200951, -99.011210"
2020-07-28,HOSPITAL GENERAL BALBUENA,SEDESA,Buena,Buena,"19.424195, -99.115412"
2020-07-28,HOSPITAL TEPEPAN,SEDESA,Sin Dato,Sin Dato,"19.275806, -99.144298"
2020-07-28,HOSPITAL DE ESPECIALIDADES 01 CMN SIGLO XXI (CDMX SUR),IMSS,Buena,Buena,"19.466549, -99.145102"
2020-07-28,HOSPITAL DE PEDIATRIA 01 CMN SIGLO XXI (CDMX SUR),IMSS,Buena,Buena,"19.407458, -99.152267"
2020-07-28,HOSPITAL GENERAL DE ZONA 01 CARLOS MC GREGOR (CDMX SUR),IMSS,Media,Media,"19.395912, -99.161610"
2020-07-28,HOSPITAL GENERAL DE ZONA 1A PARQUE DE LOS VENADOS (CDMX SUR),IMSS,Media,Buena,"19.374431, -99.151203"
2020-07-28,HOSPITAL DE INFECTOLOGIA 01 LA RAZA (CDMX NORTE),IMSS,Media,Buena,"19.464865, -99.144859"
2020-07-28,HOSPITAL GENERAL 01 (CDMX NORTE) LA RAZA,IMSS,Media,Buena,"19.395740, -99.161677"
2020-07-28,HOSPITAL GENERAL DE ZONA 24 (CDMX NORTE),IMSS,Buena,Buena,"19.483221, -99.128448"
2020-07-28,HOSPITAL GENERAL DE ZONA 27 (CDMX NORTE),IMSS,Buena,Buena,"19.454776, -99.140007"
2020-07-28,HOSPITAL GENERAL DE ZONA 2A (CDMX SUR),IMSS,Buena,Media,"19.405495, -99.112200"
2020-07-28,HOSPITAL GENERAL DE ZONA 30 (CDMX SUR),IMSS,Media,Buena,"19.398836, -99.116913"
2020-07-28,HOSPITAL GENERAL DE ZONA 32 (CDMX SUR),IMSS,Buena,Buena,"19.307964, -99.130677"
2020-07-28,HOSPITAL GENERAL DE ZONA C/MF 08 (CDMX SUR),IMSS,Crítica,Media,"19.337137, -99.200142"
2020-07-28,HOSPITAL GENERAL DE ZONA C/UMAA 48 (CDMX NORTE),IMSS,Media,Media,"19.482375, -99.213046"
2020-07-28,HOSPITAL GENERAL 02 (CDMX SUR) VILLA COAPA (COY.),IMSS,Media,Buena,"19.309194, -99.129593"
2020-07-28,HOSPITAL DE ESPECIALIDADES 01 (CDMX NORTE) LA RAZA (AZC),IMSS,Buena,Buena,"19.467169, -99.143785"
2020-07-28,HOSPITAL GENERAL DE ZONA C/MF 29 (S. JUAN ARAGÓN),IMSS,Media,Buena,"19.465117, -99.085162"
2020-07-28,HOSPITAL GENERAL DE ZONA 47 (CDMX SUR) (IZP),IMSS,Buena,Media,"19.357566, -99.054269"
2020-07-28,UNIDAD MÓVIL TEMPORAL COVID,IMSS,Crítica,Crítica,"19.403082, -99.089177"
2020-07-28,CRIT IZTAPALAPA,IMSS,Buena,Buena,"19.328321, -99.068530"
2020-07-28,HOSPITAL GENERAL REGIONAL 72,IMSS,Media,Media,"19.356913, -98.990929"
2020-07-28,HOSPITAL GENERAL REGIONAL 196,IMSS,Media,Buena,"19.515133, -98.891450"
2020-07-28,HOSPITAL GENERAL REGIONAL 200,IMSS,Media,Buena,"19.470300, -99.234208"
2020-07-28,HOSPITAL GENERAL DE ZONA 53,IMSS,Media,Buena,"19.597387, -99.188426"
2020-07-28,HOSPITAL GENERAL DE ZONA 197,IMSS,Buena,Buena,"19.530797, -99.222446"
2020-07-28,HOSPITAL GENERAL DE ZONA 194,IMSS,Media,Buena,"19.570070, -99.044009"
2020-07-28,HOSPITAL GENERAL DE ZONA 57 (LA QUEBRADA),IMSS,Media,Buena,"19.542797, -99.205022"
2020-07-28,HOSPITAL GENERAL DE ZONA 58 (LAS MARGARITAS),IMSS,Media,Buena,"19.529016, -99.030983"
2020-07-28,HOSPITAL GENERAL DE ZONA 68 (TULPETLAC),IMSS,Buena,Media,"19.742905, -98.972971"
2020-07-28,HOSPITAL GENERAL DE ZONA 71 (CHALCO),IMSS,Buena,Buena,"19.356913, -98.990929"
2020-07-28,HOSPITAL GENERAL DE ZONA 76 (XALOSTOC),IMSS,Buena,Media,"19.515133, -98.891450"
2020-07-28,HOSPITAL GENERAL DE ZONA 98 (COACALCO),IMSS,Media,Media,"19.470300, -99.234208"
2020-07-28,CRIT NEZAHUALCÓYOTL,IMSS,Buena,Buena,"19.425795, -99.029987"
2020-07-28,CENTRO MEDICO 20 DE NOVIEMBRE,ISSSTE,Media,Buena,"19.372720, -99.171205"
2020-07-28,HG DARIO FERNANDEZ FIERRO,ISSSTE,Media,Buena,"19.363602, -99.188608"
2020-07-28,HG JOSE MARIA MORELOS,ISSSTE,Buena,Media,"19.363918, -98.995393"
2020-07-28,HG TACUBA,ISSSTE,Crítica,Media,"19.454384, -99.191231"
2020-07-28,HG DR FERNANDO QUIROZ,ISSSTE,Media,Buena,"19.394242, -99.194187"
2020-07-28,HG IGNACIO ZARAGOZA,ISSSTE,Media,Media,"19.389472, -99.045019"
2020-07-28,HR PRIMERO DE OCTUBRE,ISSSTE,Media,Media,"19.486751, -99.133249"
2020-07-28,HR LIC. ADOLFO LÓPEZ MATEOS,ISSSTE,Media,Buena,"19.358451, -99.172716"
2020-07-28,HR BICENTENARIO DE LA INDEPENDENCIA,ISSSTE,Media,Media,"19.628814, -99.163343"
2020-07-28,ALTA ESPECIALIDAD DE ZUMPANGO,EDOMEX,Media,Media,"19.815198, -99.089196"
2020-07-28,HOSPITAL REGIONAL TLALNEPANTLA ISSEMYM,EDOMEX,Media,Buena,"19.521706, -99.187341"
2020-07-28,"HOSPITAL GENERAL ECATEPEC ""LAS AMÉRICAS""",EDOMEX,Buena,Buena,"19.594136, -99.018679"
2020-07-28,"HOSPITAL GENERAL DE NAUCALPAN ""DR. MAXIMILIANO RUIZ CASTAÑEDA"" ",EDOMEX,Buena,Media,"19.468662, -99.234348"
2020-07-28,"HOSPITAL GENERAL ATIZAPAN DE ZARAGOZA ""DR. SALVADOR GONZALEZ HERREJÓN""",EDOMEX,Buena,Buena,"19.546322, -99.237491"
2020-07-28,"HOSPITAL GENERAL CUAUTITLAN ""GRAL. JOSE VICENTE VILLADA""",EDOMEX,Media,Buena,"19.664586, -99.178557"
2020-07-28,"HOSPITAL GENERAL DE NEZAHUALCOYOTL ""GUSTAVO BAZ PRADA""",EDOMEX,Buena,Buena,"19.422253, -99.014892"
2020-07-28,"HOSPITAL GENERAL DE ECATEPEC ""JOSÉ MARÍA RODRÍGUEZ""",EDOMEX,Buena,Media,"19.514412, -99.038087"
2020-07-28,"HOSPITAL GENERAL NEZAHUALCOYOTL ""LA PERLA"" ",EDOMEX,Buena,Buena,"19.387963, -98.989442"
2020-07-28,HOSPITAL GENERAL DE CHIMALHUACAN,EDOMEX,Buena,Buena,"19.419753, -98.975140"
2020-07-28,"HOSPITAL GENERAL DE IXTAPALUCA ""PEDRO LOPEZ""",EDOMEX,Buena,Buena,"19.318829, -98.855366"
2020-07-28,HOSPITAL GENERAL DE CHALCO ,EDOMEX,Buena,Buena,"19.268265, -98.893965"
2020-07-28,"HOSPITAL GENERAL TEXCOCO ""GUADALUPE VICTORIA"" BICENTENARIO ",EDOMEX,Buena,Buena,"19.514309, -98.871750"
2020-07-28,"HOSPITAL GENERAL VALLE DE CHALCO ""DR. FERNANDO QUIROZ GUTIERREZ"" ",EDOMEX,Buena,Buena,"19.273775, -98.941609"
2020-07-28,"HOSPITAL GENERAL AMECAMECA ""VALENTIN GOMEZ FARIAS"" ",EDOMEX,Buena,Buena,"19.144883, -98.785072"
2020-07-28,HOSPITAL GENERAL DE AXAPUSCO,EDOMEX,Media,Buena,"19.732872, -98.769445"
2020-07-29,INSTITUTO NACIONAL DE NUTRICIÓN,SSA,Crítica,Crítica,"19.289599, -99.155441"
2020-07-29,INER,SSA,Crítica,Media,"19.291375, -99.158653"
2020-07-29,HOSPITAL GENERAL DE MÉXICO,SSA,Media,Buena,"19.4129258, -99.1520225"
2020-07-29,HOSPITAL JUAREZ,SSA,Crítica,Buena,"19.481829, -99.135576"
2020-07-29,HOSPITAL GENERAL DR. MANUEL GEA GONZÁLEZ,SSA,Crítica,Media,"19.290295, -99.160861"
2020-07-29,HOSPITAL INFANTIL DE MÉXICO FEDERICO GÓMEZ,SSA,Buena,Buena,"19.410839, -99.151941"
2020-07-29,INSTITUTO  NACIONAL DE CARDIOLOGÍA IGNACIO CHÁVEZ,SSA,Buena,Buena,"19.290598, -99.153838"
2020-07-29,CITIBANAMEX,SSA,Buena,Media,"19.439732, -99.224235"
2020-07-29,HOSPITAL REGIONAL DE ALTA ESPECIALIDAD DE IXTAPALUCA,SSA,Buena,Media,"19.318796, -98.855353"
2020-07-29,BELISARIO DOMINGUEZ,SEDESA,Buena,Media,"19.307226, -99.065356"
2020-07-29,ENRIQUE CABRERA,SEDESA,Media,Buena,"19.361675, -99.224432"
2020-07-29,GENERAL TLAHUAC,SEDESA,Buena,Buena,"19.287492, -99.052665"
2020-07-29,PEDIATRICO DE LA VILLA,SEDESA,Buena,Buena,"19.487355, -99.114316"
2020-07-29,HOSPITAL GENERAL AJUSCO MEDIO,SEDESA,Media,Buena,"19.272165, -99.207846"
2020-07-29,HOSPITAL GENERAL IZTAPALAPA,SEDESA,Buena,Buena,"19.343426, -99.027236"
2020-07-29,HOSPITAL GENERAL XOCO,SEDESA,Buena,Buena,"19.360313, -99.162275"
2020-07-29,HOSPITAL GENERAL VILLA,SEDESA,Media,Buena,"19.480079, -99.103353"
2020-07-29,HOSPITAL GENERAL DR. RUBÉN LEÑERO,SEDESA,Crítica,Buena,"19.451398, -99.169565"
2020-07-29,HOSPITAL GENERAL MILPA ALTA,SEDESA,Buena,Buena,"19.200951, -99.011210"
2020-07-29,HOSPITAL GENERAL BALBUENA,SEDESA,Buena,Buena,"19.424195, -99.115412"
2020-07-29,HOSPITAL TEPEPAN,SEDESA,Sin Dato,Sin Dato,"19.275806, -99.144298"
2020-07-29,HOSPITAL DE ESPECIALIDADES 01 CMN SIGLO XXI (CDMX SUR),IMSS,Buena,Buena,"19.466549, -99.145102"
2020-07-29,HOSPITAL DE PEDIATRIA 01 CMN SIGLO XXI (CDMX SUR),IMSS,Buena,Buena,"19.407458, -99.152267"
2020-07-29,HOSPITAL GENERAL DE ZONA 01 CARLOS MC GREGOR (CDMX SUR),IMSS,Media,Media,"19.395912, -99.161610"
2020-07-29,HOSPITAL GENERAL DE ZONA 1A PARQUE DE LOS VENADOS (CDMX SUR),IMSS,Media,Buena,"19.374431, -99.151203"
2020-07-29,HOSPITAL DE INFECTOLOGIA 01 LA RAZA (CDMX NORTE),IMSS,Media,Buena,"19.464865, -99.144859"
2020-07-29,HOSPITAL GENERAL 01 (CDMX NORTE) LA RAZA,IMSS,Media,Buena,"19.395740, -99.161677"
2020-07-29,HOSPITAL GENERAL DE ZONA 24 (CDMX NORTE),IMSS,Buena,Media,"19.483221, -99.128448"
2020-07-29,HOSPITAL GENERAL DE ZONA 27 (CDMX NORTE),IMSS,Media,Buena,"19.454776, -99.140007"
2020-07-29,HOSPITAL GENERAL DE ZONA 2A (CDMX SUR),IMSS,Buena,Media,"19.405495, -99.112200"
2020-07-29,HOSPITAL GENERAL DE ZONA 30 (CDMX SUR),IMSS,Media,Buena,"19.398836, -99.116913"
2020-07-29,HOSPITAL GENERAL DE ZONA 32 (CDMX SUR),IMSS,Media,Buena,"19.307964, -99.130677"
2020-07-29,HOSPITAL GENERAL DE ZONA C/MF 08 (CDMX SUR),IMSS,Crítica,Buena,"19.337137, -99.200142"
2020-07-29,HOSPITAL GENERAL DE ZONA C/UMAA 48 (CDMX NORTE),IMSS,Buena,Media,"19.482375, -99.213046"
2020-07-29,HOSPITAL GENERAL 02 (CDMX SUR) VILLA COAPA (COY.),IMSS,Media,Buena,"19.309194, -99.129593"
2020-07-29,HOSPITAL DE ESPECIALIDADES 01 (CDMX NORTE) LA RAZA (AZC),IMSS,Media,Buena,"19.467169, -99.143785"
2020-07-29,HOSPITAL GENERAL DE ZONA C/MF 29 (S. JUAN ARAGÓN),IMSS,Media,Buena,"19.465117, -99.085162"
2020-07-29,HOSPITAL GENERAL DE ZONA 47 (CDMX SUR) (IZP),IMSS,Buena,Media,"19.357566, -99.054269"
2020-07-29,UNIDAD MÓVIL TEMPORAL COVID,IMSS,Crítica,Crítica,"19.403082, -99.089177"
2020-07-29,CRIT IZTAPALAPA,IMSS,Buena,Buena,"19.328321, -99.068530"
2020-07-29,HOSPITAL GENERAL REGIONAL 72,IMSS,Media,Media,"19.356913, -98.990929"
2020-07-29,HOSPITAL GENERAL REGIONAL 196,IMSS,Media,Buena,"19.515133, -98.891450"
2020-07-29,HOSPITAL GENERAL REGIONAL 200,IMSS,Media,Buena,"19.470300, -99.234208"
2020-07-29,HOSPITAL GENERAL DE ZONA 53,IMSS,Media,Media,"19.597387, -99.188426"
2020-07-29,HOSPITAL GENERAL DE ZONA 197,IMSS,Buena,Buena,"19.530797, -99.222446"
2020-07-29,HOSPITAL GENERAL DE ZONA 194,IMSS,Media,Buena,"19.570070, -99.044009"
2020-07-29,HOSPITAL GENERAL DE ZONA 57 (LA QUEBRADA),IMSS,Media,Buena,"19.542797, -99.205022"
2020-07-29,HOSPITAL GENERAL DE ZONA 58 (LAS MARGARITAS),IMSS,Media,Buena,"19.529016, -99.030983"
2020-07-29,HOSPITAL GENERAL DE ZONA 68 (TULPETLAC),IMSS,Buena,Buena,"19.742905, -98.972971"
2020-07-29,HOSPITAL GENERAL DE ZONA 71 (CHALCO),IMSS,Buena,Buena,"19.356913, -98.990929"
2020-07-29,HOSPITAL GENERAL DE ZONA 76 (XALOSTOC),IMSS,Buena,Media,"19.515133, -98.891450"
2020-07-29,HOSPITAL GENERAL DE ZONA 98 (COACALCO),IMSS,Media,Buena,"19.470300, -99.234208"
2020-07-29,CRIT NEZAHUALCÓYOTL,IMSS,Buena,Buena,"19.425795, -99.029987"
2020-07-29,CENTRO MEDICO 20 DE NOVIEMBRE,ISSSTE,Media,Buena,"19.372720, -99.171205"
2020-07-29,HG DARIO FERNANDEZ FIERRO,ISSSTE,Media,Buena,"19.363602, -99.188608"
2020-07-29,HG JOSE MARIA MORELOS,ISSSTE,Buena,Media,"19.363918, -98.995393"
2020-07-29,HG TACUBA,ISSSTE,Crítica,Media,"19.454384, -99.191231"
2020-07-29,HG DR FERNANDO QUIROZ,ISSSTE,Buena,Buena,"19.394242, -99.194187"
2020-07-29,HG IGNACIO ZARAGOZA,ISSSTE,Buena,Media,"19.389472, -99.045019"
2020-07-29,HR PRIMERO DE OCTUBRE,ISSSTE,Media,Media,"19.486751, -99.133249"
2020-07-29,HR LIC. ADOLFO LÓPEZ MATEOS,ISSSTE,Buena,Buena,"19.358451, -99.172716"
2020-07-29,HR BICENTENARIO DE LA INDEPENDENCIA,ISSSTE,Media,Media,"19.628814, -99.163343"
2020-07-29,ALTA ESPECIALIDAD DE ZUMPANGO,EDOMEX,Media,Media,"19.815198, -99.089196"
2020-07-29,HOSPITAL REGIONAL TLALNEPANTLA ISSEMYM,EDOMEX,Media,Buena,"19.521706, -99.187341"
2020-07-29,"HOSPITAL GENERAL ECATEPEC ""LAS AMÉRICAS""",EDOMEX,Buena,Media,"19.594136, -99.018679"
2020-07-29,"HOSPITAL GENERAL DE NAUCALPAN ""DR. MAXIMILIANO RUIZ CASTAÑEDA"" ",EDOMEX,Buena,Media,"19.468662, -99.234348"
2020-07-29,"HOSPITAL GENERAL ATIZAPAN DE ZARAGOZA ""DR. SALVADOR GONZALEZ HERREJÓN""",EDOMEX,Buena,Buena,"19.546322, -99.237491"
2020-07-29,"HOSPITAL GENERAL CUAUTITLAN ""GRAL. JOSE VICENTE VILLADA""",EDOMEX,Media,Buena,"19.664586, -99.178557"
2020-07-29,"HOSPITAL GENERAL DE NEZAHUALCOYOTL ""GUSTAVO BAZ PRADA""",EDOMEX,Buena,Buena,"19.422253, -99.014892"
2020-07-29,"HOSPITAL GENERAL DE ECATEPEC ""JOSÉ MARÍA RODRÍGUEZ""",EDOMEX,Buena,Media,"19.514412, -99.038087"
2020-07-29,"HOSPITAL GENERAL NEZAHUALCOYOTL ""LA PERLA"" ",EDOMEX,Buena,Buena,"19.387963, -98.989442"
2020-07-29,HOSPITAL GENERAL DE CHIMALHUACAN,EDOMEX,Buena,Buena,"19.419753, -98.975140"
2020-07-29,"HOSPITAL GENERAL DE IXTAPALUCA ""PEDRO LOPEZ""",EDOMEX,Buena,Buena,"19.318829, -98.855366"
2020-07-29,HOSPITAL GENERAL DE CHALCO ,EDOMEX,Buena,Buena,"19.268265, -98.893965"
2020-07-29,"HOSPITAL GENERAL TEXCOCO ""GUADALUPE VICTORIA"" BICENTENARIO ",EDOMEX,Media,Buena,"19.514309, -98.871750"
2020-07-29,"HOSPITAL GENERAL VALLE DE CHALCO ""DR. FERNANDO QUIROZ GUTIERREZ"" ",EDOMEX,Buena,Buena,"19.273775, -98.941609"
2020-07-29,"HOSPITAL GENERAL AMECAMECA ""VALENTIN GOMEZ FARIAS"" ",EDOMEX,Buena,Buena,"19.144883, -98.785072"
2020-07-29,HOSPITAL GENERAL DE AXAPUSCO,EDOMEX,Media,Media,"19.732872, -98.769445"
2020-07-30,INSTITUTO NACIONAL DE NUTRICIÓN,SSA,Crítica,Crítica,"19.289599, -99.155441"
2020-07-30,INER,SSA,Crítica,Media,"19.291375, -99.158653"
2020-07-30,HOSPITAL GENERAL DE MÉXICO,SSA,Buena,Buena,"19.4129258, -99.1520225"
2020-07-30,HOSPITAL JUAREZ,SSA,Media,Buena,"19.481829, -99.135576"
2020-07-30,HOSPITAL GENERAL DR. MANUEL GEA GONZÁLEZ,SSA,Media,Media,"19.290295, -99.160861"
2020-07-30,HOSPITAL INFANTIL DE MÉXICO FEDERICO GÓMEZ,SSA,Buena,Buena,"19.410839, -99.151941"
2020-07-30,INSTITUTO  NACIONAL DE CARDIOLOGÍA IGNACIO CHÁVEZ,SSA,Buena,Buena,"19.290598, -99.153838"
2020-07-30,CITIBANAMEX,SSA,Buena,Media,"19.439732, -99.224235"
2020-07-30,HOSPITAL REGIONAL DE ALTA ESPECIALIDAD DE IXTAPALUCA,SSA,Buena,Media,"19.318796, -98.855353"
2020-07-30,BELISARIO DOMINGUEZ,SEDESA,Buena,Buena,"19.307226, -99.065356"
2020-07-30,ENRIQUE CABRERA,SEDESA,Media,Buena,"19.361675, -99.224432"
2020-07-30,GENERAL TLAHUAC,SEDESA,Buena,Buena,"19.287492, -99.052665"
2020-07-30,PEDIATRICO DE LA VILLA,SEDESA,Buena,Buena,"19.487355, -99.114316"
2020-07-30,HOSPITAL GENERAL AJUSCO MEDIO,SEDESA,Buena,Buena,"19.272165, -99.207846"
2020-07-30,HOSPITAL GENERAL IZTAPALAPA,SEDESA,Buena,Buena,"19.343426, -99.027236"
2020-07-30,HOSPITAL GENERAL XOCO,SEDESA,Buena,Buena,"19.360313, -99.162275"
2020-07-30,HOSPITAL GENERAL VILLA,SEDESA,Media,Buena,"19.480079, -99.103353"
2020-07-30,HOSPITAL GENERAL DR. RUBÉN LEÑERO,SEDESA,Media,Buena,"19.451398, -99.169565"
2020-07-30,HOSPITAL GENERAL MILPA ALTA,SEDESA,Media,Buena,"19.200951, -99.011210"
2020-07-30,HOSPITAL GENERAL BALBUENA,SEDESA,Buena,Buena,"19.424195, -99.115412"
2020-07-30,HOSPITAL TEPEPAN,SEDESA,Sin Dato,Sin Dato,"19.275806, -99.144298"
2020-07-30,HOSPITAL DE ESPECIALIDADES 01 CMN SIGLO XXI (CDMX SUR),IMSS,Buena,Buena,"19.466549, -99.145102"
2020-07-30,HOSPITAL DE PEDIATRIA 01 CMN SIGLO XXI (CDMX SUR),IMSS,Buena,Buena,"19.407458, -99.152267"
2020-07-30,HOSPITAL GENERAL DE ZONA 01 CARLOS MC GREGOR (CDMX SUR),IMSS,Media,Media,"19.395912, -99.161610"
2020-07-30,HOSPITAL GENERAL DE ZONA 1A PARQUE DE LOS VENADOS (CDMX SUR),IMSS,Media,Buena,"19.374431, -99.151203"
2020-07-30,HOSPITAL DE INFECTOLOGIA 01 LA RAZA (CDMX NORTE),IMSS,Buena,Media,"19.464865, -99.144859"
2020-07-30,HOSPITAL GENERAL 01 (CDMX NORTE) LA RAZA,IMSS,Media,Buena,"19.395740, -99.161677"
2020-07-30,HOSPITAL GENERAL DE ZONA 24 (CDMX NORTE),IMSS,Buena,Media,"19.483221, -99.128448"
2020-07-30,HOSPITAL GENERAL DE ZONA 27 (CDMX NORTE),IMSS,Media,Buena,"19.454776, -99.140007"
2020-07-30,HOSPITAL GENERAL DE ZONA 2A (CDMX SUR),IMSS,Media,Buena,"19.405495, -99.112200"
2020-07-30,HOSPITAL GENERAL DE ZONA 30 (CDMX SUR),IMSS,Media,Buena,"19.398836, -99.116913"
2020-07-30,HOSPITAL GENERAL DE ZONA 32 (CDMX SUR),IMSS,Buena,Buena,"19.307964, -99.130677"
2020-07-30,HOSPITAL GENERAL DE ZONA C/MF 08 (CDMX SUR),IMSS,Crítica,Buena,"19.337137, -99.200142"
2020-07-30,HOSPITAL GENERAL DE ZONA C/UMAA 48 (CDMX NORTE),IMSS,Media,Media,"19.482375, -99.213046"
2020-07-30,HOSPITAL GENERAL 02 (CDMX SUR) VILLA COAPA (COY.),IMSS,Media,Buena,"19.309194, -99.129593"
2020-07-30,HOSPITAL DE ESPECIALIDADES 01 (CDMX NORTE) LA RAZA (AZC),IMSS,Media,Buena,"19.467169, -99.143785"
2020-07-30,HOSPITAL GENERAL DE ZONA C/MF 29 (S. JUAN ARAGÓN),IMSS,Media,Buena,"19.465117, -99.085162"
2020-07-30,HOSPITAL GENERAL DE ZONA 47 (CDMX SUR) (IZP),IMSS,Buena,Buena,"19.357566, -99.054269"
2020-07-30,UNIDAD MÓVIL TEMPORAL COVID,IMSS,Crítica,Crítica,"19.403082, -99.089177"
2020-07-30,CRIT IZTAPALAPA,IMSS,Buena,Buena,"19.328321, -99.068530"
2020-07-30,HOSPITAL GENERAL REGIONAL 72,IMSS,Media,Media,"19.356913, -98.990929"
2020-07-30,HOSPITAL GENERAL REGIONAL 196,IMSS,Media,Buena,"19.515133, -98.891450"
2020-07-30,HOSPITAL GENERAL REGIONAL 200,IMSS,Media,Buena,"19.470300, -99.234208"
2020-07-30,HOSPITAL GENERAL DE ZONA 53,IMSS,Buena,Media,"19.597387, -99.188426"
2020-07-30,HOSPITAL GENERAL DE ZONA 197,IMSS,Buena,Buena,"19.530797, -99.222446"
2020-07-30,HOSPITAL GENERAL DE ZONA 194,IMSS,Media,Media,"19.570070, -99.044009"
2020-07-30,HOSPITAL GENERAL DE ZONA 57 (LA QUEBRADA),IMSS,Media,Buena,"19.542797, -99.205022"
2020-07-30,HOSPITAL GENERAL DE ZONA 58 (LAS MARGARITAS),IMSS,Media,Buena,"19.529016, -99.030983"
2020-07-30,HOSPITAL GENERAL DE ZONA 68 (TULPETLAC),IMSS,Buena,Media,"19.742905, -98.972971"
2020-07-30,HOSPITAL GENERAL DE ZONA 71 (CHALCO),IMSS,Buena,Buena,"19.356913, -98.990929"
2020-07-30,HOSPITAL GENERAL DE ZONA 76 (XALOSTOC),IMSS,Buena,Media,"19.515133, -98.891450"
2020-07-30,HOSPITAL GENERAL DE ZONA 98 (COACALCO),IMSS,Media,Buena,"19.470300, -99.234208"
2020-07-30,CRIT NEZAHUALCÓYOTL,IMSS,Buena,Buena,"19.425795, -99.029987"
2020-07-30,CENTRO MEDICO 20 DE NOVIEMBRE,ISSSTE,Media,Buena,"19.372720, -99.171205"
2020-07-30,HG DARIO FERNANDEZ FIERRO,ISSSTE,Media,Media,"19.363602, -99.188608"
2020-07-30,HG JOSE MARIA MORELOS,ISSSTE,Buena,Media,"19.363918, -98.995393"
2020-07-30,HG TACUBA,ISSSTE,Crítica,Buena,"19.454384, -99.191231"
2020-07-30,HG DR FERNANDO QUIROZ,ISSSTE,Buena,Buena,"19.394242, -99.194187"
2020-07-30,HG IGNACIO ZARAGOZA,ISSSTE,Buena,Media,"19.389472, -99.045019"
2020-07-30,HR PRIMERO DE OCTUBRE,ISSSTE,Media,Media,"19.486751, -99.133249"
2020-07-30,HR LIC. ADOLFO LÓPEZ MATEOS,ISSSTE,Buena,Buena,"19.358451, -99.172716"
2020-07-30,HR BICENTENARIO DE LA INDEPENDENCIA,ISSSTE,Media,Media,"19.628814, -99.163343"
2020-07-30,ALTA ESPECIALIDAD DE ZUMPANGO,EDOMEX,Media,Media,"19.815198, -99.089196"
2020-07-30,HOSPITAL REGIONAL TLALNEPANTLA ISSEMYM,EDOMEX,Buena,Media,"19.521706, -99.187341"
2020-07-30,"HOSPITAL GENERAL ECATEPEC ""LAS AMÉRICAS""",EDOMEX,Buena,Media,"19.594136, -99.018679"
2020-07-30,"HOSPITAL GENERAL DE NAUCALPAN ""DR. MAXIMILIANO RUIZ CASTAÑEDA"" ",EDOMEX,Buena,Media,"19.468662, -99.234348"
2020-07-30,"HOSPITAL GENERAL ATIZAPAN DE ZARAGOZA ""DR. SALVADOR GONZALEZ HERREJÓN""",EDOMEX,Buena,Buena,"19.546322, -99.237491"
2020-07-30,"HOSPITAL GENERAL CUAUTITLAN ""GRAL. JOSE VICENTE VILLADA""",EDOMEX,Media,Buena,"19.664586, -99.178557"
2020-07-30,"HOSPITAL GENERAL DE NEZAHUALCOYOTL ""GUSTAVO BAZ PRADA""",EDOMEX,Buena,Buena,"19.422253, -99.014892"
2020-07-30,"HOSPITAL GENERAL DE ECATEPEC ""JOSÉ MARÍA RODRÍGUEZ""",EDOMEX,Buena,Buena,"19.514412, -99.038087"
2020-07-30,"HOSPITAL GENERAL NEZAHUALCOYOTL ""LA PERLA"" ",EDOMEX,Buena,Buena,"19.387963, -98.989442"
2020-07-30,HOSPITAL GENERAL DE CHIMALHUACAN,EDOMEX,Buena,Buena,"19.419753, -98.975140"
2020-07-30,"HOSPITAL GENERAL DE IXTAPALUCA ""PEDRO LOPEZ""",EDOMEX,Buena,Buena,"19.318829, -98.855366"
2020-07-30,HOSPITAL GENERAL DE CHALCO ,EDOMEX,Buena,Buena,"19.268265, -98.893965"
2020-07-30,"HOSPITAL GENERAL TEXCOCO ""GUADALUPE VICTORIA"" BICENTENARIO ",EDOMEX,Buena,Buena,"19.514309, -98.871750"
2020-07-30,"HOSPITAL GENERAL VALLE DE CHALCO ""DR. FERNANDO QUIROZ GUTIERREZ"" ",EDOMEX,Buena,Buena,"19.273775, -98.941609"
2020-07-30,"HOSPITAL GENERAL AMECAMECA ""VALENTIN GOMEZ FARIAS"" ",EDOMEX,Buena,Buena,"19.144883, -98.785072"
2020-07-30,HOSPITAL GENERAL DE AXAPUSCO,EDOMEX,Media,Media,"19.732872, -98.769445"
2020-07-31,INSTITUTO NACIONAL DE NUTRICIÓN,SSA,Media,Crítica,"19.289599, -99.155441"
2020-07-31,INER,SSA,Crítica,Media,"19.291375, -99.158653"
2020-07-31,HOSPITAL GENERAL DE MÉXICO,SSA,Buena,Media,"19.4129258, -99.1520225"
2020-07-31,HOSPITAL JUAREZ,SSA,Crítica,Buena,"19.481829, -99.135576"
2020-07-31,HOSPITAL GENERAL DR. MANUEL GEA GONZÁLEZ,SSA,Media,Media,"19.290295, -99.160861"
2020-07-31,HOSPITAL INFANTIL DE MÉXICO FEDERICO GÓMEZ,SSA,Buena,Buena,"19.410839, -99.151941"
2020-07-31,INSTITUTO  NACIONAL DE CARDIOLOGÍA IGNACIO CHÁVEZ,SSA,Buena,Buena,"19.290598, -99.153838"
2020-07-31,CITIBANAMEX,SSA,Buena,Media,"19.439732, -99.224235"
2020-07-31,HOSPITAL REGIONAL DE ALTA ESPECIALIDAD DE IXTAPALUCA,SSA,Buena,Media,"19.318796, -98.855353"
2020-07-31,BELISARIO DOMINGUEZ,SEDESA,Buena,Buena,"19.307226, -99.065356"
2020-07-31,ENRIQUE CABRERA,SEDESA,Media,Buena,"19.361675, -99.224432"
2020-07-31,GENERAL TLAHUAC,SEDESA,Buena,Buena,"19.287492, -99.052665"
2020-07-31,PEDIATRICO DE LA VILLA,SEDESA,Buena,Buena,"19.487355, -99.114316"
2020-07-31,HOSPITAL GENERAL AJUSCO MEDIO,SEDESA,Buena,Buena,"19.272165, -99.207846"
2020-07-31,HOSPITAL GENERAL IZTAPALAPA,SEDESA,Buena,Buena,"19.343426, -99.027236"
2020-07-31,HOSPITAL GENERAL XOCO,SEDESA,Buena,Buena,"19.360313, -99.162275"
2020-07-31,HOSPITAL GENERAL VILLA,SEDESA,Media,Buena,"19.480079, -99.103353"
2020-07-31,HOSPITAL GENERAL DR. RUBÉN LEÑERO,SEDESA,Media,Buena,"19.451398, -99.169565"
2020-07-31,HOSPITAL GENERAL MILPA ALTA,SEDESA,Buena,Media,"19.200951, -99.011210"
2020-07-31,HOSPITAL GENERAL BALBUENA,SEDESA,Buena,Buena,"19.424195, -99.115412"
2020-07-31,HOSPITAL TEPEPAN,SEDESA,Sin Dato,Sin Dato,"19.275806, -99.144298"
2020-07-31,HOSPITAL DE ESPECIALIDADES 01 CMN SIGLO XXI (CDMX SUR),IMSS,Buena,Buena,"19.466549, -99.145102"
2020-07-31,HOSPITAL DE PEDIATRIA 01 CMN SIGLO XXI (CDMX SUR),IMSS,Buena,Buena,"19.407458, -99.152267"
2020-07-31,HOSPITAL GENERAL DE ZONA 01 CARLOS MC GREGOR (CDMX SUR),IMSS,Media,Media,"19.395912, -99.161610"
2020-07-31,HOSPITAL GENERAL DE ZONA 1A PARQUE DE LOS VENADOS (CDMX SUR),IMSS,Media,Buena,"19.374431, -99.151203"
2020-07-31,HOSPITAL DE INFECTOLOGIA 01 LA RAZA (CDMX NORTE),IMSS,Buena,Media,"19.464865, -99.144859"
2020-07-31,HOSPITAL GENERAL 01 (CDMX NORTE) LA RAZA,IMSS,Media,Buena,"19.395740, -99.161677"
2020-07-31,HOSPITAL GENERAL DE ZONA 24 (CDMX NORTE),IMSS,Buena,Media,"19.483221, -99.128448"
2020-07-31,HOSPITAL GENERAL DE ZONA 27 (CDMX NORTE),IMSS,Media,Buena,"19.454776, -99.140007"
2020-07-31,HOSPITAL GENERAL DE ZONA 2A (CDMX SUR),IMSS,Buena,Media,"19.405495, -99.112200"
2020-07-31,HOSPITAL GENERAL DE ZONA 30 (CDMX SUR),IMSS,Media,Buena,"19.398836, -99.116913"
2020-07-31,HOSPITAL GENERAL DE ZONA 32 (CDMX SUR),IMSS,Buena,Buena,"19.307964, -99.130677"
2020-07-31,HOSPITAL GENERAL DE ZONA C/MF 08 (CDMX SUR),IMSS,Crítica,Buena,"19.337137, -99.200142"
2020-07-31,HOSPITAL GENERAL DE ZONA C/UMAA 48 (CDMX NORTE),IMSS,Buena,Media,"19.482375, -99.213046"
2020-07-31,HOSPITAL GENERAL 02 (CDMX SUR) VILLA COAPA (COY.),IMSS,Media,Buena,"19.309194, -99.129593"
2020-07-31,HOSPITAL DE ESPECIALIDADES 01 (CDMX NORTE) LA RAZA (AZC),IMSS,Media,Buena,"19.467169, -99.143785"
2020-07-31,HOSPITAL GENERAL DE ZONA C/MF 29 (S. JUAN ARAGÓN),IMSS,Media,Buena,"19.465117, -99.085162"
2020-07-31,HOSPITAL GENERAL DE ZONA 47 (CDMX SUR) (IZP),IMSS,Buena,Buena,"19.357566, -99.054269"
2020-07-31,UNIDAD MÓVIL TEMPORAL COVID,IMSS,Crítica,Crítica,"19.403082, -99.089177"
2020-07-31,CRIT IZTAPALAPA,IMSS,Buena,Buena,"19.328321, -99.068530"
2020-07-31,HOSPITAL GENERAL REGIONAL 72,IMSS,Media,Media,"19.356913, -98.990929"
2020-07-31,HOSPITAL GENERAL REGIONAL 196,IMSS,Media,Buena,"19.515133, -98.891450"
2020-07-31,HOSPITAL GENERAL REGIONAL 200,IMSS,Media,Buena,"19.470300, -99.234208"
2020-07-31,HOSPITAL GENERAL DE ZONA 53,IMSS,Buena,Media,"19.597387, -99.188426"
2020-07-31,HOSPITAL GENERAL DE ZONA 197,IMSS,Buena,Buena,"19.530797, -99.222446"
2020-07-31,HOSPITAL GENERAL DE ZONA 194,IMSS,Media,Media,"19.570070, -99.044009"
2020-07-31,HOSPITAL GENERAL DE ZONA 57 (LA QUEBRADA),IMSS,Media,Buena,"19.542797, -99.205022"
2020-07-31,HOSPITAL GENERAL DE ZONA 58 (LAS MARGARITAS),IMSS,Media,Buena,"19.529016, -99.030983"
2020-07-31,HOSPITAL GENERAL DE ZONA 68 (TULPETLAC),IMSS,Buena,Media,"19.742905, -98.972971"
2020-07-31,HOSPITAL GENERAL DE ZONA 71 (CHALCO),IMSS,Buena,Buena,"19.356913, -98.990929"
2020-07-31,HOSPITAL GENERAL DE ZONA 76 (XALOSTOC),IMSS,Buena,Buena,"19.515133, -98.891450"
2020-07-31,HOSPITAL GENERAL DE ZONA 98 (COACALCO),IMSS,Media,Buena,"19.470300, -99.234208"
2020-07-31,CRIT NEZAHUALCÓYOTL,IMSS,Buena,Buena,"19.425795, -99.029987"
2020-07-31,CENTRO MEDICO 20 DE NOVIEMBRE,ISSSTE,Media,Buena,"19.372720, -99.171205"
2020-07-31,HG DARIO FERNANDEZ FIERRO,ISSSTE,Buena,Media,"19.363602, -99.188608"
2020-07-31,HG JOSE MARIA MORELOS,ISSSTE,Buena,Buena,"19.363918, -98.995393"
2020-07-31,HG TACUBA,ISSSTE,Crítica,Media,"19.454384, -99.191231"
2020-07-31,HG DR FERNANDO QUIROZ,ISSSTE,Buena,Buena,"19.394242, -99.194187"
2020-07-31,HG IGNACIO ZARAGOZA,ISSSTE,Buena,Media,"19.389472, -99.045019"
2020-07-31,HR PRIMERO DE OCTUBRE,ISSSTE,Media,Media,"19.486751, -99.133249"
2020-07-31,HR LIC. ADOLFO LÓPEZ MATEOS,ISSSTE,Buena,Buena,"19.358451, -99.172716"
2020-07-31,HR BICENTENARIO DE LA INDEPENDENCIA,ISSSTE,Media,Media,"19.628814, -99.163343"
2020-07-31,ALTA ESPECIALIDAD DE ZUMPANGO,EDOMEX,Media,Media,"19.815198, -99.089196"
2020-07-31,HOSPITAL REGIONAL TLALNEPANTLA ISSEMYM,EDOMEX,Media,Buena,"19.521706, -99.187341"
2020-07-31,"HOSPITAL GENERAL ECATEPEC ""LAS AMÉRICAS""",EDOMEX,Buena,Media,"19.594136, -99.018679"
2020-07-31,"HOSPITAL GENERAL DE NAUCALPAN ""DR. MAXIMILIANO RUIZ CASTAÑEDA"" ",EDOMEX,Buena,Media,"19.468662, -99.234348"
2020-07-31,"HOSPITAL GENERAL ATIZAPAN DE ZARAGOZA ""DR. SALVADOR GONZALEZ HERREJÓN""",EDOMEX,Buena,Buena,"19.546322, -99.237491"
2020-07-31,"HOSPITAL GENERAL CUAUTITLAN ""GRAL. JOSE VICENTE VILLADA""",EDOMEX,Media,Media,"19.664586, -99.178557"
2020-07-31,"HOSPITAL GENERAL DE NEZAHUALCOYOTL ""GUSTAVO BAZ PRADA""",EDOMEX,Buena,Buena,"19.422253, -99.014892"
2020-07-31,"HOSPITAL GENERAL DE ECATEPEC ""JOSÉ MARÍA RODRÍGUEZ""",EDOMEX,Buena,Buena,"19.514412, -99.038087"
2020-07-31,"HOSPITAL GENERAL NEZAHUALCOYOTL ""LA PERLA"" ",EDOMEX,Buena,Buena,"19.387963, -98.989442"
2020-07-31,HOSPITAL GENERAL DE CHIMALHUACAN,EDOMEX,Buena,Buena,"19.419753, -98.975140"
2020-07-31,"HOSPITAL GENERAL DE IXTAPALUCA ""PEDRO LOPEZ""",EDOMEX,Buena,Buena,"19.318829, -98.855366"
2020-07-31,HOSPITAL GENERAL DE CHALCO ,EDOMEX,Buena,Buena,"19.268265, -98.893965"
2020-07-31,"HOSPITAL GENERAL TEXCOCO ""GUADALUPE VICTORIA"" BICENTENARIO ",EDOMEX,Buena,Media,"19.514309, -98.871750"
2020-07-31,"HOSPITAL GENERAL VALLE DE CHALCO ""DR. FERNANDO QUIROZ GUTIERREZ"" ",EDOMEX,Buena,Buena,"19.273775, -98.941609"
2020-07-31,"HOSPITAL GENERAL AMECAMECA ""VALENTIN GOMEZ FARIAS"" ",EDOMEX,Buena,Buena,"19.144883, -98.785072"
2020-07-31,HOSPITAL GENERAL DE AXAPUSCO,EDOMEX,Media,Media,"19.732872, -98.769445"
2020-08-01,INSTITUTO NACIONAL DE NUTRICIÓN,SSA,Media,Crítica,"19.289599, -99.155441"
2020-08-01,INER,SSA,Crítica,Media,"19.291375, -99.158653"
2020-08-01,HOSPITAL GENERAL DE MÉXICO,SSA,Buena,Buena,"19.4129258, -99.1520225"
2020-08-01,HOSPITAL JUAREZ,SSA,Crítica,Buena,"19.481829, -99.135576"
2020-08-01,HOSPITAL GENERAL DR. MANUEL GEA GONZÁLEZ,SSA,Media,Media,"19.290295, -99.160861"
2020-08-01,HOSPITAL INFANTIL DE MÉXICO FEDERICO GÓMEZ,SSA,Buena,Buena,"19.410839, -99.151941"
2020-08-01,INSTITUTO  NACIONAL DE CARDIOLOGÍA IGNACIO CHÁVEZ,SSA,Buena,Buena,"19.290598, -99.153838"
2020-08-01,CITIBANAMEX,SSA,Buena,Media,"19.439732, -99.224235"
2020-08-01,HOSPITAL REGIONAL DE ALTA ESPECIALIDAD DE IXTAPALUCA,SSA,Buena,Media,"19.318796, -98.855353"
2020-08-01,BELISARIO DOMINGUEZ,SEDESA,Buena,Buena,"19.307226, -99.065356"
2020-08-01,ENRIQUE CABRERA,SEDESA,Buena,Buena,"19.361675, -99.224432"
2020-08-01,GENERAL TLAHUAC,SEDESA,Buena,Buena,"19.287492, -99.052665"
2020-08-01,PEDIATRICO DE LA VILLA,SEDESA,Buena,Buena,"19.487355, -99.114316"
2020-08-01,HOSPITAL GENERAL AJUSCO MEDIO,SEDESA,Buena,Buena,"19.272165, -99.207846"
2020-08-01,HOSPITAL GENERAL IZTAPALAPA,SEDESA,Buena,Buena,"19.343426, -99.027236"
2020-08-01,HOSPITAL GENERAL XOCO,SEDESA,Buena,Buena,"19.360313, -99.162275"
2020-08-01,HOSPITAL GENERAL VILLA,SEDESA,Media,Buena,"19.480079, -99.103353"
2020-08-01,HOSPITAL GENERAL DR. RUBÉN LEÑERO,SEDESA,Media,Buena,"19.451398, -99.169565"
2020-08-01,HOSPITAL GENERAL MILPA ALTA,SEDESA,Buena,Media,"19.200951, -99.011210"
2020-08-01,HOSPITAL GENERAL BALBUENA,SEDESA,Buena,Buena,"19.424195, -99.115412"
2020-08-01,HOSPITAL TEPEPAN,SEDESA,Sin Dato,Sin Dato,"19.275806, -99.144298"
2020-08-01,HOSPITAL DE ESPECIALIDADES 01 CMN SIGLO XXI (CDMX SUR),IMSS,Buena,Buena,"19.466549, -99.145102"
2020-08-01,HOSPITAL DE PEDIATRIA 01 CMN SIGLO XXI (CDMX SUR),IMSS,Buena,Buena,"19.407458, -99.152267"
2020-08-01,HOSPITAL GENERAL DE ZONA 01 CARLOS MC GREGOR (CDMX SUR),IMSS,Buena,Crítica,"19.395912, -99.161610"
2020-08-01,HOSPITAL GENERAL DE ZONA 1A PARQUE DE LOS VENADOS (CDMX SUR),IMSS,Media,Buena,"19.374431, -99.151203"
2020-08-01,HOSPITAL DE INFECTOLOGIA 01 LA RAZA (CDMX NORTE),IMSS,Buena,Media,"19.464865, -99.144859"
2020-08-01,HOSPITAL GENERAL 01 (CDMX NORTE) LA RAZA,IMSS,Media,Buena,"19.395740, -99.161677"
2020-08-01,HOSPITAL GENERAL DE ZONA 24 (CDMX NORTE),IMSS,Buena,Media,"19.483221, -99.128448"
2020-08-01,HOSPITAL GENERAL DE ZONA 27 (CDMX NORTE),IMSS,Buena,Buena,"19.454776, -99.140007"
2020-08-01,HOSPITAL GENERAL DE ZONA 2A (CDMX SUR),IMSS,Buena,Media,"19.405495, -99.112200"
2020-08-01,HOSPITAL GENERAL DE ZONA 30 (CDMX SUR),IMSS,Media,Buena,"19.398836, -99.116913"
2020-08-01,HOSPITAL GENERAL DE ZONA 32 (CDMX SUR),IMSS,Buena,Buena,"19.307964, -99.130677"
2020-08-01,HOSPITAL GENERAL DE ZONA C/MF 08 (CDMX SUR),IMSS,Crítica,Buena,"19.337137, -99.200142"
2020-08-01,HOSPITAL GENERAL DE ZONA C/UMAA 48 (CDMX NORTE),IMSS,Buena,Media,"19.482375, -99.213046"
2020-08-01,HOSPITAL GENERAL 02 (CDMX SUR) VILLA COAPA (COY.),IMSS,Buena,Buena,"19.309194, -99.129593"
2020-08-01,HOSPITAL DE ESPECIALIDADES 01 (CDMX NORTE) LA RAZA (AZC),IMSS,Buena,Buena,"19.467169, -99.143785"
2020-08-01,HOSPITAL GENERAL DE ZONA C/MF 29 (S. JUAN ARAGÓN),IMSS,Media,Buena,"19.465117, -99.085162"
2020-08-01,HOSPITAL GENERAL DE ZONA 47 (CDMX SUR) (IZP),IMSS,Buena,Buena,"19.357566, -99.054269"
2020-08-01,UNIDAD MÓVIL TEMPORAL COVID,IMSS,Crítica,Crítica,"19.403082, -99.089177"
2020-08-01,CRIT IZTAPALAPA,IMSS,Buena,Buena,"19.328321, -99.068530"
2020-08-01,HOSPITAL GENERAL REGIONAL 72,IMSS,Media,Media,"19.356913, -98.990929"
2020-08-01,HOSPITAL GENERAL REGIONAL 196,IMSS,Buena,Buena,"19.515133, -98.891450"
2020-08-01,HOSPITAL GENERAL REGIONAL 200,IMSS,Media,Buena,"19.470300, -99.234208"
2020-08-01,HOSPITAL GENERAL DE ZONA 53,IMSS,Buena,Media,"19.597387, -99.188426"
2020-08-01,HOSPITAL GENERAL DE ZONA 197,IMSS,Buena,Buena,"19.530797, -99.222446"
2020-08-01,HOSPITAL GENERAL DE ZONA 194,IMSS,Media,Media,"19.570070, -99.044009"
2020-08-01,HOSPITAL GENERAL DE ZONA 57 (LA QUEBRADA),IMSS,Media,Buena,"19.542797, -99.205022"
2020-08-01,HOSPITAL GENERAL DE ZONA 58 (LAS MARGARITAS),IMSS,Media,Buena,"19.529016, -99.030983"
2020-08-01,HOSPITAL GENERAL DE ZONA 68 (TULPETLAC),IMSS,Buena,Media,"19.742905, -98.972971"
2020-08-01,HOSPITAL GENERAL DE ZONA 71 (CHALCO),IMSS,Buena,Buena,"19.356913, -98.990929"
2020-08-01,HOSPITAL GENERAL DE ZONA 76 (XALOSTOC),IMSS,Buena,Buena,"19.515133, -98.891450"
2020-08-01,HOSPITAL GENERAL DE ZONA 98 (COACALCO),IMSS,Media,Buena,"19.470300, -99.234208"
2020-08-01,CRIT NEZAHUALCÓYOTL,IMSS,Buena,Buena,"19.425795, -99.029987"
2020-08-01,CENTRO MEDICO 20 DE NOVIEMBRE,ISSSTE,Media,Buena,"19.372720, -99.171205"
2020-08-01,HG DARIO FERNANDEZ FIERRO,ISSSTE,Buena,Media,"19.363602, -99.188608"
2020-08-01,HG JOSE MARIA MORELOS,ISSSTE,Buena,Buena,"19.363918, -98.995393"
2020-08-01,HG TACUBA,ISSSTE,Crítica,Media,"19.454384, -99.191231"
2020-08-01,HG DR FERNANDO QUIROZ,ISSSTE,Buena,Buena,"19.394242, -99.194187"
2020-08-01,HG IGNACIO ZARAGOZA,ISSSTE,Buena,Media,"19.389472, -99.045019"
2020-08-01,HR PRIMERO DE OCTUBRE,ISSSTE,Media,Media,"19.486751, -99.133249"
2020-08-01,HR LIC. ADOLFO LÓPEZ MATEOS,ISSSTE,Buena,Buena,"19.358451, -99.172716"
2020-08-01,HR BICENTENARIO DE LA INDEPENDENCIA,ISSSTE,Media,Media,"19.628814, -99.163343"
2020-08-01,ALTA ESPECIALIDAD DE ZUMPANGO,EDOMEX,Media,Media,"19.815198, -99.089196"
2020-08-01,HOSPITAL REGIONAL TLALNEPANTLA ISSEMYM,EDOMEX,Media,Buena,"19.521706, -99.187341"
2020-08-01,"HOSPITAL GENERAL ECATEPEC ""LAS AMÉRICAS""",EDOMEX,Buena,Media,"19.594136, -99.018679"
2020-08-01,"HOSPITAL GENERAL DE NAUCALPAN ""DR. MAXIMILIANO RUIZ CASTAÑEDA"" ",EDOMEX,Buena,Media,"19.468662, -99.234348"
2020-08-01,"HOSPITAL GENERAL ATIZAPAN DE ZARAGOZA ""DR. SALVADOR GONZALEZ HERREJÓN""",EDOMEX,Buena,Buena,"19.546322, -99.237491"
2020-08-01,"HOSPITAL GENERAL CUAUTITLAN ""GRAL. JOSE VICENTE VILLADA""",EDOMEX,Media,Buena,"19.664586, -99.178557"
2020-08-01,"HOSPITAL GENERAL DE NEZAHUALCOYOTL ""GUSTAVO BAZ PRADA""",EDOMEX,Buena,Buena,"19.422253, -99.014892"
2020-08-01,"HOSPITAL GENERAL DE ECATEPEC ""JOSÉ MARÍA RODRÍGUEZ""",EDOMEX,Buena,Buena,"19.514412, -99.038087"
2020-08-01,"HOSPITAL GENERAL NEZAHUALCOYOTL ""LA PERLA"" ",EDOMEX,Buena,Buena,"19.387963, -98.989442"
2020-08-01,HOSPITAL GENERAL DE CHIMALHUACAN,EDOMEX,Buena,Buena,"19.419753, -98.975140"
2020-08-01,"HOSPITAL GENERAL DE IXTAPALUCA ""PEDRO LOPEZ""",EDOMEX,Buena,Buena,"19.318829, -98.855366"
2020-08-01,HOSPITAL GENERAL DE CHALCO ,EDOMEX,Buena,Media,"19.268265, -98.893965"
2020-08-01,"HOSPITAL GENERAL TEXCOCO ""GUADALUPE VICTORIA"" BICENTENARIO ",EDOMEX,Buena,Buena,"19.514309, -98.871750"
2020-08-01,"HOSPITAL GENERAL VALLE DE CHALCO ""DR. FERNANDO QUIROZ GUTIERREZ"" ",EDOMEX,Buena,Buena,"19.273775, -98.941609"
2020-08-01,"HOSPITAL GENERAL AMECAMECA ""VALENTIN GOMEZ FARIAS"" ",EDOMEX,Buena,Buena,"19.144883, -98.785072"
2020-08-01,HOSPITAL GENERAL DE AXAPUSCO,EDOMEX,Media,Media,"19.732872, -98.769445"
2020-08-02,INSTITUTO NACIONAL DE NUTRICIÓN,SSA,Media,Crítica,"19.289599, -99.155441"
2020-08-02,INER,SSA,Crítica,Media,"19.291375, -99.158653"
2020-08-02,HOSPITAL GENERAL DE MÉXICO,SSA,Buena,Buena,"19.4129258, -99.1520225"
2020-08-02,HOSPITAL JUAREZ,SSA,Media,Buena,"19.481829, -99.135576"
2020-08-02,HOSPITAL GENERAL DR. MANUEL GEA GONZÁLEZ,SSA,Media,Media,"19.290295, -99.160861"
2020-08-02,HOSPITAL INFANTIL DE MÉXICO FEDERICO GÓMEZ,SSA,Buena,Buena,"19.410839, -99.151941"
2020-08-02,INSTITUTO  NACIONAL DE CARDIOLOGÍA IGNACIO CHÁVEZ,SSA,Buena,Buena,"19.290598, -99.153838"
2020-08-02,CITIBANAMEX,SSA,Buena,Media,"19.439732, -99.224235"
2020-08-02,HOSPITAL REGIONAL DE ALTA ESPECIALIDAD DE IXTAPALUCA,SSA,Buena,Media,"19.318796, -98.855353"
2020-08-02,BELISARIO DOMINGUEZ,SEDESA,Buena,Buena,"19.307226, -99.065356"
2020-08-02,ENRIQUE CABRERA,SEDESA,Buena,Buena,"19.361675, -99.224432"
2020-08-02,GENERAL TLAHUAC,SEDESA,Buena,Buena,"19.287492, -99.052665"
2020-08-02,PEDIATRICO DE LA VILLA,SEDESA,Buena,Buena,"19.487355, -99.114316"
2020-08-02,HOSPITAL GENERAL AJUSCO MEDIO,SEDESA,Buena,Buena,"19.272165, -99.207846"
2020-08-02,HOSPITAL GENERAL IZTAPALAPA,SEDESA,Buena,Buena,"19.343426, -99.027236"
2020-08-02,HOSPITAL GENERAL XOCO,SEDESA,Buena,Buena,"19.360313, -99.162275"
2020-08-02,HOSPITAL GENERAL VILLA,SEDESA,Media,Buena,"19.480079, -99.103353"
2020-08-02,HOSPITAL GENERAL DR. RUBÉN LEÑERO,SEDESA,Media,Buena,"19.451398, -99.169565"
2020-08-02,HOSPITAL GENERAL MILPA ALTA,SEDESA,Buena,Media,"19.200951, -99.011210"
2020-08-02,HOSPITAL GENERAL BALBUENA,SEDESA,Buena,Buena,"19.424195, -99.115412"
2020-08-02,HOSPITAL TEPEPAN,SEDESA,Sin Dato,Sin Dato,"19.275806, -99.144298"
2020-08-02,HOSPITAL DE ESPECIALIDADES 01 CMN SIGLO XXI (CDMX SUR),IMSS,Buena,Buena,"19.466549, -99.145102"
2020-08-02,HOSPITAL DE PEDIATRIA 01 CMN SIGLO XXI (CDMX SUR),IMSS,Buena,Buena,"19.407458, -99.152267"
2020-08-02,HOSPITAL GENERAL DE ZONA 01 CARLOS MC GREGOR (CDMX SUR),IMSS,Buena,Media,"19.395912, -99.161610"
2020-08-02,HOSPITAL GENERAL DE ZONA 1A PARQUE DE LOS VENADOS (CDMX SUR),IMSS,Media,Buena,"19.374431, -99.151203"
2020-08-02,HOSPITAL DE INFECTOLOGIA 01 LA RAZA (CDMX NORTE),IMSS,Buena,Media,"19.464865, -99.144859"
2020-08-02,HOSPITAL GENERAL 01 (CDMX NORTE) LA RAZA,IMSS,Media,Buena,"19.395740, -99.161677"
2020-08-02,HOSPITAL GENERAL DE ZONA 24 (CDMX NORTE),IMSS,Buena,Media,"19.483221, -99.128448"
2020-08-02,HOSPITAL GENERAL DE ZONA 27 (CDMX NORTE),IMSS,Buena,Buena,"19.454776, -99.140007"
2020-08-02,HOSPITAL GENERAL DE ZONA 2A (CDMX SUR),IMSS,Buena,Media,"19.405495, -99.112200"
2020-08-02,HOSPITAL GENERAL DE ZONA 30 (CDMX SUR),IMSS,Buena,Buena,"19.398836, -99.116913"
2020-08-02,HOSPITAL GENERAL DE ZONA 32 (CDMX SUR),IMSS,Buena,Buena,"19.307964, -99.130677"
2020-08-02,HOSPITAL GENERAL DE ZONA C/MF 08 (CDMX SUR),IMSS,Crítica,Buena,"19.337137, -99.200142"
2020-08-02,HOSPITAL GENERAL DE ZONA C/UMAA 48 (CDMX NORTE),IMSS,Buena,Media,"19.482375, -99.213046"
2020-08-02,HOSPITAL GENERAL 02 (CDMX SUR) VILLA COAPA (COY.),IMSS,Buena,Buena,"19.309194, -99.129593"
2020-08-02,HOSPITAL DE ESPECIALIDADES 01 (CDMX NORTE) LA RAZA (AZC),IMSS,Buena,Buena,"19.467169, -99.143785"
2020-08-02,HOSPITAL GENERAL DE ZONA C/MF 29 (S. JUAN ARAGÓN),IMSS,Media,Buena,"19.465117, -99.085162"
2020-08-02,HOSPITAL GENERAL DE ZONA 47 (CDMX SUR) (IZP),IMSS,Buena,Buena,"19.357566, -99.054269"
2020-08-02,UNIDAD MÓVIL TEMPORAL COVID,IMSS,Crítica,Crítica,"19.403082, -99.089177"
2020-08-02,CRIT IZTAPALAPA,IMSS,Buena,Buena,"19.328321, -99.068530"
2020-08-02,HOSPITAL GENERAL REGIONAL 72,IMSS,Media,Media,"19.356913, -98.990929"
2020-08-02,HOSPITAL GENERAL REGIONAL 196,IMSS,Buena,Buena,"19.515133, -98.891450"
2020-08-02,HOSPITAL GENERAL REGIONAL 200,IMSS,Buena,Media,"19.470300, -99.234208"
2020-08-02,HOSPITAL GENERAL DE ZONA 53,IMSS,Buena,Media,"19.597387, -99.188426"
2020-08-02,HOSPITAL GENERAL DE ZONA 197,IMSS,Buena,Buena,"19.530797, -99.222446"
2020-08-02,HOSPITAL GENERAL DE ZONA 194,IMSS,Media,Buena,"19.570070, -99.044009"
2020-08-02,HOSPITAL GENERAL DE ZONA 57 (LA QUEBRADA),IMSS,Media,Media,"19.542797, -99.205022"
2020-08-02,HOSPITAL GENERAL DE ZONA 58 (LAS MARGARITAS),IMSS,Media,Media,"19.529016, -99.030983"
2020-08-02,HOSPITAL GENERAL DE ZONA 68 (TULPETLAC),IMSS,Buena,Media,"19.742905, -98.972971"
2020-08-02,HOSPITAL GENERAL DE ZONA 71 (CHALCO),IMSS,Buena,Buena,"19.356913, -98.990929"
2020-08-02,HOSPITAL GENERAL DE ZONA 76 (XALOSTOC),IMSS,Buena,Media,"19.515133, -98.891450"
2020-08-02,HOSPITAL GENERAL DE ZONA 98 (COACALCO),IMSS,Media,Buena,"19.470300, -99.234208"
2020-08-02,CRIT NEZAHUALCÓYOTL,IMSS,Buena,Buena,"19.425795, -99.029987"
2020-08-02,CENTRO MEDICO 20 DE NOVIEMBRE,ISSSTE,Media,Buena,"19.372720, -99.171205"
2020-08-02,HG DARIO FERNANDEZ FIERRO,ISSSTE,Buena,Media,"19.363602, -99.188608"
2020-08-02,HG JOSE MARIA MORELOS,ISSSTE,Buena,Buena,"19.363918, -98.995393"
2020-08-02,HG TACUBA,ISSSTE,Buena,Media,"19.454384, -99.191231"
2020-08-02,HG DR FERNANDO QUIROZ,ISSSTE,Buena,Buena,"19.394242, -99.194187"
2020-08-02,HG IGNACIO ZARAGOZA,ISSSTE,Buena,Media,"19.389472, -99.045019"
2020-08-02,HR PRIMERO DE OCTUBRE,ISSSTE,Media,Media,"19.486751, -99.133249"
2020-08-02,HR LIC. ADOLFO LÓPEZ MATEOS,ISSSTE,Buena,Media,"19.358451, -99.172716"
2020-08-02,HR BICENTENARIO DE LA INDEPENDENCIA,ISSSTE,Media,Media,"19.628814, -99.163343"
2020-08-02,ALTA ESPECIALIDAD DE ZUMPANGO,EDOMEX,Media,Media,"19.815198, -99.089196"
2020-08-02,HOSPITAL REGIONAL TLALNEPANTLA ISSEMYM,EDOMEX,Media,Buena,"19.521706, -99.187341"
2020-08-02,"HOSPITAL GENERAL ECATEPEC ""LAS AMÉRICAS""",EDOMEX,Buena,Media,"19.594136, -99.018679"
2020-08-02,"HOSPITAL GENERAL DE NAUCALPAN ""DR. MAXIMILIANO RUIZ CASTAÑEDA"" ",EDOMEX,Buena,Media,"19.468662, -99.234348"
2020-08-02,"HOSPITAL GENERAL ATIZAPAN DE ZARAGOZA ""DR. SALVADOR GONZALEZ HERREJÓN""",EDOMEX,Buena,Buena,"19.546322, -99.237491"
2020-08-02,"HOSPITAL GENERAL CUAUTITLAN ""GRAL. JOSE VICENTE VILLADA""",EDOMEX,Media,Media,"19.664586, -99.178557"
2020-08-02,"HOSPITAL GENERAL DE NEZAHUALCOYOTL ""GUSTAVO BAZ PRADA""",EDOMEX,Buena,Buena,"19.422253, -99.014892"
2020-08-02,"HOSPITAL GENERAL DE ECATEPEC ""JOSÉ MARÍA RODRÍGUEZ""",EDOMEX,Buena,Buena,"19.514412, -99.038087"
2020-08-02,"HOSPITAL GENERAL NEZAHUALCOYOTL ""LA PERLA"" ",EDOMEX,Buena,Buena,"19.387963, -98.989442"
2020-08-02,HOSPITAL GENERAL DE CHIMALHUACAN,EDOMEX,Buena,Buena,"19.419753, -98.975140"
2020-08-02,"HOSPITAL GENERAL DE IXTAPALUCA ""PEDRO LOPEZ""",EDOMEX,Buena,Buena,"19.318829, -98.855366"
2020-08-02,HOSPITAL GENERAL DE CHALCO ,EDOMEX,Buena,Media,"19.268265, -98.893965"
2020-08-02,"HOSPITAL GENERAL TEXCOCO ""GUADALUPE VICTORIA"" BICENTENARIO ",EDOMEX,Media,Buena,"19.514309, -98.871750"
2020-08-02,"HOSPITAL GENERAL VALLE DE CHALCO ""DR. FERNANDO QUIROZ GUTIERREZ"" ",EDOMEX,Buena,Buena,"19.273775, -98.941609"
2020-08-02,"HOSPITAL GENERAL AMECAMECA ""VALENTIN GOMEZ FARIAS"" ",EDOMEX,Buena,Buena,"19.144883, -98.785072"
2020-08-02,HOSPITAL GENERAL DE AXAPUSCO,EDOMEX,Buena,Media,"19.732872, -98.769445"
2020-08-03,INSTITUTO NACIONAL DE NUTRICIÓN,SSA,Media,Media,"19.289599, -99.155441"
2020-08-03,INER,SSA,Crítica,Media,"19.291375, -99.158653"
2020-08-03,HOSPITAL GENERAL DE MÉXICO,SSA,Buena,Media,"19.4129258, -99.1520225"
2020-08-03,HOSPITAL JUAREZ,SSA,Media,Buena,"19.481829, -99.135576"
2020-08-03,HOSPITAL GENERAL DR. MANUEL GEA GONZÁLEZ,SSA,Media,Media,"19.290295, -99.160861"
2020-08-03,HOSPITAL INFANTIL DE MÉXICO FEDERICO GÓMEZ,SSA,Buena,Buena,"19.410839, -99.151941"
2020-08-03,INSTITUTO  NACIONAL DE CARDIOLOGÍA IGNACIO CHÁVEZ,SSA,Buena,Buena,"19.290598, -99.153838"
2020-08-03,CITIBANAMEX,SSA,Buena,Media,"19.439732, -99.224235"
2020-08-03,HOSPITAL REGIONAL DE ALTA ESPECIALIDAD DE IXTAPALUCA,SSA,Media,Media,"19.318796, -98.855353"
2020-08-03,BELISARIO DOMINGUEZ,SEDESA,Buena,Buena,"19.307226, -99.065356"
2020-08-03,ENRIQUE CABRERA,SEDESA,Buena,Buena,"19.361675, -99.224432"
2020-08-03,GENERAL TLAHUAC,SEDESA,Buena,Buena,"19.287492, -99.052665"
2020-08-03,PEDIATRICO DE LA VILLA,SEDESA,Buena,Buena,"19.487355, -99.114316"
2020-08-03,HOSPITAL GENERAL AJUSCO MEDIO,SEDESA,Buena,Buena,"19.272165, -99.207846"
2020-08-03,HOSPITAL GENERAL IZTAPALAPA,SEDESA,Buena,Buena,"19.343426, -99.027236"
2020-08-03,HOSPITAL GENERAL XOCO,SEDESA,Buena,Buena,"19.360313, -99.162275"
2020-08-03,HOSPITAL GENERAL VILLA,SEDESA,Media,Buena,"19.480079, -99.103353"
2020-08-03,HOSPITAL GENERAL DR. RUBÉN LEÑERO,SEDESA,Media,Buena,"19.451398, -99.169565"
2020-08-03,HOSPITAL GENERAL MILPA ALTA,SEDESA,Buena,Media,"19.200951, -99.011210"
2020-08-03,HOSPITAL GENERAL BALBUENA,SEDESA,Buena,Buena,"19.424195, -99.115412"
2020-08-03,HOSPITAL TEPEPAN,SEDESA,Sin Dato,Sin Dato,"19.275806, -99.144298"
2020-08-03,HOSPITAL DE ESPECIALIDADES 01 CMN SIGLO XXI (CDMX SUR),IMSS,Buena,Buena,"19.466549, -99.145102"
2020-08-03,HOSPITAL DE PEDIATRIA 01 CMN SIGLO XXI (CDMX SUR),IMSS,Buena,Buena,"19.407458, -99.152267"
2020-08-03,HOSPITAL GENERAL DE ZONA 01 CARLOS MC GREGOR (CDMX SUR),IMSS,Buena,Media,"19.395912, -99.161610"
2020-08-03,HOSPITAL GENERAL DE ZONA 1A PARQUE DE LOS VENADOS (CDMX SUR),IMSS,Media,Buena,"19.374431, -99.151203"
2020-08-03,HOSPITAL DE INFECTOLOGIA 01 LA RAZA (CDMX NORTE),IMSS,Buena,Media,"19.464865, -99.144859"
2020-08-03,HOSPITAL GENERAL 01 (CDMX NORTE) LA RAZA,IMSS,Media,Buena,"19.395740, -99.161677"
2020-08-03,HOSPITAL GENERAL DE ZONA 24 (CDMX NORTE),IMSS,Buena,Media,"19.483221, -99.128448"
2020-08-03,HOSPITAL GENERAL DE ZONA 27 (CDMX NORTE),IMSS,Buena,Buena,"19.454776, -99.140007"
2020-08-03,HOSPITAL GENERAL DE ZONA 2A (CDMX SUR),IMSS,Media,Buena,"19.405495, -99.112200"
2020-08-03,HOSPITAL GENERAL DE ZONA 30 (CDMX SUR),IMSS,Media,Buena,"19.398836, -99.116913"
2020-08-03,HOSPITAL GENERAL DE ZONA 32 (CDMX SUR),IMSS,Buena,Buena,"19.307964, -99.130677"
2020-08-03,HOSPITAL GENERAL DE ZONA C/MF 08 (CDMX SUR),IMSS,Crítica,Buena,"19.337137, -99.200142"
2020-08-03,HOSPITAL GENERAL DE ZONA C/UMAA 48 (CDMX NORTE),IMSS,Buena,Media,"19.482375, -99.213046"
2020-08-03,HOSPITAL GENERAL 02 (CDMX SUR) VILLA COAPA (COY.),IMSS,Buena,Buena,"19.309194, -99.129593"
2020-08-03,HOSPITAL DE ESPECIALIDADES 01 (CDMX NORTE) LA RAZA (AZC),IMSS,Media,Buena,"19.467169, -99.143785"
2020-08-03,HOSPITAL GENERAL DE ZONA C/MF 29 (S. JUAN ARAGÓN),IMSS,Media,Buena,"19.465117, -99.085162"
2020-08-03,HOSPITAL GENERAL DE ZONA 47 (CDMX SUR) (IZP),IMSS,Buena,Media,"19.357566, -99.054269"
2020-08-03,UNIDAD MÓVIL TEMPORAL COVID,IMSS,Crítica,Crítica,"19.403082, -99.089177"
2020-08-03,CRIT IZTAPALAPA,IMSS,Buena,Buena,"19.328321, -99.068530"
2020-08-03,HOSPITAL GENERAL REGIONAL 72,IMSS,Media,Media,"19.356913, -98.990929"
2020-08-03,HOSPITAL GENERAL REGIONAL 196,IMSS,Media,Buena,"19.515133, -98.891450"
2020-08-03,HOSPITAL GENERAL REGIONAL 200,IMSS,Buena,Buena,"19.470300, -99.234208"
2020-08-03,HOSPITAL GENERAL DE ZONA 53,IMSS,Buena,Media,"19.597387, -99.188426"
2020-08-03,HOSPITAL GENERAL DE ZONA 197,IMSS,Buena,Buena,"19.530797, -99.222446"
2020-08-03,HOSPITAL GENERAL DE ZONA 194,IMSS,Media,Buena,"19.570070, -99.044009"
2020-08-03,HOSPITAL GENERAL DE ZONA 57 (LA QUEBRADA),IMSS,Media,Buena,"19.542797, -99.205022"
2020-08-03,HOSPITAL GENERAL DE ZONA 58 (LAS MARGARITAS),IMSS,Media,Media,"19.529016, -99.030983"
2020-08-03,HOSPITAL GENERAL DE ZONA 68 (TULPETLAC),IMSS,Buena,Buena,"19.742905, -98.972971"
2020-08-03,HOSPITAL GENERAL DE ZONA 71 (CHALCO),IMSS,Buena,Buena,"19.356913, -98.990929"
2020-08-03,HOSPITAL GENERAL DE ZONA 76 (XALOSTOC),IMSS,Buena,Media,"19.515133, -98.891450"
2020-08-03,HOSPITAL GENERAL DE ZONA 98 (COACALCO),IMSS,Media,Buena,"19.470300, -99.234208"
2020-08-03,CRIT NEZAHUALCÓYOTL,IMSS,Buena,Buena,"19.425795, -99.029987"
2020-08-03,CENTRO MEDICO 20 DE NOVIEMBRE,ISSSTE,Media,Buena,"19.372720, -99.171205"
2020-08-03,HG DARIO FERNANDEZ FIERRO,ISSSTE,Buena,Media,"19.363602, -99.188608"
2020-08-03,HG JOSE MARIA MORELOS,ISSSTE,Buena,Buena,"19.363918, -98.995393"
2020-08-03,HG TACUBA,ISSSTE,Media,Media,"19.454384, -99.191231"
2020-08-03,HG DR FERNANDO QUIROZ,ISSSTE,Media,Buena,"19.394242, -99.194187"
2020-08-03,HG IGNACIO ZARAGOZA,ISSSTE,Buena,Media,"19.389472, -99.045019"
2020-08-03,HR PRIMERO DE OCTUBRE,ISSSTE,Media,Media,"19.486751, -99.133249"
2020-08-03,HR LIC. ADOLFO LÓPEZ MATEOS,ISSSTE,Buena,Buena,"19.358451, -99.172716"
2020-08-03,HR BICENTENARIO DE LA INDEPENDENCIA,ISSSTE,Media,Media,"19.628814, -99.163343"
2020-08-03,ALTA ESPECIALIDAD DE ZUMPANGO,EDOMEX,Media,Media,"19.815198, -99.089196"
2020-08-03,HOSPITAL REGIONAL TLALNEPANTLA ISSEMYM,EDOMEX,Media,Buena,"19.521706, -99.187341"
2020-08-03,"HOSPITAL GENERAL ECATEPEC ""LAS AMÉRICAS""",EDOMEX,Buena,Media,"19.594136, -99.018679"
2020-08-03,"HOSPITAL GENERAL DE NAUCALPAN ""DR. MAXIMILIANO RUIZ CASTAÑEDA"" ",EDOMEX,Buena,Media,"19.468662, -99.234348"
2020-08-03,"HOSPITAL GENERAL ATIZAPAN DE ZARAGOZA ""DR. SALVADOR GONZALEZ HERREJÓN""",EDOMEX,Buena,Buena,"19.546322, -99.237491"
2020-08-03,"HOSPITAL GENERAL CUAUTITLAN ""GRAL. JOSE VICENTE VILLADA""",EDOMEX,Media,Media,"19.664586, -99.178557"
2020-08-03,"HOSPITAL GENERAL DE NEZAHUALCOYOTL ""GUSTAVO BAZ PRADA""",EDOMEX,Buena,Buena,"19.422253, -99.014892"
2020-08-03,"HOSPITAL GENERAL DE ECATEPEC ""JOSÉ MARÍA RODRÍGUEZ""",EDOMEX,Buena,Buena,"19.514412, -99.038087"
2020-08-03,"HOSPITAL GENERAL NEZAHUALCOYOTL ""LA PERLA"" ",EDOMEX,Buena,Buena,"19.387963, -98.989442"
2020-08-03,HOSPITAL GENERAL DE CHIMALHUACAN,EDOMEX,Buena,Buena,"19.419753, -98.975140"
2020-08-03,"HOSPITAL GENERAL DE IXTAPALUCA ""PEDRO LOPEZ""",EDOMEX,Buena,Buena,"19.318829, -98.855366"
2020-08-03,HOSPITAL GENERAL DE CHALCO ,EDOMEX,Buena,Media,"19.268265, -98.893965"
2020-08-03,"HOSPITAL GENERAL TEXCOCO ""GUADALUPE VICTORIA"" BICENTENARIO ",EDOMEX,Media,Buena,"19.514309, -98.871750"
2020-08-03,"HOSPITAL GENERAL VALLE DE CHALCO ""DR. FERNANDO QUIROZ GUTIERREZ"" ",EDOMEX,Buena,Buena,"19.273775, -98.941609"
2020-08-03,"HOSPITAL GENERAL AMECAMECA ""VALENTIN GOMEZ FARIAS"" ",EDOMEX,Buena,Buena,"19.144883, -98.785072"
2020-08-03,HOSPITAL GENERAL DE AXAPUSCO,EDOMEX,Buena,Crítica,"19.732872, -98.769445"
2020-08-04,INSTITUTO NACIONAL DE NUTRICIÓN,SSA,Media,Crítica,"19.289599, -99.155441"
2020-08-04,INER,SSA,Crítica,Media,"19.291375, -99.158653"
2020-08-04,HOSPITAL GENERAL DE MÉXICO,SSA,Buena,Media,"19.4129258, -99.1520225"
2020-08-04,HOSPITAL JUAREZ,SSA,Crítica,Buena,"19.481829, -99.135576"
2020-08-04,HOSPITAL GENERAL DR. MANUEL GEA GONZÁLEZ,SSA,Media,Media,"19.290295, -99.160861"
2020-08-04,HOSPITAL INFANTIL DE MÉXICO FEDERICO GÓMEZ,SSA,Buena,Buena,"19.410839, -99.151941"
2020-08-04,INSTITUTO  NACIONAL DE CARDIOLOGÍA IGNACIO CHÁVEZ,SSA,Buena,Buena,"19.290598, -99.153838"
2020-08-04,CITIBANAMEX,SSA,Buena,Media,"19.439732, -99.224235"
2020-08-04,HOSPITAL REGIONAL DE ALTA ESPECIALIDAD DE IXTAPALUCA,SSA,Buena,Media,"19.318796, -98.855353"
2020-08-04,BELISARIO DOMINGUEZ,SEDESA,Buena,Buena,"19.307226, -99.065356"
2020-08-04,ENRIQUE CABRERA,SEDESA,Buena,Buena,"19.361675, -99.224432"
2020-08-04,GENERAL TLAHUAC,SEDESA,Buena,Buena,"19.287492, -99.052665"
2020-08-04,PEDIATRICO DE LA VILLA,SEDESA,Buena,Buena,"19.487355, -99.114316"
2020-08-04,HOSPITAL GENERAL AJUSCO MEDIO,SEDESA,Buena,Buena,"19.272165, -99.207846"
2020-08-04,HOSPITAL GENERAL IZTAPALAPA,SEDESA,Buena,Buena,"19.343426, -99.027236"
2020-08-04,HOSPITAL GENERAL XOCO,SEDESA,Buena,Buena,"19.360313, -99.162275"
2020-08-04,HOSPITAL GENERAL VILLA,SEDESA,Media,Buena,"19.480079, -99.103353"
2020-08-04,HOSPITAL GENERAL DR. RUBÉN LEÑERO,SEDESA,Buena,Buena,"19.451398, -99.169565"
2020-08-04,HOSPITAL GENERAL MILPA ALTA,SEDESA,Buena,Media,"19.200951, -99.011210"
2020-08-04,HOSPITAL GENERAL BALBUENA,SEDESA,Buena,Buena,"19.424195, -99.115412"
2020-08-04,HOSPITAL TEPEPAN,SEDESA,Sin Dato,Sin Dato,"19.275806, -99.144298"
2020-08-04,HOSPITAL DE ESPECIALIDADES 01 CMN SIGLO XXI (CDMX SUR),IMSS,Buena,Buena,"19.466549, -99.145102"
2020-08-04,HOSPITAL DE PEDIATRIA 01 CMN SIGLO XXI (CDMX SUR),IMSS,Buena,Buena,"19.407458, -99.152267"
2020-08-04,HOSPITAL GENERAL DE ZONA 01 CARLOS MC GREGOR (CDMX SUR),IMSS,Media,Media,"19.395912, -99.161610"
2020-08-04,HOSPITAL GENERAL DE ZONA 1A PARQUE DE LOS VENADOS (CDMX SUR),IMSS,Media,Buena,"19.374431, -99.151203"
2020-08-04,HOSPITAL DE INFECTOLOGIA 01 LA RAZA (CDMX NORTE),IMSS,Buena,Media,"19.464865, -99.144859"
2020-08-04,HOSPITAL GENERAL 01 (CDMX NORTE) LA RAZA,IMSS,Media,Buena,"19.395740, -99.161677"
2020-08-04,HOSPITAL GENERAL DE ZONA 24 (CDMX NORTE),IMSS,Buena,Media,"19.483221, -99.128448"
2020-08-04,HOSPITAL GENERAL DE ZONA 27 (CDMX NORTE),IMSS,Buena,Buena,"19.454776, -99.140007"
2020-08-04,HOSPITAL GENERAL DE ZONA 2A (CDMX SUR),IMSS,Media,Media,"19.405495, -99.112200"
2020-08-04,HOSPITAL GENERAL DE ZONA 30 (CDMX SUR),IMSS,Media,Buena,"19.398836, -99.116913"
2020-08-04,HOSPITAL GENERAL DE ZONA 32 (CDMX SUR),IMSS,Buena,Buena,"19.307964, -99.130677"
2020-08-04,HOSPITAL GENERAL DE ZONA C/MF 08 (CDMX SUR),IMSS,Crítica,Media,"19.337137, -99.200142"
2020-08-04,HOSPITAL GENERAL DE ZONA C/UMAA 48 (CDMX NORTE),IMSS,Media,Media,"19.482375, -99.213046"
2020-08-04,HOSPITAL GENERAL 02 (CDMX SUR) VILLA COAPA (COY.),IMSS,Media,Buena,"19.309194, -99.129593"
2020-08-04,HOSPITAL DE ESPECIALIDADES 01 (CDMX NORTE) LA RAZA (AZC),IMSS,Media,Buena,"19.467169, -99.143785"
2020-08-04,HOSPITAL GENERAL DE ZONA C/MF 29 (S. JUAN ARAGÓN),IMSS,Media,Buena,"19.465117, -99.085162"
2020-08-04,HOSPITAL GENERAL DE ZONA 47 (CDMX SUR) (IZP),IMSS,Buena,Buena,"19.357566, -99.054269"
2020-08-04,UNIDAD MÓVIL TEMPORAL COVID,IMSS,Crítica,Crítica,"19.403082, -99.089177"
2020-08-04,CRIT IZTAPALAPA,IMSS,Buena,Buena,"19.328321, -99.068530"
2020-08-04,HOSPITAL GENERAL REGIONAL 72,IMSS,Media,Media,"19.356913, -98.990929"
2020-08-04,HOSPITAL GENERAL REGIONAL 196,IMSS,Media,Buena,"19.515133, -98.891450"
2020-08-04,HOSPITAL GENERAL REGIONAL 200,IMSS,Buena,Buena,"19.470300, -99.234208"
2020-08-04,HOSPITAL GENERAL DE ZONA 53,IMSS,Buena,Buena,"19.597387, -99.188426"
2020-08-04,HOSPITAL GENERAL DE ZONA 197,IMSS,Buena,Buena,"19.530797, -99.222446"
2020-08-04,HOSPITAL GENERAL DE ZONA 194,IMSS,Media,Buena,"19.570070, -99.044009"
2020-08-04,HOSPITAL GENERAL DE ZONA 57 (LA QUEBRADA),IMSS,Media,Buena,"19.542797, -99.205022"
2020-08-04,HOSPITAL GENERAL DE ZONA 58 (LAS MARGARITAS),IMSS,Media,Media,"19.529016, -99.030983"
2020-08-04,HOSPITAL GENERAL DE ZONA 68 (TULPETLAC),IMSS,Buena,Buena,"19.742905, -98.972971"
2020-08-04,HOSPITAL GENERAL DE ZONA 71 (CHALCO),IMSS,Buena,Buena,"19.356913, -98.990929"
2020-08-04,HOSPITAL GENERAL DE ZONA 76 (XALOSTOC),IMSS,Buena,Media,"19.515133, -98.891450"
2020-08-04,HOSPITAL GENERAL DE ZONA 98 (COACALCO),IMSS,Media,Buena,"19.470300, -99.234208"
2020-08-04,CRIT NEZAHUALCÓYOTL,IMSS,Buena,Buena,"19.425795, -99.029987"
2020-08-04,CENTRO MEDICO 20 DE NOVIEMBRE,ISSSTE,Media,Buena,"19.372720, -99.171205"
2020-08-04,HG DARIO FERNANDEZ FIERRO,ISSSTE,Buena,Media,"19.363602, -99.188608"
2020-08-04,HG JOSE MARIA MORELOS,ISSSTE,Buena,Buena,"19.363918, -98.995393"
2020-08-04,HG TACUBA,ISSSTE,Crítica,Media,"19.454384, -99.191231"
2020-08-04,HG DR FERNANDO QUIROZ,ISSSTE,Buena,Buena,"19.394242, -99.194187"
2020-08-04,HG IGNACIO ZARAGOZA,ISSSTE,Buena,Media,"19.389472, -99.045019"
2020-08-04,HR PRIMERO DE OCTUBRE,ISSSTE,Media,Media,"19.486751, -99.133249"
2020-08-04,HR LIC. ADOLFO LÓPEZ MATEOS,ISSSTE,Buena,Buena,"19.358451, -99.172716"
2020-08-04,HR BICENTENARIO DE LA INDEPENDENCIA,ISSSTE,Media,Media,"19.628814, -99.163343"
2020-08-04,ALTA ESPECIALIDAD DE ZUMPANGO,EDOMEX,Media,Buena,"19.815198, -99.089196"
2020-08-04,HOSPITAL REGIONAL TLALNEPANTLA ISSEMYM,EDOMEX,Media,Buena,"19.521706, -99.187341"
2020-08-04,"HOSPITAL GENERAL ECATEPEC ""LAS AMÉRICAS""",EDOMEX,Buena,Buena,"19.594136, -99.018679"
2020-08-04,"HOSPITAL GENERAL DE NAUCALPAN ""DR. MAXIMILIANO RUIZ CASTAÑEDA"" ",EDOMEX,Buena,Media,"19.468662, -99.234348"
2020-08-04,"HOSPITAL GENERAL ATIZAPAN DE ZARAGOZA ""DR. SALVADOR GONZALEZ HERREJÓN""",EDOMEX,Buena,Buena,"19.546322, -99.237491"
2020-08-04,"HOSPITAL GENERAL CUAUTITLAN ""GRAL. JOSE VICENTE VILLADA""",EDOMEX,Buena,Media,"19.664586, -99.178557"
2020-08-04,"HOSPITAL GENERAL DE NEZAHUALCOYOTL ""GUSTAVO BAZ PRADA""",EDOMEX,Buena,Buena,"19.422253, -99.014892"
2020-08-04,"HOSPITAL GENERAL DE ECATEPEC ""JOSÉ MARÍA RODRÍGUEZ""",EDOMEX,Buena,Buena,"19.514412, -99.038087"
2020-08-04,"HOSPITAL GENERAL NEZAHUALCOYOTL ""LA PERLA"" ",EDOMEX,Buena,Buena,"19.387963, -98.989442"
2020-08-04,HOSPITAL GENERAL DE CHIMALHUACAN,EDOMEX,Buena,Media,"19.419753, -98.975140"
2020-08-04,"HOSPITAL GENERAL DE IXTAPALUCA ""PEDRO LOPEZ""",EDOMEX,Buena,Buena,"19.318829, -98.855366"
2020-08-04,HOSPITAL GENERAL DE CHALCO ,EDOMEX,Buena,Media,"19.268265, -98.893965"
2020-08-04,"HOSPITAL GENERAL TEXCOCO ""GUADALUPE VICTORIA"" BICENTENARIO ",EDOMEX,Media,Buena,"19.514309, -98.871750"
2020-08-04,"HOSPITAL GENERAL VALLE DE CHALCO ""DR. FERNANDO QUIROZ GUTIERREZ"" ",EDOMEX,Buena,Buena,"19.273775, -98.941609"
2020-08-04,"HOSPITAL GENERAL AMECAMECA ""VALENTIN GOMEZ FARIAS"" ",EDOMEX,Buena,Buena,"19.144883, -98.785072"
2020-08-04,HOSPITAL GENERAL DE AXAPUSCO,EDOMEX,Buena,Crítica,"19.732872, -98.769445"
2020-08-05,INSTITUTO NACIONAL DE NUTRICIÓN,SSA,Media,Crítica,"19.289599, -99.155441"
2020-08-05,INER,SSA,Crítica,Media,"19.291375, -99.158653"
2020-08-05,HOSPITAL GENERAL DE MÉXICO,SSA,Buena,Media,"19.4129258, -99.1520225"
2020-08-05,HOSPITAL JUAREZ,SSA,Crítica,Buena,"19.481829, -99.135576"
2020-08-05,HOSPITAL GENERAL DR. MANUEL GEA GONZÁLEZ,SSA,Media,Buena,"19.290295, -99.160861"
2020-08-05,HOSPITAL INFANTIL DE MÉXICO FEDERICO GÓMEZ,SSA,Buena,Buena,"19.410839, -99.151941"
2020-08-05,INSTITUTO  NACIONAL DE CARDIOLOGÍA IGNACIO CHÁVEZ,SSA,Buena,Buena,"19.290598, -99.153838"
2020-08-05,CITIBANAMEX,SSA,Buena,Media,"19.439732, -99.224235"
2020-08-05,HOSPITAL REGIONAL DE ALTA ESPECIALIDAD DE IXTAPALUCA,SSA,Buena,Media,"19.318796, -98.855353"
2020-08-05,BELISARIO DOMINGUEZ,SEDESA,Buena,Buena,"19.307226, -99.065356"
2020-08-05,ENRIQUE CABRERA,SEDESA,Buena,Buena,"19.361675, -99.224432"
2020-08-05,GENERAL TLAHUAC,SEDESA,Buena,Buena,"19.287492, -99.052665"
2020-08-05,PEDIATRICO DE LA VILLA,SEDESA,Buena,Buena,"19.487355, -99.114316"
2020-08-05,HOSPITAL GENERAL AJUSCO MEDIO,SEDESA,Buena,Buena,"19.272165, -99.207846"
2020-08-05,HOSPITAL GENERAL IZTAPALAPA,SEDESA,Buena,Buena,"19.343426, -99.027236"
2020-08-05,HOSPITAL GENERAL XOCO,SEDESA,Buena,Buena,"19.360313, -99.162275"
2020-08-05,HOSPITAL GENERAL VILLA,SEDESA,Media,Buena,"19.480079, -99.103353"
2020-08-05,HOSPITAL GENERAL DR. RUBÉN LEÑERO,SEDESA,Buena,Buena,"19.451398, -99.169565"
2020-08-05,HOSPITAL GENERAL MILPA ALTA,SEDESA,Buena,Buena,"19.200951, -99.011210"
2020-08-05,HOSPITAL GENERAL BALBUENA,SEDESA,Buena,Buena,"19.424195, -99.115412"
2020-08-05,HOSPITAL TEPEPAN,SEDESA,Sin Dato,Sin Dato,"19.275806, -99.144298"
2020-08-05,HOSPITAL DE ESPECIALIDADES 01 CMN SIGLO XXI (CDMX SUR),IMSS,Buena,Buena,"19.466549, -99.145102"
2020-08-05,HOSPITAL DE PEDIATRIA 01 CMN SIGLO XXI (CDMX SUR),IMSS,Buena,Buena,"19.407458, -99.152267"
2020-08-05,HOSPITAL GENERAL DE ZONA 01 CARLOS MC GREGOR (CDMX SUR),IMSS,Media,Media,"19.395912, -99.161610"
2020-08-05,HOSPITAL GENERAL DE ZONA 1A PARQUE DE LOS VENADOS (CDMX SUR),IMSS,Media,Buena,"19.374431, -99.151203"
2020-08-05,HOSPITAL DE INFECTOLOGIA 01 LA RAZA (CDMX NORTE),IMSS,Buena,Media,"19.464865, -99.144859"
2020-08-05,HOSPITAL GENERAL 01 (CDMX NORTE) LA RAZA,IMSS,Media,Buena,"19.395740, -99.161677"
2020-08-05,HOSPITAL GENERAL DE ZONA 24 (CDMX NORTE),IMSS,Buena,Media,"19.483221, -99.128448"
2020-08-05,HOSPITAL GENERAL DE ZONA 27 (CDMX NORTE),IMSS,Buena,Buena,"19.454776, -99.140007"
2020-08-05,HOSPITAL GENERAL DE ZONA 2A (CDMX SUR),IMSS,Media,Buena,"19.405495, -99.112200"
2020-08-05,HOSPITAL GENERAL DE ZONA 30 (CDMX SUR),IMSS,Media,Buena,"19.398836, -99.116913"
2020-08-05,HOSPITAL GENERAL DE ZONA 32 (CDMX SUR),IMSS,Buena,Buena,"19.307964, -99.130677"
2020-08-05,HOSPITAL GENERAL DE ZONA C/MF 08 (CDMX SUR),IMSS,Crítica,Media,"19.337137, -99.200142"
2020-08-05,HOSPITAL GENERAL DE ZONA C/UMAA 48 (CDMX NORTE),IMSS,Media,Media,"19.482375, -99.213046"
2020-08-05,HOSPITAL GENERAL 02 (CDMX SUR) VILLA COAPA (COY.),IMSS,Buena,Buena,"19.309194, -99.129593"
2020-08-05,HOSPITAL DE ESPECIALIDADES 01 (CDMX NORTE) LA RAZA (AZC),IMSS,Media,Buena,"19.467169, -99.143785"
2020-08-05,HOSPITAL GENERAL DE ZONA C/MF 29 (S. JUAN ARAGÓN),IMSS,Media,Buena,"19.465117, -99.085162"
2020-08-05,HOSPITAL GENERAL DE ZONA 47 (CDMX SUR) (IZP),IMSS,Buena,Media,"19.357566, -99.054269"
2020-08-05,UNIDAD MÓVIL TEMPORAL COVID,IMSS,Crítica,Crítica,"19.403082, -99.089177"
2020-08-05,CRIT IZTAPALAPA,IMSS,Buena,Buena,"19.328321, -99.068530"
2020-08-05,HOSPITAL GENERAL REGIONAL 72,IMSS,Media,Media,"19.356913, -98.990929"
2020-08-05,HOSPITAL GENERAL REGIONAL 196,IMSS,Media,Buena,"19.515133, -98.891450"
2020-08-05,HOSPITAL GENERAL REGIONAL 200,IMSS,Media,Buena,"19.470300, -99.234208"
2020-08-05,HOSPITAL GENERAL DE ZONA 53,IMSS,Media,Buena,"19.597387, -99.188426"
2020-08-05,HOSPITAL GENERAL DE ZONA 197,IMSS,Buena,Buena,"19.530797, -99.222446"
2020-08-05,HOSPITAL GENERAL DE ZONA 194,IMSS,Media,Buena,"19.570070, -99.044009"
2020-08-05,HOSPITAL GENERAL DE ZONA 57 (LA QUEBRADA),IMSS,Media,Buena,"19.542797, -99.205022"
2020-08-05,HOSPITAL GENERAL DE ZONA 58 (LAS MARGARITAS),IMSS,Media,Media,"19.529016, -99.030983"
2020-08-05,HOSPITAL GENERAL DE ZONA 68 (TULPETLAC),IMSS,Buena,Buena,"19.742905, -98.972971"
2020-08-05,HOSPITAL GENERAL DE ZONA 71 (CHALCO),IMSS,Buena,Buena,"19.356913, -98.990929"
2020-08-05,HOSPITAL GENERAL DE ZONA 76 (XALOSTOC),IMSS,Buena,Media,"19.515133, -98.891450"
2020-08-05,HOSPITAL GENERAL DE ZONA 98 (COACALCO),IMSS,Media,Buena,"19.470300, -99.234208"
2020-08-05,CRIT NEZAHUALCÓYOTL,IMSS,Buena,Buena,"19.425795, -99.029987"
2020-08-05,CENTRO MEDICO 20 DE NOVIEMBRE,ISSSTE,Media,Buena,"19.372720, -99.171205"
2020-08-05,HG DARIO FERNANDEZ FIERRO,ISSSTE,Buena,Media,"19.363602, -99.188608"
2020-08-05,HG JOSE MARIA MORELOS,ISSSTE,Buena,Buena,"19.363918, -98.995393"
2020-08-05,HG TACUBA,ISSSTE,Crítica,Media,"19.454384, -99.191231"
2020-08-05,HG DR FERNANDO QUIROZ,ISSSTE,Media,Buena,"19.394242, -99.194187"
2020-08-05,HG IGNACIO ZARAGOZA,ISSSTE,Buena,Media,"19.389472, -99.045019"
2020-08-05,HR PRIMERO DE OCTUBRE,ISSSTE,Media,Media,"19.486751, -99.133249"
2020-08-05,HR LIC. ADOLFO LÓPEZ MATEOS,ISSSTE,Buena,Buena,"19.358451, -99.172716"
2020-08-05,HR BICENTENARIO DE LA INDEPENDENCIA,ISSSTE,Media,Media,"19.628814, -99.163343"
2020-08-05,ALTA ESPECIALIDAD DE ZUMPANGO,EDOMEX,Media,Buena,"19.815198, -99.089196"
2020-08-05,HOSPITAL REGIONAL TLALNEPANTLA ISSEMYM,EDOMEX,Media,Buena,"19.521706, -99.187341"
2020-08-05,"HOSPITAL GENERAL ECATEPEC ""LAS AMÉRICAS""",EDOMEX,Buena,Buena,"19.594136, -99.018679"
2020-08-05,"HOSPITAL GENERAL DE NAUCALPAN ""DR. MAXIMILIANO RUIZ CASTAÑEDA"" ",EDOMEX,Buena,Media,"19.468662, -99.234348"
2020-08-05,"HOSPITAL GENERAL ATIZAPAN DE ZARAGOZA ""DR. SALVADOR GONZALEZ HERREJÓN""",EDOMEX,Buena,Buena,"19.546322, -99.237491"
2020-08-05,"HOSPITAL GENERAL CUAUTITLAN ""GRAL. JOSE VICENTE VILLADA""",EDOMEX,Buena,Media,"19.664586, -99.178557"
2020-08-05,"HOSPITAL GENERAL DE NEZAHUALCOYOTL ""GUSTAVO BAZ PRADA""",EDOMEX,Buena,Buena,"19.422253, -99.014892"
2020-08-05,"HOSPITAL GENERAL DE ECATEPEC ""JOSÉ MARÍA RODRÍGUEZ""",EDOMEX,Buena,Buena,"19.514412, -99.038087"
2020-08-05,"HOSPITAL GENERAL NEZAHUALCOYOTL ""LA PERLA"" ",EDOMEX,Buena,Buena,"19.387963, -98.989442"
2020-08-05,HOSPITAL GENERAL DE CHIMALHUACAN,EDOMEX,Buena,Buena,"19.419753, -98.975140"
2020-08-05,"HOSPITAL GENERAL DE IXTAPALUCA ""PEDRO LOPEZ""",EDOMEX,Buena,Buena,"19.318829, -98.855366"
2020-08-05,HOSPITAL GENERAL DE CHALCO ,EDOMEX,Buena,Media,"19.268265, -98.893965"
2020-08-05,"HOSPITAL GENERAL TEXCOCO ""GUADALUPE VICTORIA"" BICENTENARIO ",EDOMEX,Media,Buena,"19.514309, -98.871750"
2020-08-05,"HOSPITAL GENERAL VALLE DE CHALCO ""DR. FERNANDO QUIROZ GUTIERREZ"" ",EDOMEX,Buena,Buena,"19.273775, -98.941609"
2020-08-05,"HOSPITAL GENERAL AMECAMECA ""VALENTIN GOMEZ FARIAS"" ",EDOMEX,Buena,Buena,"19.144883, -98.785072"
2020-08-05,HOSPITAL GENERAL DE AXAPUSCO,EDOMEX,Buena,Media,"19.732872, -98.769445"
2020-08-06,INSTITUTO NACIONAL DE NUTRICIÓN,SSA,Media,Crítica,"19.289599, -99.155441"
2020-08-06,INER,SSA,Crítica,Media,"19.291375, -99.158653"
2020-08-06,HOSPITAL GENERAL DE MÉXICO,SSA,Buena,Media,"19.4129258, -99.1520225"
2020-08-06,HOSPITAL JUAREZ,SSA,Media,Buena,"19.481829, -99.135576"
2020-08-06,HOSPITAL GENERAL DR. MANUEL GEA GONZÁLEZ,SSA,Media,Buena,"19.290295, -99.160861"
2020-08-06,HOSPITAL INFANTIL DE MÉXICO FEDERICO GÓMEZ,SSA,Buena,Buena,"19.410839, -99.151941"
2020-08-06,INSTITUTO  NACIONAL DE CARDIOLOGÍA IGNACIO CHÁVEZ,SSA,Buena,Buena,"19.290598, -99.153838"
2020-08-06,CITIBANAMEX,SSA,Buena,Media,"19.439732, -99.224235"
2020-08-06,HOSPITAL REGIONAL DE ALTA ESPECIALIDAD DE IXTAPALUCA,SSA,Buena,Media,"19.318796, -98.855353"
2020-08-06,BELISARIO DOMINGUEZ,SEDESA,Buena,Buena,"19.307226, -99.065356"
2020-08-06,ENRIQUE CABRERA,SEDESA,Buena,Buena,"19.361675, -99.224432"
2020-08-06,GENERAL TLAHUAC,SEDESA,Buena,Buena,"19.287492, -99.052665"
2020-08-06,PEDIATRICO DE LA VILLA,SEDESA,Buena,Buena,"19.487355, -99.114316"
2020-08-06,HOSPITAL GENERAL AJUSCO MEDIO,SEDESA,Buena,Buena,"19.272165, -99.207846"
2020-08-06,HOSPITAL GENERAL IZTAPALAPA,SEDESA,Buena,Buena,"19.343426, -99.027236"
2020-08-06,HOSPITAL GENERAL XOCO,SEDESA,Buena,Buena,"19.360313, -99.162275"
2020-08-06,HOSPITAL GENERAL VILLA,SEDESA,Media,Buena,"19.480079, -99.103353"
2020-08-06,HOSPITAL GENERAL DR. RUBÉN LEÑERO,SEDESA,Media,Buena,"19.451398, -99.169565"
2020-08-06,HOSPITAL GENERAL MILPA ALTA,SEDESA,Buena,Buena,"19.200951, -99.011210"
2020-08-06,HOSPITAL GENERAL BALBUENA,SEDESA,Buena,Buena,"19.424195, -99.115412"
2020-08-06,HOSPITAL TEPEPAN,SEDESA,Sin Dato,Sin Dato,"19.275806, -99.144298"
2020-08-06,HOSPITAL DE ESPECIALIDADES 01 CMN SIGLO XXI (CDMX SUR),IMSS,Buena,Buena,"19.466549, -99.145102"
2020-08-06,HOSPITAL DE PEDIATRIA 01 CMN SIGLO XXI (CDMX SUR),IMSS,Buena,Buena,"19.407458, -99.152267"
2020-08-06,HOSPITAL GENERAL DE ZONA 01 CARLOS MC GREGOR (CDMX SUR),IMSS,Media,Media,"19.395912, -99.161610"
2020-08-06,HOSPITAL GENERAL DE ZONA 1A PARQUE DE LOS VENADOS (CDMX SUR),IMSS,Media,Buena,"19.374431, -99.151203"
2020-08-06,HOSPITAL DE INFECTOLOGIA 01 LA RAZA (CDMX NORTE),IMSS,Buena,Media,"19.464865, -99.144859"
2020-08-06,HOSPITAL GENERAL 01 (CDMX NORTE) LA RAZA,IMSS,Media,Buena,"19.395740, -99.161677"
2020-08-06,HOSPITAL GENERAL DE ZONA 24 (CDMX NORTE),IMSS,Buena,Media,"19.483221, -99.128448"
2020-08-06,HOSPITAL GENERAL DE ZONA 27 (CDMX NORTE),IMSS,Buena,Buena,"19.454776, -99.140007"
2020-08-06,HOSPITAL GENERAL DE ZONA 2A (CDMX SUR),IMSS,Buena,Media,"19.405495, -99.112200"
2020-08-06,HOSPITAL GENERAL DE ZONA 30 (CDMX SUR),IMSS,Media,Buena,"19.398836, -99.116913"
2020-08-06,HOSPITAL GENERAL DE ZONA 32 (CDMX SUR),IMSS,Buena,Buena,"19.307964, -99.130677"
2020-08-06,HOSPITAL GENERAL DE ZONA C/MF 08 (CDMX SUR),IMSS,Crítica,Media,"19.337137, -99.200142"
2020-08-06,HOSPITAL GENERAL DE ZONA C/UMAA 48 (CDMX NORTE),IMSS,Media,Media,"19.482375, -99.213046"
2020-08-06,HOSPITAL GENERAL 02 (CDMX SUR) VILLA COAPA (COY.),IMSS,Buena,Buena,"19.309194, -99.129593"
2020-08-06,HOSPITAL DE ESPECIALIDADES 01 (CDMX NORTE) LA RAZA (AZC),IMSS,Media,Buena,"19.467169, -99.143785"
2020-08-06,HOSPITAL GENERAL DE ZONA C/MF 29 (S. JUAN ARAGÓN),IMSS,Media,Buena,"19.465117, -99.085162"
2020-08-06,HOSPITAL GENERAL DE ZONA 47 (CDMX SUR) (IZP),IMSS,Buena,Media,"19.357566, -99.054269"
2020-08-06,UNIDAD MÓVIL TEMPORAL COVID,IMSS,Crítica,Crítica,"19.403082, -99.089177"
2020-08-06,CRIT IZTAPALAPA,IMSS,Media,Buena,"19.328321, -99.068530"
2020-08-06,HOSPITAL GENERAL REGIONAL 72,IMSS,Media,Media,"19.356913, -98.990929"
2020-08-06,HOSPITAL GENERAL REGIONAL 196,IMSS,Media,Buena,"19.515133, -98.891450"
2020-08-06,HOSPITAL GENERAL REGIONAL 200,IMSS,Buena,Media,"19.470300, -99.234208"
2020-08-06,HOSPITAL GENERAL DE ZONA 53,IMSS,Buena,Buena,"19.597387, -99.188426"
2020-08-06,HOSPITAL GENERAL DE ZONA 197,IMSS,Buena,Buena,"19.530797, -99.222446"
2020-08-06,HOSPITAL GENERAL DE ZONA 194,IMSS,Media,Buena,"19.570070, -99.044009"
2020-08-06,HOSPITAL GENERAL DE ZONA 57 (LA QUEBRADA),IMSS,Buena,Buena,"19.542797, -99.205022"
2020-08-06,HOSPITAL GENERAL DE ZONA 58 (LAS MARGARITAS),IMSS,Media,Media,"19.529016, -99.030983"
2020-08-06,HOSPITAL GENERAL DE ZONA 68 (TULPETLAC),IMSS,Buena,Buena,"19.742905, -98.972971"
2020-08-06,HOSPITAL GENERAL DE ZONA 71 (CHALCO),IMSS,Buena,Buena,"19.356913, -98.990929"
2020-08-06,HOSPITAL GENERAL DE ZONA 76 (XALOSTOC),IMSS,Buena,Buena,"19.515133, -98.891450"
2020-08-06,HOSPITAL GENERAL DE ZONA 98 (COACALCO),IMSS,Media,Buena,"19.470300, -99.234208"
2020-08-06,CRIT NEZAHUALCÓYOTL,IMSS,Buena,Buena,"19.425795, -99.029987"
2020-08-06,CENTRO MEDICO 20 DE NOVIEMBRE,ISSSTE,Media,Buena,"19.372720, -99.171205"
2020-08-06,HG DARIO FERNANDEZ FIERRO,ISSSTE,Buena,Media,"19.363602, -99.188608"
2020-08-06,HG JOSE MARIA MORELOS,ISSSTE,Buena,Buena,"19.363918, -98.995393"
2020-08-06,HG TACUBA,ISSSTE,Crítica,Media,"19.454384, -99.191231"
2020-08-06,HG DR FERNANDO QUIROZ,ISSSTE,Media,Buena,"19.394242, -99.194187"
2020-08-06,HG IGNACIO ZARAGOZA,ISSSTE,Media,Media,"19.389472, -99.045019"
2020-08-06,HR PRIMERO DE OCTUBRE,ISSSTE,Media,Media,"19.486751, -99.133249"
2020-08-06,HR LIC. ADOLFO LÓPEZ MATEOS,ISSSTE,Buena,Buena,"19.358451, -99.172716"
2020-08-06,HR BICENTENARIO DE LA INDEPENDENCIA,ISSSTE,Media,Media,"19.628814, -99.163343"
2020-08-06,ALTA ESPECIALIDAD DE ZUMPANGO,EDOMEX,Media,Buena,"19.815198, -99.089196"
2020-08-06,HOSPITAL REGIONAL TLALNEPANTLA ISSEMYM,EDOMEX,Media,Buena,"19.521706, -99.187341"
2020-08-06,"HOSPITAL GENERAL ECATEPEC ""LAS AMÉRICAS""",EDOMEX,Buena,Buena,"19.594136, -99.018679"
2020-08-06,"HOSPITAL GENERAL DE NAUCALPAN ""DR. MAXIMILIANO RUIZ CASTAÑEDA"" ",EDOMEX,Buena,Media,"19.468662, -99.234348"
2020-08-06,"HOSPITAL GENERAL ATIZAPAN DE ZARAGOZA ""DR. SALVADOR GONZALEZ HERREJÓN""",EDOMEX,Buena,Buena,"19.546322, -99.237491"
2020-08-06,"HOSPITAL GENERAL CUAUTITLAN ""GRAL. JOSE VICENTE VILLADA""",EDOMEX,Buena,Buena,"19.664586, -99.178557"
2020-08-06,"HOSPITAL GENERAL DE NEZAHUALCOYOTL ""GUSTAVO BAZ PRADA""",EDOMEX,Buena,Media,"19.422253, -99.014892"
2020-08-06,"HOSPITAL GENERAL DE ECATEPEC ""JOSÉ MARÍA RODRÍGUEZ""",EDOMEX,Buena,Buena,"19.514412, -99.038087"
2020-08-06,"HOSPITAL GENERAL NEZAHUALCOYOTL ""LA PERLA"" ",EDOMEX,Buena,Buena,"19.387963, -98.989442"
2020-08-06,HOSPITAL GENERAL DE CHIMALHUACAN,EDOMEX,Buena,Media,"19.419753, -98.975140"
2020-08-06,"HOSPITAL GENERAL DE IXTAPALUCA ""PEDRO LOPEZ""",EDOMEX,Buena,Buena,"19.318829, -98.855366"
2020-08-06,HOSPITAL GENERAL DE CHALCO ,EDOMEX,Buena,Media,"19.268265, -98.893965"
2020-08-06,"HOSPITAL GENERAL TEXCOCO ""GUADALUPE VICTORIA"" BICENTENARIO ",EDOMEX,Buena,Buena,"19.514309, -98.871750"
2020-08-06,"HOSPITAL GENERAL VALLE DE CHALCO ""DR. FERNANDO QUIROZ GUTIERREZ"" ",EDOMEX,Buena,Buena,"19.273775, -98.941609"
2020-08-06,"HOSPITAL GENERAL AMECAMECA ""VALENTIN GOMEZ FARIAS"" ",EDOMEX,Buena,Buena,"19.144883, -98.785072"
2020-08-06,HOSPITAL GENERAL DE AXAPUSCO,EDOMEX,Buena,Crítica,"19.732872, -98.769445"
2020-08-07,INSTITUTO NACIONAL DE NUTRICIÓN,SSA,Media,Crítica,"19.289599, -99.155441"
2020-08-07,INER,SSA,Crítica,Media,"19.291375, -99.158653"
2020-08-07,HOSPITAL GENERAL DE MÉXICO,SSA,Buena,Buena,"19.4129258, -99.1520225"
2020-08-07,HOSPITAL JUAREZ,SSA,Media,Buena,"19.481829, -99.135576"
2020-08-07,HOSPITAL GENERAL DR. MANUEL GEA GONZÁLEZ,SSA,Crítica,Buena,"19.290295, -99.160861"
2020-08-07,HOSPITAL INFANTIL DE MÉXICO FEDERICO GÓMEZ,SSA,Buena,Buena,"19.410839, -99.151941"
2020-08-07,INSTITUTO  NACIONAL DE CARDIOLOGÍA IGNACIO CHÁVEZ,SSA,Buena,Buena,"19.290598, -99.153838"
2020-08-07,CITIBANAMEX,SSA,Buena,Media,"19.439732, -99.224235"
2020-08-07,HOSPITAL REGIONAL DE ALTA ESPECIALIDAD DE IXTAPALUCA,SSA,Buena,Media,"19.318796, -98.855353"
2020-08-07,BELISARIO DOMINGUEZ,SEDESA,Buena,Buena,"19.307226, -99.065356"
2020-08-07,ENRIQUE CABRERA,SEDESA,Buena,Buena,"19.361675, -99.224432"
2020-08-07,GENERAL TLAHUAC,SEDESA,Buena,Buena,"19.287492, -99.052665"
2020-08-07,PEDIATRICO DE LA VILLA,SEDESA,Buena,Buena,"19.487355, -99.114316"
2020-08-07,HOSPITAL GENERAL AJUSCO MEDIO,SEDESA,Buena,Buena,"19.272165, -99.207846"
2020-08-07,HOSPITAL GENERAL IZTAPALAPA,SEDESA,Buena,Buena,"19.343426, -99.027236"
2020-08-07,HOSPITAL GENERAL XOCO,SEDESA,Buena,Buena,"19.360313, -99.162275"
2020-08-07,HOSPITAL GENERAL VILLA,SEDESA,Media,Buena,"19.480079, -99.103353"
2020-08-07,HOSPITAL GENERAL DR. RUBÉN LEÑERO,SEDESA,Media,Buena,"19.451398, -99.169565"
2020-08-07,HOSPITAL GENERAL MILPA ALTA,SEDESA,Buena,Buena,"19.200951, -99.011210"
2020-08-07,HOSPITAL GENERAL BALBUENA,SEDESA,Buena,Buena,"19.424195, -99.115412"
2020-08-07,HOSPITAL TEPEPAN,SEDESA,Sin Dato,Sin Dato,"19.275806, -99.144298"
2020-08-07,HOSPITAL DE ESPECIALIDADES 01 CMN SIGLO XXI (CDMX SUR),IMSS,Buena,Buena,"19.466549, -99.145102"
2020-08-07,HOSPITAL DE PEDIATRIA 01 CMN SIGLO XXI (CDMX SUR),IMSS,Buena,Buena,"19.407458, -99.152267"
2020-08-07,HOSPITAL GENERAL DE ZONA 01 CARLOS MC GREGOR (CDMX SUR),IMSS,Buena,Media,"19.395912, -99.161610"
2020-08-07,HOSPITAL GENERAL DE ZONA 1A PARQUE DE LOS VENADOS (CDMX SUR),IMSS,Media,Buena,"19.374431, -99.151203"
2020-08-07,HOSPITAL DE INFECTOLOGIA 01 LA RAZA (CDMX NORTE),IMSS,Buena,Buena,"19.464865, -99.144859"
2020-08-07,HOSPITAL GENERAL 01 (CDMX NORTE) LA RAZA,IMSS,Media,Buena,"19.395740, -99.161677"
2020-08-07,HOSPITAL GENERAL DE ZONA 24 (CDMX NORTE),IMSS,Buena,Media,"19.483221, -99.128448"
2020-08-07,HOSPITAL GENERAL DE ZONA 27 (CDMX NORTE),IMSS,Buena,Buena,"19.454776, -99.140007"
2020-08-07,HOSPITAL GENERAL DE ZONA 2A (CDMX SUR),IMSS,Media,Media,"19.405495, -99.112200"
2020-08-07,HOSPITAL GENERAL DE ZONA 30 (CDMX SUR),IMSS,Media,Buena,"19.398836, -99.116913"
2020-08-07,HOSPITAL GENERAL DE ZONA 32 (CDMX SUR),IMSS,Buena,Buena,"19.307964, -99.130677"
2020-08-07,HOSPITAL GENERAL DE ZONA C/MF 08 (CDMX SUR),IMSS,Crítica,Media,"19.337137, -99.200142"
2020-08-07,HOSPITAL GENERAL DE ZONA C/UMAA 48 (CDMX NORTE),IMSS,Media,Media,"19.482375, -99.213046"
2020-08-07,HOSPITAL GENERAL 02 (CDMX SUR) VILLA COAPA (COY.),IMSS,Buena,Buena,"19.309194, -99.129593"
2020-08-07,HOSPITAL DE ESPECIALIDADES 01 (CDMX NORTE) LA RAZA (AZC),IMSS,Media,Buena,"19.467169, -99.143785"
2020-08-07,HOSPITAL GENERAL DE ZONA C/MF 29 (S. JUAN ARAGÓN),IMSS,Media,Buena,"19.465117, -99.085162"
2020-08-07,HOSPITAL GENERAL DE ZONA 47 (CDMX SUR) (IZP),IMSS,Buena,Media,"19.357566, -99.054269"
2020-08-07,UNIDAD MÓVIL TEMPORAL COVID,IMSS,Crítica,Crítica,"19.403082, -99.089177"
2020-08-07,CRIT IZTAPALAPA,IMSS,Media,Buena,"19.328321, -99.068530"
2020-08-07,HOSPITAL GENERAL REGIONAL 72,IMSS,Media,Buena,"19.356913, -98.990929"
2020-08-07,HOSPITAL GENERAL REGIONAL 196,IMSS,Media,Buena,"19.515133, -98.891450"
2020-08-07,HOSPITAL GENERAL REGIONAL 200,IMSS,Media,Buena,"19.470300, -99.234208"
2020-08-07,HOSPITAL GENERAL DE ZONA 53,IMSS,Buena,Buena,"19.597387, -99.188426"
2020-08-07,HOSPITAL GENERAL DE ZONA 197,IMSS,Buena,Buena,"19.530797, -99.222446"
2020-08-07,HOSPITAL GENERAL DE ZONA 194,IMSS,Media,Buena,"19.570070, -99.044009"
2020-08-07,HOSPITAL GENERAL DE ZONA 57 (LA QUEBRADA),IMSS,Buena,Buena,"19.542797, -99.205022"
2020-08-07,HOSPITAL GENERAL DE ZONA 58 (LAS MARGARITAS),IMSS,Media,Buena,"19.529016, -99.030983"
2020-08-07,HOSPITAL GENERAL DE ZONA 68 (TULPETLAC),IMSS,Buena,Buena,"19.742905, -98.972971"
2020-08-07,HOSPITAL GENERAL DE ZONA 71 (CHALCO),IMSS,Buena,Buena,"19.356913, -98.990929"
2020-08-07,HOSPITAL GENERAL DE ZONA 76 (XALOSTOC),IMSS,Buena,Buena,"19.515133, -98.891450"
2020-08-07,HOSPITAL GENERAL DE ZONA 98 (COACALCO),IMSS,Media,Buena,"19.470300, -99.234208"
2020-08-07,CRIT NEZAHUALCÓYOTL,IMSS,Buena,Buena,"19.425795, -99.029987"
2020-08-07,CENTRO MEDICO 20 DE NOVIEMBRE,ISSSTE,Media,Buena,"19.372720, -99.171205"
2020-08-07,HG DARIO FERNANDEZ FIERRO,ISSSTE,Media,Crítica,"19.363602, -99.188608"
2020-08-07,HG JOSE MARIA MORELOS,ISSSTE,Buena,Buena,"19.363918, -98.995393"
2020-08-07,HG TACUBA,ISSSTE,Crítica,Media,"19.454384, -99.191231"
2020-08-07,HG DR FERNANDO QUIROZ,ISSSTE,Media,Buena,"19.394242, -99.194187"
2020-08-07,HG IGNACIO ZARAGOZA,ISSSTE,Media,Media,"19.389472, -99.045019"
2020-08-07,HR PRIMERO DE OCTUBRE,ISSSTE,Media,Media,"19.486751, -99.133249"
2020-08-07,HR LIC. ADOLFO LÓPEZ MATEOS,ISSSTE,Buena,Buena,"19.358451, -99.172716"
2020-08-07,HR BICENTENARIO DE LA INDEPENDENCIA,ISSSTE,Media,Media,"19.628814, -99.163343"
2020-08-07,ALTA ESPECIALIDAD DE ZUMPANGO,EDOMEX,Buena,Media,"19.815198, -99.089196"
2020-08-07,HOSPITAL REGIONAL TLALNEPANTLA ISSEMYM,EDOMEX,Media,Buena,"19.521706, -99.187341"
2020-08-07,"HOSPITAL GENERAL ECATEPEC ""LAS AMÉRICAS""",EDOMEX,Buena,Buena,"19.594136, -99.018679"
2020-08-07,"HOSPITAL GENERAL DE NAUCALPAN ""DR. MAXIMILIANO RUIZ CASTAÑEDA"" ",EDOMEX,Buena,Media,"19.468662, -99.234348"
2020-08-07,"HOSPITAL GENERAL ATIZAPAN DE ZARAGOZA ""DR. SALVADOR GONZALEZ HERREJÓN""",EDOMEX,Buena,Buena,"19.546322, -99.237491"
2020-08-07,"HOSPITAL GENERAL CUAUTITLAN ""GRAL. JOSE VICENTE VILLADA""",EDOMEX,Buena,Buena,"19.664586, -99.178557"
2020-08-07,"HOSPITAL GENERAL DE NEZAHUALCOYOTL ""GUSTAVO BAZ PRADA""",EDOMEX,Buena,Media,"19.422253, -99.014892"
2020-08-07,"HOSPITAL GENERAL DE ECATEPEC ""JOSÉ MARÍA RODRÍGUEZ""",EDOMEX,Buena,Buena,"19.514412, -99.038087"
2020-08-07,"HOSPITAL GENERAL NEZAHUALCOYOTL ""LA PERLA"" ",EDOMEX,Buena,Buena,"19.387963, -98.989442"
2020-08-07,HOSPITAL GENERAL DE CHIMALHUACAN,EDOMEX,Buena,Media,"19.419753, -98.975140"
2020-08-07,"HOSPITAL GENERAL DE IXTAPALUCA ""PEDRO LOPEZ""",EDOMEX,Buena,Buena,"19.318829, -98.855366"
2020-08-07,HOSPITAL GENERAL DE CHALCO ,EDOMEX,Buena,Media,"19.268265, -98.893965"
2020-08-07,"HOSPITAL GENERAL TEXCOCO ""GUADALUPE VICTORIA"" BICENTENARIO ",EDOMEX,Media,Buena,"19.514309, -98.871750"
2020-08-07,"HOSPITAL GENERAL VALLE DE CHALCO ""DR. FERNANDO QUIROZ GUTIERREZ"" ",EDOMEX,Buena,Buena,"19.273775, -98.941609"
2020-08-07,"HOSPITAL GENERAL AMECAMECA ""VALENTIN GOMEZ FARIAS"" ",EDOMEX,Buena,Buena,"19.144883, -98.785072"
2020-08-07,HOSPITAL GENERAL DE AXAPUSCO,EDOMEX,Buena,Crítica,"19.732872, -98.769445"
2020-08-08,INSTITUTO NACIONAL DE NUTRICIÓN,SSA,Media,Media,"19.289599, -99.155441"
2020-08-08,INER,SSA,Crítica,Media,"19.291375, -99.158653"
2020-08-08,HOSPITAL GENERAL DE MÉXICO,SSA,Buena,Buena,"19.4129258, -99.1520225"
2020-08-08,HOSPITAL JUAREZ,SSA,Media,Buena,"19.481829, -99.135576"
2020-08-08,HOSPITAL GENERAL DR. MANUEL GEA GONZÁLEZ,SSA,Crítica,Buena,"19.290295, -99.160861"
2020-08-08,HOSPITAL INFANTIL DE MÉXICO FEDERICO GÓMEZ,SSA,Buena,Buena,"19.410839, -99.151941"
2020-08-08,INSTITUTO  NACIONAL DE CARDIOLOGÍA IGNACIO CHÁVEZ,SSA,Buena,Buena,"19.290598, -99.153838"
2020-08-08,CITIBANAMEX,SSA,Buena,Media,"19.439732, -99.224235"
2020-08-08,HOSPITAL REGIONAL DE ALTA ESPECIALIDAD DE IXTAPALUCA,SSA,Buena,Media,"19.318796, -98.855353"
2020-08-08,BELISARIO DOMINGUEZ,SEDESA,Buena,Buena,"19.307226, -99.065356"
2020-08-08,ENRIQUE CABRERA,SEDESA,Buena,Buena,"19.361675, -99.224432"
2020-08-08,GENERAL TLAHUAC,SEDESA,Buena,Buena,"19.287492, -99.052665"
2020-08-08,PEDIATRICO DE LA VILLA,SEDESA,Buena,Buena,"19.487355, -99.114316"
2020-08-08,HOSPITAL GENERAL AJUSCO MEDIO,SEDESA,Media,Buena,"19.272165, -99.207846"
2020-08-08,HOSPITAL GENERAL IZTAPALAPA,SEDESA,Buena,Buena,"19.343426, -99.027236"
2020-08-08,HOSPITAL GENERAL XOCO,SEDESA,Buena,Buena,"19.360313, -99.162275"
2020-08-08,HOSPITAL GENERAL VILLA,SEDESA,Buena,Buena,"19.480079, -99.103353"
2020-08-08,HOSPITAL GENERAL DR. RUBÉN LEÑERO,SEDESA,Buena,Buena,"19.451398, -99.169565"
2020-08-08,HOSPITAL GENERAL MILPA ALTA,SEDESA,Buena,Buena,"19.200951, -99.011210"
2020-08-08,HOSPITAL GENERAL BALBUENA,SEDESA,Buena,Buena,"19.424195, -99.115412"
2020-08-08,HOSPITAL TEPEPAN,SEDESA,Sin Dato,Sin Dato,"19.275806, -99.144298"
2020-08-08,HOSPITAL DE ESPECIALIDADES 01 CMN SIGLO XXI (CDMX SUR),IMSS,Buena,Buena,"19.466549, -99.145102"
2020-08-08,HOSPITAL DE PEDIATRIA 01 CMN SIGLO XXI (CDMX SUR),IMSS,Buena,Buena,"19.407458, -99.152267"
2020-08-08,HOSPITAL GENERAL DE ZONA 01 CARLOS MC GREGOR (CDMX SUR),IMSS,Buena,Media,"19.395912, -99.161610"
2020-08-08,HOSPITAL GENERAL DE ZONA 1A PARQUE DE LOS VENADOS (CDMX SUR),IMSS,Media,Buena,"19.374431, -99.151203"
2020-08-08,HOSPITAL DE INFECTOLOGIA 01 LA RAZA (CDMX NORTE),IMSS,Buena,Buena,"19.464865, -99.144859"
2020-08-08,HOSPITAL GENERAL 01 (CDMX NORTE) LA RAZA,IMSS,Media,Buena,"19.395740, -99.161677"
2020-08-08,HOSPITAL GENERAL DE ZONA 24 (CDMX NORTE),IMSS,Buena,Media,"19.483221, -99.128448"
2020-08-08,HOSPITAL GENERAL DE ZONA 27 (CDMX NORTE),IMSS,Buena,Buena,"19.454776, -99.140007"
2020-08-08,HOSPITAL GENERAL DE ZONA 2A (CDMX SUR),IMSS,Buena,Media,"19.405495, -99.112200"
2020-08-08,HOSPITAL GENERAL DE ZONA 30 (CDMX SUR),IMSS,Media,Buena,"19.398836, -99.116913"
2020-08-08,HOSPITAL GENERAL DE ZONA 32 (CDMX SUR),IMSS,Buena,Buena,"19.307964, -99.130677"
2020-08-08,HOSPITAL GENERAL DE ZONA C/MF 08 (CDMX SUR),IMSS,Crítica,Media,"19.337137, -99.200142"
2020-08-08,HOSPITAL GENERAL DE ZONA C/UMAA 48 (CDMX NORTE),IMSS,Media,Buena,"19.482375, -99.213046"
2020-08-08,HOSPITAL GENERAL 02 (CDMX SUR) VILLA COAPA (COY.),IMSS,Buena,Buena,"19.309194, -99.129593"
2020-08-08,HOSPITAL DE ESPECIALIDADES 01 (CDMX NORTE) LA RAZA (AZC),IMSS,Buena,Buena,"19.467169, -99.143785"
2020-08-08,HOSPITAL GENERAL DE ZONA C/MF 29 (S. JUAN ARAGÓN),IMSS,Media,Buena,"19.465117, -99.085162"
2020-08-08,HOSPITAL GENERAL DE ZONA 47 (CDMX SUR) (IZP),IMSS,Buena,Crítica,"19.357566, -99.054269"
2020-08-08,UNIDAD MÓVIL TEMPORAL COVID,IMSS,Crítica,Crítica,"19.403082, -99.089177"
2020-08-08,CRIT IZTAPALAPA,IMSS,Buena,Buena,"19.328321, -99.068530"
2020-08-08,HOSPITAL GENERAL REGIONAL 72,IMSS,Media,Buena,"19.356913, -98.990929"
2020-08-08,HOSPITAL GENERAL REGIONAL 196,IMSS,Media,Buena,"19.515133, -98.891450"
2020-08-08,HOSPITAL GENERAL REGIONAL 200,IMSS,Buena,Buena,"19.470300, -99.234208"
2020-08-08,HOSPITAL GENERAL DE ZONA 53,IMSS,Buena,Buena,"19.597387, -99.188426"
2020-08-08,HOSPITAL GENERAL DE ZONA 197,IMSS,Buena,Buena,"19.530797, -99.222446"
2020-08-08,HOSPITAL GENERAL DE ZONA 194,IMSS,Media,Buena,"19.570070, -99.044009"
2020-08-08,HOSPITAL GENERAL DE ZONA 57 (LA QUEBRADA),IMSS,Buena,Buena,"19.542797, -99.205022"
2020-08-08,HOSPITAL GENERAL DE ZONA 58 (LAS MARGARITAS),IMSS,Buena,Media,"19.529016, -99.030983"
2020-08-08,HOSPITAL GENERAL DE ZONA 68 (TULPETLAC),IMSS,Buena,Buena,"19.742905, -98.972971"
2020-08-08,HOSPITAL GENERAL DE ZONA 71 (CHALCO),IMSS,Buena,Buena,"19.356913, -98.990929"
2020-08-08,HOSPITAL GENERAL DE ZONA 76 (XALOSTOC),IMSS,Buena,Buena,"19.515133, -98.891450"
2020-08-08,HOSPITAL GENERAL DE ZONA 98 (COACALCO),IMSS,Media,Buena,"19.470300, -99.234208"
2020-08-08,CRIT NEZAHUALCÓYOTL,IMSS,Buena,Buena,"19.425795, -99.029987"
2020-08-08,CENTRO MEDICO 20 DE NOVIEMBRE,ISSSTE,Media,Buena,"19.372720, -99.171205"
2020-08-08,HG DARIO FERNANDEZ FIERRO,ISSSTE,Media,Media,"19.363602, -99.188608"
2020-08-08,HG JOSE MARIA MORELOS,ISSSTE,Buena,Buena,"19.363918, -98.995393"
2020-08-08,HG TACUBA,ISSSTE,Crítica,Media,"19.454384, -99.191231"
2020-08-08,HG DR FERNANDO QUIROZ,ISSSTE,Buena,Buena,"19.394242, -99.194187"
2020-08-08,HG IGNACIO ZARAGOZA,ISSSTE,Media,Media,"19.389472, -99.045019"
2020-08-08,HR PRIMERO DE OCTUBRE,ISSSTE,Media,Media,"19.486751, -99.133249"
2020-08-08,HR LIC. ADOLFO LÓPEZ MATEOS,ISSSTE,Buena,Buena,"19.358451, -99.172716"
2020-08-08,HR BICENTENARIO DE LA INDEPENDENCIA,ISSSTE,Media,Media,"19.628814, -99.163343"
2020-08-08,ALTA ESPECIALIDAD DE ZUMPANGO,EDOMEX,Buena,Media,"19.815198, -99.089196"
2020-08-08,HOSPITAL REGIONAL TLALNEPANTLA ISSEMYM,EDOMEX,Media,Media,"19.521706, -99.187341"
2020-08-08,"HOSPITAL GENERAL ECATEPEC ""LAS AMÉRICAS""",EDOMEX,Buena,Media,"19.594136, -99.018679"
2020-08-08,"HOSPITAL GENERAL DE NAUCALPAN ""DR. MAXIMILIANO RUIZ CASTAÑEDA"" ",EDOMEX,Buena,Media,"19.468662, -99.234348"
2020-08-08,"HOSPITAL GENERAL ATIZAPAN DE ZARAGOZA ""DR. SALVADOR GONZALEZ HERREJÓN""",EDOMEX,Buena,Buena,"19.546322, -99.237491"
2020-08-08,"HOSPITAL GENERAL CUAUTITLAN ""GRAL. JOSE VICENTE VILLADA""",EDOMEX,Media,Buena,"19.664586, -99.178557"
2020-08-08,"HOSPITAL GENERAL DE NEZAHUALCOYOTL ""GUSTAVO BAZ PRADA""",EDOMEX,Buena,Buena,"19.422253, -99.014892"
2020-08-08,"HOSPITAL GENERAL DE ECATEPEC ""JOSÉ MARÍA RODRÍGUEZ""",EDOMEX,Buena,Buena,"19.514412, -99.038087"
2020-08-08,"HOSPITAL GENERAL NEZAHUALCOYOTL ""LA PERLA"" ",EDOMEX,Buena,Buena,"19.387963, -98.989442"
2020-08-08,HOSPITAL GENERAL DE CHIMALHUACAN,EDOMEX,Buena,Buena,"19.419753, -98.975140"
2020-08-08,"HOSPITAL GENERAL DE IXTAPALUCA ""PEDRO LOPEZ""",EDOMEX,Buena,Buena,"19.318829, -98.855366"
2020-08-08,HOSPITAL GENERAL DE CHALCO ,EDOMEX,Buena,Media,"19.268265, -98.893965"
2020-08-08,"HOSPITAL GENERAL TEXCOCO ""GUADALUPE VICTORIA"" BICENTENARIO ",EDOMEX,Media,Buena,"19.514309, -98.871750"
2020-08-08,"HOSPITAL GENERAL VALLE DE CHALCO ""DR. FERNANDO QUIROZ GUTIERREZ"" ",EDOMEX,Buena,Buena,"19.273775, -98.941609"
2020-08-08,"HOSPITAL GENERAL AMECAMECA ""VALENTIN GOMEZ FARIAS"" ",EDOMEX,Buena,Buena,"19.144883, -98.785072"
2020-08-08,HOSPITAL GENERAL DE AXAPUSCO,EDOMEX,Buena,Crítica,"19.732872, -98.769445"
2020-08-09,INSTITUTO NACIONAL DE NUTRICIÓN,SSA,Media,Media,"19.289599, -99.155441"
2020-08-09,INER,SSA,Media,Media,"19.291375, -99.158653"
2020-08-09,HOSPITAL GENERAL DE MÉXICO,SSA,Buena,Buena,"19.4129258, -99.1520225"
2020-08-09,HOSPITAL JUAREZ,SSA,Media,Buena,"19.481829, -99.135576"
2020-08-09,HOSPITAL GENERAL DR. MANUEL GEA GONZÁLEZ,SSA,Media,Buena,"19.290295, -99.160861"
2020-08-09,HOSPITAL INFANTIL DE MÉXICO FEDERICO GÓMEZ,SSA,Buena,Buena,"19.410839, -99.151941"
2020-08-09,INSTITUTO  NACIONAL DE CARDIOLOGÍA IGNACIO CHÁVEZ,SSA,Buena,Buena,"19.290598, -99.153838"
2020-08-09,CITIBANAMEX,SSA,Buena,Media,"19.439732, -99.224235"
2020-08-09,HOSPITAL REGIONAL DE ALTA ESPECIALIDAD DE IXTAPALUCA,SSA,Buena,Media,"19.318796, -98.855353"
2020-08-09,BELISARIO DOMINGUEZ,SEDESA,Buena,Buena,"19.307226, -99.065356"
2020-08-09,ENRIQUE CABRERA,SEDESA,Buena,Buena,"19.361675, -99.224432"
2020-08-09,GENERAL TLAHUAC,SEDESA,Buena,Buena,"19.287492, -99.052665"
2020-08-09,PEDIATRICO DE LA VILLA,SEDESA,Buena,Buena,"19.487355, -99.114316"
2020-08-09,HOSPITAL GENERAL AJUSCO MEDIO,SEDESA,Media,Buena,"19.272165, -99.207846"
2020-08-09,HOSPITAL GENERAL IZTAPALAPA,SEDESA,Buena,Buena,"19.343426, -99.027236"
2020-08-09,HOSPITAL GENERAL XOCO,SEDESA,Buena,Buena,"19.360313, -99.162275"
2020-08-09,HOSPITAL GENERAL VILLA,SEDESA,Media,Buena,"19.480079, -99.103353"
2020-08-09,HOSPITAL GENERAL DR. RUBÉN LEÑERO,SEDESA,Media,Buena,"19.451398, -99.169565"
2020-08-09,HOSPITAL GENERAL MILPA ALTA,SEDESA,Buena,Buena,"19.200951, -99.011210"
2020-08-09,HOSPITAL GENERAL BALBUENA,SEDESA,Buena,Buena,"19.424195, -99.115412"
2020-08-09,HOSPITAL TEPEPAN,SEDESA,Sin Dato,Sin Dato,"19.275806, -99.144298"
2020-08-09,HOSPITAL DE ESPECIALIDADES 01 CMN SIGLO XXI (CDMX SUR),IMSS,Buena,Buena,"19.466549, -99.145102"
2020-08-09,HOSPITAL DE PEDIATRIA 01 CMN SIGLO XXI (CDMX SUR),IMSS,Buena,Buena,"19.407458, -99.152267"
2020-08-09,HOSPITAL GENERAL DE ZONA 01 CARLOS MC GREGOR (CDMX SUR),IMSS,Buena,Media,"19.395912, -99.161610"
2020-08-09,HOSPITAL GENERAL DE ZONA 1A PARQUE DE LOS VENADOS (CDMX SUR),IMSS,Buena,Buena,"19.374431, -99.151203"
2020-08-09,HOSPITAL DE INFECTOLOGIA 01 LA RAZA (CDMX NORTE),IMSS,Buena,Buena,"19.464865, -99.144859"
2020-08-09,HOSPITAL GENERAL 01 (CDMX NORTE) LA RAZA,IMSS,Media,Buena,"19.395740, -99.161677"
2020-08-09,HOSPITAL GENERAL DE ZONA 24 (CDMX NORTE),IMSS,Buena,Media,"19.483221, -99.128448"
2020-08-09,HOSPITAL GENERAL DE ZONA 27 (CDMX NORTE),IMSS,Buena,Buena,"19.454776, -99.140007"
2020-08-09,HOSPITAL GENERAL DE ZONA 2A (CDMX SUR),IMSS,Buena,Buena,"19.405495, -99.112200"
2020-08-09,HOSPITAL GENERAL DE ZONA 30 (CDMX SUR),IMSS,Media,Buena,"19.398836, -99.116913"
2020-08-09,HOSPITAL GENERAL DE ZONA 32 (CDMX SUR),IMSS,Buena,Buena,"19.307964, -99.130677"
2020-08-09,HOSPITAL GENERAL DE ZONA C/MF 08 (CDMX SUR),IMSS,Crítica,Media,"19.337137, -99.200142"
2020-08-09,HOSPITAL GENERAL DE ZONA C/UMAA 48 (CDMX NORTE),IMSS,Media,Buena,"19.482375, -99.213046"
2020-08-09,HOSPITAL GENERAL 02 (CDMX SUR) VILLA COAPA (COY.),IMSS,Buena,Buena,"19.309194, -99.129593"
2020-08-09,HOSPITAL DE ESPECIALIDADES 01 (CDMX NORTE) LA RAZA (AZC),IMSS,Buena,Buena,"19.467169, -99.143785"
2020-08-09,HOSPITAL GENERAL DE ZONA C/MF 29 (S. JUAN ARAGÓN),IMSS,Buena,Buena,"19.465117, -99.085162"
2020-08-09,HOSPITAL GENERAL DE ZONA 47 (CDMX SUR) (IZP),IMSS,Buena,Media,"19.357566, -99.054269"
2020-08-09,UNIDAD MÓVIL TEMPORAL COVID,IMSS,Crítica,Crítica,"19.403082, -99.089177"
2020-08-09,CRIT IZTAPALAPA,IMSS,Buena,Buena,"19.328321, -99.068530"
2020-08-09,HOSPITAL GENERAL REGIONAL 72,IMSS,Media,Media,"19.356913, -98.990929"
2020-08-09,HOSPITAL GENERAL REGIONAL 196,IMSS,Media,Buena,"19.515133, -98.891450"
2020-08-09,HOSPITAL GENERAL REGIONAL 200,IMSS,Buena,Media,"19.470300, -99.234208"
2020-08-09,HOSPITAL GENERAL DE ZONA 53,IMSS,Buena,Buena,"19.597387, -99.188426"
2020-08-09,HOSPITAL GENERAL DE ZONA 197,IMSS,Buena,Buena,"19.530797, -99.222446"
2020-08-09,HOSPITAL GENERAL DE ZONA 194,IMSS,Media,Buena,"19.570070, -99.044009"
2020-08-09,HOSPITAL GENERAL DE ZONA 57 (LA QUEBRADA),IMSS,Media,Buena,"19.542797, -99.205022"
2020-08-09,HOSPITAL GENERAL DE ZONA 58 (LAS MARGARITAS),IMSS,Buena,Media,"19.529016, -99.030983"
2020-08-09,HOSPITAL GENERAL DE ZONA 68 (TULPETLAC),IMSS,Buena,Buena,"19.742905, -98.972971"
2020-08-09,HOSPITAL GENERAL DE ZONA 71 (CHALCO),IMSS,Buena,Buena,"19.356913, -98.990929"
2020-08-09,HOSPITAL GENERAL DE ZONA 76 (XALOSTOC),IMSS,Buena,Buena,"19.515133, -98.891450"
2020-08-09,HOSPITAL GENERAL DE ZONA 98 (COACALCO),IMSS,Media,Buena,"19.470300, -99.234208"
2020-08-09,CRIT NEZAHUALCÓYOTL,IMSS,Buena,Buena,"19.425795, -99.029987"
2020-08-09,CENTRO MEDICO 20 DE NOVIEMBRE,ISSSTE,Media,Buena,"19.372720, -99.171205"
2020-08-09,HG DARIO FERNANDEZ FIERRO,ISSSTE,Media,Media,"19.363602, -99.188608"
2020-08-09,HG JOSE MARIA MORELOS,ISSSTE,Buena,Buena,"19.363918, -98.995393"
2020-08-09,HG TACUBA,ISSSTE,Media,Media,"19.454384, -99.191231"
2020-08-09,HG DR FERNANDO QUIROZ,ISSSTE,Buena,Media,"19.394242, -99.194187"
2020-08-09,HG IGNACIO ZARAGOZA,ISSSTE,Media,Buena,"19.389472, -99.045019"
2020-08-09,HR PRIMERO DE OCTUBRE,ISSSTE,Media,Media,"19.486751, -99.133249"
2020-08-09,HR LIC. ADOLFO LÓPEZ MATEOS,ISSSTE,Buena,Buena,"19.358451, -99.172716"
2020-08-09,HR BICENTENARIO DE LA INDEPENDENCIA,ISSSTE,Media,Media,"19.628814, -99.163343"
2020-08-09,ALTA ESPECIALIDAD DE ZUMPANGO,EDOMEX,Buena,Media,"19.815198, -99.089196"
2020-08-09,HOSPITAL REGIONAL TLALNEPANTLA ISSEMYM,EDOMEX,Media,Buena,"19.521706, -99.187341"
2020-08-09,"HOSPITAL GENERAL ECATEPEC ""LAS AMÉRICAS""",EDOMEX,Buena,Buena,"19.594136, -99.018679"
2020-08-09,"HOSPITAL GENERAL DE NAUCALPAN ""DR. MAXIMILIANO RUIZ CASTAÑEDA"" ",EDOMEX,Buena,Media,"19.468662, -99.234348"
2020-08-09,"HOSPITAL GENERAL ATIZAPAN DE ZARAGOZA ""DR. SALVADOR GONZALEZ HERREJÓN""",EDOMEX,Buena,Buena,"19.546322, -99.237491"
2020-08-09,"HOSPITAL GENERAL CUAUTITLAN ""GRAL. JOSE VICENTE VILLADA""",EDOMEX,Buena,Buena,"19.664586, -99.178557"
2020-08-09,"HOSPITAL GENERAL DE NEZAHUALCOYOTL ""GUSTAVO BAZ PRADA""",EDOMEX,Buena,Buena,"19.422253, -99.014892"
2020-08-09,"HOSPITAL GENERAL DE ECATEPEC ""JOSÉ MARÍA RODRÍGUEZ""",EDOMEX,Buena,Media,"19.514412, -99.038087"
2020-08-09,"HOSPITAL GENERAL NEZAHUALCOYOTL ""LA PERLA"" ",EDOMEX,Buena,Buena,"19.387963, -98.989442"
2020-08-09,HOSPITAL GENERAL DE CHIMALHUACAN,EDOMEX,Buena,Buena,"19.419753, -98.975140"
2020-08-09,"HOSPITAL GENERAL DE IXTAPALUCA ""PEDRO LOPEZ""",EDOMEX,Buena,Buena,"19.318829, -98.855366"
2020-08-09,HOSPITAL GENERAL DE CHALCO ,EDOMEX,Buena,Media,"19.268265, -98.893965"
2020-08-09,"HOSPITAL GENERAL TEXCOCO ""GUADALUPE VICTORIA"" BICENTENARIO ",EDOMEX,Buena,Buena,"19.514309, -98.871750"
2020-08-09,"HOSPITAL GENERAL VALLE DE CHALCO ""DR. FERNANDO QUIROZ GUTIERREZ"" ",EDOMEX,Buena,Buena,"19.273775, -98.941609"
2020-08-09,"HOSPITAL GENERAL AMECAMECA ""VALENTIN GOMEZ FARIAS"" ",EDOMEX,Buena,Buena,"19.144883, -98.785072"
2020-08-09,HOSPITAL GENERAL DE AXAPUSCO,EDOMEX,Media,Crítica,"19.732872, -98.769445"
2020-08-10,INSTITUTO NACIONAL DE NUTRICIÓN,SSA,Media,Crítica,"19.289599, -99.155441"
2020-08-10,INER,SSA,Crítica,Media,"19.291375, -99.158653"
2020-08-10,HOSPITAL GENERAL DE MÉXICO,SSA,Buena,Buena,"19.4129258, -99.1520225"
2020-08-10,HOSPITAL JUAREZ,SSA,Media,Buena,"19.481829, -99.135576"
2020-08-10,HOSPITAL GENERAL DR. MANUEL GEA GONZÁLEZ,SSA,Media,Buena,"19.290295, -99.160861"
2020-08-10,HOSPITAL INFANTIL DE MÉXICO FEDERICO GÓMEZ,SSA,Buena,Buena,"19.410839, -99.151941"
2020-08-10,INSTITUTO  NACIONAL DE CARDIOLOGÍA IGNACIO CHÁVEZ,SSA,Buena,Buena,"19.290598, -99.153838"
2020-08-10,CITIBANAMEX,SSA,Buena,Media,"19.439732, -99.224235"
2020-08-10,HOSPITAL REGIONAL DE ALTA ESPECIALIDAD DE IXTAPALUCA,SSA,Buena,Media,"19.318796, -98.855353"
2020-08-10,BELISARIO DOMINGUEZ,SEDESA,Buena,Buena,"19.307226, -99.065356"
2020-08-10,ENRIQUE CABRERA,SEDESA,Buena,Buena,"19.361675, -99.224432"
2020-08-10,GENERAL TLAHUAC,SEDESA,Buena,Buena,"19.287492, -99.052665"
2020-08-10,PEDIATRICO DE LA VILLA,SEDESA,Buena,Buena,"19.487355, -99.114316"
2020-08-10,HOSPITAL GENERAL AJUSCO MEDIO,SEDESA,Media,Buena,"19.272165, -99.207846"
2020-08-10,HOSPITAL GENERAL IZTAPALAPA,SEDESA,Buena,Buena,"19.343426, -99.027236"
2020-08-10,HOSPITAL GENERAL XOCO,SEDESA,Buena,Buena,"19.360313, -99.162275"
2020-08-10,HOSPITAL GENERAL VILLA,SEDESA,Media,Buena,"19.480079, -99.103353"
2020-08-10,HOSPITAL GENERAL DR. RUBÉN LEÑERO,SEDESA,Media,Buena,"19.451398, -99.169565"
2020-08-10,HOSPITAL GENERAL MILPA ALTA,SEDESA,Buena,Buena,"19.200951, -99.011210"
2020-08-10,HOSPITAL GENERAL BALBUENA,SEDESA,Buena,Buena,"19.424195, -99.115412"
2020-08-10,HOSPITAL TEPEPAN,SEDESA,Sin Dato,Sin Dato,"19.275806, -99.144298"
2020-08-10,HOSPITAL DE ESPECIALIDADES 01 CMN SIGLO XXI (CDMX SUR),IMSS,Buena,Buena,"19.466549, -99.145102"
2020-08-10,HOSPITAL DE PEDIATRIA 01 CMN SIGLO XXI (CDMX SUR),IMSS,Buena,Buena,"19.407458, -99.152267"
2020-08-10,HOSPITAL GENERAL DE ZONA 01 CARLOS MC GREGOR (CDMX SUR),IMSS,Buena,Media,"19.395912, -99.161610"
2020-08-10,HOSPITAL GENERAL DE ZONA 1A PARQUE DE LOS VENADOS (CDMX SUR),IMSS,Buena,Buena,"19.374431, -99.151203"
2020-08-10,HOSPITAL DE INFECTOLOGIA 01 LA RAZA (CDMX NORTE),IMSS,Buena,Buena,"19.464865, -99.144859"
2020-08-10,HOSPITAL GENERAL 01 (CDMX NORTE) LA RAZA,IMSS,Media,Buena,"19.395740, -99.161677"
2020-08-10,HOSPITAL GENERAL DE ZONA 24 (CDMX NORTE),IMSS,Buena,Media,"19.483221, -99.128448"
2020-08-10,HOSPITAL GENERAL DE ZONA 27 (CDMX NORTE),IMSS,Buena,Buena,"19.454776, -99.140007"
2020-08-10,HOSPITAL GENERAL DE ZONA 2A (CDMX SUR),IMSS,Buena,Buena,"19.405495, -99.112200"
2020-08-10,HOSPITAL GENERAL DE ZONA 30 (CDMX SUR),IMSS,Media,Buena,"19.398836, -99.116913"
2020-08-10,HOSPITAL GENERAL DE ZONA 32 (CDMX SUR),IMSS,Buena,Buena,"19.307964, -99.130677"
2020-08-10,HOSPITAL GENERAL DE ZONA C/MF 08 (CDMX SUR),IMSS,Crítica,Media,"19.337137, -99.200142"
2020-08-10,HOSPITAL GENERAL DE ZONA C/UMAA 48 (CDMX NORTE),IMSS,Media,Buena,"19.482375, -99.213046"
2020-08-10,HOSPITAL GENERAL 02 (CDMX SUR) VILLA COAPA (COY.),IMSS,Buena,Buena,"19.309194, -99.129593"
2020-08-10,HOSPITAL DE ESPECIALIDADES 01 (CDMX NORTE) LA RAZA (AZC),IMSS,Buena,Buena,"19.467169, -99.143785"
2020-08-10,HOSPITAL GENERAL DE ZONA C/MF 29 (S. JUAN ARAGÓN),IMSS,Buena,Buena,"19.465117, -99.085162"
2020-08-10,HOSPITAL GENERAL DE ZONA 47 (CDMX SUR) (IZP),IMSS,Buena,Media,"19.357566, -99.054269"
2020-08-10,UNIDAD MÓVIL TEMPORAL COVID,IMSS,Crítica,Crítica,"19.403082, -99.089177"
2020-08-10,CRIT IZTAPALAPA,IMSS,Buena,Buena,"19.328321, -99.068530"
2020-08-10,HOSPITAL GENERAL REGIONAL 72,IMSS,Media,Media,"19.356913, -98.990929"
2020-08-10,HOSPITAL GENERAL REGIONAL 196,IMSS,Media,Buena,"19.515133, -98.891450"
2020-08-10,HOSPITAL GENERAL REGIONAL 200,IMSS,Buena,Media,"19.470300, -99.234208"
2020-08-10,HOSPITAL GENERAL DE ZONA 53,IMSS,Buena,Buena,"19.597387, -99.188426"
2020-08-10,HOSPITAL GENERAL DE ZONA 197,IMSS,Buena,Buena,"19.530797, -99.222446"
2020-08-10,HOSPITAL GENERAL DE ZONA 194,IMSS,Media,Buena,"19.570070, -99.044009"
2020-08-10,HOSPITAL GENERAL DE ZONA 57 (LA QUEBRADA),IMSS,Media,Buena,"19.542797, -99.205022"
2020-08-10,HOSPITAL GENERAL DE ZONA 58 (LAS MARGARITAS),IMSS,Buena,Media,"19.529016, -99.030983"
2020-08-10,HOSPITAL GENERAL DE ZONA 68 (TULPETLAC),IMSS,Buena,Buena,"19.742905, -98.972971"
2020-08-10,HOSPITAL GENERAL DE ZONA 71 (CHALCO),IMSS,Buena,Buena,"19.356913, -98.990929"
2020-08-10,HOSPITAL GENERAL DE ZONA 76 (XALOSTOC),IMSS,Buena,Buena,"19.515133, -98.891450"
2020-08-10,HOSPITAL GENERAL DE ZONA 98 (COACALCO),IMSS,Media,Buena,"19.470300, -99.234208"
2020-08-10,CRIT NEZAHUALCÓYOTL,IMSS,Buena,Buena,"19.425795, -99.029987"
2020-08-10,CENTRO MEDICO 20 DE NOVIEMBRE,ISSSTE,Media,Buena,"19.372720, -99.171205"
2020-08-10,HG DARIO FERNANDEZ FIERRO,ISSSTE,Buena,Media,"19.363602, -99.188608"
2020-08-10,HG JOSE MARIA MORELOS,ISSSTE,Buena,Buena,"19.363918, -98.995393"
2020-08-10,HG TACUBA,ISSSTE,Crítica,Media,"19.454384, -99.191231"
2020-08-10,HG DR FERNANDO QUIROZ,ISSSTE,Media,Buena,"19.394242, -99.194187"
2020-08-10,HG IGNACIO ZARAGOZA,ISSSTE,Buena,Media,"19.389472, -99.045019"
2020-08-10,HR PRIMERO DE OCTUBRE,ISSSTE,Media,Media,"19.486751, -99.133249"
2020-08-10,HR LIC. ADOLFO LÓPEZ MATEOS,ISSSTE,Buena,Buena,"19.358451, -99.172716"
2020-08-10,HR BICENTENARIO DE LA INDEPENDENCIA,ISSSTE,Media,Media,"19.628814, -99.163343"
2020-08-10,ALTA ESPECIALIDAD DE ZUMPANGO,EDOMEX,Buena,Media,"19.815198, -99.089196"
2020-08-10,HOSPITAL REGIONAL TLALNEPANTLA ISSEMYM,EDOMEX,Media,Buena,"19.521706, -99.187341"
2020-08-10,"HOSPITAL GENERAL ECATEPEC ""LAS AMÉRICAS""",EDOMEX,Buena,Buena,"19.594136, -99.018679"
2020-08-10,"HOSPITAL GENERAL DE NAUCALPAN ""DR. MAXIMILIANO RUIZ CASTAÑEDA"" ",EDOMEX,Buena,Media,"19.468662, -99.234348"
2020-08-10,"HOSPITAL GENERAL ATIZAPAN DE ZARAGOZA ""DR. SALVADOR GONZALEZ HERREJÓN""",EDOMEX,Buena,Buena,"19.546322, -99.237491"
2020-08-10,"HOSPITAL GENERAL CUAUTITLAN ""GRAL. JOSE VICENTE VILLADA""",EDOMEX,Buena,Buena,"19.664586, -99.178557"
2020-08-10,"HOSPITAL GENERAL DE NEZAHUALCOYOTL ""GUSTAVO BAZ PRADA""",EDOMEX,Buena,Buena,"19.422253, -99.014892"
2020-08-10,"HOSPITAL GENERAL DE ECATEPEC ""JOSÉ MARÍA RODRÍGUEZ""",EDOMEX,Buena,Media,"19.514412, -99.038087"
2020-08-10,"HOSPITAL GENERAL NEZAHUALCOYOTL ""LA PERLA"" ",EDOMEX,Buena,Buena,"19.387963, -98.989442"
2020-08-10,HOSPITAL GENERAL DE CHIMALHUACAN,EDOMEX,Buena,Media,"19.419753, -98.975140"
2020-08-10,"HOSPITAL GENERAL DE IXTAPALUCA ""PEDRO LOPEZ""",EDOMEX,Buena,Buena,"19.318829, -98.855366"
2020-08-10,HOSPITAL GENERAL DE CHALCO ,EDOMEX,Buena,Media,"19.268265, -98.893965"
2020-08-10,"HOSPITAL GENERAL TEXCOCO ""GUADALUPE VICTORIA"" BICENTENARIO ",EDOMEX,Buena,Buena,"19.514309, -98.871750"
2020-08-10,"HOSPITAL GENERAL VALLE DE CHALCO ""DR. FERNANDO QUIROZ GUTIERREZ"" ",EDOMEX,Buena,Buena,"19.273775, -98.941609"
2020-08-10,"HOSPITAL GENERAL AMECAMECA ""VALENTIN GOMEZ FARIAS"" ",EDOMEX,Buena,Buena,"19.144883, -98.785072"
2020-08-10,HOSPITAL GENERAL DE AXAPUSCO,EDOMEX,Media,Crítica,"19.732872, -98.769445"
2020-08-11,INSTITUTO NACIONAL DE NUTRICIÓN,SSA,Media,Crítica,"19.289599, -99.155441"
2020-08-11,INER,SSA,Crítica,Media,"19.291375, -99.158653"
2020-08-11,HOSPITAL GENERAL DE MÉXICO,SSA,Buena,Buena,"19.4129258, -99.1520225"
2020-08-11,HOSPITAL JUAREZ,SSA,Media,Buena,"19.481829, -99.135576"
2020-08-11,HOSPITAL GENERAL DR. MANUEL GEA GONZÁLEZ,SSA,Media,Buena,"19.290295, -99.160861"
2020-08-11,HOSPITAL INFANTIL DE MÉXICO FEDERICO GÓMEZ,SSA,Buena,Buena,"19.410839, -99.151941"
2020-08-11,INSTITUTO  NACIONAL DE CARDIOLOGÍA IGNACIO CHÁVEZ,SSA,Buena,Buena,"19.290598, -99.153838"
2020-08-11,CITIBANAMEX,SSA,Buena,Media,"19.439732, -99.224235"
2020-08-11,HOSPITAL REGIONAL DE ALTA ESPECIALIDAD DE IXTAPALUCA,SSA,Buena,Media,"19.318796, -98.855353"
2020-08-11,BELISARIO DOMINGUEZ,SEDESA,Buena,Buena,"19.307226, -99.065356"
2020-08-11,ENRIQUE CABRERA,SEDESA,Buena,Buena,"19.361675, -99.224432"
2020-08-11,GENERAL TLAHUAC,SEDESA,Buena,Buena,"19.287492, -99.052665"
2020-08-11,PEDIATRICO DE LA VILLA,SEDESA,Buena,Buena,"19.487355, -99.114316"
2020-08-11,HOSPITAL GENERAL AJUSCO MEDIO,SEDESA,Media,Buena,"19.272165, -99.207846"
2020-08-11,HOSPITAL GENERAL IZTAPALAPA,SEDESA,Buena,Buena,"19.343426, -99.027236"
2020-08-11,HOSPITAL GENERAL XOCO,SEDESA,Buena,Buena,"19.360313, -99.162275"
2020-08-11,HOSPITAL GENERAL VILLA,SEDESA,Media,Buena,"19.480079, -99.103353"
2020-08-11,HOSPITAL GENERAL DR. RUBÉN LEÑERO,SEDESA,Media,Buena,"19.451398, -99.169565"
2020-08-11,HOSPITAL GENERAL MILPA ALTA,SEDESA,Buena,Buena,"19.200951, -99.011210"
2020-08-11,HOSPITAL GENERAL BALBUENA,SEDESA,Buena,Buena,"19.424195, -99.115412"
2020-08-11,HOSPITAL TEPEPAN,SEDESA,Sin Dato,Sin Dato,"19.275806, -99.144298"
2020-08-11,HOSPITAL DE ESPECIALIDADES 01 CMN SIGLO XXI (CDMX SUR),IMSS,Buena,Buena,"19.466549, -99.145102"
2020-08-11,HOSPITAL DE PEDIATRIA 01 CMN SIGLO XXI (CDMX SUR),IMSS,Buena,Buena,"19.407458, -99.152267"
2020-08-11,HOSPITAL GENERAL DE ZONA 01 CARLOS MC GREGOR (CDMX SUR),IMSS,Buena,Buena,"19.395912, -99.161610"
2020-08-11,HOSPITAL GENERAL DE ZONA 1A PARQUE DE LOS VENADOS (CDMX SUR),IMSS,Buena,Buena,"19.374431, -99.151203"
2020-08-11,HOSPITAL DE INFECTOLOGIA 01 LA RAZA (CDMX NORTE),IMSS,Buena,Buena,"19.464865, -99.144859"
2020-08-11,HOSPITAL GENERAL 01 (CDMX NORTE) LA RAZA,IMSS,Media,Buena,"19.395740, -99.161677"
2020-08-11,HOSPITAL GENERAL DE ZONA 24 (CDMX NORTE),IMSS,Buena,Media,"19.483221, -99.128448"
2020-08-11,HOSPITAL GENERAL DE ZONA 27 (CDMX NORTE),IMSS,Buena,Buena,"19.454776, -99.140007"
2020-08-11,HOSPITAL GENERAL DE ZONA 2A (CDMX SUR),IMSS,Buena,Buena,"19.405495, -99.112200"
2020-08-11,HOSPITAL GENERAL DE ZONA 30 (CDMX SUR),IMSS,Media,Buena,"19.398836, -99.116913"
2020-08-11,HOSPITAL GENERAL DE ZONA 32 (CDMX SUR),IMSS,Buena,Buena,"19.307964, -99.130677"
2020-08-11,HOSPITAL GENERAL DE ZONA C/MF 08 (CDMX SUR),IMSS,Crítica,Media,"19.337137, -99.200142"
2020-08-11,HOSPITAL GENERAL DE ZONA C/UMAA 48 (CDMX NORTE),IMSS,Media,Buena,"19.482375, -99.213046"
2020-08-11,HOSPITAL GENERAL 02 (CDMX SUR) VILLA COAPA (COY.),IMSS,Buena,Buena,"19.309194, -99.129593"
2020-08-11,HOSPITAL DE ESPECIALIDADES 01 (CDMX NORTE) LA RAZA (AZC),IMSS,Media,Buena,"19.467169, -99.143785"
2020-08-11,HOSPITAL GENERAL DE ZONA C/MF 29 (S. JUAN ARAGÓN),IMSS,Media,Buena,"19.465117, -99.085162"
2020-08-11,HOSPITAL GENERAL DE ZONA 47 (CDMX SUR) (IZP),IMSS,Buena,Media,"19.357566, -99.054269"
2020-08-11,UNIDAD MÓVIL TEMPORAL COVID,IMSS,Crítica,Crítica,"19.403082, -99.089177"
2020-08-11,CRIT IZTAPALAPA,IMSS,Buena,Buena,"19.328321, -99.068530"
2020-08-11,HOSPITAL GENERAL REGIONAL 72,IMSS,Media,Media,"19.356913, -98.990929"
2020-08-11,HOSPITAL GENERAL REGIONAL 196,IMSS,Media,Buena,"19.515133, -98.891450"
2020-08-11,HOSPITAL GENERAL REGIONAL 200,IMSS,Buena,Media,"19.470300, -99.234208"
2020-08-11,HOSPITAL GENERAL DE ZONA 53,IMSS,Buena,Buena,"19.597387, -99.188426"
2020-08-11,HOSPITAL GENERAL DE ZONA 197,IMSS,Buena,Buena,"19.530797, -99.222446"
2020-08-11,HOSPITAL GENERAL DE ZONA 194,IMSS,Media,Buena,"19.570070, -99.044009"
2020-08-11,HOSPITAL GENERAL DE ZONA 57 (LA QUEBRADA),IMSS,Media,Buena,"19.542797, -99.205022"
2020-08-11,HOSPITAL GENERAL DE ZONA 58 (LAS MARGARITAS),IMSS,Media,Media,"19.529016, -99.030983"
2020-08-11,HOSPITAL GENERAL DE ZONA 68 (TULPETLAC),IMSS,Buena,Buena,"19.742905, -98.972971"
2020-08-11,HOSPITAL GENERAL DE ZONA 71 (CHALCO),IMSS,Buena,Buena,"19.356913, -98.990929"
2020-08-11,HOSPITAL GENERAL DE ZONA 76 (XALOSTOC),IMSS,Buena,Buena,"19.515133, -98.891450"
2020-08-11,HOSPITAL GENERAL DE ZONA 98 (COACALCO),IMSS,Media,Buena,"19.470300, -99.234208"
2020-08-11,CRIT NEZAHUALCÓYOTL,IMSS,Buena,Buena,"19.425795, -99.029987"
2020-08-11,CENTRO MEDICO 20 DE NOVIEMBRE,ISSSTE,Buena,Buena,"19.372720, -99.171205"
2020-08-11,HG DARIO FERNANDEZ FIERRO,ISSSTE,Buena,Media,"19.363602, -99.188608"
2020-08-11,HG JOSE MARIA MORELOS,ISSSTE,Buena,Buena,"19.363918, -98.995393"
2020-08-11,HG TACUBA,ISSSTE,Crítica,Buena,"19.454384, -99.191231"
2020-08-11,HG DR FERNANDO QUIROZ,ISSSTE,Media,Buena,"19.394242, -99.194187"
2020-08-11,HG IGNACIO ZARAGOZA,ISSSTE,Buena,Media,"19.389472, -99.045019"
2020-08-11,HR PRIMERO DE OCTUBRE,ISSSTE,Media,Media,"19.486751, -99.133249"
2020-08-11,HR LIC. ADOLFO LÓPEZ MATEOS,ISSSTE,Buena,Media,"19.358451, -99.172716"
2020-08-11,HR BICENTENARIO DE LA INDEPENDENCIA,ISSSTE,Media,Media,"19.628814, -99.163343"
2020-08-11,ALTA ESPECIALIDAD DE ZUMPANGO,EDOMEX,Media,Media,"19.815198, -99.089196"
2020-08-11,HOSPITAL REGIONAL TLALNEPANTLA ISSEMYM,EDOMEX,Buena,Media,"19.521706, -99.187341"
2020-08-11,"HOSPITAL GENERAL ECATEPEC ""LAS AMÉRICAS""",EDOMEX,Buena,Media,"19.594136, -99.018679"
2020-08-11,"HOSPITAL GENERAL DE NAUCALPAN ""DR. MAXIMILIANO RUIZ CASTAÑEDA"" ",EDOMEX,Buena,Media,"19.468662, -99.234348"
2020-08-11,"HOSPITAL GENERAL ATIZAPAN DE ZARAGOZA ""DR. SALVADOR GONZALEZ HERREJÓN""",EDOMEX,Buena,Buena,"19.546322, -99.237491"
2020-08-11,"HOSPITAL GENERAL CUAUTITLAN ""GRAL. JOSE VICENTE VILLADA""",EDOMEX,Buena,Buena,"19.664586, -99.178557"
2020-08-11,"HOSPITAL GENERAL DE NEZAHUALCOYOTL ""GUSTAVO BAZ PRADA""",EDOMEX,Buena,Media,"19.422253, -99.014892"
2020-08-11,"HOSPITAL GENERAL DE ECATEPEC ""JOSÉ MARÍA RODRÍGUEZ""",EDOMEX,Buena,Buena,"19.514412, -99.038087"
2020-08-11,"HOSPITAL GENERAL NEZAHUALCOYOTL ""LA PERLA"" ",EDOMEX,Buena,Buena,"19.387963, -98.989442"
2020-08-11,HOSPITAL GENERAL DE CHIMALHUACAN,EDOMEX,Buena,Media,"19.419753, -98.975140"
2020-08-11,"HOSPITAL GENERAL DE IXTAPALUCA ""PEDRO LOPEZ""",EDOMEX,Buena,Buena,"19.318829, -98.855366"
2020-08-11,HOSPITAL GENERAL DE CHALCO ,EDOMEX,Buena,Buena,"19.268265, -98.893965"
2020-08-11,"HOSPITAL GENERAL TEXCOCO ""GUADALUPE VICTORIA"" BICENTENARIO ",EDOMEX,Buena,Buena,"19.514309, -98.871750"
2020-08-11,"HOSPITAL GENERAL VALLE DE CHALCO ""DR. FERNANDO QUIROZ GUTIERREZ"" ",EDOMEX,Buena,Buena,"19.273775, -98.941609"
2020-08-11,"HOSPITAL GENERAL AMECAMECA ""VALENTIN GOMEZ FARIAS"" ",EDOMEX,Buena,Buena,"19.144883, -98.785072"
2020-08-11,HOSPITAL GENERAL DE AXAPUSCO,EDOMEX,Media,Media,"19.732872, -98.769445"
2020-08-12,INSTITUTO NACIONAL DE NUTRICIÓN,SSA,Media,Media,"19.289599, -99.155441"
2020-08-12,INER,SSA,Crítica,Media,"19.291375, -99.158653"
2020-08-12,HOSPITAL GENERAL DE MÉXICO,SSA,Buena,Buena,"19.4129258, -99.1520225"
2020-08-12,HOSPITAL JUAREZ,SSA,Media,Buena,"19.481829, -99.135576"
2020-08-12,HOSPITAL GENERAL DR. MANUEL GEA GONZÁLEZ,SSA,Media,Buena,"19.290295, -99.160861"
2020-08-12,HOSPITAL INFANTIL DE MÉXICO FEDERICO GÓMEZ,SSA,Buena,Buena,"19.410839, -99.151941"
2020-08-12,INSTITUTO  NACIONAL DE CARDIOLOGÍA IGNACIO CHÁVEZ,SSA,Buena,Buena,"19.290598, -99.153838"
2020-08-12,CITIBANAMEX,SSA,Buena,Media,"19.439732, -99.224235"
2020-08-12,HOSPITAL REGIONAL DE ALTA ESPECIALIDAD DE IXTAPALUCA,SSA,Buena,Media,"19.318796, -98.855353"
2020-08-12,BELISARIO DOMINGUEZ,SEDESA,Media,Buena,"19.307226, -99.065356"
2020-08-12,ENRIQUE CABRERA,SEDESA,Buena,Buena,"19.361675, -99.224432"
2020-08-12,GENERAL TLAHUAC,SEDESA,Buena,Buena,"19.287492, -99.052665"
2020-08-12,PEDIATRICO DE LA VILLA,SEDESA,Buena,Buena,"19.487355, -99.114316"
2020-08-12,HOSPITAL GENERAL AJUSCO MEDIO,SEDESA,Media,Buena,"19.272165, -99.207846"
2020-08-12,HOSPITAL GENERAL IZTAPALAPA,SEDESA,Buena,Buena,"19.343426, -99.027236"
2020-08-12,HOSPITAL GENERAL XOCO,SEDESA,Buena,Buena,"19.360313, -99.162275"
2020-08-12,HOSPITAL GENERAL VILLA,SEDESA,Buena,Buena,"19.480079, -99.103353"
2020-08-12,HOSPITAL GENERAL DR. RUBÉN LEÑERO,SEDESA,Media,Buena,"19.451398, -99.169565"
2020-08-12,HOSPITAL GENERAL MILPA ALTA,SEDESA,Buena,Buena,"19.200951, -99.011210"
2020-08-12,HOSPITAL GENERAL BALBUENA,SEDESA,Buena,Buena,"19.424195, -99.115412"
2020-08-12,HOSPITAL TEPEPAN,SEDESA,Sin Dato,Sin Dato,"19.275806, -99.144298"
2020-08-12,HOSPITAL DE ESPECIALIDADES 01 CMN SIGLO XXI (CDMX SUR),IMSS,Buena,Buena,"19.466549, -99.145102"
2020-08-12,HOSPITAL DE PEDIATRIA 01 CMN SIGLO XXI (CDMX SUR),IMSS,Buena,Buena,"19.407458, -99.152267"
2020-08-12,HOSPITAL GENERAL DE ZONA 01 CARLOS MC GREGOR (CDMX SUR),IMSS,Buena,Buena,"19.395912, -99.161610"
2020-08-12,HOSPITAL GENERAL DE ZONA 1A PARQUE DE LOS VENADOS (CDMX SUR),IMSS,Buena,Buena,"19.374431, -99.151203"
2020-08-12,HOSPITAL DE INFECTOLOGIA 01 LA RAZA (CDMX NORTE),IMSS,Buena,Buena,"19.464865, -99.144859"
2020-08-12,HOSPITAL GENERAL 01 (CDMX NORTE) LA RAZA,IMSS,Media,Buena,"19.395740, -99.161677"
2020-08-12,HOSPITAL GENERAL DE ZONA 24 (CDMX NORTE),IMSS,Buena,Media,"19.483221, -99.128448"
2020-08-12,HOSPITAL GENERAL DE ZONA 27 (CDMX NORTE),IMSS,Buena,Buena,"19.454776, -99.140007"
2020-08-12,HOSPITAL GENERAL DE ZONA 2A (CDMX SUR),IMSS,Buena,Buena,"19.405495, -99.112200"
2020-08-12,HOSPITAL GENERAL DE ZONA 30 (CDMX SUR),IMSS,Buena,Buena,"19.398836, -99.116913"
2020-08-12,HOSPITAL GENERAL DE ZONA 32 (CDMX SUR),IMSS,Buena,Buena,"19.307964, -99.130677"
2020-08-12,HOSPITAL GENERAL DE ZONA C/MF 08 (CDMX SUR),IMSS,Crítica,Buena,"19.337137, -99.200142"
2020-08-12,HOSPITAL GENERAL DE ZONA C/UMAA 48 (CDMX NORTE),IMSS,Media,Buena,"19.482375, -99.213046"
2020-08-12,HOSPITAL GENERAL 02 (CDMX SUR) VILLA COAPA (COY.),IMSS,Buena,Buena,"19.309194, -99.129593"
2020-08-12,HOSPITAL DE ESPECIALIDADES 01 (CDMX NORTE) LA RAZA (AZC),IMSS,Media,Buena,"19.467169, -99.143785"
2020-08-12,HOSPITAL GENERAL DE ZONA C/MF 29 (S. JUAN ARAGÓN),IMSS,Media,Buena,"19.465117, -99.085162"
2020-08-12,HOSPITAL GENERAL DE ZONA 47 (CDMX SUR) (IZP),IMSS,Buena,Media,"19.357566, -99.054269"
2020-08-12,UNIDAD MÓVIL TEMPORAL COVID,IMSS,Crítica,Crítica,"19.403082, -99.089177"
2020-08-12,CRIT IZTAPALAPA,IMSS,Buena,Buena,"19.328321, -99.068530"
2020-08-12,HOSPITAL GENERAL REGIONAL 72,IMSS,Media,Media,"19.356913, -98.990929"
2020-08-12,HOSPITAL GENERAL REGIONAL 196,IMSS,Media,Buena,"19.515133, -98.891450"
2020-08-12,HOSPITAL GENERAL REGIONAL 200,IMSS,Buena,Media,"19.470300, -99.234208"
2020-08-12,HOSPITAL GENERAL DE ZONA 53,IMSS,Buena,Media,"19.597387, -99.188426"
2020-08-12,HOSPITAL GENERAL DE ZONA 197,IMSS,Buena,Buena,"19.530797, -99.222446"
2020-08-12,HOSPITAL GENERAL DE ZONA 194,IMSS,Media,Buena,"19.570070, -99.044009"
2020-08-12,HOSPITAL GENERAL DE ZONA 57 (LA QUEBRADA),IMSS,Media,Buena,"19.542797, -99.205022"
2020-08-12,HOSPITAL GENERAL DE ZONA 58 (LAS MARGARITAS),IMSS,Media,Buena,"19.529016, -99.030983"
2020-08-12,HOSPITAL GENERAL DE ZONA 68 (TULPETLAC),IMSS,Buena,Buena,"19.742905, -98.972971"
2020-08-12,HOSPITAL GENERAL DE ZONA 71 (CHALCO),IMSS,Buena,Buena,"19.356913, -98.990929"
2020-08-12,HOSPITAL GENERAL DE ZONA 76 (XALOSTOC),IMSS,Buena,Buena,"19.515133, -98.891450"
2020-08-12,HOSPITAL GENERAL DE ZONA 98 (COACALCO),IMSS,Media,Buena,"19.470300, -99.234208"
2020-08-12,CRIT NEZAHUALCÓYOTL,IMSS,Buena,Buena,"19.425795, -99.029987"
2020-08-12,CENTRO MEDICO 20 DE NOVIEMBRE,ISSSTE,Media,Buena,"19.372720, -99.171205"
2020-08-12,HG DARIO FERNANDEZ FIERRO,ISSSTE,Buena,Media,"19.363602, -99.188608"
2020-08-12,HG JOSE MARIA MORELOS,ISSSTE,Buena,Buena,"19.363918, -98.995393"
2020-08-12,HG TACUBA,ISSSTE,Crítica,Buena,"19.454384, -99.191231"
2020-08-12,HG DR FERNANDO QUIROZ,ISSSTE,Buena,Buena,"19.394242, -99.194187"
2020-08-12,HG IGNACIO ZARAGOZA,ISSSTE,Buena,Media,"19.389472, -99.045019"
2020-08-12,HR PRIMERO DE OCTUBRE,ISSSTE,Media,Media,"19.486751, -99.133249"
2020-08-12,HR LIC. ADOLFO LÓPEZ MATEOS,ISSSTE,Buena,Media,"19.358451, -99.172716"
2020-08-12,HR BICENTENARIO DE LA INDEPENDENCIA,ISSSTE,Media,Media,"19.628814, -99.163343"
2020-08-12,ALTA ESPECIALIDAD DE ZUMPANGO,EDOMEX,Media,Media,"19.815198, -99.089196"
2020-08-12,HOSPITAL REGIONAL TLALNEPANTLA ISSEMYM,EDOMEX,Media,Buena,"19.521706, -99.187341"
2020-08-12,"HOSPITAL GENERAL ECATEPEC ""LAS AMÉRICAS""",EDOMEX,Buena,Media,"19.594136, -99.018679"
2020-08-12,"HOSPITAL GENERAL DE NAUCALPAN ""DR. MAXIMILIANO RUIZ CASTAÑEDA"" ",EDOMEX,Buena,Media,"19.468662, -99.234348"
2020-08-12,"HOSPITAL GENERAL ATIZAPAN DE ZARAGOZA ""DR. SALVADOR GONZALEZ HERREJÓN""",EDOMEX,Buena,Buena,"19.546322, -99.237491"
2020-08-12,"HOSPITAL GENERAL CUAUTITLAN ""GRAL. JOSE VICENTE VILLADA""",EDOMEX,Buena,Media,"19.664586, -99.178557"
2020-08-12,"HOSPITAL GENERAL DE NEZAHUALCOYOTL ""GUSTAVO BAZ PRADA""",EDOMEX,Buena,Media,"19.422253, -99.014892"
2020-08-12,"HOSPITAL GENERAL DE ECATEPEC ""JOSÉ MARÍA RODRÍGUEZ""",EDOMEX,Buena,Buena,"19.514412, -99.038087"
2020-08-12,"HOSPITAL GENERAL NEZAHUALCOYOTL ""LA PERLA"" ",EDOMEX,Buena,Buena,"19.387963, -98.989442"
2020-08-12,HOSPITAL GENERAL DE CHIMALHUACAN,EDOMEX,Buena,Media,"19.419753, -98.975140"
2020-08-12,"HOSPITAL GENERAL DE IXTAPALUCA ""PEDRO LOPEZ""",EDOMEX,Buena,Buena,"19.318829, -98.855366"
2020-08-12,HOSPITAL GENERAL DE CHALCO ,EDOMEX,Buena,Buena,"19.268265, -98.893965"
2020-08-12,"HOSPITAL GENERAL TEXCOCO ""GUADALUPE VICTORIA"" BICENTENARIO ",EDOMEX,Buena,Buena,"19.514309, -98.871750"
2020-08-12,"HOSPITAL GENERAL VALLE DE CHALCO ""DR. FERNANDO QUIROZ GUTIERREZ"" ",EDOMEX,Buena,Buena,"19.273775, -98.941609"
2020-08-12,"HOSPITAL GENERAL AMECAMECA ""VALENTIN GOMEZ FARIAS"" ",EDOMEX,Buena,Buena,"19.144883, -98.785072"
2020-08-12,HOSPITAL GENERAL DE AXAPUSCO,EDOMEX,Media,Media,"19.732872, -98.769445"
2020-08-13,INSTITUTO NACIONAL DE NUTRICIÓN,SSA,Media,Media,"19.289599, -99.155441"
2020-08-13,INER,SSA,Crítica,Media,"19.291375, -99.158653"
2020-08-13,HOSPITAL GENERAL DE MÉXICO,SSA,Buena,Buena,"19.4129258, -99.1520225"
2020-08-13,HOSPITAL JUAREZ,SSA,Media,Buena,"19.481829, -99.135576"
2020-08-13,HOSPITAL GENERAL DR. MANUEL GEA GONZÁLEZ,SSA,Buena,Buena,"19.290295, -99.160861"
2020-08-13,HOSPITAL INFANTIL DE MÉXICO FEDERICO GÓMEZ,SSA,Buena,Buena,"19.410839, -99.151941"
2020-08-13,INSTITUTO  NACIONAL DE CARDIOLOGÍA IGNACIO CHÁVEZ,SSA,Buena,Buena,"19.290598, -99.153838"
2020-08-13,CITIBANAMEX,SSA,Buena,Media,"19.439732, -99.224235"
2020-08-13,HOSPITAL REGIONAL DE ALTA ESPECIALIDAD DE IXTAPALUCA,SSA,Buena,Media,"19.318796, -98.855353"
2020-08-13,BELISARIO DOMINGUEZ,SEDESA,Media,Buena,"19.307226, -99.065356"
2020-08-13,ENRIQUE CABRERA,SEDESA,Buena,Buena,"19.361675, -99.224432"
2020-08-13,GENERAL TLAHUAC,SEDESA,Buena,Buena,"19.287492, -99.052665"
2020-08-13,PEDIATRICO DE LA VILLA,SEDESA,Buena,Buena,"19.487355, -99.114316"
2020-08-13,HOSPITAL GENERAL AJUSCO MEDIO,SEDESA,Buena,Buena,"19.272165, -99.207846"
2020-08-13,HOSPITAL GENERAL IZTAPALAPA,SEDESA,Buena,Buena,"19.343426, -99.027236"
2020-08-13,HOSPITAL GENERAL XOCO,SEDESA,Buena,Buena,"19.360313, -99.162275"
2020-08-13,HOSPITAL GENERAL VILLA,SEDESA,Media,Buena,"19.480079, -99.103353"
2020-08-13,HOSPITAL GENERAL DR. RUBÉN LEÑERO,SEDESA,Media,Buena,"19.451398, -99.169565"
2020-08-13,HOSPITAL GENERAL MILPA ALTA,SEDESA,Buena,Buena,"19.200951, -99.011210"
2020-08-13,HOSPITAL GENERAL BALBUENA,SEDESA,Buena,Buena,"19.424195, -99.115412"
2020-08-13,HOSPITAL TEPEPAN,SEDESA,Sin Dato,Sin Dato,"19.275806, -99.144298"
2020-08-13,HOSPITAL DE ESPECIALIDADES 01 CMN SIGLO XXI (CDMX SUR),IMSS,Buena,Buena,"19.466549, -99.145102"
2020-08-13,HOSPITAL DE PEDIATRIA 01 CMN SIGLO XXI (CDMX SUR),IMSS,Buena,Buena,"19.407458, -99.152267"
2020-08-13,HOSPITAL GENERAL DE ZONA 01 CARLOS MC GREGOR (CDMX SUR),IMSS,Buena,Buena,"19.395912, -99.161610"
2020-08-13,HOSPITAL GENERAL DE ZONA 1A PARQUE DE LOS VENADOS (CDMX SUR),IMSS,Media,Buena,"19.374431, -99.151203"
2020-08-13,HOSPITAL DE INFECTOLOGIA 01 LA RAZA (CDMX NORTE),IMSS,Buena,Buena,"19.464865, -99.144859"
2020-08-13,HOSPITAL GENERAL 01 (CDMX NORTE) LA RAZA,IMSS,Media,Buena,"19.395740, -99.161677"
2020-08-13,HOSPITAL GENERAL DE ZONA 24 (CDMX NORTE),IMSS,Buena,Media,"19.483221, -99.128448"
2020-08-13,HOSPITAL GENERAL DE ZONA 27 (CDMX NORTE),IMSS,Buena,Buena,"19.454776, -99.140007"
2020-08-13,HOSPITAL GENERAL DE ZONA 2A (CDMX SUR),IMSS,Buena,Buena,"19.405495, -99.112200"
2020-08-13,HOSPITAL GENERAL DE ZONA 30 (CDMX SUR),IMSS,Buena,Buena,"19.398836, -99.116913"
2020-08-13,HOSPITAL GENERAL DE ZONA 32 (CDMX SUR),IMSS,Buena,Buena,"19.307964, -99.130677"
2020-08-13,HOSPITAL GENERAL DE ZONA C/MF 08 (CDMX SUR),IMSS,Crítica,Media,"19.337137, -99.200142"
2020-08-13,HOSPITAL GENERAL DE ZONA C/UMAA 48 (CDMX NORTE),IMSS,Media,Buena,"19.482375, -99.213046"
2020-08-13,HOSPITAL GENERAL 02 (CDMX SUR) VILLA COAPA (COY.),IMSS,Buena,Media,"19.309194, -99.129593"
2020-08-13,HOSPITAL DE ESPECIALIDADES 01 (CDMX NORTE) LA RAZA (AZC),IMSS,Media,Buena,"19.467169, -99.143785"
2020-08-13,HOSPITAL GENERAL DE ZONA C/MF 29 (S. JUAN ARAGÓN),IMSS,Media,Buena,"19.465117, -99.085162"
2020-08-13,HOSPITAL GENERAL DE ZONA 47 (CDMX SUR) (IZP),IMSS,Buena,Media,"19.357566, -99.054269"
2020-08-13,UNIDAD MÓVIL TEMPORAL COVID,IMSS,Crítica,Crítica,"19.403082, -99.089177"
2020-08-13,CRIT IZTAPALAPA,IMSS,Buena,Buena,"19.328321, -99.068530"
2020-08-13,HOSPITAL GENERAL REGIONAL 72,IMSS,Media,Media,"19.356913, -98.990929"
2020-08-13,HOSPITAL GENERAL REGIONAL 196,IMSS,Media,Buena,"19.515133, -98.891450"
2020-08-13,HOSPITAL GENERAL REGIONAL 200,IMSS,Buena,Buena,"19.470300, -99.234208"
2020-08-13,HOSPITAL GENERAL DE ZONA 53,IMSS,Buena,Media,"19.597387, -99.188426"
2020-08-13,HOSPITAL GENERAL DE ZONA 197,IMSS,Buena,Buena,"19.530797, -99.222446"
2020-08-13,HOSPITAL GENERAL DE ZONA 194,IMSS,Media,Buena,"19.570070, -99.044009"
2020-08-13,HOSPITAL GENERAL DE ZONA 57 (LA QUEBRADA),IMSS,Media,Buena,"19.542797, -99.205022"
2020-08-13,HOSPITAL GENERAL DE ZONA 58 (LAS MARGARITAS),IMSS,Buena,Buena,"19.529016, -99.030983"
2020-08-13,HOSPITAL GENERAL DE ZONA 68 (TULPETLAC),IMSS,Buena,Buena,"19.742905, -98.972971"
2020-08-13,HOSPITAL GENERAL DE ZONA 71 (CHALCO),IMSS,Buena,Buena,"19.356913, -98.990929"
2020-08-13,HOSPITAL GENERAL DE ZONA 76 (XALOSTOC),IMSS,Buena,Buena,"19.515133, -98.891450"
2020-08-13,HOSPITAL GENERAL DE ZONA 98 (COACALCO),IMSS,Media,Buena,"19.470300, -99.234208"
2020-08-13,CRIT NEZAHUALCÓYOTL,IMSS,Buena,Buena,"19.425795, -99.029987"
2020-08-13,CENTRO MEDICO 20 DE NOVIEMBRE,ISSSTE,Media,Buena,"19.372720, -99.171205"
2020-08-13,HG DARIO FERNANDEZ FIERRO,ISSSTE,Buena,Media,"19.363602, -99.188608"
2020-08-13,HG JOSE MARIA MORELOS,ISSSTE,Buena,Buena,"19.363918, -98.995393"
2020-08-13,HG TACUBA,ISSSTE,Crítica,Buena,"19.454384, -99.191231"
2020-08-13,HG DR FERNANDO QUIROZ,ISSSTE,Media,Buena,"19.394242, -99.194187"
2020-08-13,HG IGNACIO ZARAGOZA,ISSSTE,Buena,Media,"19.389472, -99.045019"
2020-08-13,HR PRIMERO DE OCTUBRE,ISSSTE,Media,Media,"19.486751, -99.133249"
2020-08-13,HR LIC. ADOLFO LÓPEZ MATEOS,ISSSTE,Buena,Media,"19.358451, -99.172716"
2020-08-13,HR BICENTENARIO DE LA INDEPENDENCIA,ISSSTE,Media,Media,"19.628814, -99.163343"
2020-08-13,ALTA ESPECIALIDAD DE ZUMPANGO,EDOMEX,Buena,Buena,"19.815198, -99.089196"
2020-08-13,HOSPITAL REGIONAL TLALNEPANTLA ISSEMYM,EDOMEX,Media,Buena,"19.521706, -99.187341"
2020-08-13,"HOSPITAL GENERAL ECATEPEC ""LAS AMÉRICAS""",EDOMEX,Buena,Media,"19.594136, -99.018679"
2020-08-13,"HOSPITAL GENERAL DE NAUCALPAN ""DR. MAXIMILIANO RUIZ CASTAÑEDA"" ",EDOMEX,Buena,Buena,"19.468662, -99.234348"
2020-08-13,"HOSPITAL GENERAL ATIZAPAN DE ZARAGOZA ""DR. SALVADOR GONZALEZ HERREJÓN""",EDOMEX,Buena,Buena,"19.546322, -99.237491"
2020-08-13,"HOSPITAL GENERAL CUAUTITLAN ""GRAL. JOSE VICENTE VILLADA""",EDOMEX,Media,Buena,"19.664586, -99.178557"
2020-08-13,"HOSPITAL GENERAL DE NEZAHUALCOYOTL ""GUSTAVO BAZ PRADA""",EDOMEX,Buena,Media,"19.422253, -99.014892"
2020-08-13,"HOSPITAL GENERAL DE ECATEPEC ""JOSÉ MARÍA RODRÍGUEZ""",EDOMEX,Buena,Buena,"19.514412, -99.038087"
2020-08-13,"HOSPITAL GENERAL NEZAHUALCOYOTL ""LA PERLA"" ",EDOMEX,Buena,Buena,"19.387963, -98.989442"
2020-08-13,HOSPITAL GENERAL DE CHIMALHUACAN,EDOMEX,Buena,Buena,"19.419753, -98.975140"
2020-08-13,"HOSPITAL GENERAL DE IXTAPALUCA ""PEDRO LOPEZ""",EDOMEX,Buena,Buena,"19.318829, -98.855366"
2020-08-13,HOSPITAL GENERAL DE CHALCO ,EDOMEX,Buena,Buena,"19.268265, -98.893965"
2020-08-13,"HOSPITAL GENERAL TEXCOCO ""GUADALUPE VICTORIA"" BICENTENARIO ",EDOMEX,Buena,Buena,"19.514309, -98.871750"
2020-08-13,"HOSPITAL GENERAL VALLE DE CHALCO ""DR. FERNANDO QUIROZ GUTIERREZ"" ",EDOMEX,Buena,Buena,"19.273775, -98.941609"
2020-08-13,"HOSPITAL GENERAL AMECAMECA ""VALENTIN GOMEZ FARIAS"" ",EDOMEX,Buena,Buena,"19.144883, -98.785072"
2020-08-13,HOSPITAL GENERAL DE AXAPUSCO,EDOMEX,Media,Media,"19.732872, -98.769445"
2020-08-14,INSTITUTO NACIONAL DE NUTRICIÓN,SSA,Media,Media,"19.289599, -99.155441"
2020-08-14,INER,SSA,Crítica,Media,"19.291375, -99.158653"
2020-08-14,HOSPITAL GENERAL DE MÉXICO,SSA,Buena,Buena,"19.4129258, -99.1520225"
2020-08-14,HOSPITAL JUAREZ,SSA,Media,Buena,"19.481829, -99.135576"
2020-08-14,HOSPITAL GENERAL DR. MANUEL GEA GONZÁLEZ,SSA,Media,Buena,"19.290295, -99.160861"
2020-08-14,HOSPITAL INFANTIL DE MÉXICO FEDERICO GÓMEZ,SSA,Buena,Buena,"19.410839, -99.151941"
2020-08-14,INSTITUTO  NACIONAL DE CARDIOLOGÍA IGNACIO CHÁVEZ,SSA,Buena,Buena,"19.290598, -99.153838"
2020-08-14,CITIBANAMEX,SSA,Buena,Media,"19.439732, -99.224235"
2020-08-14,HOSPITAL REGIONAL DE ALTA ESPECIALIDAD DE IXTAPALUCA,SSA,Buena,Media,"19.318796, -98.855353"
2020-08-14,BELISARIO DOMINGUEZ,SEDESA,Buena,Buena,"19.307226, -99.065356"
2020-08-14,ENRIQUE CABRERA,SEDESA,Buena,Buena,"19.361675, -99.224432"
2020-08-14,GENERAL TLAHUAC,SEDESA,Buena,Buena,"19.287492, -99.052665"
2020-08-14,PEDIATRICO DE LA VILLA,SEDESA,Buena,Buena,"19.487355, -99.114316"
2020-08-14,HOSPITAL GENERAL AJUSCO MEDIO,SEDESA,Buena,Buena,"19.272165, -99.207846"
2020-08-14,HOSPITAL GENERAL IZTAPALAPA,SEDESA,Buena,Buena,"19.343426, -99.027236"
2020-08-14,HOSPITAL GENERAL XOCO,SEDESA,Buena,Buena,"19.360313, -99.162275"
2020-08-14,HOSPITAL GENERAL VILLA,SEDESA,Media,Buena,"19.480079, -99.103353"
2020-08-14,HOSPITAL GENERAL DR. RUBÉN LEÑERO,SEDESA,Media,Buena,"19.451398, -99.169565"
2020-08-14,HOSPITAL GENERAL MILPA ALTA,SEDESA,Buena,Buena,"19.200951, -99.011210"
2020-08-14,HOSPITAL GENERAL BALBUENA,SEDESA,Buena,Buena,"19.424195, -99.115412"
2020-08-14,HOSPITAL TEPEPAN,SEDESA,Sin Dato,Sin Dato,"19.275806, -99.144298"
2020-08-14,HOSPITAL DE ESPECIALIDADES 01 CMN SIGLO XXI (CDMX SUR),IMSS,Buena,Buena,"19.466549, -99.145102"
2020-08-14,HOSPITAL DE PEDIATRIA 01 CMN SIGLO XXI (CDMX SUR),IMSS,Buena,Buena,"19.407458, -99.152267"
2020-08-14,HOSPITAL GENERAL DE ZONA 01 CARLOS MC GREGOR (CDMX SUR),IMSS,Buena,Media,"19.395912, -99.161610"
2020-08-14,HOSPITAL GENERAL DE ZONA 1A PARQUE DE LOS VENADOS (CDMX SUR),IMSS,Buena,Buena,"19.374431, -99.151203"
2020-08-14,HOSPITAL DE INFECTOLOGIA 01 LA RAZA (CDMX NORTE),IMSS,Buena,Buena,"19.464865, -99.144859"
2020-08-14,HOSPITAL GENERAL 01 (CDMX NORTE) LA RAZA,IMSS,Media,Buena,"19.395740, -99.161677"
2020-08-14,HOSPITAL GENERAL DE ZONA 24 (CDMX NORTE),IMSS,Buena,Buena,"19.483221, -99.128448"
2020-08-14,HOSPITAL GENERAL DE ZONA 27 (CDMX NORTE),IMSS,Buena,Buena,"19.454776, -99.140007"
2020-08-14,HOSPITAL GENERAL DE ZONA 2A (CDMX SUR),IMSS,Buena,Buena,"19.405495, -99.112200"
2020-08-14,HOSPITAL GENERAL DE ZONA 30 (CDMX SUR),IMSS,Buena,Buena,"19.398836, -99.116913"
2020-08-14,HOSPITAL GENERAL DE ZONA 32 (CDMX SUR),IMSS,Buena,Buena,"19.307964, -99.130677"
2020-08-14,HOSPITAL GENERAL DE ZONA C/MF 08 (CDMX SUR),IMSS,Crítica,Buena,"19.337137, -99.200142"
2020-08-14,HOSPITAL GENERAL DE ZONA C/UMAA 48 (CDMX NORTE),IMSS,Media,Buena,"19.482375, -99.213046"
2020-08-14,HOSPITAL GENERAL 02 (CDMX SUR) VILLA COAPA (COY.),IMSS,Buena,Buena,"19.309194, -99.129593"
2020-08-14,HOSPITAL DE ESPECIALIDADES 01 (CDMX NORTE) LA RAZA (AZC),IMSS,Media,Buena,"19.467169, -99.143785"
2020-08-14,HOSPITAL GENERAL DE ZONA C/MF 29 (S. JUAN ARAGÓN),IMSS,Media,Buena,"19.465117, -99.085162"
2020-08-14,HOSPITAL GENERAL DE ZONA 47 (CDMX SUR) (IZP),IMSS,Buena,Media,"19.357566, -99.054269"
2020-08-14,UNIDAD MÓVIL TEMPORAL COVID,IMSS,Crítica,Crítica,"19.403082, -99.089177"
2020-08-14,CRIT IZTAPALAPA,IMSS,Buena,Buena,"19.328321, -99.068530"
2020-08-14,HOSPITAL GENERAL REGIONAL 72,IMSS,Media,Media,"19.356913, -98.990929"
2020-08-14,HOSPITAL GENERAL REGIONAL 196,IMSS,Media,Buena,"19.515133, -98.891450"
2020-08-14,HOSPITAL GENERAL REGIONAL 200,IMSS,Buena,Buena,"19.470300, -99.234208"
2020-08-14,HOSPITAL GENERAL DE ZONA 53,IMSS,Media,Buena,"19.597387, -99.188426"
2020-08-14,HOSPITAL GENERAL DE ZONA 197,IMSS,Buena,Buena,"19.530797, -99.222446"
2020-08-14,HOSPITAL GENERAL DE ZONA 194,IMSS,Media,Buena,"19.570070, -99.044009"
2020-08-14,HOSPITAL GENERAL DE ZONA 57 (LA QUEBRADA),IMSS,Media,Buena,"19.542797, -99.205022"
2020-08-14,HOSPITAL GENERAL DE ZONA 58 (LAS MARGARITAS),IMSS,Buena,Media,"19.529016, -99.030983"
2020-08-14,HOSPITAL GENERAL DE ZONA 68 (TULPETLAC),IMSS,Buena,Buena,"19.742905, -98.972971"
2020-08-14,HOSPITAL GENERAL DE ZONA 71 (CHALCO),IMSS,Buena,Buena,"19.356913, -98.990929"
2020-08-14,HOSPITAL GENERAL DE ZONA 76 (XALOSTOC),IMSS,Buena,Buena,"19.515133, -98.891450"
2020-08-14,HOSPITAL GENERAL DE ZONA 98 (COACALCO),IMSS,Media,Buena,"19.470300, -99.234208"
2020-08-14,CRIT NEZAHUALCÓYOTL,IMSS,Buena,Buena,"19.425795, -99.029987"
2020-08-14,CENTRO MEDICO 20 DE NOVIEMBRE,ISSSTE,Buena,Buena,"19.372720, -99.171205"
2020-08-14,HG DARIO FERNANDEZ FIERRO,ISSSTE,Buena,Media,"19.363602, -99.188608"
2020-08-14,HG JOSE MARIA MORELOS,ISSSTE,Buena,Buena,"19.363918, -98.995393"
2020-08-14,HG TACUBA,ISSSTE,Crítica,Buena,"19.454384, -99.191231"
2020-08-14,HG DR FERNANDO QUIROZ,ISSSTE,Buena,Buena,"19.394242, -99.194187"
2020-08-14,HG IGNACIO ZARAGOZA,ISSSTE,Buena,Media,"19.389472, -99.045019"
2020-08-14,HR PRIMERO DE OCTUBRE,ISSSTE,Media,Media,"19.486751, -99.133249"
2020-08-14,HR LIC. ADOLFO LÓPEZ MATEOS,ISSSTE,Buena,Media,"19.358451, -99.172716"
2020-08-14,HR BICENTENARIO DE LA INDEPENDENCIA,ISSSTE,Media,Media,"19.628814, -99.163343"
2020-08-14,ALTA ESPECIALIDAD DE ZUMPANGO,EDOMEX,Buena,Media,"19.815198, -99.089196"
2020-08-14,HOSPITAL REGIONAL TLALNEPANTLA ISSEMYM,EDOMEX,Media,Buena,"19.521706, -99.187341"
2020-08-14,"HOSPITAL GENERAL ECATEPEC ""LAS AMÉRICAS""",EDOMEX,Buena,Media,"19.594136, -99.018679"
2020-08-14,"HOSPITAL GENERAL DE NAUCALPAN ""DR. MAXIMILIANO RUIZ CASTAÑEDA"" ",EDOMEX,Buena,Buena,"19.468662, -99.234348"
2020-08-14,"HOSPITAL GENERAL ATIZAPAN DE ZARAGOZA ""DR. SALVADOR GONZALEZ HERREJÓN""",EDOMEX,Buena,Buena,"19.546322, -99.237491"
2020-08-14,"HOSPITAL GENERAL CUAUTITLAN ""GRAL. JOSE VICENTE VILLADA""",EDOMEX,Media,Media,"19.664586, -99.178557"
2020-08-14,"HOSPITAL GENERAL DE NEZAHUALCOYOTL ""GUSTAVO BAZ PRADA""",EDOMEX,Buena,Media,"19.422253, -99.014892"
2020-08-14,"HOSPITAL GENERAL DE ECATEPEC ""JOSÉ MARÍA RODRÍGUEZ""",EDOMEX,Buena,Buena,"19.514412, -99.038087"
2020-08-14,"HOSPITAL GENERAL NEZAHUALCOYOTL ""LA PERLA"" ",EDOMEX,Buena,Buena,"19.387963, -98.989442"
2020-08-14,HOSPITAL GENERAL DE CHIMALHUACAN,EDOMEX,Buena,Buena,"19.419753, -98.975140"
2020-08-14,"HOSPITAL GENERAL DE IXTAPALUCA ""PEDRO LOPEZ""",EDOMEX,Buena,Buena,"19.318829, -98.855366"
2020-08-14,HOSPITAL GENERAL DE CHALCO ,EDOMEX,Buena,Media,"19.268265, -98.893965"
2020-08-14,"HOSPITAL GENERAL TEXCOCO ""GUADALUPE VICTORIA"" BICENTENARIO ",EDOMEX,Buena,Buena,"19.514309, -98.871750"
2020-08-14,"HOSPITAL GENERAL VALLE DE CHALCO ""DR. FERNANDO QUIROZ GUTIERREZ"" ",EDOMEX,Buena,Buena,"19.273775, -98.941609"
2020-08-14,"HOSPITAL GENERAL AMECAMECA ""VALENTIN GOMEZ FARIAS"" ",EDOMEX,Buena,Buena,"19.144883, -98.785072"
2020-08-14,HOSPITAL GENERAL DE AXAPUSCO,EDOMEX,Media,Media,"19.732872, -98.769445"
2020-08-15,INSTITUTO NACIONAL DE NUTRICIÓN,SSA,Media,Media,"19.289599, -99.155441"
2020-08-15,INER,SSA,Crítica,Media,"19.291375, -99.158653"
2020-08-15,HOSPITAL GENERAL DE MÉXICO,SSA,Buena,Buena,"19.4129258, -99.1520225"
2020-08-15,HOSPITAL JUAREZ,SSA,Media,Media,"19.481829, -99.135576"
2020-08-15,HOSPITAL GENERAL DR. MANUEL GEA GONZÁLEZ,SSA,Media,Buena,"19.290295, -99.160861"
2020-08-15,HOSPITAL INFANTIL DE MÉXICO FEDERICO GÓMEZ,SSA,Buena,Buena,"19.410839, -99.151941"
2020-08-15,INSTITUTO  NACIONAL DE CARDIOLOGÍA IGNACIO CHÁVEZ,SSA,Buena,Buena,"19.290598, -99.153838"
2020-08-15,CITIBANAMEX,SSA,Buena,Media,"19.439732, -99.224235"
2020-08-15,HOSPITAL REGIONAL DE ALTA ESPECIALIDAD DE IXTAPALUCA,SSA,Buena,Media,"19.318796, -98.855353"
2020-08-15,BELISARIO DOMINGUEZ,SEDESA,Media,Buena,"19.307226, -99.065356"
2020-08-15,ENRIQUE CABRERA,SEDESA,Buena,Buena,"19.361675, -99.224432"
2020-08-15,GENERAL TLAHUAC,SEDESA,Buena,Buena,"19.287492, -99.052665"
2020-08-15,PEDIATRICO DE LA VILLA,SEDESA,Buena,Buena,"19.487355, -99.114316"
2020-08-15,HOSPITAL GENERAL AJUSCO MEDIO,SEDESA,Buena,Buena,"19.272165, -99.207846"
2020-08-15,HOSPITAL GENERAL IZTAPALAPA,SEDESA,Buena,Buena,"19.343426, -99.027236"
2020-08-15,HOSPITAL GENERAL XOCO,SEDESA,Buena,Buena,"19.360313, -99.162275"
2020-08-15,HOSPITAL GENERAL VILLA,SEDESA,Media,Buena,"19.480079, -99.103353"
2020-08-15,HOSPITAL GENERAL DR. RUBÉN LEÑERO,SEDESA,Media,Buena,"19.451398, -99.169565"
2020-08-15,HOSPITAL GENERAL MILPA ALTA,SEDESA,Media,Buena,"19.200951, -99.011210"
2020-08-15,HOSPITAL GENERAL BALBUENA,SEDESA,Buena,Buena,"19.424195, -99.115412"
2020-08-15,HOSPITAL TEPEPAN,SEDESA,Sin Dato,Sin Dato,"19.275806, -99.144298"
2020-08-15,HOSPITAL DE ESPECIALIDADES 01 CMN SIGLO XXI (CDMX SUR),IMSS,Buena,Buena,"19.466549, -99.145102"
2020-08-15,HOSPITAL DE PEDIATRIA 01 CMN SIGLO XXI (CDMX SUR),IMSS,Buena,Buena,"19.407458, -99.152267"
2020-08-15,HOSPITAL GENERAL DE ZONA 01 CARLOS MC GREGOR (CDMX SUR),IMSS,Buena,Media,"19.395912, -99.161610"
2020-08-15,HOSPITAL GENERAL DE ZONA 1A PARQUE DE LOS VENADOS (CDMX SUR),IMSS,Buena,Buena,"19.374431, -99.151203"
2020-08-15,HOSPITAL DE INFECTOLOGIA 01 LA RAZA (CDMX NORTE),IMSS,Buena,Buena,"19.464865, -99.144859"
2020-08-15,HOSPITAL GENERAL 01 (CDMX NORTE) LA RAZA,IMSS,Media,Buena,"19.395740, -99.161677"
2020-08-15,HOSPITAL GENERAL DE ZONA 24 (CDMX NORTE),IMSS,Buena,Buena,"19.483221, -99.128448"
2020-08-15,HOSPITAL GENERAL DE ZONA 27 (CDMX NORTE),IMSS,Media,Buena,"19.454776, -99.140007"
2020-08-15,HOSPITAL GENERAL DE ZONA 2A (CDMX SUR),IMSS,Buena,Media,"19.405495, -99.112200"
2020-08-15,HOSPITAL GENERAL DE ZONA 30 (CDMX SUR),IMSS,Buena,Buena,"19.398836, -99.116913"
2020-08-15,HOSPITAL GENERAL DE ZONA 32 (CDMX SUR),IMSS,Buena,Buena,"19.307964, -99.130677"
2020-08-15,HOSPITAL GENERAL DE ZONA C/MF 08 (CDMX SUR),IMSS,Crítica,Media,"19.337137, -99.200142"
2020-08-15,HOSPITAL GENERAL DE ZONA C/UMAA 48 (CDMX NORTE),IMSS,Media,Buena,"19.482375, -99.213046"
2020-08-15,HOSPITAL GENERAL 02 (CDMX SUR) VILLA COAPA (COY.),IMSS,Buena,Buena,"19.309194, -99.129593"
2020-08-15,HOSPITAL DE ESPECIALIDADES 01 (CDMX NORTE) LA RAZA (AZC),IMSS,Buena,Buena,"19.467169, -99.143785"
2020-08-15,HOSPITAL GENERAL DE ZONA C/MF 29 (S. JUAN ARAGÓN),IMSS,Media,Buena,"19.465117, -99.085162"
2020-08-15,HOSPITAL GENERAL DE ZONA 47 (CDMX SUR) (IZP),IMSS,Buena,Media,"19.357566, -99.054269"
2020-08-15,UNIDAD MÓVIL TEMPORAL COVID,IMSS,Crítica,Crítica,"19.403082, -99.089177"
2020-08-15,CRIT IZTAPALAPA,IMSS,Buena,Buena,"19.328321, -99.068530"
2020-08-15,HOSPITAL GENERAL REGIONAL 72,IMSS,Media,Media,"19.356913, -98.990929"
2020-08-15,HOSPITAL GENERAL REGIONAL 196,IMSS,Media,Buena,"19.515133, -98.891450"
2020-08-15,HOSPITAL GENERAL REGIONAL 200,IMSS,Buena,Buena,"19.470300, -99.234208"
2020-08-15,HOSPITAL GENERAL DE ZONA 53,IMSS,Media,Buena,"19.597387, -99.188426"
2020-08-15,HOSPITAL GENERAL DE ZONA 197,IMSS,Buena,Buena,"19.530797, -99.222446"
2020-08-15,HOSPITAL GENERAL DE ZONA 194,IMSS,Media,Buena,"19.570070, -99.044009"
2020-08-15,HOSPITAL GENERAL DE ZONA 57 (LA QUEBRADA),IMSS,Media,Buena,"19.542797, -99.205022"
2020-08-15,HOSPITAL GENERAL DE ZONA 58 (LAS MARGARITAS),IMSS,Buena,Media,"19.529016, -99.030983"
2020-08-15,HOSPITAL GENERAL DE ZONA 68 (TULPETLAC),IMSS,Buena,Buena,"19.742905, -98.972971"
2020-08-15,HOSPITAL GENERAL DE ZONA 71 (CHALCO),IMSS,Buena,Buena,"19.356913, -98.990929"
2020-08-15,HOSPITAL GENERAL DE ZONA 76 (XALOSTOC),IMSS,Buena,Buena,"19.515133, -98.891450"
2020-08-15,HOSPITAL GENERAL DE ZONA 98 (COACALCO),IMSS,Media,Buena,"19.470300, -99.234208"
2020-08-15,CRIT NEZAHUALCÓYOTL,IMSS,Buena,Buena,"19.425795, -99.029987"
2020-08-15,CENTRO MEDICO 20 DE NOVIEMBRE,ISSSTE,Buena,Buena,"19.372720, -99.171205"
2020-08-15,HG DARIO FERNANDEZ FIERRO,ISSSTE,Buena,Media,"19.363602, -99.188608"
2020-08-15,HG JOSE MARIA MORELOS,ISSSTE,Buena,Media,"19.363918, -98.995393"
2020-08-15,HG TACUBA,ISSSTE,Crítica,Buena,"19.454384, -99.191231"
2020-08-15,HG DR FERNANDO QUIROZ,ISSSTE,Media,Buena,"19.394242, -99.194187"
2020-08-15,HG IGNACIO ZARAGOZA,ISSSTE,Buena,Media,"19.389472, -99.045019"
2020-08-15,HR PRIMERO DE OCTUBRE,ISSSTE,Media,Media,"19.486751, -99.133249"
2020-08-15,HR LIC. ADOLFO LÓPEZ MATEOS,ISSSTE,Buena,Media,"19.358451, -99.172716"
2020-08-15,HR BICENTENARIO DE LA INDEPENDENCIA,ISSSTE,Media,Media,"19.628814, -99.163343"
2020-08-15,ALTA ESPECIALIDAD DE ZUMPANGO,EDOMEX,Buena,Media,"19.815198, -99.089196"
2020-08-15,HOSPITAL REGIONAL TLALNEPANTLA ISSEMYM,EDOMEX,Media,Buena,"19.521706, -99.187341"
2020-08-15,"HOSPITAL GENERAL ECATEPEC ""LAS AMÉRICAS""",EDOMEX,Buena,Media,"19.594136, -99.018679"
2020-08-15,"HOSPITAL GENERAL DE NAUCALPAN ""DR. MAXIMILIANO RUIZ CASTAÑEDA"" ",EDOMEX,Buena,Buena,"19.468662, -99.234348"
2020-08-15,"HOSPITAL GENERAL ATIZAPAN DE ZARAGOZA ""DR. SALVADOR GONZALEZ HERREJÓN""",EDOMEX,Buena,Buena,"19.546322, -99.237491"
2020-08-15,"HOSPITAL GENERAL CUAUTITLAN ""GRAL. JOSE VICENTE VILLADA""",EDOMEX,Buena,Media,"19.664586, -99.178557"
2020-08-15,"HOSPITAL GENERAL DE NEZAHUALCOYOTL ""GUSTAVO BAZ PRADA""",EDOMEX,Buena,Media,"19.422253, -99.014892"
2020-08-15,"HOSPITAL GENERAL DE ECATEPEC ""JOSÉ MARÍA RODRÍGUEZ""",EDOMEX,Buena,Media,"19.514412, -99.038087"
2020-08-15,"HOSPITAL GENERAL NEZAHUALCOYOTL ""LA PERLA"" ",EDOMEX,Buena,Buena,"19.387963, -98.989442"
2020-08-15,HOSPITAL GENERAL DE CHIMALHUACAN,EDOMEX,Buena,Buena,"19.419753, -98.975140"
2020-08-15,"HOSPITAL GENERAL DE IXTAPALUCA ""PEDRO LOPEZ""",EDOMEX,Buena,Buena,"19.318829, -98.855366"
2020-08-15,HOSPITAL GENERAL DE CHALCO ,EDOMEX,Buena,Media,"19.268265, -98.893965"
2020-08-15,"HOSPITAL GENERAL TEXCOCO ""GUADALUPE VICTORIA"" BICENTENARIO ",EDOMEX,Buena,Buena,"19.514309, -98.871750"
2020-08-15,"HOSPITAL GENERAL VALLE DE CHALCO ""DR. FERNANDO QUIROZ GUTIERREZ"" ",EDOMEX,Buena,Buena,"19.273775, -98.941609"
2020-08-15,"HOSPITAL GENERAL AMECAMECA ""VALENTIN GOMEZ FARIAS"" ",EDOMEX,Buena,Buena,"19.144883, -98.785072"
2020-08-15,HOSPITAL GENERAL DE AXAPUSCO,EDOMEX,Media,Crítica,"19.732872, -98.769445"
2020-08-16,INSTITUTO NACIONAL DE NUTRICIÓN,SSA,Media,Media,"19.289599, -99.155441"
2020-08-16,INER,SSA,Crítica,Media,"19.291375, -99.158653"
2020-08-16,HOSPITAL GENERAL DE MÉXICO,SSA,Buena,Buena,"19.4129258, -99.1520225"
2020-08-16,HOSPITAL JUAREZ,SSA,Media,Buena,"19.481829, -99.135576"
2020-08-16,HOSPITAL GENERAL DR. MANUEL GEA GONZÁLEZ,SSA,Media,Buena,"19.290295, -99.160861"
2020-08-16,HOSPITAL INFANTIL DE MÉXICO FEDERICO GÓMEZ,SSA,Buena,Buena,"19.410839, -99.151941"
2020-08-16,INSTITUTO  NACIONAL DE CARDIOLOGÍA IGNACIO CHÁVEZ,SSA,Buena,Buena,"19.290598, -99.153838"
2020-08-16,CITIBANAMEX,SSA,Buena,Media,"19.439732, -99.224235"
2020-08-16,HOSPITAL REGIONAL DE ALTA ESPECIALIDAD DE IXTAPALUCA,SSA,Buena,Media,"19.318796, -98.855353"
2020-08-16,BELISARIO DOMINGUEZ,SEDESA,Media,Buena,"19.307226, -99.065356"
2020-08-16,ENRIQUE CABRERA,SEDESA,Buena,Buena,"19.361675, -99.224432"
2020-08-16,GENERAL TLAHUAC,SEDESA,Buena,Buena,"19.287492, -99.052665"
2020-08-16,PEDIATRICO DE LA VILLA,SEDESA,Buena,Buena,"19.487355, -99.114316"
2020-08-16,HOSPITAL GENERAL AJUSCO MEDIO,SEDESA,Media,Buena,"19.272165, -99.207846"
2020-08-16,HOSPITAL GENERAL IZTAPALAPA,SEDESA,Buena,Buena,"19.343426, -99.027236"
2020-08-16,HOSPITAL GENERAL XOCO,SEDESA,Buena,Buena,"19.360313, -99.162275"
2020-08-16,HOSPITAL GENERAL VILLA,SEDESA,Media,Buena,"19.480079, -99.103353"
2020-08-16,HOSPITAL GENERAL DR. RUBÉN LEÑERO,SEDESA,Media,Buena,"19.451398, -99.169565"
2020-08-16,HOSPITAL GENERAL MILPA ALTA,SEDESA,Media,Buena,"19.200951, -99.011210"
2020-08-16,HOSPITAL GENERAL BALBUENA,SEDESA,Buena,Buena,"19.424195, -99.115412"
2020-08-16,HOSPITAL TEPEPAN,SEDESA,Sin Dato,Sin Dato,"19.275806, -99.144298"
2020-08-16,HOSPITAL DE ESPECIALIDADES 01 CMN SIGLO XXI (CDMX SUR),IMSS,Buena,Buena,"19.466549, -99.145102"
2020-08-16,HOSPITAL DE PEDIATRIA 01 CMN SIGLO XXI (CDMX SUR),IMSS,Buena,Buena,"19.407458, -99.152267"
2020-08-16,HOSPITAL GENERAL DE ZONA 01 CARLOS MC GREGOR (CDMX SUR),IMSS,Buena,Media,"19.395912, -99.161610"
2020-08-16,HOSPITAL GENERAL DE ZONA 1A PARQUE DE LOS VENADOS (CDMX SUR),IMSS,Buena,Buena,"19.374431, -99.151203"
2020-08-16,HOSPITAL DE INFECTOLOGIA 01 LA RAZA (CDMX NORTE),IMSS,Buena,Buena,"19.464865, -99.144859"
2020-08-16,HOSPITAL GENERAL 01 (CDMX NORTE) LA RAZA,IMSS,Media,Buena,"19.395740, -99.161677"
2020-08-16,HOSPITAL GENERAL DE ZONA 24 (CDMX NORTE),IMSS,Buena,Buena,"19.483221, -99.128448"
2020-08-16,HOSPITAL GENERAL DE ZONA 27 (CDMX NORTE),IMSS,Buena,Buena,"19.454776, -99.140007"
2020-08-16,HOSPITAL GENERAL DE ZONA 2A (CDMX SUR),IMSS,Buena,Media,"19.405495, -99.112200"
2020-08-16,HOSPITAL GENERAL DE ZONA 30 (CDMX SUR),IMSS,Buena,Buena,"19.398836, -99.116913"
2020-08-16,HOSPITAL GENERAL DE ZONA 32 (CDMX SUR),IMSS,Buena,Buena,"19.307964, -99.130677"
2020-08-16,HOSPITAL GENERAL DE ZONA C/MF 08 (CDMX SUR),IMSS,Crítica,Media,"19.337137, -99.200142"
2020-08-16,HOSPITAL GENERAL DE ZONA C/UMAA 48 (CDMX NORTE),IMSS,Media,Buena,"19.482375, -99.213046"
2020-08-16,HOSPITAL GENERAL 02 (CDMX SUR) VILLA COAPA (COY.),IMSS,Buena,Buena,"19.309194, -99.129593"
2020-08-16,HOSPITAL DE ESPECIALIDADES 01 (CDMX NORTE) LA RAZA (AZC),IMSS,Buena,Buena,"19.467169, -99.143785"
2020-08-16,HOSPITAL GENERAL DE ZONA C/MF 29 (S. JUAN ARAGÓN),IMSS,Buena,Buena,"19.465117, -99.085162"
2020-08-16,HOSPITAL GENERAL DE ZONA 47 (CDMX SUR) (IZP),IMSS,Buena,Media,"19.357566, -99.054269"
2020-08-16,UNIDAD MÓVIL TEMPORAL COVID,IMSS,Crítica,Crítica,"19.403082, -99.089177"
2020-08-16,CRIT IZTAPALAPA,IMSS,Buena,Buena,"19.328321, -99.068530"
2020-08-16,HOSPITAL GENERAL REGIONAL 72,IMSS,Media,Media,"19.356913, -98.990929"
2020-08-16,HOSPITAL GENERAL REGIONAL 196,IMSS,Media,Buena,"19.515133, -98.891450"
2020-08-16,HOSPITAL GENERAL REGIONAL 200,IMSS,Media,Buena,"19.470300, -99.234208"
2020-08-16,HOSPITAL GENERAL DE ZONA 53,IMSS,Buena,Buena,"19.597387, -99.188426"
2020-08-16,HOSPITAL GENERAL DE ZONA 197,IMSS,Buena,Buena,"19.530797, -99.222446"
2020-08-16,HOSPITAL GENERAL DE ZONA 194,IMSS,Media,Buena,"19.570070, -99.044009"
2020-08-16,HOSPITAL GENERAL DE ZONA 57 (LA QUEBRADA),IMSS,Media,Buena,"19.542797, -99.205022"
2020-08-16,HOSPITAL GENERAL DE ZONA 58 (LAS MARGARITAS),IMSS,Buena,Buena,"19.529016, -99.030983"
2020-08-16,HOSPITAL GENERAL DE ZONA 68 (TULPETLAC),IMSS,Buena,Buena,"19.742905, -98.972971"
2020-08-16,HOSPITAL GENERAL DE ZONA 71 (CHALCO),IMSS,Buena,Buena,"19.356913, -98.990929"
2020-08-16,HOSPITAL GENERAL DE ZONA 76 (XALOSTOC),IMSS,Buena,Buena,"19.515133, -98.891450"
2020-08-16,HOSPITAL GENERAL DE ZONA 98 (COACALCO),IMSS,Media,Buena,"19.470300, -99.234208"
2020-08-16,CRIT NEZAHUALCÓYOTL,IMSS,Buena,Buena,"19.425795, -99.029987"
2020-08-16,CENTRO MEDICO 20 DE NOVIEMBRE,ISSSTE,Buena,Buena,"19.372720, -99.171205"
2020-08-16,HG DARIO FERNANDEZ FIERRO,ISSSTE,Media,Media,"19.363602, -99.188608"
2020-08-16,HG JOSE MARIA MORELOS,ISSSTE,Buena,Media,"19.363918, -98.995393"
2020-08-16,HG TACUBA,ISSSTE,Crítica,Buena,"19.454384, -99.191231"
2020-08-16,HG DR FERNANDO QUIROZ,ISSSTE,Media,Buena,"19.394242, -99.194187"
2020-08-16,HG IGNACIO ZARAGOZA,ISSSTE,Buena,Media,"19.389472, -99.045019"
2020-08-16,HR PRIMERO DE OCTUBRE,ISSSTE,Media,Media,"19.486751, -99.133249"
2020-08-16,HR LIC. ADOLFO LÓPEZ MATEOS,ISSSTE,Buena,Media,"19.358451, -99.172716"
2020-08-16,HR BICENTENARIO DE LA INDEPENDENCIA,ISSSTE,Media,Media,"19.628814, -99.163343"
2020-08-16,ALTA ESPECIALIDAD DE ZUMPANGO,EDOMEX,Buena,Media,"19.815198, -99.089196"
2020-08-16,HOSPITAL REGIONAL TLALNEPANTLA ISSEMYM,EDOMEX,Media,Buena,"19.521706, -99.187341"
2020-08-16,"HOSPITAL GENERAL ECATEPEC ""LAS AMÉRICAS""",EDOMEX,Buena,Media,"19.594136, -99.018679"
2020-08-16,"HOSPITAL GENERAL DE NAUCALPAN ""DR. MAXIMILIANO RUIZ CASTAÑEDA"" ",EDOMEX,Buena,Buena,"19.468662, -99.234348"
2020-08-16,"HOSPITAL GENERAL ATIZAPAN DE ZARAGOZA ""DR. SALVADOR GONZALEZ HERREJÓN""",EDOMEX,Buena,Buena,"19.546322, -99.237491"
2020-08-16,"HOSPITAL GENERAL CUAUTITLAN ""GRAL. JOSE VICENTE VILLADA""",EDOMEX,Buena,Buena,"19.664586, -99.178557"
2020-08-16,"HOSPITAL GENERAL DE NEZAHUALCOYOTL ""GUSTAVO BAZ PRADA""",EDOMEX,Buena,Media,"19.422253, -99.014892"
2020-08-16,"HOSPITAL GENERAL DE ECATEPEC ""JOSÉ MARÍA RODRÍGUEZ""",EDOMEX,Buena,Media,"19.514412, -99.038087"
2020-08-16,"HOSPITAL GENERAL NEZAHUALCOYOTL ""LA PERLA"" ",EDOMEX,Buena,Buena,"19.387963, -98.989442"
2020-08-16,HOSPITAL GENERAL DE CHIMALHUACAN,EDOMEX,Buena,Buena,"19.419753, -98.975140"
2020-08-16,"HOSPITAL GENERAL DE IXTAPALUCA ""PEDRO LOPEZ""",EDOMEX,Buena,Buena,"19.318829, -98.855366"
2020-08-16,HOSPITAL GENERAL DE CHALCO ,EDOMEX,Buena,Media,"19.268265, -98.893965"
2020-08-16,"HOSPITAL GENERAL TEXCOCO ""GUADALUPE VICTORIA"" BICENTENARIO ",EDOMEX,Media,Buena,"19.514309, -98.871750"
2020-08-16,"HOSPITAL GENERAL VALLE DE CHALCO ""DR. FERNANDO QUIROZ GUTIERREZ"" ",EDOMEX,Buena,Buena,"19.273775, -98.941609"
2020-08-16,"HOSPITAL GENERAL AMECAMECA ""VALENTIN GOMEZ FARIAS"" ",EDOMEX,Buena,Buena,"19.144883, -98.785072"
2020-08-16,HOSPITAL GENERAL DE AXAPUSCO,EDOMEX,Media,Media,"19.732872, -98.769445"
2020-08-17,INSTITUTO NACIONAL DE NUTRICIÓN,SSA,Media,Media,"19.289599, -99.155441"
2020-08-17,INER,SSA,Crítica,Media,"19.291375, -99.158653"
2020-08-17,HOSPITAL GENERAL DE MÉXICO,SSA,Buena,Buena,"19.4129258, -99.1520225"
2020-08-17,HOSPITAL JUAREZ,SSA,Media,Buena,"19.481829, -99.135576"
2020-08-17,HOSPITAL GENERAL DR. MANUEL GEA GONZÁLEZ,SSA,Media,Buena,"19.290295, -99.160861"
2020-08-17,HOSPITAL INFANTIL DE MÉXICO FEDERICO GÓMEZ,SSA,Buena,Buena,"19.410839, -99.151941"
2020-08-17,INSTITUTO  NACIONAL DE CARDIOLOGÍA IGNACIO CHÁVEZ,SSA,Buena,Buena,"19.290598, -99.153838"
2020-08-17,CITIBANAMEX,SSA,Buena,Media,"19.439732, -99.224235"
2020-08-17,HOSPITAL REGIONAL DE ALTA ESPECIALIDAD DE IXTAPALUCA,SSA,Buena,Media,"19.318796, -98.855353"
2020-08-17,BELISARIO DOMINGUEZ,SEDESA,Media,Buena,"19.307226, -99.065356"
2020-08-17,ENRIQUE CABRERA,SEDESA,Buena,Buena,"19.361675, -99.224432"
2020-08-17,GENERAL TLAHUAC,SEDESA,Buena,Buena,"19.287492, -99.052665"
2020-08-17,PEDIATRICO DE LA VILLA,SEDESA,Buena,Buena,"19.487355, -99.114316"
2020-08-17,HOSPITAL GENERAL AJUSCO MEDIO,SEDESA,Buena,Buena,"19.272165, -99.207846"
2020-08-17,HOSPITAL GENERAL IZTAPALAPA,SEDESA,Buena,Buena,"19.343426, -99.027236"
2020-08-17,HOSPITAL GENERAL XOCO,SEDESA,Buena,Buena,"19.360313, -99.162275"
2020-08-17,HOSPITAL GENERAL VILLA,SEDESA,Media,Buena,"19.480079, -99.103353"
2020-08-17,HOSPITAL GENERAL DR. RUBÉN LEÑERO,SEDESA,Media,Buena,"19.451398, -99.169565"
2020-08-17,HOSPITAL GENERAL MILPA ALTA,SEDESA,Media,Buena,"19.200951, -99.011210"
2020-08-17,HOSPITAL GENERAL BALBUENA,SEDESA,Buena,Buena,"19.424195, -99.115412"
2020-08-17,HOSPITAL TEPEPAN,SEDESA,Sin Dato,Sin Dato,"19.275806, -99.144298"
2020-08-17,HOSPITAL DE ESPECIALIDADES 01 CMN SIGLO XXI (CDMX SUR),IMSS,Buena,Buena,"19.466549, -99.145102"
2020-08-17,HOSPITAL DE PEDIATRIA 01 CMN SIGLO XXI (CDMX SUR),IMSS,Buena,Buena,"19.407458, -99.152267"
2020-08-17,HOSPITAL GENERAL DE ZONA 01 CARLOS MC GREGOR (CDMX SUR),IMSS,Buena,Media,"19.395912, -99.161610"
2020-08-17,HOSPITAL GENERAL DE ZONA 1A PARQUE DE LOS VENADOS (CDMX SUR),IMSS,Buena,Buena,"19.374431, -99.151203"
2020-08-17,HOSPITAL DE INFECTOLOGIA 01 LA RAZA (CDMX NORTE),IMSS,Buena,Buena,"19.464865, -99.144859"
2020-08-17,HOSPITAL GENERAL 01 (CDMX NORTE) LA RAZA,IMSS,Media,Buena,"19.395740, -99.161677"
2020-08-17,HOSPITAL GENERAL DE ZONA 24 (CDMX NORTE),IMSS,Buena,Buena,"19.483221, -99.128448"
2020-08-17,HOSPITAL GENERAL DE ZONA 27 (CDMX NORTE),IMSS,Buena,Buena,"19.454776, -99.140007"
2020-08-17,HOSPITAL GENERAL DE ZONA 2A (CDMX SUR),IMSS,Buena,Buena,"19.405495, -99.112200"
2020-08-17,HOSPITAL GENERAL DE ZONA 30 (CDMX SUR),IMSS,Buena,Buena,"19.398836, -99.116913"
2020-08-17,HOSPITAL GENERAL DE ZONA 32 (CDMX SUR),IMSS,Buena,Buena,"19.307964, -99.130677"
2020-08-17,HOSPITAL GENERAL DE ZONA C/MF 08 (CDMX SUR),IMSS,Media,Media,"19.337137, -99.200142"
2020-08-17,HOSPITAL GENERAL DE ZONA C/UMAA 48 (CDMX NORTE),IMSS,Media,Buena,"19.482375, -99.213046"
2020-08-17,HOSPITAL GENERAL 02 (CDMX SUR) VILLA COAPA (COY.),IMSS,Buena,Buena,"19.309194, -99.129593"
2020-08-17,HOSPITAL DE ESPECIALIDADES 01 (CDMX NORTE) LA RAZA (AZC),IMSS,Media,Buena,"19.467169, -99.143785"
2020-08-17,HOSPITAL GENERAL DE ZONA C/MF 29 (S. JUAN ARAGÓN),IMSS,Buena,Buena,"19.465117, -99.085162"
2020-08-17,HOSPITAL GENERAL DE ZONA 47 (CDMX SUR) (IZP),IMSS,Buena,Media,"19.357566, -99.054269"
2020-08-17,UNIDAD MÓVIL TEMPORAL COVID,IMSS,Crítica,Crítica,"19.403082, -99.089177"
2020-08-17,CRIT IZTAPALAPA,IMSS,Buena,Buena,"19.328321, -99.068530"
2020-08-17,HOSPITAL GENERAL REGIONAL 72,IMSS,Media,Media,"19.356913, -98.990929"
2020-08-17,HOSPITAL GENERAL REGIONAL 196,IMSS,Media,Buena,"19.515133, -98.891450"
2020-08-17,HOSPITAL GENERAL REGIONAL 200,IMSS,Buena,Buena,"19.470300, -99.234208"
2020-08-17,HOSPITAL GENERAL DE ZONA 53,IMSS,Buena,Media,"19.597387, -99.188426"
2020-08-17,HOSPITAL GENERAL DE ZONA 197,IMSS,Buena,Buena,"19.530797, -99.222446"
2020-08-17,HOSPITAL GENERAL DE ZONA 194,IMSS,Media,Buena,"19.570070, -99.044009"
2020-08-17,HOSPITAL GENERAL DE ZONA 57 (LA QUEBRADA),IMSS,Buena,Buena,"19.542797, -99.205022"
2020-08-17,HOSPITAL GENERAL DE ZONA 58 (LAS MARGARITAS),IMSS,Buena,Buena,"19.529016, -99.030983"
2020-08-17,HOSPITAL GENERAL DE ZONA 68 (TULPETLAC),IMSS,Buena,Buena,"19.742905, -98.972971"
2020-08-17,HOSPITAL GENERAL DE ZONA 71 (CHALCO),IMSS,Buena,Buena,"19.356913, -98.990929"
2020-08-17,HOSPITAL GENERAL DE ZONA 76 (XALOSTOC),IMSS,Buena,Buena,"19.515133, -98.891450"
2020-08-17,HOSPITAL GENERAL DE ZONA 98 (COACALCO),IMSS,Buena,Buena,"19.470300, -99.234208"
2020-08-17,CRIT NEZAHUALCÓYOTL,IMSS,Buena,Buena,"19.425795, -99.029987"
2020-08-17,CENTRO MEDICO 20 DE NOVIEMBRE,ISSSTE,Buena,Buena,"19.372720, -99.171205"
2020-08-17,HG DARIO FERNANDEZ FIERRO,ISSSTE,Media,Media,"19.363602, -99.188608"
2020-08-17,HG JOSE MARIA MORELOS,ISSSTE,Buena,Media,"19.363918, -98.995393"
2020-08-17,HG TACUBA,ISSSTE,Crítica,Buena,"19.454384, -99.191231"
2020-08-17,HG DR FERNANDO QUIROZ,ISSSTE,Buena,Buena,"19.394242, -99.194187"
2020-08-17,HG IGNACIO ZARAGOZA,ISSSTE,Buena,Media,"19.389472, -99.045019"
2020-08-17,HR PRIMERO DE OCTUBRE,ISSSTE,Media,Media,"19.486751, -99.133249"
2020-08-17,HR LIC. ADOLFO LÓPEZ MATEOS,ISSSTE,Buena,Media,"19.358451, -99.172716"
2020-08-17,HR BICENTENARIO DE LA INDEPENDENCIA,ISSSTE,Media,Media,"19.628814, -99.163343"
2020-08-17,ALTA ESPECIALIDAD DE ZUMPANGO,EDOMEX,Media,Buena,"19.815198, -99.089196"
2020-08-17,HOSPITAL REGIONAL TLALNEPANTLA ISSEMYM,EDOMEX,Media,Buena,"19.521706, -99.187341"
2020-08-17,"HOSPITAL GENERAL ECATEPEC ""LAS AMÉRICAS""",EDOMEX,Buena,Media,"19.594136, -99.018679"
2020-08-17,"HOSPITAL GENERAL DE NAUCALPAN ""DR. MAXIMILIANO RUIZ CASTAÑEDA"" ",EDOMEX,Buena,Buena,"19.468662, -99.234348"
2020-08-17,"HOSPITAL GENERAL ATIZAPAN DE ZARAGOZA ""DR. SALVADOR GONZALEZ HERREJÓN""",EDOMEX,Buena,Buena,"19.546322, -99.237491"
2020-08-17,"HOSPITAL GENERAL CUAUTITLAN ""GRAL. JOSE VICENTE VILLADA""",EDOMEX,Media,Buena,"19.664586, -99.178557"
2020-08-17,"HOSPITAL GENERAL DE NEZAHUALCOYOTL ""GUSTAVO BAZ PRADA""",EDOMEX,Buena,Media,"19.422253, -99.014892"
2020-08-17,"HOSPITAL GENERAL DE ECATEPEC ""JOSÉ MARÍA RODRÍGUEZ""",EDOMEX,Buena,Media,"19.514412, -99.038087"
2020-08-17,"HOSPITAL GENERAL NEZAHUALCOYOTL ""LA PERLA"" ",EDOMEX,Buena,Buena,"19.387963, -98.989442"
2020-08-17,HOSPITAL GENERAL DE CHIMALHUACAN,EDOMEX,Buena,Buena,"19.419753, -98.975140"
2020-08-17,"HOSPITAL GENERAL DE IXTAPALUCA ""PEDRO LOPEZ""",EDOMEX,Buena,Buena,"19.318829, -98.855366"
2020-08-17,HOSPITAL GENERAL DE CHALCO ,EDOMEX,Buena,Media,"19.268265, -98.893965"
2020-08-17,"HOSPITAL GENERAL TEXCOCO ""GUADALUPE VICTORIA"" BICENTENARIO ",EDOMEX,Media,Buena,"19.514309, -98.871750"
2020-08-17,"HOSPITAL GENERAL VALLE DE CHALCO ""DR. FERNANDO QUIROZ GUTIERREZ"" ",EDOMEX,Buena,Buena,"19.273775, -98.941609"
2020-08-17,"HOSPITAL GENERAL AMECAMECA ""VALENTIN GOMEZ FARIAS"" ",EDOMEX,Buena,Buena,"19.144883, -98.785072"
2020-08-17,HOSPITAL GENERAL DE AXAPUSCO,EDOMEX,Crítica,Media,"19.732872, -98.769445"
2020-08-18,INSTITUTO NACIONAL DE NUTRICIÓN,SSA,Media,Media,"19.289599, -99.155441"
2020-08-18,INER,SSA,Crítica,Media,"19.291375, -99.158653"
2020-08-18,HOSPITAL GENERAL DE MÉXICO,SSA,Buena,Buena,"19.4129258, -99.1520225"
2020-08-18,HOSPITAL JUAREZ,SSA,Media,Buena,"19.481829, -99.135576"
2020-08-18,HOSPITAL GENERAL DR. MANUEL GEA GONZÁLEZ,SSA,Media,Buena,"19.290295, -99.160861"
2020-08-18,HOSPITAL INFANTIL DE MÉXICO FEDERICO GÓMEZ,SSA,Buena,Buena,"19.410839, -99.151941"
2020-08-18,INSTITUTO  NACIONAL DE CARDIOLOGÍA IGNACIO CHÁVEZ,SSA,Buena,Buena,"19.290598, -99.153838"
2020-08-18,CITIBANAMEX,SSA,Buena,Media,"19.439732, -99.224235"
2020-08-18,HOSPITAL REGIONAL DE ALTA ESPECIALIDAD DE IXTAPALUCA,SSA,Buena,Media,"19.318796, -98.855353"
2020-08-18,BELISARIO DOMINGUEZ,SEDESA,Media,Buena,"19.307226, -99.065356"
2020-08-18,ENRIQUE CABRERA,SEDESA,Buena,Buena,"19.361675, -99.224432"
2020-08-18,GENERAL TLAHUAC,SEDESA,Buena,Buena,"19.287492, -99.052665"
2020-08-18,PEDIATRICO DE LA VILLA,SEDESA,Buena,Buena,"19.487355, -99.114316"
2020-08-18,HOSPITAL GENERAL AJUSCO MEDIO,SEDESA,Buena,Buena,"19.272165, -99.207846"
2020-08-18,HOSPITAL GENERAL IZTAPALAPA,SEDESA,Buena,Buena,"19.343426, -99.027236"
2020-08-18,HOSPITAL GENERAL XOCO,SEDESA,Buena,Buena,"19.360313, -99.162275"
2020-08-18,HOSPITAL GENERAL VILLA,SEDESA,Media,Buena,"19.480079, -99.103353"
2020-08-18,HOSPITAL GENERAL DR. RUBÉN LEÑERO,SEDESA,Crítica,Buena,"19.451398, -99.169565"
2020-08-18,HOSPITAL GENERAL MILPA ALTA,SEDESA,Buena,Buena,"19.200951, -99.011210"
2020-08-18,HOSPITAL GENERAL BALBUENA,SEDESA,Buena,Buena,"19.424195, -99.115412"
2020-08-18,HOSPITAL TEPEPAN,SEDESA,Sin Dato,Sin Dato,"19.275806, -99.144298"
2020-08-18,HOSPITAL DE ESPECIALIDADES 01 CMN SIGLO XXI (CDMX SUR),IMSS,Buena,Buena,"19.466549, -99.145102"
2020-08-18,HOSPITAL DE PEDIATRIA 01 CMN SIGLO XXI (CDMX SUR),IMSS,Buena,Buena,"19.407458, -99.152267"
2020-08-18,HOSPITAL GENERAL DE ZONA 01 CARLOS MC GREGOR (CDMX SUR),IMSS,Buena,Media,"19.395912, -99.161610"
2020-08-18,HOSPITAL GENERAL DE ZONA 1A PARQUE DE LOS VENADOS (CDMX SUR),IMSS,Buena,Buena,"19.374431, -99.151203"
2020-08-18,HOSPITAL DE INFECTOLOGIA 01 LA RAZA (CDMX NORTE),IMSS,Buena,Buena,"19.464865, -99.144859"
2020-08-18,HOSPITAL GENERAL 01 (CDMX NORTE) LA RAZA,IMSS,Media,Buena,"19.395740, -99.161677"
2020-08-18,HOSPITAL GENERAL DE ZONA 24 (CDMX NORTE),IMSS,Buena,Buena,"19.483221, -99.128448"
2020-08-18,HOSPITAL GENERAL DE ZONA 27 (CDMX NORTE),IMSS,Buena,Buena,"19.454776, -99.140007"
2020-08-18,HOSPITAL GENERAL DE ZONA 2A (CDMX SUR),IMSS,Buena,Buena,"19.405495, -99.112200"
2020-08-18,HOSPITAL GENERAL DE ZONA 30 (CDMX SUR),IMSS,Buena,Buena,"19.398836, -99.116913"
2020-08-18,HOSPITAL GENERAL DE ZONA 32 (CDMX SUR),IMSS,Buena,Buena,"19.307964, -99.130677"
2020-08-18,HOSPITAL GENERAL DE ZONA C/MF 08 (CDMX SUR),IMSS,Crítica,Media,"19.337137, -99.200142"
2020-08-18,HOSPITAL GENERAL DE ZONA C/UMAA 48 (CDMX NORTE),IMSS,Media,Buena,"19.482375, -99.213046"
2020-08-18,HOSPITAL GENERAL 02 (CDMX SUR) VILLA COAPA (COY.),IMSS,Buena,Buena,"19.309194, -99.129593"
2020-08-18,HOSPITAL DE ESPECIALIDADES 01 (CDMX NORTE) LA RAZA (AZC),IMSS,Media,Buena,"19.467169, -99.143785"
2020-08-18,HOSPITAL GENERAL DE ZONA C/MF 29 (S. JUAN ARAGÓN),IMSS,Buena,Buena,"19.465117, -99.085162"
2020-08-18,HOSPITAL GENERAL DE ZONA 47 (CDMX SUR) (IZP),IMSS,Buena,Buena,"19.357566, -99.054269"
2020-08-18,UNIDAD MÓVIL TEMPORAL COVID,IMSS,Crítica,Crítica,"19.403082, -99.089177"
2020-08-18,CRIT IZTAPALAPA,IMSS,Buena,Buena,"19.328321, -99.068530"
2020-08-18,HOSPITAL GENERAL REGIONAL 72,IMSS,Media,Media,"19.356913, -98.990929"
2020-08-18,HOSPITAL GENERAL REGIONAL 196,IMSS,Media,Buena,"19.515133, -98.891450"
2020-08-18,HOSPITAL GENERAL REGIONAL 200,IMSS,Buena,Buena,"19.470300, -99.234208"
2020-08-18,HOSPITAL GENERAL DE ZONA 53,IMSS,Buena,Buena,"19.597387, -99.188426"
2020-08-18,HOSPITAL GENERAL DE ZONA 197,IMSS,Buena,Buena,"19.530797, -99.222446"
2020-08-18,HOSPITAL GENERAL DE ZONA 194,IMSS,Media,Buena,"19.570070, -99.044009"
2020-08-18,HOSPITAL GENERAL DE ZONA 57 (LA QUEBRADA),IMSS,Buena,Buena,"19.542797, -99.205022"
2020-08-18,HOSPITAL GENERAL DE ZONA 58 (LAS MARGARITAS),IMSS,Media,Buena,"19.529016, -99.030983"
2020-08-18,HOSPITAL GENERAL DE ZONA 68 (TULPETLAC),IMSS,Buena,Buena,"19.742905, -98.972971"
2020-08-18,HOSPITAL GENERAL DE ZONA 71 (CHALCO),IMSS,Buena,Buena,"19.356913, -98.990929"
2020-08-18,HOSPITAL GENERAL DE ZONA 76 (XALOSTOC),IMSS,Buena,Buena,"19.515133, -98.891450"
2020-08-18,HOSPITAL GENERAL DE ZONA 98 (COACALCO),IMSS,Media,Buena,"19.470300, -99.234208"
2020-08-18,CRIT NEZAHUALCÓYOTL,IMSS,Buena,Buena,"19.425795, -99.029987"
2020-08-18,CENTRO MEDICO 20 DE NOVIEMBRE,ISSSTE,Buena,Buena,"19.372720, -99.171205"
2020-08-18,HG DARIO FERNANDEZ FIERRO,ISSSTE,Media,Media,"19.363602, -99.188608"
2020-08-18,HG JOSE MARIA MORELOS,ISSSTE,Buena,Crítica,"19.363918, -98.995393"
2020-08-18,HG TACUBA,ISSSTE,Crítica,Media,"19.454384, -99.191231"
2020-08-18,HG DR FERNANDO QUIROZ,ISSSTE,Media,Buena,"19.394242, -99.194187"
2020-08-18,HG IGNACIO ZARAGOZA,ISSSTE,Buena,Media,"19.389472, -99.045019"
2020-08-18,HR PRIMERO DE OCTUBRE,ISSSTE,Media,Media,"19.486751, -99.133249"
2020-08-18,HR LIC. ADOLFO LÓPEZ MATEOS,ISSSTE,Buena,Media,"19.358451, -99.172716"
2020-08-18,HR BICENTENARIO DE LA INDEPENDENCIA,ISSSTE,Media,Media,"19.628814, -99.163343"
2020-08-18,ALTA ESPECIALIDAD DE ZUMPANGO,EDOMEX,Media,Buena,"19.815198, -99.089196"
2020-08-18,HOSPITAL REGIONAL TLALNEPANTLA ISSEMYM,EDOMEX,Media,Buena,"19.521706, -99.187341"
2020-08-18,"HOSPITAL GENERAL ECATEPEC ""LAS AMÉRICAS""",EDOMEX,Buena,Media,"19.594136, -99.018679"
2020-08-18,"HOSPITAL GENERAL DE NAUCALPAN ""DR. MAXIMILIANO RUIZ CASTAÑEDA"" ",EDOMEX,Buena,Buena,"19.468662, -99.234348"
2020-08-18,"HOSPITAL GENERAL ATIZAPAN DE ZARAGOZA ""DR. SALVADOR GONZALEZ HERREJÓN""",EDOMEX,Buena,Buena,"19.546322, -99.237491"
2020-08-18,"HOSPITAL GENERAL CUAUTITLAN ""GRAL. JOSE VICENTE VILLADA""",EDOMEX,Media,Media,"19.664586, -99.178557"
2020-08-18,"HOSPITAL GENERAL DE NEZAHUALCOYOTL ""GUSTAVO BAZ PRADA""",EDOMEX,Buena,Media,"19.422253, -99.014892"
2020-08-18,"HOSPITAL GENERAL DE ECATEPEC ""JOSÉ MARÍA RODRÍGUEZ""",EDOMEX,Buena,Media,"19.514412, -99.038087"
2020-08-18,"HOSPITAL GENERAL NEZAHUALCOYOTL ""LA PERLA"" ",EDOMEX,Buena,Buena,"19.387963, -98.989442"
2020-08-18,HOSPITAL GENERAL DE CHIMALHUACAN,EDOMEX,Buena,Buena,"19.419753, -98.975140"
2020-08-18,"HOSPITAL GENERAL DE IXTAPALUCA ""PEDRO LOPEZ""",EDOMEX,Buena,Buena,"19.318829, -98.855366"
2020-08-18,HOSPITAL GENERAL DE CHALCO ,EDOMEX,Buena,Media,"19.268265, -98.893965"
2020-08-18,"HOSPITAL GENERAL TEXCOCO ""GUADALUPE VICTORIA"" BICENTENARIO ",EDOMEX,Buena,Buena,"19.514309, -98.871750"
2020-08-18,"HOSPITAL GENERAL VALLE DE CHALCO ""DR. FERNANDO QUIROZ GUTIERREZ"" ",EDOMEX,Buena,Buena,"19.273775, -98.941609"
2020-08-18,"HOSPITAL GENERAL AMECAMECA ""VALENTIN GOMEZ FARIAS"" ",EDOMEX,Buena,Buena,"19.144883, -98.785072"
2020-08-18,HOSPITAL GENERAL DE AXAPUSCO,EDOMEX,Media,Media,"19.732872, -98.769445"
2020-08-19,INSTITUTO NACIONAL DE NUTRICIÓN,SSA,Media,Media,"19.289599, -99.155441"
2020-08-19,INER,SSA,Crítica,Media,"19.291375, -99.158653"
2020-08-19,HOSPITAL GENERAL DE MÉXICO,SSA,Buena,Buena,"19.4129258, -99.1520225"
2020-08-19,HOSPITAL JUAREZ,SSA,Media,Buena,"19.481829, -99.135576"
2020-08-19,HOSPITAL GENERAL DR. MANUEL GEA GONZÁLEZ,SSA,Media,Buena,"19.290295, -99.160861"
2020-08-19,HOSPITAL INFANTIL DE MÉXICO FEDERICO GÓMEZ,SSA,Buena,Buena,"19.410839, -99.151941"
2020-08-19,INSTITUTO  NACIONAL DE CARDIOLOGÍA IGNACIO CHÁVEZ,SSA,Buena,Buena,"19.290598, -99.153838"
2020-08-19,CITIBANAMEX,SSA,Buena,Media,"19.439732, -99.224235"
2020-08-19,HOSPITAL REGIONAL DE ALTA ESPECIALIDAD DE IXTAPALUCA,SSA,Buena,Media,"19.318796, -98.855353"
2020-08-19,BELISARIO DOMINGUEZ,SEDESA,Media,Buena,"19.307226, -99.065356"
2020-08-19,ENRIQUE CABRERA,SEDESA,Buena,Buena,"19.361675, -99.224432"
2020-08-19,GENERAL TLAHUAC,SEDESA,Buena,Buena,"19.287492, -99.052665"
2020-08-19,PEDIATRICO DE LA VILLA,SEDESA,Buena,Buena,"19.487355, -99.114316"
2020-08-19,HOSPITAL GENERAL AJUSCO MEDIO,SEDESA,Buena,Buena,"19.272165, -99.207846"
2020-08-19,HOSPITAL GENERAL IZTAPALAPA,SEDESA,Buena,Buena,"19.343426, -99.027236"
2020-08-19,HOSPITAL GENERAL XOCO,SEDESA,Buena,Buena,"19.360313, -99.162275"
2020-08-19,HOSPITAL GENERAL VILLA,SEDESA,Media,Buena,"19.480079, -99.103353"
2020-08-19,HOSPITAL GENERAL DR. RUBÉN LEÑERO,SEDESA,Crítica,Buena,"19.451398, -99.169565"
2020-08-19,HOSPITAL GENERAL MILPA ALTA,SEDESA,Buena,Buena,"19.200951, -99.011210"
2020-08-19,HOSPITAL GENERAL BALBUENA,SEDESA,Buena,Buena,"19.424195, -99.115412"
2020-08-19,HOSPITAL TEPEPAN,SEDESA,Sin Dato,Sin Dato,"19.275806, -99.144298"
2020-08-19,HOSPITAL DE ESPECIALIDADES 01 CMN SIGLO XXI (CDMX SUR),IMSS,Buena,Buena,"19.466549, -99.145102"
2020-08-19,HOSPITAL DE PEDIATRIA 01 CMN SIGLO XXI (CDMX SUR),IMSS,Buena,Buena,"19.407458, -99.152267"
2020-08-19,HOSPITAL GENERAL DE ZONA 01 CARLOS MC GREGOR (CDMX SUR),IMSS,Media,Media,"19.395912, -99.161610"
2020-08-19,HOSPITAL GENERAL DE ZONA 1A PARQUE DE LOS VENADOS (CDMX SUR),IMSS,Buena,Media,"19.374431, -99.151203"
2020-08-19,HOSPITAL DE INFECTOLOGIA 01 LA RAZA (CDMX NORTE),IMSS,Buena,Media,"19.464865, -99.144859"
2020-08-19,HOSPITAL GENERAL 01 (CDMX NORTE) LA RAZA,IMSS,Media,Buena,"19.395740, -99.161677"
2020-08-19,HOSPITAL GENERAL DE ZONA 24 (CDMX NORTE),IMSS,Buena,Buena,"19.483221, -99.128448"
2020-08-19,HOSPITAL GENERAL DE ZONA 27 (CDMX NORTE),IMSS,Media,Buena,"19.454776, -99.140007"
2020-08-19,HOSPITAL GENERAL DE ZONA 2A (CDMX SUR),IMSS,Buena,Buena,"19.405495, -99.112200"
2020-08-19,HOSPITAL GENERAL DE ZONA 30 (CDMX SUR),IMSS,Buena,Media,"19.398836, -99.116913"
2020-08-19,HOSPITAL GENERAL DE ZONA 32 (CDMX SUR),IMSS,Buena,Buena,"19.307964, -99.130677"
2020-08-19,HOSPITAL GENERAL DE ZONA C/MF 08 (CDMX SUR),IMSS,Crítica,Buena,"19.337137, -99.200142"
2020-08-19,HOSPITAL GENERAL DE ZONA C/UMAA 48 (CDMX NORTE),IMSS,Media,Buena,"19.482375, -99.213046"
2020-08-19,HOSPITAL GENERAL 02 (CDMX SUR) VILLA COAPA (COY.),IMSS,Buena,Buena,"19.309194, -99.129593"
2020-08-19,HOSPITAL DE ESPECIALIDADES 01 (CDMX NORTE) LA RAZA (AZC),IMSS,Media,Buena,"19.467169, -99.143785"
2020-08-19,HOSPITAL GENERAL DE ZONA C/MF 29 (S. JUAN ARAGÓN),IMSS,Buena,Buena,"19.465117, -99.085162"
2020-08-19,HOSPITAL GENERAL DE ZONA 47 (CDMX SUR) (IZP),IMSS,Buena,Buena,"19.357566, -99.054269"
2020-08-19,UNIDAD MÓVIL TEMPORAL COVID,IMSS,Crítica,Crítica,"19.403082, -99.089177"
2020-08-19,CRIT IZTAPALAPA,IMSS,Buena,Buena,"19.328321, -99.068530"
2020-08-19,HOSPITAL GENERAL REGIONAL 72,IMSS,Media,Media,"19.356913, -98.990929"
2020-08-19,HOSPITAL GENERAL REGIONAL 196,IMSS,Buena,Media,"19.515133, -98.891450"
2020-08-19,HOSPITAL GENERAL REGIONAL 200,IMSS,Buena,Buena,"19.470300, -99.234208"
2020-08-19,HOSPITAL GENERAL DE ZONA 53,IMSS,Buena,Buena,"19.597387, -99.188426"
2020-08-19,HOSPITAL GENERAL DE ZONA 197,IMSS,Buena,Buena,"19.530797, -99.222446"
2020-08-19,HOSPITAL GENERAL DE ZONA 194,IMSS,Media,Buena,"19.570070, -99.044009"
2020-08-19,HOSPITAL GENERAL DE ZONA 57 (LA QUEBRADA),IMSS,Buena,Buena,"19.542797, -99.205022"
2020-08-19,HOSPITAL GENERAL DE ZONA 58 (LAS MARGARITAS),IMSS,Media,Media,"19.529016, -99.030983"
2020-08-19,HOSPITAL GENERAL DE ZONA 68 (TULPETLAC),IMSS,Buena,Buena,"19.742905, -98.972971"
2020-08-19,HOSPITAL GENERAL DE ZONA 71 (CHALCO),IMSS,Buena,Buena,"19.356913, -98.990929"
2020-08-19,HOSPITAL GENERAL DE ZONA 76 (XALOSTOC),IMSS,Buena,Buena,"19.515133, -98.891450"
2020-08-19,HOSPITAL GENERAL DE ZONA 98 (COACALCO),IMSS,Buena,Buena,"19.470300, -99.234208"
2020-08-19,CRIT NEZAHUALCÓYOTL,IMSS,Buena,Buena,"19.425795, -99.029987"
2020-08-19,CENTRO MEDICO 20 DE NOVIEMBRE,ISSSTE,Buena,Buena,"19.372720, -99.171205"
2020-08-19,HG DARIO FERNANDEZ FIERRO,ISSSTE,Buena,Media,"19.363602, -99.188608"
2020-08-19,HG JOSE MARIA MORELOS,ISSSTE,Buena,Crítica,"19.363918, -98.995393"
2020-08-19,HG TACUBA,ISSSTE,Crítica,Buena,"19.454384, -99.191231"
2020-08-19,HG DR FERNANDO QUIROZ,ISSSTE,Media,Buena,"19.394242, -99.194187"
2020-08-19,HG IGNACIO ZARAGOZA,ISSSTE,Buena,Media,"19.389472, -99.045019"
2020-08-19,HR PRIMERO DE OCTUBRE,ISSSTE,Media,Media,"19.486751, -99.133249"
2020-08-19,HR LIC. ADOLFO LÓPEZ MATEOS,ISSSTE,Buena,Media,"19.358451, -99.172716"
2020-08-19,HR BICENTENARIO DE LA INDEPENDENCIA,ISSSTE,Media,Media,"19.628814, -99.163343"
2020-08-19,ALTA ESPECIALIDAD DE ZUMPANGO,EDOMEX,Media,Buena,"19.815198, -99.089196"
2020-08-19,HOSPITAL REGIONAL TLALNEPANTLA ISSEMYM,EDOMEX,Media,Buena,"19.521706, -99.187341"
2020-08-19,"HOSPITAL GENERAL ECATEPEC ""LAS AMÉRICAS""",EDOMEX,Buena,Media,"19.594136, -99.018679"
2020-08-19,"HOSPITAL GENERAL DE NAUCALPAN ""DR. MAXIMILIANO RUIZ CASTAÑEDA"" ",EDOMEX,Buena,Buena,"19.468662, -99.234348"
2020-08-19,"HOSPITAL GENERAL ATIZAPAN DE ZARAGOZA ""DR. SALVADOR GONZALEZ HERREJÓN""",EDOMEX,Buena,Buena,"19.546322, -99.237491"
2020-08-19,"HOSPITAL GENERAL CUAUTITLAN ""GRAL. JOSE VICENTE VILLADA""",EDOMEX,Buena,Media,"19.664586, -99.178557"
2020-08-19,"HOSPITAL GENERAL DE NEZAHUALCOYOTL ""GUSTAVO BAZ PRADA""",EDOMEX,Buena,Media,"19.422253, -99.014892"
2020-08-19,"HOSPITAL GENERAL DE ECATEPEC ""JOSÉ MARÍA RODRÍGUEZ""",EDOMEX,Buena,Media,"19.514412, -99.038087"
2020-08-19,"HOSPITAL GENERAL NEZAHUALCOYOTL ""LA PERLA"" ",EDOMEX,Buena,Buena,"19.387963, -98.989442"
2020-08-19,HOSPITAL GENERAL DE CHIMALHUACAN,EDOMEX,Buena,Buena,"19.419753, -98.975140"
2020-08-19,"HOSPITAL GENERAL DE IXTAPALUCA ""PEDRO LOPEZ""",EDOMEX,Buena,Buena,"19.318829, -98.855366"
2020-08-19,HOSPITAL GENERAL DE CHALCO ,EDOMEX,Buena,Media,"19.268265, -98.893965"
2020-08-19,"HOSPITAL GENERAL TEXCOCO ""GUADALUPE VICTORIA"" BICENTENARIO ",EDOMEX,Buena,Buena,"19.514309, -98.871750"
2020-08-19,"HOSPITAL GENERAL VALLE DE CHALCO ""DR. FERNANDO QUIROZ GUTIERREZ"" ",EDOMEX,Buena,Buena,"19.273775, -98.941609"
2020-08-19,"HOSPITAL GENERAL AMECAMECA ""VALENTIN GOMEZ FARIAS"" ",EDOMEX,Buena,Buena,"19.144883, -98.785072"
2020-08-19,HOSPITAL GENERAL DE AXAPUSCO,EDOMEX,Media,Media,"19.732872, -98.769445"
2020-08-20,INSTITUTO NACIONAL DE NUTRICIÓN,SSA,Crítica,Media,"19.289599, -99.155441"
2020-08-20,INER,SSA,Crítica,Media,"19.291375, -99.158653"
2020-08-20,HOSPITAL GENERAL DE MÉXICO,SSA,Buena,Buena,"19.4129258, -99.1520225"
2020-08-20,HOSPITAL JUAREZ,SSA,Media,Buena,"19.481829, -99.135576"
2020-08-20,HOSPITAL GENERAL DR. MANUEL GEA GONZÁLEZ,SSA,Crítica,Buena,"19.290295, -99.160861"
2020-08-20,HOSPITAL INFANTIL DE MÉXICO FEDERICO GÓMEZ,SSA,Buena,Buena,"19.410839, -99.151941"
2020-08-20,INSTITUTO  NACIONAL DE CARDIOLOGÍA IGNACIO CHÁVEZ,SSA,Buena,Buena,"19.290598, -99.153838"
2020-08-20,CITIBANAMEX,SSA,Buena,Media,"19.439732, -99.224235"
2020-08-20,HOSPITAL REGIONAL DE ALTA ESPECIALIDAD DE IXTAPALUCA,SSA,Buena,Media,"19.318796, -98.855353"
2020-08-20,BELISARIO DOMINGUEZ,SEDESA,Buena,Buena,"19.307226, -99.065356"
2020-08-20,ENRIQUE CABRERA,SEDESA,Buena,Buena,"19.361675, -99.224432"
2020-08-20,GENERAL TLAHUAC,SEDESA,Buena,Buena,"19.287492, -99.052665"
2020-08-20,PEDIATRICO DE LA VILLA,SEDESA,Buena,Buena,"19.487355, -99.114316"
2020-08-20,HOSPITAL GENERAL AJUSCO MEDIO,SEDESA,Buena,Buena,"19.272165, -99.207846"
2020-08-20,HOSPITAL GENERAL IZTAPALAPA,SEDESA,Buena,Buena,"19.343426, -99.027236"
2020-08-20,HOSPITAL GENERAL XOCO,SEDESA,Buena,Buena,"19.360313, -99.162275"
2020-08-20,HOSPITAL GENERAL VILLA,SEDESA,Crítica,Buena,"19.480079, -99.103353"
2020-08-20,HOSPITAL GENERAL DR. RUBÉN LEÑERO,SEDESA,Crítica,Buena,"19.451398, -99.169565"
2020-08-20,HOSPITAL GENERAL MILPA ALTA,SEDESA,Buena,Buena,"19.200951, -99.011210"
2020-08-20,HOSPITAL GENERAL BALBUENA,SEDESA,Buena,Buena,"19.424195, -99.115412"
2020-08-20,HOSPITAL TEPEPAN,SEDESA,Sin Dato,Sin Dato,"19.275806, -99.144298"
2020-08-20,HOSPITAL DE ESPECIALIDADES 01 CMN SIGLO XXI (CDMX SUR),IMSS,Buena,Buena,"19.466549, -99.145102"
2020-08-20,HOSPITAL DE PEDIATRIA 01 CMN SIGLO XXI (CDMX SUR),IMSS,Buena,Buena,"19.407458, -99.152267"
2020-08-20,HOSPITAL GENERAL DE ZONA 01 CARLOS MC GREGOR (CDMX SUR),IMSS,Media,Buena,"19.395912, -99.161610"
2020-08-20,HOSPITAL GENERAL DE ZONA 1A PARQUE DE LOS VENADOS (CDMX SUR),IMSS,Buena,Buena,"19.374431, -99.151203"
2020-08-20,HOSPITAL DE INFECTOLOGIA 01 LA RAZA (CDMX NORTE),IMSS,Buena,Media,"19.464865, -99.144859"
2020-08-20,HOSPITAL GENERAL 01 (CDMX NORTE) LA RAZA,IMSS,Media,Buena,"19.395740, -99.161677"
2020-08-20,HOSPITAL GENERAL DE ZONA 24 (CDMX NORTE),IMSS,Buena,Buena,"19.483221, -99.128448"
2020-08-20,HOSPITAL GENERAL DE ZONA 27 (CDMX NORTE),IMSS,Buena,Buena,"19.454776, -99.140007"
2020-08-20,HOSPITAL GENERAL DE ZONA 2A (CDMX SUR),IMSS,Buena,Buena,"19.405495, -99.112200"
2020-08-20,HOSPITAL GENERAL DE ZONA 30 (CDMX SUR),IMSS,Media,Media,"19.398836, -99.116913"
2020-08-20,HOSPITAL GENERAL DE ZONA 32 (CDMX SUR),IMSS,Buena,Buena,"19.307964, -99.130677"
2020-08-20,HOSPITAL GENERAL DE ZONA C/MF 08 (CDMX SUR),IMSS,Crítica,Media,"19.337137, -99.200142"
2020-08-20,HOSPITAL GENERAL DE ZONA C/UMAA 48 (CDMX NORTE),IMSS,Media,Buena,"19.482375, -99.213046"
2020-08-20,HOSPITAL GENERAL 02 (CDMX SUR) VILLA COAPA (COY.),IMSS,Buena,Buena,"19.309194, -99.129593"
2020-08-20,HOSPITAL DE ESPECIALIDADES 01 (CDMX NORTE) LA RAZA (AZC),IMSS,Media,Buena,"19.467169, -99.143785"
2020-08-20,HOSPITAL GENERAL DE ZONA C/MF 29 (S. JUAN ARAGÓN),IMSS,Media,Buena,"19.465117, -99.085162"
2020-08-20,HOSPITAL GENERAL DE ZONA 47 (CDMX SUR) (IZP),IMSS,Buena,Buena,"19.357566, -99.054269"
2020-08-20,UNIDAD MÓVIL TEMPORAL COVID,IMSS,Crítica,Crítica,"19.403082, -99.089177"
2020-08-20,CRIT IZTAPALAPA,IMSS,Buena,Buena,"19.328321, -99.068530"
2020-08-20,HOSPITAL GENERAL REGIONAL 72,IMSS,Media,Media,"19.356913, -98.990929"
2020-08-20,HOSPITAL GENERAL REGIONAL 196,IMSS,Buena,Media,"19.515133, -98.891450"
2020-08-20,HOSPITAL GENERAL REGIONAL 200,IMSS,Media,Buena,"19.470300, -99.234208"
2020-08-20,HOSPITAL GENERAL DE ZONA 53,IMSS,Buena,Buena,"19.597387, -99.188426"
2020-08-20,HOSPITAL GENERAL DE ZONA 197,IMSS,Buena,Buena,"19.530797, -99.222446"
2020-08-20,HOSPITAL GENERAL DE ZONA 194,IMSS,Media,Buena,"19.570070, -99.044009"
2020-08-20,HOSPITAL GENERAL DE ZONA 57 (LA QUEBRADA),IMSS,Media,Buena,"19.542797, -99.205022"
2020-08-20,HOSPITAL GENERAL DE ZONA 58 (LAS MARGARITAS),IMSS,Media,Buena,"19.529016, -99.030983"
2020-08-20,HOSPITAL GENERAL DE ZONA 68 (TULPETLAC),IMSS,Buena,Buena,"19.742905, -98.972971"
2020-08-20,HOSPITAL GENERAL DE ZONA 71 (CHALCO),IMSS,Buena,Buena,"19.356913, -98.990929"
2020-08-20,HOSPITAL GENERAL DE ZONA 76 (XALOSTOC),IMSS,Buena,Buena,"19.515133, -98.891450"
2020-08-20,HOSPITAL GENERAL DE ZONA 98 (COACALCO),IMSS,Buena,Buena,"19.470300, -99.234208"
2020-08-20,CRIT NEZAHUALCÓYOTL,IMSS,Buena,Buena,"19.425795, -99.029987"
2020-08-20,CENTRO MEDICO 20 DE NOVIEMBRE,ISSSTE,Buena,Buena,"19.372720, -99.171205"
2020-08-20,HG DARIO FERNANDEZ FIERRO,ISSSTE,Media,Media,"19.363602, -99.188608"
2020-08-20,HG JOSE MARIA MORELOS,ISSSTE,Buena,Crítica,"19.363918, -98.995393"
2020-08-20,HG TACUBA,ISSSTE,Media,Buena,"19.454384, -99.191231"
2020-08-20,HG DR FERNANDO QUIROZ,ISSSTE,Media,Buena,"19.394242, -99.194187"
2020-08-20,HG IGNACIO ZARAGOZA,ISSSTE,Buena,Media,"19.389472, -99.045019"
2020-08-20,HR PRIMERO DE OCTUBRE,ISSSTE,Media,Media,"19.486751, -99.133249"
2020-08-20,HR LIC. ADOLFO LÓPEZ MATEOS,ISSSTE,Buena,Media,"19.358451, -99.172716"
2020-08-20,HR BICENTENARIO DE LA INDEPENDENCIA,ISSSTE,Buena,Media,"19.628814, -99.163343"
2020-08-20,ALTA ESPECIALIDAD DE ZUMPANGO,EDOMEX,Media,Buena,"19.815198, -99.089196"
2020-08-20,HOSPITAL REGIONAL TLALNEPANTLA ISSEMYM,EDOMEX,Media,Buena,"19.521706, -99.187341"
2020-08-20,"HOSPITAL GENERAL ECATEPEC ""LAS AMÉRICAS""",EDOMEX,Buena,Media,"19.594136, -99.018679"
2020-08-20,"HOSPITAL GENERAL DE NAUCALPAN ""DR. MAXIMILIANO RUIZ CASTAÑEDA"" ",EDOMEX,Buena,Media,"19.468662, -99.234348"
2020-08-20,"HOSPITAL GENERAL ATIZAPAN DE ZARAGOZA ""DR. SALVADOR GONZALEZ HERREJÓN""",EDOMEX,Buena,Buena,"19.546322, -99.237491"
2020-08-20,"HOSPITAL GENERAL CUAUTITLAN ""GRAL. JOSE VICENTE VILLADA""",EDOMEX,Buena,Media,"19.664586, -99.178557"
2020-08-20,"HOSPITAL GENERAL DE NEZAHUALCOYOTL ""GUSTAVO BAZ PRADA""",EDOMEX,Buena,Media,"19.422253, -99.014892"
2020-08-20,"HOSPITAL GENERAL DE ECATEPEC ""JOSÉ MARÍA RODRÍGUEZ""",EDOMEX,Buena,Media,"19.514412, -99.038087"
2020-08-20,"HOSPITAL GENERAL NEZAHUALCOYOTL ""LA PERLA"" ",EDOMEX,Buena,Buena,"19.387963, -98.989442"
2020-08-20,HOSPITAL GENERAL DE CHIMALHUACAN,EDOMEX,Buena,Buena,"19.419753, -98.975140"
2020-08-20,"HOSPITAL GENERAL DE IXTAPALUCA ""PEDRO LOPEZ""",EDOMEX,Buena,Buena,"19.318829, -98.855366"
2020-08-20,HOSPITAL GENERAL DE CHALCO ,EDOMEX,Buena,Media,"19.268265, -98.893965"
2020-08-20,"HOSPITAL GENERAL TEXCOCO ""GUADALUPE VICTORIA"" BICENTENARIO ",EDOMEX,Media,Buena,"19.514309, -98.871750"
2020-08-20,"HOSPITAL GENERAL VALLE DE CHALCO ""DR. FERNANDO QUIROZ GUTIERREZ"" ",EDOMEX,Buena,Buena,"19.273775, -98.941609"
2020-08-20,"HOSPITAL GENERAL AMECAMECA ""VALENTIN GOMEZ FARIAS"" ",EDOMEX,Buena,Buena,"19.144883, -98.785072"
2020-08-20,HOSPITAL GENERAL DE AXAPUSCO,EDOMEX,Media,Media,"19.732872, -98.769445"
2020-08-21,INSTITUTO NACIONAL DE NUTRICIÓN,SSA,Crítica,Media,"19.289599, -99.155441"
2020-08-21,INER,SSA,Crítica,Media,"19.291375, -99.158653"
2020-08-21,HOSPITAL GENERAL DE MÉXICO,SSA,Buena,Buena,"19.4129258, -99.1520225"
2020-08-21,HOSPITAL JUAREZ,SSA,Media,Buena,"19.481829, -99.135576"
2020-08-21,HOSPITAL GENERAL DR. MANUEL GEA GONZÁLEZ,SSA,Media,Buena,"19.290295, -99.160861"
2020-08-21,HOSPITAL INFANTIL DE MÉXICO FEDERICO GÓMEZ,SSA,Buena,Buena,"19.410839, -99.151941"
2020-08-21,INSTITUTO  NACIONAL DE CARDIOLOGÍA IGNACIO CHÁVEZ,SSA,Buena,Buena,"19.290598, -99.153838"
2020-08-21,CITIBANAMEX,SSA,Buena,Media,"19.439732, -99.224235"
2020-08-21,HOSPITAL REGIONAL DE ALTA ESPECIALIDAD DE IXTAPALUCA,SSA,Buena,Media,"19.318796, -98.855353"
2020-08-21,BELISARIO DOMINGUEZ,SEDESA,Buena,Buena,"19.307226, -99.065356"
2020-08-21,ENRIQUE CABRERA,SEDESA,Buena,Buena,"19.361675, -99.224432"
2020-08-21,GENERAL TLAHUAC,SEDESA,Buena,Buena,"19.287492, -99.052665"
2020-08-21,PEDIATRICO DE LA VILLA,SEDESA,Buena,Buena,"19.487355, -99.114316"
2020-08-21,HOSPITAL GENERAL AJUSCO MEDIO,SEDESA,Buena,Buena,"19.272165, -99.207846"
2020-08-21,HOSPITAL GENERAL IZTAPALAPA,SEDESA,Buena,Buena,"19.343426, -99.027236"
2020-08-21,HOSPITAL GENERAL XOCO,SEDESA,Buena,Buena,"19.360313, -99.162275"
2020-08-21,HOSPITAL GENERAL VILLA,SEDESA,Media,Buena,"19.480079, -99.103353"
2020-08-21,HOSPITAL GENERAL DR. RUBÉN LEÑERO,SEDESA,Media,Media,"19.451398, -99.169565"
2020-08-21,HOSPITAL GENERAL MILPA ALTA,SEDESA,Buena,Buena,"19.200951, -99.011210"
2020-08-21,HOSPITAL GENERAL BALBUENA,SEDESA,Buena,Buena,"19.424195, -99.115412"
2020-08-21,HOSPITAL TEPEPAN,SEDESA,Sin Dato,Sin Dato,"19.275806, -99.144298"
2020-08-21,HOSPITAL DE ESPECIALIDADES 01 CMN SIGLO XXI (CDMX SUR),IMSS,Buena,Buena,"19.466549, -99.145102"
2020-08-21,HOSPITAL DE PEDIATRIA 01 CMN SIGLO XXI (CDMX SUR),IMSS,Buena,Buena,"19.407458, -99.152267"
2020-08-21,HOSPITAL GENERAL DE ZONA 01 CARLOS MC GREGOR (CDMX SUR),IMSS,Media,Buena,"19.395912, -99.161610"
2020-08-21,HOSPITAL GENERAL DE ZONA 1A PARQUE DE LOS VENADOS (CDMX SUR),IMSS,Buena,Buena,"19.374431, -99.151203"
2020-08-21,HOSPITAL DE INFECTOLOGIA 01 LA RAZA (CDMX NORTE),IMSS,Buena,Media,"19.464865, -99.144859"
2020-08-21,HOSPITAL GENERAL 01 (CDMX NORTE) LA RAZA,IMSS,Media,Buena,"19.395740, -99.161677"
2020-08-21,HOSPITAL GENERAL DE ZONA 24 (CDMX NORTE),IMSS,Buena,Buena,"19.483221, -99.128448"
2020-08-21,HOSPITAL GENERAL DE ZONA 27 (CDMX NORTE),IMSS,Buena,Buena,"19.454776, -99.140007"
2020-08-21,HOSPITAL GENERAL DE ZONA 2A (CDMX SUR),IMSS,Buena,Buena,"19.405495, -99.112200"
2020-08-21,HOSPITAL GENERAL DE ZONA 30 (CDMX SUR),IMSS,Media,Media,"19.398836, -99.116913"
2020-08-21,HOSPITAL GENERAL DE ZONA 32 (CDMX SUR),IMSS,Buena,Buena,"19.307964, -99.130677"
2020-08-21,HOSPITAL GENERAL DE ZONA C/MF 08 (CDMX SUR),IMSS,Crítica,Buena,"19.337137, -99.200142"
2020-08-21,HOSPITAL GENERAL DE ZONA C/UMAA 48 (CDMX NORTE),IMSS,Media,Buena,"19.482375, -99.213046"
2020-08-21,HOSPITAL GENERAL 02 (CDMX SUR) VILLA COAPA (COY.),IMSS,Buena,Buena,"19.309194, -99.129593"
2020-08-21,HOSPITAL DE ESPECIALIDADES 01 (CDMX NORTE) LA RAZA (AZC),IMSS,Media,Buena,"19.467169, -99.143785"
2020-08-21,HOSPITAL GENERAL DE ZONA C/MF 29 (S. JUAN ARAGÓN),IMSS,Media,Buena,"19.465117, -99.085162"
2020-08-21,HOSPITAL GENERAL DE ZONA 47 (CDMX SUR) (IZP),IMSS,Buena,Buena,"19.357566, -99.054269"
2020-08-21,UNIDAD MÓVIL TEMPORAL COVID,IMSS,Crítica,Crítica,"19.403082, -99.089177"
2020-08-21,CRIT IZTAPALAPA,IMSS,Buena,Buena,"19.328321, -99.068530"
2020-08-21,HOSPITAL GENERAL REGIONAL 72,IMSS,Media,Media,"19.356913, -98.990929"
2020-08-21,HOSPITAL GENERAL REGIONAL 196,IMSS,Buena,Buena,"19.515133, -98.891450"
2020-08-21,HOSPITAL GENERAL REGIONAL 200,IMSS,Buena,Buena,"19.470300, -99.234208"
2020-08-21,HOSPITAL GENERAL DE ZONA 53,IMSS,Media,Buena,"19.597387, -99.188426"
2020-08-21,HOSPITAL GENERAL DE ZONA 197,IMSS,Buena,Buena,"19.530797, -99.222446"
2020-08-21,HOSPITAL GENERAL DE ZONA 194,IMSS,Media,Buena,"19.570070, -99.044009"
2020-08-21,HOSPITAL GENERAL DE ZONA 57 (LA QUEBRADA),IMSS,Media,Buena,"19.542797, -99.205022"
2020-08-21,HOSPITAL GENERAL DE ZONA 58 (LAS MARGARITAS),IMSS,Media,Buena,"19.529016, -99.030983"
2020-08-21,HOSPITAL GENERAL DE ZONA 68 (TULPETLAC),IMSS,Buena,Buena,"19.742905, -98.972971"
2020-08-21,HOSPITAL GENERAL DE ZONA 71 (CHALCO),IMSS,Buena,Buena,"19.356913, -98.990929"
2020-08-21,HOSPITAL GENERAL DE ZONA 76 (XALOSTOC),IMSS,Media,Buena,"19.515133, -98.891450"
2020-08-21,HOSPITAL GENERAL DE ZONA 98 (COACALCO),IMSS,Buena,Buena,"19.470300, -99.234208"
2020-08-21,CRIT NEZAHUALCÓYOTL,IMSS,Buena,Buena,"19.425795, -99.029987"
2020-08-21,CENTRO MEDICO 20 DE NOVIEMBRE,ISSSTE,Buena,Buena,"19.372720, -99.171205"
2020-08-21,HG DARIO FERNANDEZ FIERRO,ISSSTE,Media,Media,"19.363602, -99.188608"
2020-08-21,HG JOSE MARIA MORELOS,ISSSTE,Buena,Crítica,"19.363918, -98.995393"
2020-08-21,HG TACUBA,ISSSTE,Media,Buena,"19.454384, -99.191231"
2020-08-21,HG DR FERNANDO QUIROZ,ISSSTE,Media,Buena,"19.394242, -99.194187"
2020-08-21,HG IGNACIO ZARAGOZA,ISSSTE,Buena,Media,"19.389472, -99.045019"
2020-08-21,HR PRIMERO DE OCTUBRE,ISSSTE,Media,Media,"19.486751, -99.133249"
2020-08-21,HR LIC. ADOLFO LÓPEZ MATEOS,ISSSTE,Buena,Buena,"19.358451, -99.172716"
2020-08-21,HR BICENTENARIO DE LA INDEPENDENCIA,ISSSTE,Buena,Media,"19.628814, -99.163343"
2020-08-21,ALTA ESPECIALIDAD DE ZUMPANGO,EDOMEX,Media,Buena,"19.815198, -99.089196"
2020-08-21,HOSPITAL REGIONAL TLALNEPANTLA ISSEMYM,EDOMEX,Media,Buena,"19.521706, -99.187341"
2020-08-21,"HOSPITAL GENERAL ECATEPEC ""LAS AMÉRICAS""",EDOMEX,Buena,Media,"19.594136, -99.018679"
2020-08-21,"HOSPITAL GENERAL DE NAUCALPAN ""DR. MAXIMILIANO RUIZ CASTAÑEDA"" ",EDOMEX,Buena,Media,"19.468662, -99.234348"
2020-08-21,"HOSPITAL GENERAL ATIZAPAN DE ZARAGOZA ""DR. SALVADOR GONZALEZ HERREJÓN""",EDOMEX,Buena,Buena,"19.546322, -99.237491"
2020-08-21,"HOSPITAL GENERAL CUAUTITLAN ""GRAL. JOSE VICENTE VILLADA""",EDOMEX,Buena,Buena,"19.664586, -99.178557"
2020-08-21,"HOSPITAL GENERAL DE NEZAHUALCOYOTL ""GUSTAVO BAZ PRADA""",EDOMEX,Buena,Media,"19.422253, -99.014892"
2020-08-21,"HOSPITAL GENERAL DE ECATEPEC ""JOSÉ MARÍA RODRÍGUEZ""",EDOMEX,Buena,Media,"19.514412, -99.038087"
2020-08-21,"HOSPITAL GENERAL NEZAHUALCOYOTL ""LA PERLA"" ",EDOMEX,Buena,Buena,"19.387963, -98.989442"
2020-08-21,HOSPITAL GENERAL DE CHIMALHUACAN,EDOMEX,Buena,Buena,"19.419753, -98.975140"
2020-08-21,"HOSPITAL GENERAL DE IXTAPALUCA ""PEDRO LOPEZ""",EDOMEX,Buena,Buena,"19.318829, -98.855366"
2020-08-21,HOSPITAL GENERAL DE CHALCO ,EDOMEX,Buena,Media,"19.268265, -98.893965"
2020-08-21,"HOSPITAL GENERAL TEXCOCO ""GUADALUPE VICTORIA"" BICENTENARIO ",EDOMEX,Media,Buena,"19.514309, -98.871750"
2020-08-21,"HOSPITAL GENERAL VALLE DE CHALCO ""DR. FERNANDO QUIROZ GUTIERREZ"" ",EDOMEX,Buena,Buena,"19.273775, -98.941609"
2020-08-21,"HOSPITAL GENERAL AMECAMECA ""VALENTIN GOMEZ FARIAS"" ",EDOMEX,Buena,Buena,"19.144883, -98.785072"
2020-08-21,HOSPITAL GENERAL DE AXAPUSCO,EDOMEX,Media,Crítica,"19.732872, -98.769445"
2020-08-22,INSTITUTO NACIONAL DE NUTRICIÓN,SSA,Media,Media,"19.289599, -99.155441"
2020-08-22,INER,SSA,Crítica,Media,"19.291375, -99.158653"
2020-08-22,HOSPITAL GENERAL DE MÉXICO,SSA,Buena,Buena,"19.4129258, -99.1520225"
2020-08-22,HOSPITAL JUAREZ,SSA,Media,Buena,"19.481829, -99.135576"
2020-08-22,HOSPITAL GENERAL DR. MANUEL GEA GONZÁLEZ,SSA,Media,Buena,"19.290295, -99.160861"
2020-08-22,HOSPITAL INFANTIL DE MÉXICO FEDERICO GÓMEZ,SSA,Buena,Buena,"19.410839, -99.151941"
2020-08-22,INSTITUTO  NACIONAL DE CARDIOLOGÍA IGNACIO CHÁVEZ,SSA,Buena,Buena,"19.290598, -99.153838"
2020-08-22,CITIBANAMEX,SSA,Buena,Media,"19.439732, -99.224235"
2020-08-22,HOSPITAL REGIONAL DE ALTA ESPECIALIDAD DE IXTAPALUCA,SSA,Buena,Media,"19.318796, -98.855353"
2020-08-22,BELISARIO DOMINGUEZ,SEDESA,Buena,Buena,"19.307226, -99.065356"
2020-08-22,ENRIQUE CABRERA,SEDESA,Buena,Buena,"19.361675, -99.224432"
2020-08-22,GENERAL TLAHUAC,SEDESA,Buena,Buena,"19.287492, -99.052665"
2020-08-22,PEDIATRICO DE LA VILLA,SEDESA,Buena,Buena,"19.487355, -99.114316"
2020-08-22,HOSPITAL GENERAL AJUSCO MEDIO,SEDESA,Buena,Buena,"19.272165, -99.207846"
2020-08-22,HOSPITAL GENERAL IZTAPALAPA,SEDESA,Buena,Buena,"19.343426, -99.027236"
2020-08-22,HOSPITAL GENERAL XOCO,SEDESA,Buena,Buena,"19.360313, -99.162275"
2020-08-22,HOSPITAL GENERAL VILLA,SEDESA,Media,Buena,"19.480079, -99.103353"
2020-08-22,HOSPITAL GENERAL DR. RUBÉN LEÑERO,SEDESA,Media,Media,"19.451398, -99.169565"
2020-08-22,HOSPITAL GENERAL MILPA ALTA,SEDESA,Buena,Buena,"19.200951, -99.011210"
2020-08-22,HOSPITAL GENERAL BALBUENA,SEDESA,Buena,Buena,"19.424195, -99.115412"
2020-08-22,HOSPITAL TEPEPAN,SEDESA,Sin Dato,Sin Dato,"19.275806, -99.144298"
2020-08-22,HOSPITAL DE ESPECIALIDADES 01 CMN SIGLO XXI (CDMX SUR),IMSS,Buena,Buena,"19.466549, -99.145102"
2020-08-22,HOSPITAL DE PEDIATRIA 01 CMN SIGLO XXI (CDMX SUR),IMSS,Buena,Buena,"19.407458, -99.152267"
2020-08-22,HOSPITAL GENERAL DE ZONA 01 CARLOS MC GREGOR (CDMX SUR),IMSS,Buena,Buena,"19.395912, -99.161610"
2020-08-22,HOSPITAL GENERAL DE ZONA 1A PARQUE DE LOS VENADOS (CDMX SUR),IMSS,Buena,Buena,"19.374431, -99.151203"
2020-08-22,HOSPITAL DE INFECTOLOGIA 01 LA RAZA (CDMX NORTE),IMSS,Buena,Buena,"19.464865, -99.144859"
2020-08-22,HOSPITAL GENERAL 01 (CDMX NORTE) LA RAZA,IMSS,Media,Buena,"19.395740, -99.161677"
2020-08-22,HOSPITAL GENERAL DE ZONA 24 (CDMX NORTE),IMSS,Buena,Buena,"19.483221, -99.128448"
2020-08-22,HOSPITAL GENERAL DE ZONA 27 (CDMX NORTE),IMSS,Buena,Buena,"19.454776, -99.140007"
2020-08-22,HOSPITAL GENERAL DE ZONA 2A (CDMX SUR),IMSS,Buena,Media,"19.405495, -99.112200"
2020-08-22,HOSPITAL GENERAL DE ZONA 30 (CDMX SUR),IMSS,Media,Media,"19.398836, -99.116913"
2020-08-22,HOSPITAL GENERAL DE ZONA 32 (CDMX SUR),IMSS,Buena,Buena,"19.307964, -99.130677"
2020-08-22,HOSPITAL GENERAL DE ZONA C/MF 08 (CDMX SUR),IMSS,Media,Media,"19.337137, -99.200142"
2020-08-22,HOSPITAL GENERAL DE ZONA C/UMAA 48 (CDMX NORTE),IMSS,Media,Buena,"19.482375, -99.213046"
2020-08-22,HOSPITAL GENERAL 02 (CDMX SUR) VILLA COAPA (COY.),IMSS,Buena,Buena,"19.309194, -99.129593"
2020-08-22,HOSPITAL DE ESPECIALIDADES 01 (CDMX NORTE) LA RAZA (AZC),IMSS,Media,Buena,"19.467169, -99.143785"
2020-08-22,HOSPITAL GENERAL DE ZONA C/MF 29 (S. JUAN ARAGÓN),IMSS,Buena,Buena,"19.465117, -99.085162"
2020-08-22,HOSPITAL GENERAL DE ZONA 47 (CDMX SUR) (IZP),IMSS,Buena,Buena,"19.357566, -99.054269"
2020-08-22,UNIDAD MÓVIL TEMPORAL COVID,IMSS,Crítica,Crítica,"19.403082, -99.089177"
2020-08-22,CRIT IZTAPALAPA,IMSS,Buena,Buena,"19.328321, -99.068530"
2020-08-22,HOSPITAL GENERAL REGIONAL 72,IMSS,Media,Media,"19.356913, -98.990929"
2020-08-22,HOSPITAL GENERAL REGIONAL 196,IMSS,Buena,Buena,"19.515133, -98.891450"
2020-08-22,HOSPITAL GENERAL REGIONAL 200,IMSS,Buena,Buena,"19.470300, -99.234208"
2020-08-22,HOSPITAL GENERAL DE ZONA 53,IMSS,Buena,Buena,"19.597387, -99.188426"
2020-08-22,HOSPITAL GENERAL DE ZONA 197,IMSS,Buena,Buena,"19.530797, -99.222446"
2020-08-22,HOSPITAL GENERAL DE ZONA 194,IMSS,Media,Buena,"19.570070, -99.044009"
2020-08-22,HOSPITAL GENERAL DE ZONA 57 (LA QUEBRADA),IMSS,Media,Buena,"19.542797, -99.205022"
2020-08-22,HOSPITAL GENERAL DE ZONA 58 (LAS MARGARITAS),IMSS,Media,Buena,"19.529016, -99.030983"
2020-08-22,HOSPITAL GENERAL DE ZONA 68 (TULPETLAC),IMSS,Buena,Buena,"19.742905, -98.972971"
2020-08-22,HOSPITAL GENERAL DE ZONA 71 (CHALCO),IMSS,Buena,Buena,"19.356913, -98.990929"
2020-08-22,HOSPITAL GENERAL DE ZONA 76 (XALOSTOC),IMSS,Media,Buena,"19.515133, -98.891450"
2020-08-22,HOSPITAL GENERAL DE ZONA 98 (COACALCO),IMSS,Buena,Buena,"19.470300, -99.234208"
2020-08-22,CRIT NEZAHUALCÓYOTL,IMSS,Buena,Buena,"19.425795, -99.029987"
2020-08-22,CENTRO MEDICO 20 DE NOVIEMBRE,ISSSTE,Buena,Buena,"19.372720, -99.171205"
2020-08-22,HG DARIO FERNANDEZ FIERRO,ISSSTE,Media,Media,"19.363602, -99.188608"
2020-08-22,HG JOSE MARIA MORELOS,ISSSTE,Buena,Media,"19.363918, -98.995393"
2020-08-22,HG TACUBA,ISSSTE,Crítica,Buena,"19.454384, -99.191231"
2020-08-22,HG DR FERNANDO QUIROZ,ISSSTE,Media,Buena,"19.394242, -99.194187"
2020-08-22,HG IGNACIO ZARAGOZA,ISSSTE,Buena,Buena,"19.389472, -99.045019"
2020-08-22,HR PRIMERO DE OCTUBRE,ISSSTE,Media,Media,"19.486751, -99.133249"
2020-08-22,HR LIC. ADOLFO LÓPEZ MATEOS,ISSSTE,Buena,Buena,"19.358451, -99.172716"
2020-08-22,HR BICENTENARIO DE LA INDEPENDENCIA,ISSSTE,Buena,Media,"19.628814, -99.163343"
2020-08-22,ALTA ESPECIALIDAD DE ZUMPANGO,EDOMEX,Buena,Buena,"19.815198, -99.089196"
2020-08-22,HOSPITAL REGIONAL TLALNEPANTLA ISSEMYM,EDOMEX,Media,Buena,"19.521706, -99.187341"
2020-08-22,"HOSPITAL GENERAL ECATEPEC ""LAS AMÉRICAS""",EDOMEX,Buena,Media,"19.594136, -99.018679"
2020-08-22,"HOSPITAL GENERAL DE NAUCALPAN ""DR. MAXIMILIANO RUIZ CASTAÑEDA"" ",EDOMEX,Buena,Media,"19.468662, -99.234348"
2020-08-22,"HOSPITAL GENERAL ATIZAPAN DE ZARAGOZA ""DR. SALVADOR GONZALEZ HERREJÓN""",EDOMEX,Buena,Buena,"19.546322, -99.237491"
2020-08-22,"HOSPITAL GENERAL CUAUTITLAN ""GRAL. JOSE VICENTE VILLADA""",EDOMEX,Media,Buena,"19.664586, -99.178557"
2020-08-22,"HOSPITAL GENERAL DE NEZAHUALCOYOTL ""GUSTAVO BAZ PRADA""",EDOMEX,Buena,Buena,"19.422253, -99.014892"
2020-08-22,"HOSPITAL GENERAL DE ECATEPEC ""JOSÉ MARÍA RODRÍGUEZ""",EDOMEX,Buena,Media,"19.514412, -99.038087"
2020-08-22,"HOSPITAL GENERAL NEZAHUALCOYOTL ""LA PERLA"" ",EDOMEX,Buena,Buena,"19.387963, -98.989442"
2020-08-22,HOSPITAL GENERAL DE CHIMALHUACAN,EDOMEX,Buena,Buena,"19.419753, -98.975140"
2020-08-22,"HOSPITAL GENERAL DE IXTAPALUCA ""PEDRO LOPEZ""",EDOMEX,Buena,Buena,"19.318829, -98.855366"
2020-08-22,HOSPITAL GENERAL DE CHALCO ,EDOMEX,Buena,Buena,"19.268265, -98.893965"
2020-08-22,"HOSPITAL GENERAL TEXCOCO ""GUADALUPE VICTORIA"" BICENTENARIO ",EDOMEX,Buena,Buena,"19.514309, -98.871750"
2020-08-22,"HOSPITAL GENERAL VALLE DE CHALCO ""DR. FERNANDO QUIROZ GUTIERREZ"" ",EDOMEX,Buena,Buena,"19.273775, -98.941609"
2020-08-22,"HOSPITAL GENERAL AMECAMECA ""VALENTIN GOMEZ FARIAS"" ",EDOMEX,Buena,Buena,"19.144883, -98.785072"
2020-08-22,HOSPITAL GENERAL DE AXAPUSCO,EDOMEX,Buena,Crítica,"19.732872, -98.769445"
2020-08-23,INSTITUTO NACIONAL DE NUTRICIÓN,SSA,Media,Media,"19.289599, -99.155441"
2020-08-23,INER,SSA,Media,Media,"19.291375, -99.158653"
2020-08-23,HOSPITAL GENERAL DE MÉXICO,SSA,Buena,Buena,"19.4129258, -99.1520225"
2020-08-23,HOSPITAL JUAREZ,SSA,Media,Buena,"19.481829, -99.135576"
2020-08-23,HOSPITAL GENERAL DR. MANUEL GEA GONZÁLEZ,SSA,Media,Buena,"19.290295, -99.160861"
2020-08-23,HOSPITAL INFANTIL DE MÉXICO FEDERICO GÓMEZ,SSA,Buena,Buena,"19.410839, -99.151941"
2020-08-23,INSTITUTO  NACIONAL DE CARDIOLOGÍA IGNACIO CHÁVEZ,SSA,Buena,Buena,"19.290598, -99.153838"
2020-08-23,CITIBANAMEX,SSA,Buena,Media,"19.439732, -99.224235"
2020-08-23,HOSPITAL REGIONAL DE ALTA ESPECIALIDAD DE IXTAPALUCA,SSA,Buena,Media,"19.318796, -98.855353"
2020-08-23,BELISARIO DOMINGUEZ,SEDESA,Buena,Buena,"19.307226, -99.065356"
2020-08-23,ENRIQUE CABRERA,SEDESA,Buena,Buena,"19.361675, -99.224432"
2020-08-23,GENERAL TLAHUAC,SEDESA,Buena,Buena,"19.287492, -99.052665"
2020-08-23,PEDIATRICO DE LA VILLA,SEDESA,Buena,Buena,"19.487355, -99.114316"
2020-08-23,HOSPITAL GENERAL AJUSCO MEDIO,SEDESA,Buena,Buena,"19.272165, -99.207846"
2020-08-23,HOSPITAL GENERAL IZTAPALAPA,SEDESA,Buena,Buena,"19.343426, -99.027236"
2020-08-23,HOSPITAL GENERAL XOCO,SEDESA,Buena,Buena,"19.360313, -99.162275"
2020-08-23,HOSPITAL GENERAL VILLA,SEDESA,Media,Buena,"19.480079, -99.103353"
2020-08-23,HOSPITAL GENERAL DR. RUBÉN LEÑERO,SEDESA,Media,Media,"19.451398, -99.169565"
2020-08-23,HOSPITAL GENERAL MILPA ALTA,SEDESA,Buena,Buena,"19.200951, -99.011210"
2020-08-23,HOSPITAL GENERAL BALBUENA,SEDESA,Buena,Buena,"19.424195, -99.115412"
2020-08-23,HOSPITAL TEPEPAN,SEDESA,Sin Dato,Sin Dato,"19.275806, -99.144298"
2020-08-23,HOSPITAL DE ESPECIALIDADES 01 CMN SIGLO XXI (CDMX SUR),IMSS,Buena,Buena,"19.466549, -99.145102"
2020-08-23,HOSPITAL DE PEDIATRIA 01 CMN SIGLO XXI (CDMX SUR),IMSS,Buena,Buena,"19.407458, -99.152267"
2020-08-23,HOSPITAL GENERAL DE ZONA 01 CARLOS MC GREGOR (CDMX SUR),IMSS,Buena,Media,"19.395912, -99.161610"
2020-08-23,HOSPITAL GENERAL DE ZONA 1A PARQUE DE LOS VENADOS (CDMX SUR),IMSS,Buena,Buena,"19.374431, -99.151203"
2020-08-23,HOSPITAL DE INFECTOLOGIA 01 LA RAZA (CDMX NORTE),IMSS,Buena,Buena,"19.464865, -99.144859"
2020-08-23,HOSPITAL GENERAL 01 (CDMX NORTE) LA RAZA,IMSS,Media,Buena,"19.395740, -99.161677"
2020-08-23,HOSPITAL GENERAL DE ZONA 24 (CDMX NORTE),IMSS,Buena,Buena,"19.483221, -99.128448"
2020-08-23,HOSPITAL GENERAL DE ZONA 27 (CDMX NORTE),IMSS,Buena,Buena,"19.454776, -99.140007"
2020-08-23,HOSPITAL GENERAL DE ZONA 2A (CDMX SUR),IMSS,Buena,Media,"19.405495, -99.112200"
2020-08-23,HOSPITAL GENERAL DE ZONA 30 (CDMX SUR),IMSS,Media,Media,"19.398836, -99.116913"
2020-08-23,HOSPITAL GENERAL DE ZONA 32 (CDMX SUR),IMSS,Buena,Buena,"19.307964, -99.130677"
2020-08-23,HOSPITAL GENERAL DE ZONA C/MF 08 (CDMX SUR),IMSS,Media,Buena,"19.337137, -99.200142"
2020-08-23,HOSPITAL GENERAL DE ZONA C/UMAA 48 (CDMX NORTE),IMSS,Media,Buena,"19.482375, -99.213046"
2020-08-23,HOSPITAL GENERAL 02 (CDMX SUR) VILLA COAPA (COY.),IMSS,Buena,Buena,"19.309194, -99.129593"
2020-08-23,HOSPITAL DE ESPECIALIDADES 01 (CDMX NORTE) LA RAZA (AZC),IMSS,Buena,Buena,"19.467169, -99.143785"
2020-08-23,HOSPITAL GENERAL DE ZONA C/MF 29 (S. JUAN ARAGÓN),IMSS,Buena,Buena,"19.465117, -99.085162"
2020-08-23,HOSPITAL GENERAL DE ZONA 47 (CDMX SUR) (IZP),IMSS,Buena,Buena,"19.357566, -99.054269"
2020-08-23,UNIDAD MÓVIL TEMPORAL COVID,IMSS,Crítica,Crítica,"19.403082, -99.089177"
2020-08-23,CRIT IZTAPALAPA,IMSS,Buena,Buena,"19.328321, -99.068530"
2020-08-23,HOSPITAL GENERAL REGIONAL 72,IMSS,Media,Media,"19.356913, -98.990929"
2020-08-23,HOSPITAL GENERAL REGIONAL 196,IMSS,Buena,Buena,"19.515133, -98.891450"
2020-08-23,HOSPITAL GENERAL REGIONAL 200,IMSS,Buena,Buena,"19.470300, -99.234208"
2020-08-23,HOSPITAL GENERAL DE ZONA 53,IMSS,Buena,Buena,"19.597387, -99.188426"
2020-08-23,HOSPITAL GENERAL DE ZONA 197,IMSS,Buena,Buena,"19.530797, -99.222446"
2020-08-23,HOSPITAL GENERAL DE ZONA 194,IMSS,Media,Buena,"19.570070, -99.044009"
2020-08-23,HOSPITAL GENERAL DE ZONA 57 (LA QUEBRADA),IMSS,Buena,Buena,"19.542797, -99.205022"
2020-08-23,HOSPITAL GENERAL DE ZONA 58 (LAS MARGARITAS),IMSS,Media,Buena,"19.529016, -99.030983"
2020-08-23,HOSPITAL GENERAL DE ZONA 68 (TULPETLAC),IMSS,Buena,Media,"19.742905, -98.972971"
2020-08-23,HOSPITAL GENERAL DE ZONA 71 (CHALCO),IMSS,Buena,Buena,"19.356913, -98.990929"
2020-08-23,HOSPITAL GENERAL DE ZONA 76 (XALOSTOC),IMSS,Media,Buena,"19.515133, -98.891450"
2020-08-23,HOSPITAL GENERAL DE ZONA 98 (COACALCO),IMSS,Buena,Media,"19.470300, -99.234208"
2020-08-23,CRIT NEZAHUALCÓYOTL,IMSS,Buena,Buena,"19.425795, -99.029987"
2020-08-23,CENTRO MEDICO 20 DE NOVIEMBRE,ISSSTE,Buena,Buena,"19.372720, -99.171205"
2020-08-23,HG DARIO FERNANDEZ FIERRO,ISSSTE,Media,Media,"19.363602, -99.188608"
2020-08-23,HG JOSE MARIA MORELOS,ISSSTE,Buena,Crítica,"19.363918, -98.995393"
2020-08-23,HG TACUBA,ISSSTE,Crítica,Buena,"19.454384, -99.191231"
2020-08-23,HG DR FERNANDO QUIROZ,ISSSTE,Media,Media,"19.394242, -99.194187"
2020-08-23,HG IGNACIO ZARAGOZA,ISSSTE,Buena,Buena,"19.389472, -99.045019"
2020-08-23,HR PRIMERO DE OCTUBRE,ISSSTE,Media,Media,"19.486751, -99.133249"
2020-08-23,HR LIC. ADOLFO LÓPEZ MATEOS,ISSSTE,Buena,Buena,"19.358451, -99.172716"
2020-08-23,HR BICENTENARIO DE LA INDEPENDENCIA,ISSSTE,Buena,Media,"19.628814, -99.163343"
2020-08-23,ALTA ESPECIALIDAD DE ZUMPANGO,EDOMEX,Buena,Buena,"19.815198, -99.089196"
2020-08-23,HOSPITAL REGIONAL TLALNEPANTLA ISSEMYM,EDOMEX,Media,Buena,"19.521706, -99.187341"
2020-08-23,"HOSPITAL GENERAL ECATEPEC ""LAS AMÉRICAS""",EDOMEX,Buena,Media,"19.594136, -99.018679"
2020-08-23,"HOSPITAL GENERAL DE NAUCALPAN ""DR. MAXIMILIANO RUIZ CASTAÑEDA"" ",EDOMEX,Buena,Buena,"19.468662, -99.234348"
2020-08-23,"HOSPITAL GENERAL ATIZAPAN DE ZARAGOZA ""DR. SALVADOR GONZALEZ HERREJÓN""",EDOMEX,Buena,Buena,"19.546322, -99.237491"
2020-08-23,"HOSPITAL GENERAL CUAUTITLAN ""GRAL. JOSE VICENTE VILLADA""",EDOMEX,Media,Buena,"19.664586, -99.178557"
2020-08-23,"HOSPITAL GENERAL DE NEZAHUALCOYOTL ""GUSTAVO BAZ PRADA""",EDOMEX,Buena,Media,"19.422253, -99.014892"
2020-08-23,"HOSPITAL GENERAL DE ECATEPEC ""JOSÉ MARÍA RODRÍGUEZ""",EDOMEX,Buena,Media,"19.514412, -99.038087"
2020-08-23,"HOSPITAL GENERAL NEZAHUALCOYOTL ""LA PERLA"" ",EDOMEX,Buena,Buena,"19.387963, -98.989442"
2020-08-23,HOSPITAL GENERAL DE CHIMALHUACAN,EDOMEX,Buena,Media,"19.419753, -98.975140"
2020-08-23,"HOSPITAL GENERAL DE IXTAPALUCA ""PEDRO LOPEZ""",EDOMEX,Buena,Buena,"19.318829, -98.855366"
2020-08-23,HOSPITAL GENERAL DE CHALCO ,EDOMEX,Buena,Buena,"19.268265, -98.893965"
2020-08-23,"HOSPITAL GENERAL TEXCOCO ""GUADALUPE VICTORIA"" BICENTENARIO ",EDOMEX,Media,Buena,"19.514309, -98.871750"
2020-08-23,"HOSPITAL GENERAL VALLE DE CHALCO ""DR. FERNANDO QUIROZ GUTIERREZ"" ",EDOMEX,Buena,Buena,"19.273775, -98.941609"
2020-08-23,"HOSPITAL GENERAL AMECAMECA ""VALENTIN GOMEZ FARIAS"" ",EDOMEX,Buena,Buena,"19.144883, -98.785072"
2020-08-23,HOSPITAL GENERAL DE AXAPUSCO,EDOMEX,Buena,Media,"19.732872, -98.769445"
2020-08-24,INSTITUTO NACIONAL DE NUTRICIÓN,SSA,Media,Media,"19.289599, -99.155441"
2020-08-24,INER,SSA,Media,Media,"19.291375, -99.158653"
2020-08-24,HOSPITAL GENERAL DE MÉXICO,SSA,Buena,Buena,"19.4129258, -99.1520225"
2020-08-24,HOSPITAL JUAREZ,SSA,Media,Buena,"19.481829, -99.135576"
2020-08-24,HOSPITAL GENERAL DR. MANUEL GEA GONZÁLEZ,SSA,Media,Buena,"19.290295, -99.160861"
2020-08-24,HOSPITAL INFANTIL DE MÉXICO FEDERICO GÓMEZ,SSA,Buena,Buena,"19.410839, -99.151941"
2020-08-24,INSTITUTO  NACIONAL DE CARDIOLOGÍA IGNACIO CHÁVEZ,SSA,Buena,Buena,"19.290598, -99.153838"
2020-08-24,CITIBANAMEX,SSA,Buena,Media,"19.439732, -99.224235"
2020-08-24,HOSPITAL REGIONAL DE ALTA ESPECIALIDAD DE IXTAPALUCA,SSA,Buena,Media,"19.318796, -98.855353"
2020-08-24,BELISARIO DOMINGUEZ,SEDESA,Buena,Buena,"19.307226, -99.065356"
2020-08-24,ENRIQUE CABRERA,SEDESA,Buena,Buena,"19.361675, -99.224432"
2020-08-24,GENERAL TLAHUAC,SEDESA,Buena,Buena,"19.287492, -99.052665"
2020-08-24,PEDIATRICO DE LA VILLA,SEDESA,Buena,Buena,"19.487355, -99.114316"
2020-08-24,HOSPITAL GENERAL AJUSCO MEDIO,SEDESA,Buena,Buena,"19.272165, -99.207846"
2020-08-24,HOSPITAL GENERAL IZTAPALAPA,SEDESA,Buena,Buena,"19.343426, -99.027236"
2020-08-24,HOSPITAL GENERAL XOCO,SEDESA,Buena,Buena,"19.360313, -99.162275"
2020-08-24,HOSPITAL GENERAL VILLA,SEDESA,Media,Buena,"19.480079, -99.103353"
2020-08-24,HOSPITAL GENERAL DR. RUBÉN LEÑERO,SEDESA,Media,Buena,"19.451398, -99.169565"
2020-08-24,HOSPITAL GENERAL MILPA ALTA,SEDESA,Buena,Buena,"19.200951, -99.011210"
2020-08-24,HOSPITAL GENERAL BALBUENA,SEDESA,Buena,Buena,"19.424195, -99.115412"
2020-08-24,HOSPITAL TEPEPAN,SEDESA,Sin Dato,Sin Dato,"19.275806, -99.144298"
2020-08-24,HOSPITAL DE ESPECIALIDADES 01 CMN SIGLO XXI (CDMX SUR),IMSS,Buena,Buena,"19.466549, -99.145102"
2020-08-24,HOSPITAL DE PEDIATRIA 01 CMN SIGLO XXI (CDMX SUR),IMSS,Buena,Buena,"19.407458, -99.152267"
2020-08-24,HOSPITAL GENERAL DE ZONA 01 CARLOS MC GREGOR (CDMX SUR),IMSS,Buena,Media,"19.395912, -99.161610"
2020-08-24,HOSPITAL GENERAL DE ZONA 1A PARQUE DE LOS VENADOS (CDMX SUR),IMSS,Buena,Buena,"19.374431, -99.151203"
2020-08-24,HOSPITAL DE INFECTOLOGIA 01 LA RAZA (CDMX NORTE),IMSS,Buena,Buena,"19.464865, -99.144859"
2020-08-24,HOSPITAL GENERAL 01 (CDMX NORTE) LA RAZA,IMSS,Media,Buena,"19.395740, -99.161677"
2020-08-24,HOSPITAL GENERAL DE ZONA 24 (CDMX NORTE),IMSS,Buena,Buena,"19.483221, -99.128448"
2020-08-24,HOSPITAL GENERAL DE ZONA 27 (CDMX NORTE),IMSS,Buena,Buena,"19.454776, -99.140007"
2020-08-24,HOSPITAL GENERAL DE ZONA 2A (CDMX SUR),IMSS,Buena,Media,"19.405495, -99.112200"
2020-08-24,HOSPITAL GENERAL DE ZONA 30 (CDMX SUR),IMSS,Media,Media,"19.398836, -99.116913"
2020-08-24,HOSPITAL GENERAL DE ZONA 32 (CDMX SUR),IMSS,Buena,Buena,"19.307964, -99.130677"
2020-08-24,HOSPITAL GENERAL DE ZONA C/MF 08 (CDMX SUR),IMSS,Media,Buena,"19.337137, -99.200142"
2020-08-24,HOSPITAL GENERAL DE ZONA C/UMAA 48 (CDMX NORTE),IMSS,Media,Buena,"19.482375, -99.213046"
2020-08-24,HOSPITAL GENERAL 02 (CDMX SUR) VILLA COAPA (COY.),IMSS,Buena,Buena,"19.309194, -99.129593"
2020-08-24,HOSPITAL DE ESPECIALIDADES 01 (CDMX NORTE) LA RAZA (AZC),IMSS,Buena,Buena,"19.467169, -99.143785"
2020-08-24,HOSPITAL GENERAL DE ZONA C/MF 29 (S. JUAN ARAGÓN),IMSS,Buena,Buena,"19.465117, -99.085162"
2020-08-24,HOSPITAL GENERAL DE ZONA 47 (CDMX SUR) (IZP),IMSS,Buena,Buena,"19.357566, -99.054269"
2020-08-24,UNIDAD MÓVIL TEMPORAL COVID,IMSS,Crítica,Crítica,"19.403082, -99.089177"
2020-08-24,CRIT IZTAPALAPA,IMSS,Buena,Buena,"19.328321, -99.068530"
2020-08-24,HOSPITAL GENERAL REGIONAL 72,IMSS,Media,Media,"19.356913, -98.990929"
2020-08-24,HOSPITAL GENERAL REGIONAL 196,IMSS,Buena,Buena,"19.515133, -98.891450"
2020-08-24,HOSPITAL GENERAL REGIONAL 200,IMSS,Buena,Buena,"19.470300, -99.234208"
2020-08-24,HOSPITAL GENERAL DE ZONA 53,IMSS,Buena,Buena,"19.597387, -99.188426"
2020-08-24,HOSPITAL GENERAL DE ZONA 197,IMSS,Buena,Buena,"19.530797, -99.222446"
2020-08-24,HOSPITAL GENERAL DE ZONA 194,IMSS,Media,Buena,"19.570070, -99.044009"
2020-08-24,HOSPITAL GENERAL DE ZONA 57 (LA QUEBRADA),IMSS,Buena,Buena,"19.542797, -99.205022"
2020-08-24,HOSPITAL GENERAL DE ZONA 58 (LAS MARGARITAS),IMSS,Media,Media,"19.529016, -99.030983"
2020-08-24,HOSPITAL GENERAL DE ZONA 68 (TULPETLAC),IMSS,Buena,Media,"19.742905, -98.972971"
2020-08-24,HOSPITAL GENERAL DE ZONA 71 (CHALCO),IMSS,Buena,Buena,"19.356913, -98.990929"
2020-08-24,HOSPITAL GENERAL DE ZONA 76 (XALOSTOC),IMSS,Media,Buena,"19.515133, -98.891450"
2020-08-24,HOSPITAL GENERAL DE ZONA 98 (COACALCO),IMSS,Buena,Media,"19.470300, -99.234208"
2020-08-24,CRIT NEZAHUALCÓYOTL,IMSS,Buena,Buena,"19.425795, -99.029987"
2020-08-24,CENTRO MEDICO 20 DE NOVIEMBRE,ISSSTE,Buena,Buena,"19.372720, -99.171205"
2020-08-24,HG DARIO FERNANDEZ FIERRO,ISSSTE,Media,Media,"19.363602, -99.188608"
2020-08-24,HG JOSE MARIA MORELOS,ISSSTE,Buena,Crítica,"19.363918, -98.995393"
2020-08-24,HG TACUBA,ISSSTE,Crítica,Buena,"19.454384, -99.191231"
2020-08-24,HG DR FERNANDO QUIROZ,ISSSTE,Media,Media,"19.394242, -99.194187"
2020-08-24,HG IGNACIO ZARAGOZA,ISSSTE,Buena,Media,"19.389472, -99.045019"
2020-08-24,HR PRIMERO DE OCTUBRE,ISSSTE,Media,Media,"19.486751, -99.133249"
2020-08-24,HR LIC. ADOLFO LÓPEZ MATEOS,ISSSTE,Buena,Buena,"19.358451, -99.172716"
2020-08-24,HR BICENTENARIO DE LA INDEPENDENCIA,ISSSTE,Buena,Media,"19.628814, -99.163343"
2020-08-24,ALTA ESPECIALIDAD DE ZUMPANGO,EDOMEX,Media,Buena,"19.815198, -99.089196"
2020-08-24,HOSPITAL REGIONAL TLALNEPANTLA ISSEMYM,EDOMEX,Media,Buena,"19.521706, -99.187341"
2020-08-24,"HOSPITAL GENERAL ECATEPEC ""LAS AMÉRICAS""",EDOMEX,Buena,Media,"19.594136, -99.018679"
2020-08-24,"HOSPITAL GENERAL DE NAUCALPAN ""DR. MAXIMILIANO RUIZ CASTAÑEDA"" ",EDOMEX,Buena,Buena,"19.468662, -99.234348"
2020-08-24,"HOSPITAL GENERAL ATIZAPAN DE ZARAGOZA ""DR. SALVADOR GONZALEZ HERREJÓN""",EDOMEX,Buena,Buena,"19.546322, -99.237491"
2020-08-24,"HOSPITAL GENERAL CUAUTITLAN ""GRAL. JOSE VICENTE VILLADA""",EDOMEX,Media,Buena,"19.664586, -99.178557"
2020-08-24,"HOSPITAL GENERAL DE NEZAHUALCOYOTL ""GUSTAVO BAZ PRADA""",EDOMEX,Buena,Buena,"19.422253, -99.014892"
2020-08-24,"HOSPITAL GENERAL DE ECATEPEC ""JOSÉ MARÍA RODRÍGUEZ""",EDOMEX,Buena,Media,"19.514412, -99.038087"
2020-08-24,"HOSPITAL GENERAL NEZAHUALCOYOTL ""LA PERLA"" ",EDOMEX,Buena,Buena,"19.387963, -98.989442"
2020-08-24,HOSPITAL GENERAL DE CHIMALHUACAN,EDOMEX,Buena,Media,"19.419753, -98.975140"
2020-08-24,"HOSPITAL GENERAL DE IXTAPALUCA ""PEDRO LOPEZ""",EDOMEX,Buena,Buena,"19.318829, -98.855366"
2020-08-24,HOSPITAL GENERAL DE CHALCO ,EDOMEX,Buena,Buena,"19.268265, -98.893965"
2020-08-24,"HOSPITAL GENERAL TEXCOCO ""GUADALUPE VICTORIA"" BICENTENARIO ",EDOMEX,Media,Buena,"19.514309, -98.871750"
2020-08-24,"HOSPITAL GENERAL VALLE DE CHALCO ""DR. FERNANDO QUIROZ GUTIERREZ"" ",EDOMEX,Buena,Buena,"19.273775, -98.941609"
2020-08-24,"HOSPITAL GENERAL AMECAMECA ""VALENTIN GOMEZ FARIAS"" ",EDOMEX,Buena,Buena,"19.144883, -98.785072"
2020-08-24,HOSPITAL GENERAL DE AXAPUSCO,EDOMEX,Buena,Media,"19.732872, -98.769445"
2020-08-25,INSTITUTO NACIONAL DE NUTRICIÓN,SSA,Crítica,Media,"19.289599, -99.155441"
2020-08-25,INER,SSA,Media,Media,"19.291375, -99.158653"
2020-08-25,HOSPITAL GENERAL DE MÉXICO,SSA,Buena,Buena,"19.4129258, -99.1520225"
2020-08-25,HOSPITAL JUAREZ,SSA,Media,Buena,"19.481829, -99.135576"
2020-08-25,HOSPITAL GENERAL DR. MANUEL GEA GONZÁLEZ,SSA,Media,Buena,"19.290295, -99.160861"
2020-08-25,HOSPITAL INFANTIL DE MÉXICO FEDERICO GÓMEZ,SSA,Buena,Buena,"19.410839, -99.151941"
2020-08-25,INSTITUTO  NACIONAL DE CARDIOLOGÍA IGNACIO CHÁVEZ,SSA,Buena,Buena,"19.290598, -99.153838"
2020-08-25,CITIBANAMEX,SSA,Buena,Media,"19.439732, -99.224235"
2020-08-25,HOSPITAL REGIONAL DE ALTA ESPECIALIDAD DE IXTAPALUCA,SSA,Buena,Media,"19.318796, -98.855353"
2020-08-25,BELISARIO DOMINGUEZ,SEDESA,Buena,Buena,"19.307226, -99.065356"
2020-08-25,ENRIQUE CABRERA,SEDESA,Buena,Buena,"19.361675, -99.224432"
2020-08-25,GENERAL TLAHUAC,SEDESA,Buena,Buena,"19.287492, -99.052665"
2020-08-25,PEDIATRICO DE LA VILLA,SEDESA,Buena,Buena,"19.487355, -99.114316"
2020-08-25,HOSPITAL GENERAL AJUSCO MEDIO,SEDESA,Buena,Buena,"19.272165, -99.207846"
2020-08-25,HOSPITAL GENERAL IZTAPALAPA,SEDESA,Buena,Buena,"19.343426, -99.027236"
2020-08-25,HOSPITAL GENERAL XOCO,SEDESA,Media,Buena,"19.360313, -99.162275"
2020-08-25,HOSPITAL GENERAL VILLA,SEDESA,Media,Buena,"19.480079, -99.103353"
2020-08-25,HOSPITAL GENERAL DR. RUBÉN LEÑERO,SEDESA,Media,Buena,"19.451398, -99.169565"
2020-08-25,HOSPITAL GENERAL MILPA ALTA,SEDESA,Buena,Buena,"19.200951, -99.011210"
2020-08-25,HOSPITAL GENERAL BALBUENA,SEDESA,Buena,Buena,"19.424195, -99.115412"
2020-08-25,HOSPITAL TEPEPAN,SEDESA,Sin Dato,Sin Dato,"19.275806, -99.144298"
2020-08-25,HOSPITAL DE ESPECIALIDADES 01 CMN SIGLO XXI (CDMX SUR),IMSS,Buena,Buena,"19.466549, -99.145102"
2020-08-25,HOSPITAL DE PEDIATRIA 01 CMN SIGLO XXI (CDMX SUR),IMSS,Buena,Buena,"19.407458, -99.152267"
2020-08-25,HOSPITAL GENERAL DE ZONA 01 CARLOS MC GREGOR (CDMX SUR),IMSS,Buena,Media,"19.395912, -99.161610"
2020-08-25,HOSPITAL GENERAL DE ZONA 1A PARQUE DE LOS VENADOS (CDMX SUR),IMSS,Buena,Buena,"19.374431, -99.151203"
2020-08-25,HOSPITAL DE INFECTOLOGIA 01 LA RAZA (CDMX NORTE),IMSS,Buena,Buena,"19.464865, -99.144859"
2020-08-25,HOSPITAL GENERAL 01 (CDMX NORTE) LA RAZA,IMSS,Media,Buena,"19.395740, -99.161677"
2020-08-25,HOSPITAL GENERAL DE ZONA 24 (CDMX NORTE),IMSS,Buena,Buena,"19.483221, -99.128448"
2020-08-25,HOSPITAL GENERAL DE ZONA 27 (CDMX NORTE),IMSS,Buena,Buena,"19.454776, -99.140007"
2020-08-25,HOSPITAL GENERAL DE ZONA 2A (CDMX SUR),IMSS,Buena,Media,"19.405495, -99.112200"
2020-08-25,HOSPITAL GENERAL DE ZONA 30 (CDMX SUR),IMSS,Buena,Media,"19.398836, -99.116913"
2020-08-25,HOSPITAL GENERAL DE ZONA 32 (CDMX SUR),IMSS,Buena,Buena,"19.307964, -99.130677"
2020-08-25,HOSPITAL GENERAL DE ZONA C/MF 08 (CDMX SUR),IMSS,Buena,Buena,"19.337137, -99.200142"
2020-08-25,HOSPITAL GENERAL DE ZONA C/UMAA 48 (CDMX NORTE),IMSS,Media,Buena,"19.482375, -99.213046"
2020-08-25,HOSPITAL GENERAL 02 (CDMX SUR) VILLA COAPA (COY.),IMSS,Buena,Buena,"19.309194, -99.129593"
2020-08-25,HOSPITAL DE ESPECIALIDADES 01 (CDMX NORTE) LA RAZA (AZC),IMSS,Buena,Buena,"19.467169, -99.143785"
2020-08-25,HOSPITAL GENERAL DE ZONA C/MF 29 (S. JUAN ARAGÓN),IMSS,Buena,Buena,"19.465117, -99.085162"
2020-08-25,HOSPITAL GENERAL DE ZONA 47 (CDMX SUR) (IZP),IMSS,Buena,Buena,"19.357566, -99.054269"
2020-08-25,UNIDAD MÓVIL TEMPORAL COVID,IMSS,Crítica,Crítica,"19.403082, -99.089177"
2020-08-25,CRIT IZTAPALAPA,IMSS,Buena,Buena,"19.328321, -99.068530"
2020-08-25,HOSPITAL GENERAL REGIONAL 72,IMSS,Media,Buena,"19.356913, -98.990929"
2020-08-25,HOSPITAL GENERAL REGIONAL 196,IMSS,Buena,Media,"19.515133, -98.891450"
2020-08-25,HOSPITAL GENERAL REGIONAL 200,IMSS,Buena,Buena,"19.470300, -99.234208"
2020-08-25,HOSPITAL GENERAL DE ZONA 53,IMSS,Buena,Buena,"19.597387, -99.188426"
2020-08-25,HOSPITAL GENERAL DE ZONA 197,IMSS,Buena,Buena,"19.530797, -99.222446"
2020-08-25,HOSPITAL GENERAL DE ZONA 194,IMSS,Media,Buena,"19.570070, -99.044009"
2020-08-25,HOSPITAL GENERAL DE ZONA 57 (LA QUEBRADA),IMSS,Buena,Buena,"19.542797, -99.205022"
2020-08-25,HOSPITAL GENERAL DE ZONA 58 (LAS MARGARITAS),IMSS,Media,Media,"19.529016, -99.030983"
2020-08-25,HOSPITAL GENERAL DE ZONA 68 (TULPETLAC),IMSS,Buena,Buena,"19.742905, -98.972971"
2020-08-25,HOSPITAL GENERAL DE ZONA 71 (CHALCO),IMSS,Buena,Buena,"19.356913, -98.990929"
2020-08-25,HOSPITAL GENERAL DE ZONA 76 (XALOSTOC),IMSS,Media,Buena,"19.515133, -98.891450"
2020-08-25,HOSPITAL GENERAL DE ZONA 98 (COACALCO),IMSS,Buena,Buena,"19.470300, -99.234208"
2020-08-25,CRIT NEZAHUALCÓYOTL,IMSS,Buena,Buena,"19.425795, -99.029987"
2020-08-25,CENTRO MEDICO 20 DE NOVIEMBRE,ISSSTE,Buena,Buena,"19.372720, -99.171205"
2020-08-25,HG DARIO FERNANDEZ FIERRO,ISSSTE,Media,Crítica,"19.363602, -99.188608"
2020-08-25,HG JOSE MARIA MORELOS,ISSSTE,Buena,Crítica,"19.363918, -98.995393"
2020-08-25,HG TACUBA,ISSSTE,Crítica,Buena,"19.454384, -99.191231"
2020-08-25,HG DR FERNANDO QUIROZ,ISSSTE,Media,Buena,"19.394242, -99.194187"
2020-08-25,HG IGNACIO ZARAGOZA,ISSSTE,Buena,Media,"19.389472, -99.045019"
2020-08-25,HR PRIMERO DE OCTUBRE,ISSSTE,Media,Media,"19.486751, -99.133249"
2020-08-25,HR LIC. ADOLFO LÓPEZ MATEOS,ISSSTE,Buena,Buena,"19.358451, -99.172716"
2020-08-25,HR BICENTENARIO DE LA INDEPENDENCIA,ISSSTE,Buena,Media,"19.628814, -99.163343"
2020-08-25,ALTA ESPECIALIDAD DE ZUMPANGO,EDOMEX,Media,Buena,"19.815198, -99.089196"
2020-08-25,HOSPITAL REGIONAL TLALNEPANTLA ISSEMYM,EDOMEX,Media,Buena,"19.521706, -99.187341"
2020-08-25,"HOSPITAL GENERAL ECATEPEC ""LAS AMÉRICAS""",EDOMEX,Buena,Media,"19.594136, -99.018679"
2020-08-25,"HOSPITAL GENERAL DE NAUCALPAN ""DR. MAXIMILIANO RUIZ CASTAÑEDA"" ",EDOMEX,Buena,Buena,"19.468662, -99.234348"
2020-08-25,"HOSPITAL GENERAL ATIZAPAN DE ZARAGOZA ""DR. SALVADOR GONZALEZ HERREJÓN""",EDOMEX,Buena,Buena,"19.546322, -99.237491"
2020-08-25,"HOSPITAL GENERAL CUAUTITLAN ""GRAL. JOSE VICENTE VILLADA""",EDOMEX,Media,Buena,"19.664586, -99.178557"
2020-08-25,"HOSPITAL GENERAL DE NEZAHUALCOYOTL ""GUSTAVO BAZ PRADA""",EDOMEX,Buena,Buena,"19.422253, -99.014892"
2020-08-25,"HOSPITAL GENERAL DE ECATEPEC ""JOSÉ MARÍA RODRÍGUEZ""",EDOMEX,Buena,Buena,"19.514412, -99.038087"
2020-08-25,"HOSPITAL GENERAL NEZAHUALCOYOTL ""LA PERLA"" ",EDOMEX,Buena,Buena,"19.387963, -98.989442"
2020-08-25,HOSPITAL GENERAL DE CHIMALHUACAN,EDOMEX,Buena,Media,"19.419753, -98.975140"
2020-08-25,"HOSPITAL GENERAL DE IXTAPALUCA ""PEDRO LOPEZ""",EDOMEX,Buena,Buena,"19.318829, -98.855366"
2020-08-25,HOSPITAL GENERAL DE CHALCO ,EDOMEX,Buena,Buena,"19.268265, -98.893965"
2020-08-25,"HOSPITAL GENERAL TEXCOCO ""GUADALUPE VICTORIA"" BICENTENARIO ",EDOMEX,Media,Buena,"19.514309, -98.871750"
2020-08-25,"HOSPITAL GENERAL VALLE DE CHALCO ""DR. FERNANDO QUIROZ GUTIERREZ"" ",EDOMEX,Buena,Buena,"19.273775, -98.941609"
2020-08-25,"HOSPITAL GENERAL AMECAMECA ""VALENTIN GOMEZ FARIAS"" ",EDOMEX,Buena,Buena,"19.144883, -98.785072"
2020-08-25,HOSPITAL GENERAL DE AXAPUSCO,EDOMEX,Buena,Media,"19.732872, -98.769445"
2020-08-26,INSTITUTO NACIONAL DE NUTRICIÓN,SSA,Crítica,Media,"19.289599, -99.155441"
2020-08-26,INER,SSA,Crítica,Media,"19.291375, -99.158653"
2020-08-26,HOSPITAL GENERAL DE MÉXICO,SSA,Buena,Buena,"19.4129258, -99.1520225"
2020-08-26,HOSPITAL JUAREZ,SSA,Crítica,Buena,"19.481829, -99.135576"
2020-08-26,HOSPITAL GENERAL DR. MANUEL GEA GONZÁLEZ,SSA,Media,Buena,"19.290295, -99.160861"
2020-08-26,HOSPITAL INFANTIL DE MÉXICO FEDERICO GÓMEZ,SSA,Buena,Buena,"19.410839, -99.151941"
2020-08-26,INSTITUTO  NACIONAL DE CARDIOLOGÍA IGNACIO CHÁVEZ,SSA,Buena,Buena,"19.290598, -99.153838"
2020-08-26,CITIBANAMEX,SSA,Buena,Media,"19.439732, -99.224235"
2020-08-26,HOSPITAL REGIONAL DE ALTA ESPECIALIDAD DE IXTAPALUCA,SSA,Buena,Media,"19.318796, -98.855353"
2020-08-26,BELISARIO DOMINGUEZ,SEDESA,Buena,Buena,"19.307226, -99.065356"
2020-08-26,ENRIQUE CABRERA,SEDESA,Buena,Buena,"19.361675, -99.224432"
2020-08-26,GENERAL TLAHUAC,SEDESA,Buena,Buena,"19.287492, -99.052665"
2020-08-26,PEDIATRICO DE LA VILLA,SEDESA,Buena,Buena,"19.487355, -99.114316"
2020-08-26,HOSPITAL GENERAL AJUSCO MEDIO,SEDESA,Buena,Buena,"19.272165, -99.207846"
2020-08-26,HOSPITAL GENERAL IZTAPALAPA,SEDESA,Buena,Buena,"19.343426, -99.027236"
2020-08-26,HOSPITAL GENERAL XOCO,SEDESA,Media,Buena,"19.360313, -99.162275"
2020-08-26,HOSPITAL GENERAL VILLA,SEDESA,Media,Buena,"19.480079, -99.103353"
2020-08-26,HOSPITAL GENERAL DR. RUBÉN LEÑERO,SEDESA,Media,Buena,"19.451398, -99.169565"
2020-08-26,HOSPITAL GENERAL MILPA ALTA,SEDESA,Buena,Buena,"19.200951, -99.011210"
2020-08-26,HOSPITAL GENERAL BALBUENA,SEDESA,Buena,Buena,"19.424195, -99.115412"
2020-08-26,HOSPITAL TEPEPAN,SEDESA,Sin Dato,Sin Dato,"19.275806, -99.144298"
2020-08-26,HOSPITAL DE ESPECIALIDADES 01 CMN SIGLO XXI (CDMX SUR),IMSS,Buena,Buena,"19.466549, -99.145102"
2020-08-26,HOSPITAL DE PEDIATRIA 01 CMN SIGLO XXI (CDMX SUR),IMSS,Buena,Buena,"19.407458, -99.152267"
2020-08-26,HOSPITAL GENERAL DE ZONA 01 CARLOS MC GREGOR (CDMX SUR),IMSS,Buena,Media,"19.395912, -99.161610"
2020-08-26,HOSPITAL GENERAL DE ZONA 1A PARQUE DE LOS VENADOS (CDMX SUR),IMSS,Media,Buena,"19.374431, -99.151203"
2020-08-26,HOSPITAL DE INFECTOLOGIA 01 LA RAZA (CDMX NORTE),IMSS,Buena,Buena,"19.464865, -99.144859"
2020-08-26,HOSPITAL GENERAL 01 (CDMX NORTE) LA RAZA,IMSS,Buena,Media,"19.395740, -99.161677"
2020-08-26,HOSPITAL GENERAL DE ZONA 24 (CDMX NORTE),IMSS,Buena,Buena,"19.483221, -99.128448"
2020-08-26,HOSPITAL GENERAL DE ZONA 27 (CDMX NORTE),IMSS,Buena,Buena,"19.454776, -99.140007"
2020-08-26,HOSPITAL GENERAL DE ZONA 2A (CDMX SUR),IMSS,Buena,Buena,"19.405495, -99.112200"
2020-08-26,HOSPITAL GENERAL DE ZONA 30 (CDMX SUR),IMSS,Media,Buena,"19.398836, -99.116913"
2020-08-26,HOSPITAL GENERAL DE ZONA 32 (CDMX SUR),IMSS,Buena,Buena,"19.307964, -99.130677"
2020-08-26,HOSPITAL GENERAL DE ZONA C/MF 08 (CDMX SUR),IMSS,Buena,Media,"19.337137, -99.200142"
2020-08-26,HOSPITAL GENERAL DE ZONA C/UMAA 48 (CDMX NORTE),IMSS,Media,Buena,"19.482375, -99.213046"
2020-08-26,HOSPITAL GENERAL 02 (CDMX SUR) VILLA COAPA (COY.),IMSS,Buena,Buena,"19.309194, -99.129593"
2020-08-26,HOSPITAL DE ESPECIALIDADES 01 (CDMX NORTE) LA RAZA (AZC),IMSS,Buena,Buena,"19.467169, -99.143785"
2020-08-26,HOSPITAL GENERAL DE ZONA C/MF 29 (S. JUAN ARAGÓN),IMSS,Buena,Buena,"19.465117, -99.085162"
2020-08-26,HOSPITAL GENERAL DE ZONA 47 (CDMX SUR) (IZP),IMSS,Buena,Buena,"19.357566, -99.054269"
2020-08-26,UNIDAD MÓVIL TEMPORAL COVID,IMSS,Crítica,Crítica,"19.403082, -99.089177"
2020-08-26,CRIT IZTAPALAPA,IMSS,Buena,Buena,"19.328321, -99.068530"
2020-08-26,HOSPITAL GENERAL REGIONAL 72,IMSS,Media,Media,"19.356913, -98.990929"
2020-08-26,HOSPITAL GENERAL REGIONAL 196,IMSS,Buena,Buena,"19.515133, -98.891450"
2020-08-26,HOSPITAL GENERAL REGIONAL 200,IMSS,Buena,Buena,"19.470300, -99.234208"
2020-08-26,HOSPITAL GENERAL DE ZONA 53,IMSS,Buena,Buena,"19.597387, -99.188426"
2020-08-26,HOSPITAL GENERAL DE ZONA 197,IMSS,Buena,Buena,"19.530797, -99.222446"
2020-08-26,HOSPITAL GENERAL DE ZONA 194,IMSS,Media,Buena,"19.570070, -99.044009"
2020-08-26,HOSPITAL GENERAL DE ZONA 57 (LA QUEBRADA),IMSS,Buena,Buena,"19.542797, -99.205022"
2020-08-26,HOSPITAL GENERAL DE ZONA 58 (LAS MARGARITAS),IMSS,Media,Media,"19.529016, -99.030983"
2020-08-26,HOSPITAL GENERAL DE ZONA 68 (TULPETLAC),IMSS,Buena,Buena,"19.742905, -98.972971"
2020-08-26,HOSPITAL GENERAL DE ZONA 71 (CHALCO),IMSS,Buena,Buena,"19.356913, -98.990929"
2020-08-26,HOSPITAL GENERAL DE ZONA 76 (XALOSTOC),IMSS,Media,Buena,"19.515133, -98.891450"
2020-08-26,HOSPITAL GENERAL DE ZONA 98 (COACALCO),IMSS,Buena,Buena,"19.470300, -99.234208"
2020-08-26,CRIT NEZAHUALCÓYOTL,IMSS,Buena,Buena,"19.425795, -99.029987"
2020-08-26,CENTRO MEDICO 20 DE NOVIEMBRE,ISSSTE,Buena,Buena,"19.372720, -99.171205"
2020-08-26,HG DARIO FERNANDEZ FIERRO,ISSSTE,Media,Crítica,"19.363602, -99.188608"
2020-08-26,HG JOSE MARIA MORELOS,ISSSTE,Buena,Crítica,"19.363918, -98.995393"
2020-08-26,HG TACUBA,ISSSTE,Media,Buena,"19.454384, -99.191231"
2020-08-26,HG DR FERNANDO QUIROZ,ISSSTE,Media,Buena,"19.394242, -99.194187"
2020-08-26,HG IGNACIO ZARAGOZA,ISSSTE,Buena,Media,"19.389472, -99.045019"
2020-08-26,HR PRIMERO DE OCTUBRE,ISSSTE,Media,Media,"19.486751, -99.133249"
2020-08-26,HR LIC. ADOLFO LÓPEZ MATEOS,ISSSTE,Buena,Media,"19.358451, -99.172716"
2020-08-26,HR BICENTENARIO DE LA INDEPENDENCIA,ISSSTE,Buena,Media,"19.628814, -99.163343"
2020-08-26,ALTA ESPECIALIDAD DE ZUMPANGO,EDOMEX,Media,Buena,"19.815198, -99.089196"
2020-08-26,HOSPITAL REGIONAL TLALNEPANTLA ISSEMYM,EDOMEX,Media,Buena,"19.521706, -99.187341"
2020-08-26,"HOSPITAL GENERAL ECATEPEC ""LAS AMÉRICAS""",EDOMEX,Buena,Media,"19.594136, -99.018679"
2020-08-26,"HOSPITAL GENERAL DE NAUCALPAN ""DR. MAXIMILIANO RUIZ CASTAÑEDA"" ",EDOMEX,Buena,Buena,"19.468662, -99.234348"
2020-08-26,"HOSPITAL GENERAL ATIZAPAN DE ZARAGOZA ""DR. SALVADOR GONZALEZ HERREJÓN""",EDOMEX,Buena,Buena,"19.546322, -99.237491"
2020-08-26,"HOSPITAL GENERAL CUAUTITLAN ""GRAL. JOSE VICENTE VILLADA""",EDOMEX,Media,Buena,"19.664586, -99.178557"
2020-08-26,"HOSPITAL GENERAL DE NEZAHUALCOYOTL ""GUSTAVO BAZ PRADA""",EDOMEX,Buena,Buena,"19.422253, -99.014892"
2020-08-26,"HOSPITAL GENERAL DE ECATEPEC ""JOSÉ MARÍA RODRÍGUEZ""",EDOMEX,Buena,Buena,"19.514412, -99.038087"
2020-08-26,"HOSPITAL GENERAL NEZAHUALCOYOTL ""LA PERLA"" ",EDOMEX,Buena,Buena,"19.387963, -98.989442"
2020-08-26,HOSPITAL GENERAL DE CHIMALHUACAN,EDOMEX,Buena,Media,"19.419753, -98.975140"
2020-08-26,"HOSPITAL GENERAL DE IXTAPALUCA ""PEDRO LOPEZ""",EDOMEX,Buena,Buena,"19.318829, -98.855366"
2020-08-26,HOSPITAL GENERAL DE CHALCO ,EDOMEX,Buena,Buena,"19.268265, -98.893965"
2020-08-26,"HOSPITAL GENERAL TEXCOCO ""GUADALUPE VICTORIA"" BICENTENARIO ",EDOMEX,Media,Buena,"19.514309, -98.871750"
2020-08-26,"HOSPITAL GENERAL VALLE DE CHALCO ""DR. FERNANDO QUIROZ GUTIERREZ"" ",EDOMEX,Buena,Buena,"19.273775, -98.941609"
2020-08-26,"HOSPITAL GENERAL AMECAMECA ""VALENTIN GOMEZ FARIAS"" ",EDOMEX,Buena,Buena,"19.144883, -98.785072"
2020-08-26,HOSPITAL GENERAL DE AXAPUSCO,EDOMEX,Buena,Buena,"19.732872, -98.769445"
2020-08-27,INSTITUTO NACIONAL DE NUTRICIÓN,SSA,Media,Media,"19.289599, -99.155441"
2020-08-27,INER,SSA,Crítica,Media,"19.291375, -99.158653"
2020-08-27,HOSPITAL GENERAL DE MÉXICO,SSA,Buena,Buena,"19.4129258, -99.1520225"
2020-08-27,HOSPITAL JUAREZ,SSA,Media,Buena,"19.481829, -99.135576"
2020-08-27,HOSPITAL GENERAL DR. MANUEL GEA GONZÁLEZ,SSA,Media,Buena,"19.290295, -99.160861"
2020-08-27,HOSPITAL INFANTIL DE MÉXICO FEDERICO GÓMEZ,SSA,Buena,Buena,"19.410839, -99.151941"
2020-08-27,INSTITUTO  NACIONAL DE CARDIOLOGÍA IGNACIO CHÁVEZ,SSA,Buena,Buena,"19.290598, -99.153838"
2020-08-27,CITIBANAMEX,SSA,Buena,Media,"19.439732, -99.224235"
2020-08-27,HOSPITAL REGIONAL DE ALTA ESPECIALIDAD DE IXTAPALUCA,SSA,Buena,Media,"19.318796, -98.855353"
2020-08-27,BELISARIO DOMINGUEZ,SEDESA,Buena,Buena,"19.307226, -99.065356"
2020-08-27,ENRIQUE CABRERA,SEDESA,Buena,Buena,"19.361675, -99.224432"
2020-08-27,GENERAL TLAHUAC,SEDESA,Buena,Buena,"19.287492, -99.052665"
2020-08-27,PEDIATRICO DE LA VILLA,SEDESA,Buena,Buena,"19.487355, -99.114316"
2020-08-27,HOSPITAL GENERAL AJUSCO MEDIO,SEDESA,Buena,Buena,"19.272165, -99.207846"
2020-08-27,HOSPITAL GENERAL IZTAPALAPA,SEDESA,Buena,Buena,"19.343426, -99.027236"
2020-08-27,HOSPITAL GENERAL XOCO,SEDESA,Buena,Buena,"19.360313, -99.162275"
2020-08-27,HOSPITAL GENERAL VILLA,SEDESA,Media,Buena,"19.480079, -99.103353"
2020-08-27,HOSPITAL GENERAL DR. RUBÉN LEÑERO,SEDESA,Buena,Buena,"19.451398, -99.169565"
2020-08-27,HOSPITAL GENERAL MILPA ALTA,SEDESA,Buena,Buena,"19.200951, -99.011210"
2020-08-27,HOSPITAL GENERAL BALBUENA,SEDESA,Buena,Buena,"19.424195, -99.115412"
2020-08-27,HOSPITAL TEPEPAN,SEDESA,Sin Dato,Sin Dato,"19.275806, -99.144298"
2020-08-27,HOSPITAL DE ESPECIALIDADES 01 CMN SIGLO XXI (CDMX SUR),IMSS,Buena,Buena,"19.466549, -99.145102"
2020-08-27,HOSPITAL DE PEDIATRIA 01 CMN SIGLO XXI (CDMX SUR),IMSS,Buena,Buena,"19.407458, -99.152267"
2020-08-27,HOSPITAL GENERAL DE ZONA 01 CARLOS MC GREGOR (CDMX SUR),IMSS,Buena,Media,"19.395912, -99.161610"
2020-08-27,HOSPITAL GENERAL DE ZONA 1A PARQUE DE LOS VENADOS (CDMX SUR),IMSS,Media,Buena,"19.374431, -99.151203"
2020-08-27,HOSPITAL DE INFECTOLOGIA 01 LA RAZA (CDMX NORTE),IMSS,Buena,Buena,"19.464865, -99.144859"
2020-08-27,HOSPITAL GENERAL 01 (CDMX NORTE) LA RAZA,IMSS,Buena,Media,"19.395740, -99.161677"
2020-08-27,HOSPITAL GENERAL DE ZONA 24 (CDMX NORTE),IMSS,Buena,Buena,"19.483221, -99.128448"
2020-08-27,HOSPITAL GENERAL DE ZONA 27 (CDMX NORTE),IMSS,Media,Buena,"19.454776, -99.140007"
2020-08-27,HOSPITAL GENERAL DE ZONA 2A (CDMX SUR),IMSS,Buena,Buena,"19.405495, -99.112200"
2020-08-27,HOSPITAL GENERAL DE ZONA 30 (CDMX SUR),IMSS,Buena,Media,"19.398836, -99.116913"
2020-08-27,HOSPITAL GENERAL DE ZONA 32 (CDMX SUR),IMSS,Media,Buena,"19.307964, -99.130677"
2020-08-27,HOSPITAL GENERAL DE ZONA C/MF 08 (CDMX SUR),IMSS,Buena,Buena,"19.337137, -99.200142"
2020-08-27,HOSPITAL GENERAL DE ZONA C/UMAA 48 (CDMX NORTE),IMSS,Media,Buena,"19.482375, -99.213046"
2020-08-27,HOSPITAL GENERAL 02 (CDMX SUR) VILLA COAPA (COY.),IMSS,Buena,Buena,"19.309194, -99.129593"
2020-08-27,HOSPITAL DE ESPECIALIDADES 01 (CDMX NORTE) LA RAZA (AZC),IMSS,Buena,Buena,"19.467169, -99.143785"
2020-08-27,HOSPITAL GENERAL DE ZONA C/MF 29 (S. JUAN ARAGÓN),IMSS,Buena,Buena,"19.465117, -99.085162"
2020-08-27,HOSPITAL GENERAL DE ZONA 47 (CDMX SUR) (IZP),IMSS,Buena,Buena,"19.357566, -99.054269"
2020-08-27,UNIDAD MÓVIL TEMPORAL COVID,IMSS,Crítica,Crítica,"19.403082, -99.089177"
2020-08-27,CRIT IZTAPALAPA,IMSS,Buena,Buena,"19.328321, -99.068530"
2020-08-27,HOSPITAL GENERAL REGIONAL 72,IMSS,Media,Media,"19.356913, -98.990929"
2020-08-27,HOSPITAL GENERAL REGIONAL 196,IMSS,Buena,Buena,"19.515133, -98.891450"
2020-08-27,HOSPITAL GENERAL REGIONAL 200,IMSS,Buena,Buena,"19.470300, -99.234208"
2020-08-27,HOSPITAL GENERAL DE ZONA 53,IMSS,Buena,Buena,"19.597387, -99.188426"
2020-08-27,HOSPITAL GENERAL DE ZONA 197,IMSS,Buena,Buena,"19.530797, -99.222446"
2020-08-27,HOSPITAL GENERAL DE ZONA 194,IMSS,Media,Buena,"19.570070, -99.044009"
2020-08-27,HOSPITAL GENERAL DE ZONA 57 (LA QUEBRADA),IMSS,Buena,Buena,"19.542797, -99.205022"
2020-08-27,HOSPITAL GENERAL DE ZONA 58 (LAS MARGARITAS),IMSS,Media,Media,"19.529016, -99.030983"
2020-08-27,HOSPITAL GENERAL DE ZONA 68 (TULPETLAC),IMSS,Buena,Buena,"19.742905, -98.972971"
2020-08-27,HOSPITAL GENERAL DE ZONA 71 (CHALCO),IMSS,Buena,Buena,"19.356913, -98.990929"
2020-08-27,HOSPITAL GENERAL DE ZONA 76 (XALOSTOC),IMSS,Media,Buena,"19.515133, -98.891450"
2020-08-27,HOSPITAL GENERAL DE ZONA 98 (COACALCO),IMSS,Buena,Buena,"19.470300, -99.234208"
2020-08-27,CRIT NEZAHUALCÓYOTL,IMSS,Buena,Buena,"19.425795, -99.029987"
2020-08-27,CENTRO MEDICO 20 DE NOVIEMBRE,ISSSTE,Buena,Buena,"19.372720, -99.171205"
2020-08-27,HG DARIO FERNANDEZ FIERRO,ISSSTE,Media,Crítica,"19.363602, -99.188608"
2020-08-27,HG JOSE MARIA MORELOS,ISSSTE,Buena,Crítica,"19.363918, -98.995393"
2020-08-27,HG TACUBA,ISSSTE,Crítica,Buena,"19.454384, -99.191231"
2020-08-27,HG DR FERNANDO QUIROZ,ISSSTE,Media,Buena,"19.394242, -99.194187"
2020-08-27,HG IGNACIO ZARAGOZA,ISSSTE,Buena,Buena,"19.389472, -99.045019"
2020-08-27,HR PRIMERO DE OCTUBRE,ISSSTE,Media,Media,"19.486751, -99.133249"
2020-08-27,HR LIC. ADOLFO LÓPEZ MATEOS,ISSSTE,Buena,Media,"19.358451, -99.172716"
2020-08-27,HR BICENTENARIO DE LA INDEPENDENCIA,ISSSTE,Buena,Media,"19.628814, -99.163343"
2020-08-27,ALTA ESPECIALIDAD DE ZUMPANGO,EDOMEX,Media,Buena,"19.815198, -99.089196"
2020-08-27,HOSPITAL REGIONAL TLALNEPANTLA ISSEMYM,EDOMEX,Buena,Buena,"19.521706, -99.187341"
2020-08-27,"HOSPITAL GENERAL ECATEPEC ""LAS AMÉRICAS""",EDOMEX,Buena,Media,"19.594136, -99.018679"
2020-08-27,"HOSPITAL GENERAL DE NAUCALPAN ""DR. MAXIMILIANO RUIZ CASTAÑEDA"" ",EDOMEX,Buena,Buena,"19.468662, -99.234348"
2020-08-27,"HOSPITAL GENERAL ATIZAPAN DE ZARAGOZA ""DR. SALVADOR GONZALEZ HERREJÓN""",EDOMEX,Buena,Buena,"19.546322, -99.237491"
2020-08-27,"HOSPITAL GENERAL CUAUTITLAN ""GRAL. JOSE VICENTE VILLADA""",EDOMEX,Media,Buena,"19.664586, -99.178557"
2020-08-27,"HOSPITAL GENERAL DE NEZAHUALCOYOTL ""GUSTAVO BAZ PRADA""",EDOMEX,Buena,Media,"19.422253, -99.014892"
2020-08-27,"HOSPITAL GENERAL DE ECATEPEC ""JOSÉ MARÍA RODRÍGUEZ""",EDOMEX,Buena,Media,"19.514412, -99.038087"
2020-08-27,"HOSPITAL GENERAL NEZAHUALCOYOTL ""LA PERLA"" ",EDOMEX,Buena,Buena,"19.387963, -98.989442"
2020-08-27,HOSPITAL GENERAL DE CHIMALHUACAN,EDOMEX,Buena,Media,"19.419753, -98.975140"
2020-08-27,"HOSPITAL GENERAL DE IXTAPALUCA ""PEDRO LOPEZ""",EDOMEX,Buena,Buena,"19.318829, -98.855366"
2020-08-27,HOSPITAL GENERAL DE CHALCO ,EDOMEX,Buena,Buena,"19.268265, -98.893965"
2020-08-27,"HOSPITAL GENERAL TEXCOCO ""GUADALUPE VICTORIA"" BICENTENARIO ",EDOMEX,Media,Buena,"19.514309, -98.871750"
2020-08-27,"HOSPITAL GENERAL VALLE DE CHALCO ""DR. FERNANDO QUIROZ GUTIERREZ"" ",EDOMEX,Buena,Buena,"19.273775, -98.941609"
2020-08-27,"HOSPITAL GENERAL AMECAMECA ""VALENTIN GOMEZ FARIAS"" ",EDOMEX,Buena,Buena,"19.144883, -98.785072"
2020-08-27,HOSPITAL GENERAL DE AXAPUSCO,EDOMEX,Buena,Buena,"19.732872, -98.769445"
2020-08-28,INSTITUTO NACIONAL DE NUTRICIÓN,SSA,Media,Media,"19.289599, -99.155441"
2020-08-28,INER,SSA,Media,Media,"19.291375, -99.158653"
2020-08-28,HOSPITAL GENERAL DE MÉXICO,SSA,Buena,Buena,"19.4129258, -99.1520225"
2020-08-28,HOSPITAL JUAREZ,SSA,Media,Buena,"19.481829, -99.135576"
2020-08-28,HOSPITAL GENERAL DR. MANUEL GEA GONZÁLEZ,SSA,Media,Buena,"19.290295, -99.160861"
2020-08-28,HOSPITAL INFANTIL DE MÉXICO FEDERICO GÓMEZ,SSA,Buena,Buena,"19.410839, -99.151941"
2020-08-28,INSTITUTO  NACIONAL DE CARDIOLOGÍA IGNACIO CHÁVEZ,SSA,Buena,Buena,"19.290598, -99.153838"
2020-08-28,CITIBANAMEX,SSA,Buena,Media,"19.439732, -99.224235"
2020-08-28,HOSPITAL REGIONAL DE ALTA ESPECIALIDAD DE IXTAPALUCA,SSA,Buena,Media,"19.318796, -98.855353"
2020-08-28,BELISARIO DOMINGUEZ,SEDESA,Buena,Buena,"19.307226, -99.065356"
2020-08-28,ENRIQUE CABRERA,SEDESA,Buena,Buena,"19.361675, -99.224432"
2020-08-28,GENERAL TLAHUAC,SEDESA,Buena,Buena,"19.287492, -99.052665"
2020-08-28,PEDIATRICO DE LA VILLA,SEDESA,Buena,Buena,"19.487355, -99.114316"
2020-08-28,HOSPITAL GENERAL AJUSCO MEDIO,SEDESA,Buena,Buena,"19.272165, -99.207846"
2020-08-28,HOSPITAL GENERAL IZTAPALAPA,SEDESA,Buena,Buena,"19.343426, -99.027236"
2020-08-28,HOSPITAL GENERAL XOCO,SEDESA,Media,Buena,"19.360313, -99.162275"
2020-08-28,HOSPITAL GENERAL VILLA,SEDESA,Media,Buena,"19.480079, -99.103353"
2020-08-28,HOSPITAL GENERAL DR. RUBÉN LEÑERO,SEDESA,Media,Buena,"19.451398, -99.169565"
2020-08-28,HOSPITAL GENERAL MILPA ALTA,SEDESA,Buena,Buena,"19.200951, -99.011210"
2020-08-28,HOSPITAL GENERAL BALBUENA,SEDESA,Buena,Buena,"19.424195, -99.115412"
2020-08-28,HOSPITAL TEPEPAN,SEDESA,Sin Dato,Sin Dato,"19.275806, -99.144298"
2020-08-28,HOSPITAL DE ESPECIALIDADES 01 CMN SIGLO XXI (CDMX SUR),IMSS,Buena,Buena,"19.466549, -99.145102"
2020-08-28,HOSPITAL DE PEDIATRIA 01 CMN SIGLO XXI (CDMX SUR),IMSS,Buena,Buena,"19.407458, -99.152267"
2020-08-28,HOSPITAL GENERAL DE ZONA 01 CARLOS MC GREGOR (CDMX SUR),IMSS,Buena,Media,"19.395912, -99.161610"
2020-08-28,HOSPITAL GENERAL DE ZONA 1A PARQUE DE LOS VENADOS (CDMX SUR),IMSS,Media,Buena,"19.374431, -99.151203"
2020-08-28,HOSPITAL DE INFECTOLOGIA 01 LA RAZA (CDMX NORTE),IMSS,Buena,Buena,"19.464865, -99.144859"
2020-08-28,HOSPITAL GENERAL 01 (CDMX NORTE) LA RAZA,IMSS,Buena,Buena,"19.395740, -99.161677"
2020-08-28,HOSPITAL GENERAL DE ZONA 24 (CDMX NORTE),IMSS,Buena,Buena,"19.483221, -99.128448"
2020-08-28,HOSPITAL GENERAL DE ZONA 27 (CDMX NORTE),IMSS,Media,Buena,"19.454776, -99.140007"
2020-08-28,HOSPITAL GENERAL DE ZONA 2A (CDMX SUR),IMSS,Buena,Buena,"19.405495, -99.112200"
2020-08-28,HOSPITAL GENERAL DE ZONA 30 (CDMX SUR),IMSS,Buena,Media,"19.398836, -99.116913"
2020-08-28,HOSPITAL GENERAL DE ZONA 32 (CDMX SUR),IMSS,Media,Buena,"19.307964, -99.130677"
2020-08-28,HOSPITAL GENERAL DE ZONA C/MF 08 (CDMX SUR),IMSS,Buena,Buena,"19.337137, -99.200142"
2020-08-28,HOSPITAL GENERAL DE ZONA C/UMAA 48 (CDMX NORTE),IMSS,Media,Buena,"19.482375, -99.213046"
2020-08-28,HOSPITAL GENERAL 02 (CDMX SUR) VILLA COAPA (COY.),IMSS,Buena,Buena,"19.309194, -99.129593"
2020-08-28,HOSPITAL DE ESPECIALIDADES 01 (CDMX NORTE) LA RAZA (AZC),IMSS,Buena,Buena,"19.467169, -99.143785"
2020-08-28,HOSPITAL GENERAL DE ZONA C/MF 29 (S. JUAN ARAGÓN),IMSS,Buena,Buena,"19.465117, -99.085162"
2020-08-28,HOSPITAL GENERAL DE ZONA 47 (CDMX SUR) (IZP),IMSS,Buena,Buena,"19.357566, -99.054269"
2020-08-28,UNIDAD MÓVIL TEMPORAL COVID,IMSS,Crítica,Crítica,"19.403082, -99.089177"
2020-08-28,CRIT IZTAPALAPA,IMSS,Buena,Buena,"19.328321, -99.068530"
2020-08-28,HOSPITAL GENERAL REGIONAL 72,IMSS,Media,Media,"19.356913, -98.990929"
2020-08-28,HOSPITAL GENERAL REGIONAL 196,IMSS,Buena,Buena,"19.515133, -98.891450"
2020-08-28,HOSPITAL GENERAL REGIONAL 200,IMSS,Buena,Buena,"19.470300, -99.234208"
2020-08-28,HOSPITAL GENERAL DE ZONA 53,IMSS,Buena,Buena,"19.597387, -99.188426"
2020-08-28,HOSPITAL GENERAL DE ZONA 197,IMSS,Buena,Buena,"19.530797, -99.222446"
2020-08-28,HOSPITAL GENERAL DE ZONA 194,IMSS,Media,Buena,"19.570070, -99.044009"
2020-08-28,HOSPITAL GENERAL DE ZONA 57 (LA QUEBRADA),IMSS,Buena,Buena,"19.542797, -99.205022"
2020-08-28,HOSPITAL GENERAL DE ZONA 58 (LAS MARGARITAS),IMSS,Media,Media,"19.529016, -99.030983"
2020-08-28,HOSPITAL GENERAL DE ZONA 68 (TULPETLAC),IMSS,Buena,Buena,"19.742905, -98.972971"
2020-08-28,HOSPITAL GENERAL DE ZONA 71 (CHALCO),IMSS,Buena,Buena,"19.356913, -98.990929"
2020-08-28,HOSPITAL GENERAL DE ZONA 76 (XALOSTOC),IMSS,Media,Buena,"19.515133, -98.891450"
2020-08-28,HOSPITAL GENERAL DE ZONA 98 (COACALCO),IMSS,Buena,Buena,"19.470300, -99.234208"
2020-08-28,CRIT NEZAHUALCÓYOTL,IMSS,Media,Buena,"19.425795, -99.029987"
2020-08-28,CENTRO MEDICO 20 DE NOVIEMBRE,ISSSTE,Buena,Buena,"19.372720, -99.171205"
2020-08-28,HG DARIO FERNANDEZ FIERRO,ISSSTE,Media,Crítica,"19.363602, -99.188608"
2020-08-28,HG JOSE MARIA MORELOS,ISSSTE,Buena,Media,"19.363918, -98.995393"
2020-08-28,HG TACUBA,ISSSTE,Crítica,Media,"19.454384, -99.191231"
2020-08-28,HG DR FERNANDO QUIROZ,ISSSTE,Media,Buena,"19.394242, -99.194187"
2020-08-28,HG IGNACIO ZARAGOZA,ISSSTE,Buena,Media,"19.389472, -99.045019"
2020-08-28,HR PRIMERO DE OCTUBRE,ISSSTE,Media,Media,"19.486751, -99.133249"
2020-08-28,HR LIC. ADOLFO LÓPEZ MATEOS,ISSSTE,Buena,Media,"19.358451, -99.172716"
2020-08-28,HR BICENTENARIO DE LA INDEPENDENCIA,ISSSTE,Buena,Media,"19.628814, -99.163343"
2020-08-28,ALTA ESPECIALIDAD DE ZUMPANGO,EDOMEX,Media,Buena,"19.815198, -99.089196"
2020-08-28,HOSPITAL REGIONAL TLALNEPANTLA ISSEMYM,EDOMEX,Media,Buena,"19.521706, -99.187341"
2020-08-28,"HOSPITAL GENERAL ECATEPEC ""LAS AMÉRICAS""",EDOMEX,Buena,Buena,"19.594136, -99.018679"
2020-08-28,"HOSPITAL GENERAL DE NAUCALPAN ""DR. MAXIMILIANO RUIZ CASTAÑEDA"" ",EDOMEX,Buena,Buena,"19.468662, -99.234348"
2020-08-28,"HOSPITAL GENERAL ATIZAPAN DE ZARAGOZA ""DR. SALVADOR GONZALEZ HERREJÓN""",EDOMEX,Buena,Buena,"19.546322, -99.237491"
2020-08-28,"HOSPITAL GENERAL CUAUTITLAN ""GRAL. JOSE VICENTE VILLADA""",EDOMEX,Media,Media,"19.664586, -99.178557"
2020-08-28,"HOSPITAL GENERAL DE NEZAHUALCOYOTL ""GUSTAVO BAZ PRADA""",EDOMEX,Buena,Media,"19.422253, -99.014892"
2020-08-28,"HOSPITAL GENERAL DE ECATEPEC ""JOSÉ MARÍA RODRÍGUEZ""",EDOMEX,Buena,Buena,"19.514412, -99.038087"
2020-08-28,"HOSPITAL GENERAL NEZAHUALCOYOTL ""LA PERLA"" ",EDOMEX,Buena,Buena,"19.387963, -98.989442"
2020-08-28,HOSPITAL GENERAL DE CHIMALHUACAN,EDOMEX,Buena,Media,"19.419753, -98.975140"
2020-08-28,"HOSPITAL GENERAL DE IXTAPALUCA ""PEDRO LOPEZ""",EDOMEX,Buena,Buena,"19.318829, -98.855366"
2020-08-28,HOSPITAL GENERAL DE CHALCO ,EDOMEX,Buena,Buena,"19.268265, -98.893965"
2020-08-28,"HOSPITAL GENERAL TEXCOCO ""GUADALUPE VICTORIA"" BICENTENARIO ",EDOMEX,Media,Buena,"19.514309, -98.871750"
2020-08-28,"HOSPITAL GENERAL VALLE DE CHALCO ""DR. FERNANDO QUIROZ GUTIERREZ"" ",EDOMEX,Buena,Buena,"19.273775, -98.941609"
2020-08-28,"HOSPITAL GENERAL AMECAMECA ""VALENTIN GOMEZ FARIAS"" ",EDOMEX,Buena,Buena,"19.144883, -98.785072"
2020-08-28,HOSPITAL GENERAL DE AXAPUSCO,EDOMEX,Buena,Buena,"19.732872, -98.769445"
2020-08-29,INSTITUTO NACIONAL DE NUTRICIÓN,SSA,Media,Media,"19.289599, -99.155441"
2020-08-29,INER,SSA,Media,Media,"19.291375, -99.158653"
2020-08-29,HOSPITAL GENERAL DE MÉXICO,SSA,Buena,Buena,"19.4129258, -99.1520225"
2020-08-29,HOSPITAL JUAREZ,SSA,Media,Buena,"19.481829, -99.135576"
2020-08-29,HOSPITAL GENERAL DR. MANUEL GEA GONZÁLEZ,SSA,Media,Buena,"19.290295, -99.160861"
2020-08-29,HOSPITAL INFANTIL DE MÉXICO FEDERICO GÓMEZ,SSA,Buena,Buena,"19.410839, -99.151941"
2020-08-29,INSTITUTO  NACIONAL DE CARDIOLOGÍA IGNACIO CHÁVEZ,SSA,Buena,Buena,"19.290598, -99.153838"
2020-08-29,CITIBANAMEX,SSA,Buena,Crítica,"19.439732, -99.224235"
2020-08-29,HOSPITAL REGIONAL DE ALTA ESPECIALIDAD DE IXTAPALUCA,SSA,Buena,Media,"19.318796, -98.855353"
2020-08-29,BELISARIO DOMINGUEZ,SEDESA,Buena,Buena,"19.307226, -99.065356"
2020-08-29,ENRIQUE CABRERA,SEDESA,Buena,Buena,"19.361675, -99.224432"
2020-08-29,GENERAL TLAHUAC,SEDESA,Buena,Buena,"19.287492, -99.052665"
2020-08-29,PEDIATRICO DE LA VILLA,SEDESA,Buena,Buena,"19.487355, -99.114316"
2020-08-29,HOSPITAL GENERAL AJUSCO MEDIO,SEDESA,Buena,Buena,"19.272165, -99.207846"
2020-08-29,HOSPITAL GENERAL IZTAPALAPA,SEDESA,Buena,Buena,"19.343426, -99.027236"
2020-08-29,HOSPITAL GENERAL XOCO,SEDESA,Buena,Buena,"19.360313, -99.162275"
2020-08-29,HOSPITAL GENERAL VILLA,SEDESA,Media,Buena,"19.480079, -99.103353"
2020-08-29,HOSPITAL GENERAL DR. RUBÉN LEÑERO,SEDESA,Media,Buena,"19.451398, -99.169565"
2020-08-29,HOSPITAL GENERAL MILPA ALTA,SEDESA,Buena,Buena,"19.200951, -99.011210"
2020-08-29,HOSPITAL GENERAL BALBUENA,SEDESA,Buena,Buena,"19.424195, -99.115412"
2020-08-29,HOSPITAL TEPEPAN,SEDESA,Sin Dato,Sin Dato,"19.275806, -99.144298"
2020-08-29,HOSPITAL DE ESPECIALIDADES 01 CMN SIGLO XXI (CDMX SUR),IMSS,Buena,Buena,"19.466549, -99.145102"
2020-08-29,HOSPITAL DE PEDIATRIA 01 CMN SIGLO XXI (CDMX SUR),IMSS,Buena,Buena,"19.407458, -99.152267"
2020-08-29,HOSPITAL GENERAL DE ZONA 01 CARLOS MC GREGOR (CDMX SUR),IMSS,Buena,Media,"19.395912, -99.161610"
2020-08-29,HOSPITAL GENERAL DE ZONA 1A PARQUE DE LOS VENADOS (CDMX SUR),IMSS,Media,Buena,"19.374431, -99.151203"
2020-08-29,HOSPITAL DE INFECTOLOGIA 01 LA RAZA (CDMX NORTE),IMSS,Buena,Buena,"19.464865, -99.144859"
2020-08-29,HOSPITAL GENERAL 01 (CDMX NORTE) LA RAZA,IMSS,Buena,Buena,"19.395740, -99.161677"
2020-08-29,HOSPITAL GENERAL DE ZONA 24 (CDMX NORTE),IMSS,Buena,Buena,"19.483221, -99.128448"
2020-08-29,HOSPITAL GENERAL DE ZONA 27 (CDMX NORTE),IMSS,Buena,Buena,"19.454776, -99.140007"
2020-08-29,HOSPITAL GENERAL DE ZONA 2A (CDMX SUR),IMSS,Buena,Buena,"19.405495, -99.112200"
2020-08-29,HOSPITAL GENERAL DE ZONA 30 (CDMX SUR),IMSS,Buena,Buena,"19.398836, -99.116913"
2020-08-29,HOSPITAL GENERAL DE ZONA 32 (CDMX SUR),IMSS,Media,Buena,"19.307964, -99.130677"
2020-08-29,HOSPITAL GENERAL DE ZONA C/MF 08 (CDMX SUR),IMSS,Buena,Buena,"19.337137, -99.200142"
2020-08-29,HOSPITAL GENERAL DE ZONA C/UMAA 48 (CDMX NORTE),IMSS,Media,Buena,"19.482375, -99.213046"
2020-08-29,HOSPITAL GENERAL 02 (CDMX SUR) VILLA COAPA (COY.),IMSS,Buena,Buena,"19.309194, -99.129593"
2020-08-29,HOSPITAL DE ESPECIALIDADES 01 (CDMX NORTE) LA RAZA (AZC),IMSS,Buena,Buena,"19.467169, -99.143785"
2020-08-29,HOSPITAL GENERAL DE ZONA C/MF 29 (S. JUAN ARAGÓN),IMSS,Buena,Buena,"19.465117, -99.085162"
2020-08-29,HOSPITAL GENERAL DE ZONA 47 (CDMX SUR) (IZP),IMSS,Buena,Buena,"19.357566, -99.054269"
2020-08-29,UNIDAD MÓVIL TEMPORAL COVID,IMSS,Crítica,Media,"19.403082, -99.089177"
2020-08-29,CRIT IZTAPALAPA,IMSS,Buena,Buena,"19.328321, -99.068530"
2020-08-29,HOSPITAL GENERAL REGIONAL 72,IMSS,Media,Media,"19.356913, -98.990929"
2020-08-29,HOSPITAL GENERAL REGIONAL 196,IMSS,Buena,Buena,"19.515133, -98.891450"
2020-08-29,HOSPITAL GENERAL REGIONAL 200,IMSS,Buena,Buena,"19.470300, -99.234208"
2020-08-29,HOSPITAL GENERAL DE ZONA 53,IMSS,Buena,Buena,"19.597387, -99.188426"
2020-08-29,HOSPITAL GENERAL DE ZONA 197,IMSS,Buena,Buena,"19.530797, -99.222446"
2020-08-29,HOSPITAL GENERAL DE ZONA 194,IMSS,Media,Buena,"19.570070, -99.044009"
2020-08-29,HOSPITAL GENERAL DE ZONA 57 (LA QUEBRADA),IMSS,Buena,Buena,"19.542797, -99.205022"
2020-08-29,HOSPITAL GENERAL DE ZONA 58 (LAS MARGARITAS),IMSS,Media,Media,"19.529016, -99.030983"
2020-08-29,HOSPITAL GENERAL DE ZONA 68 (TULPETLAC),IMSS,Buena,Buena,"19.742905, -98.972971"
2020-08-29,HOSPITAL GENERAL DE ZONA 71 (CHALCO),IMSS,Buena,Buena,"19.356913, -98.990929"
2020-08-29,HOSPITAL GENERAL DE ZONA 76 (XALOSTOC),IMSS,Media,Buena,"19.515133, -98.891450"
2020-08-29,HOSPITAL GENERAL DE ZONA 98 (COACALCO),IMSS,Buena,Buena,"19.470300, -99.234208"
2020-08-29,CRIT NEZAHUALCÓYOTL,IMSS,Media,Buena,"19.425795, -99.029987"
2020-08-29,CENTRO MEDICO 20 DE NOVIEMBRE,ISSSTE,Buena,Buena,"19.372720, -99.171205"
2020-08-29,HG DARIO FERNANDEZ FIERRO,ISSSTE,Media,Crítica,"19.363602, -99.188608"
2020-08-29,HG JOSE MARIA MORELOS,ISSSTE,Buena,Media,"19.363918, -98.995393"
2020-08-29,HG TACUBA,ISSSTE,Media,Media,"19.454384, -99.191231"
2020-08-29,HG DR FERNANDO QUIROZ,ISSSTE,Media,Buena,"19.394242, -99.194187"
2020-08-29,HG IGNACIO ZARAGOZA,ISSSTE,Buena,Buena,"19.389472, -99.045019"
2020-08-29,HR PRIMERO DE OCTUBRE,ISSSTE,Media,Media,"19.486751, -99.133249"
2020-08-29,HR LIC. ADOLFO LÓPEZ MATEOS,ISSSTE,Buena,Media,"19.358451, -99.172716"
2020-08-29,HR BICENTENARIO DE LA INDEPENDENCIA,ISSSTE,Media,Media,"19.628814, -99.163343"
2020-08-29,ALTA ESPECIALIDAD DE ZUMPANGO,EDOMEX,Media,Buena,"19.815198, -99.089196"
2020-08-29,HOSPITAL REGIONAL TLALNEPANTLA ISSEMYM,EDOMEX,Buena,Buena,"19.521706, -99.187341"
2020-08-29,"HOSPITAL GENERAL ECATEPEC ""LAS AMÉRICAS""",EDOMEX,Buena,Buena,"19.594136, -99.018679"
2020-08-29,"HOSPITAL GENERAL DE NAUCALPAN ""DR. MAXIMILIANO RUIZ CASTAÑEDA"" ",EDOMEX,Buena,Buena,"19.468662, -99.234348"
2020-08-29,"HOSPITAL GENERAL ATIZAPAN DE ZARAGOZA ""DR. SALVADOR GONZALEZ HERREJÓN""",EDOMEX,Buena,Buena,"19.546322, -99.237491"
2020-08-29,"HOSPITAL GENERAL CUAUTITLAN ""GRAL. JOSE VICENTE VILLADA""",EDOMEX,Media,Buena,"19.664586, -99.178557"
2020-08-29,"HOSPITAL GENERAL DE NEZAHUALCOYOTL ""GUSTAVO BAZ PRADA""",EDOMEX,Buena,Crítica,"19.422253, -99.014892"
2020-08-29,"HOSPITAL GENERAL DE ECATEPEC ""JOSÉ MARÍA RODRÍGUEZ""",EDOMEX,Buena,Buena,"19.514412, -99.038087"
2020-08-29,"HOSPITAL GENERAL NEZAHUALCOYOTL ""LA PERLA"" ",EDOMEX,Buena,Buena,"19.387963, -98.989442"
2020-08-29,HOSPITAL GENERAL DE CHIMALHUACAN,EDOMEX,Buena,Buena,"19.419753, -98.975140"
2020-08-29,"HOSPITAL GENERAL DE IXTAPALUCA ""PEDRO LOPEZ""",EDOMEX,Buena,Buena,"19.318829, -98.855366"
2020-08-29,HOSPITAL GENERAL DE CHALCO ,EDOMEX,Buena,Buena,"19.268265, -98.893965"
2020-08-29,"HOSPITAL GENERAL TEXCOCO ""GUADALUPE VICTORIA"" BICENTENARIO ",EDOMEX,Media,Buena,"19.514309, -98.871750"
2020-08-29,"HOSPITAL GENERAL VALLE DE CHALCO ""DR. FERNANDO QUIROZ GUTIERREZ"" ",EDOMEX,Buena,Buena,"19.273775, -98.941609"
2020-08-29,"HOSPITAL GENERAL AMECAMECA ""VALENTIN GOMEZ FARIAS"" ",EDOMEX,Buena,Buena,"19.144883, -98.785072"
2020-08-29,HOSPITAL GENERAL DE AXAPUSCO,EDOMEX,Buena,Media,"19.732872, -98.769445"
2020-08-30,INSTITUTO NACIONAL DE NUTRICIÓN,SSA,Media,Media,"19.289599, -99.155441"
2020-08-30,INER,SSA,Media,Media,"19.291375, -99.158653"
2020-08-30,HOSPITAL GENERAL DE MÉXICO,SSA,Buena,Buena,"19.4129258, -99.1520225"
2020-08-30,HOSPITAL JUAREZ,SSA,Media,Buena,"19.481829, -99.135576"
2020-08-30,HOSPITAL GENERAL DR. MANUEL GEA GONZÁLEZ,SSA,Media,Buena,"19.290295, -99.160861"
2020-08-30,HOSPITAL INFANTIL DE MÉXICO FEDERICO GÓMEZ,SSA,Buena,Buena,"19.410839, -99.151941"
2020-08-30,INSTITUTO  NACIONAL DE CARDIOLOGÍA IGNACIO CHÁVEZ,SSA,Buena,Buena,"19.290598, -99.153838"
2020-08-30,CITIBANAMEX,SSA,Buena,Media,"19.439732, -99.224235"
2020-08-30,HOSPITAL REGIONAL DE ALTA ESPECIALIDAD DE IXTAPALUCA,SSA,Buena,Media,"19.318796, -98.855353"
2020-08-30,BELISARIO DOMINGUEZ,SEDESA,Buena,Buena,"19.307226, -99.065356"
2020-08-30,ENRIQUE CABRERA,SEDESA,Buena,Buena,"19.361675, -99.224432"
2020-08-30,GENERAL TLAHUAC,SEDESA,Buena,Buena,"19.287492, -99.052665"
2020-08-30,PEDIATRICO DE LA VILLA,SEDESA,Buena,Buena,"19.487355, -99.114316"
2020-08-30,HOSPITAL GENERAL AJUSCO MEDIO,SEDESA,Buena,Buena,"19.272165, -99.207846"
2020-08-30,HOSPITAL GENERAL IZTAPALAPA,SEDESA,Buena,Buena,"19.343426, -99.027236"
2020-08-30,HOSPITAL GENERAL XOCO,SEDESA,Buena,Buena,"19.360313, -99.162275"
2020-08-30,HOSPITAL GENERAL VILLA,SEDESA,Media,Buena,"19.480079, -99.103353"
2020-08-30,HOSPITAL GENERAL DR. RUBÉN LEÑERO,SEDESA,Media,Buena,"19.451398, -99.169565"
2020-08-30,HOSPITAL GENERAL MILPA ALTA,SEDESA,Buena,Buena,"19.200951, -99.011210"
2020-08-30,HOSPITAL GENERAL BALBUENA,SEDESA,Buena,Buena,"19.424195, -99.115412"
2020-08-30,HOSPITAL TEPEPAN,SEDESA,Sin Dato,Sin Dato,"19.275806, -99.144298"
2020-08-30,HOSPITAL DE ESPECIALIDADES 01 CMN SIGLO XXI (CDMX SUR),IMSS,Buena,Buena,"19.466549, -99.145102"
2020-08-30,HOSPITAL DE PEDIATRIA 01 CMN SIGLO XXI (CDMX SUR),IMSS,Buena,Buena,"19.407458, -99.152267"
2020-08-30,HOSPITAL GENERAL DE ZONA 01 CARLOS MC GREGOR (CDMX SUR),IMSS,Buena,Media,"19.395912, -99.161610"
2020-08-30,HOSPITAL GENERAL DE ZONA 1A PARQUE DE LOS VENADOS (CDMX SUR),IMSS,Media,Buena,"19.374431, -99.151203"
2020-08-30,HOSPITAL DE INFECTOLOGIA 01 LA RAZA (CDMX NORTE),IMSS,Buena,Buena,"19.464865, -99.144859"
2020-08-30,HOSPITAL GENERAL 01 (CDMX NORTE) LA RAZA,IMSS,Buena,Buena,"19.395740, -99.161677"
2020-08-30,HOSPITAL GENERAL DE ZONA 24 (CDMX NORTE),IMSS,Buena,Buena,"19.483221, -99.128448"
2020-08-30,HOSPITAL GENERAL DE ZONA 27 (CDMX NORTE),IMSS,Buena,Buena,"19.454776, -99.140007"
2020-08-30,HOSPITAL GENERAL DE ZONA 2A (CDMX SUR),IMSS,Buena,Buena,"19.405495, -99.112200"
2020-08-30,HOSPITAL GENERAL DE ZONA 30 (CDMX SUR),IMSS,Buena,Buena,"19.398836, -99.116913"
2020-08-30,HOSPITAL GENERAL DE ZONA 32 (CDMX SUR),IMSS,Media,Buena,"19.307964, -99.130677"
2020-08-30,HOSPITAL GENERAL DE ZONA C/MF 08 (CDMX SUR),IMSS,Buena,Buena,"19.337137, -99.200142"
2020-08-30,HOSPITAL GENERAL DE ZONA C/UMAA 48 (CDMX NORTE),IMSS,Media,Buena,"19.482375, -99.213046"
2020-08-30,HOSPITAL GENERAL 02 (CDMX SUR) VILLA COAPA (COY.),IMSS,Media,Buena,"19.309194, -99.129593"
2020-08-30,HOSPITAL DE ESPECIALIDADES 01 (CDMX NORTE) LA RAZA (AZC),IMSS,Buena,Buena,"19.467169, -99.143785"
2020-08-30,HOSPITAL GENERAL DE ZONA C/MF 29 (S. JUAN ARAGÓN),IMSS,Buena,Buena,"19.465117, -99.085162"
2020-08-30,HOSPITAL GENERAL DE ZONA 47 (CDMX SUR) (IZP),IMSS,Buena,Buena,"19.357566, -99.054269"
2020-08-30,UNIDAD MÓVIL TEMPORAL COVID,IMSS,Crítica,Media,"19.403082, -99.089177"
2020-08-30,CRIT IZTAPALAPA,IMSS,Buena,Buena,"19.328321, -99.068530"
2020-08-30,HOSPITAL GENERAL REGIONAL 72,IMSS,Media,Media,"19.356913, -98.990929"
2020-08-30,HOSPITAL GENERAL REGIONAL 196,IMSS,Buena,Buena,"19.515133, -98.891450"
2020-08-30,HOSPITAL GENERAL REGIONAL 200,IMSS,Buena,Media,"19.470300, -99.234208"
2020-08-30,HOSPITAL GENERAL DE ZONA 53,IMSS,Buena,Buena,"19.597387, -99.188426"
2020-08-30,HOSPITAL GENERAL DE ZONA 197,IMSS,Buena,Buena,"19.530797, -99.222446"
2020-08-30,HOSPITAL GENERAL DE ZONA 194,IMSS,Media,Buena,"19.570070, -99.044009"
2020-08-30,HOSPITAL GENERAL DE ZONA 57 (LA QUEBRADA),IMSS,Buena,Buena,"19.542797, -99.205022"
2020-08-30,HOSPITAL GENERAL DE ZONA 58 (LAS MARGARITAS),IMSS,Media,Media,"19.529016, -99.030983"
2020-08-30,HOSPITAL GENERAL DE ZONA 68 (TULPETLAC),IMSS,Buena,Buena,"19.742905, -98.972971"
2020-08-30,HOSPITAL GENERAL DE ZONA 71 (CHALCO),IMSS,Buena,Buena,"19.356913, -98.990929"
2020-08-30,HOSPITAL GENERAL DE ZONA 76 (XALOSTOC),IMSS,Media,Buena,"19.515133, -98.891450"
2020-08-30,HOSPITAL GENERAL DE ZONA 98 (COACALCO),IMSS,Buena,Buena,"19.470300, -99.234208"
2020-08-30,CRIT NEZAHUALCÓYOTL,IMSS,Media,Buena,"19.425795, -99.029987"
2020-08-30,CENTRO MEDICO 20 DE NOVIEMBRE,ISSSTE,Buena,Buena,"19.372720, -99.171205"
2020-08-30,HG DARIO FERNANDEZ FIERRO,ISSSTE,Buena,Crítica,"19.363602, -99.188608"
2020-08-30,HG JOSE MARIA MORELOS,ISSSTE,Buena,Media,"19.363918, -98.995393"
2020-08-30,HG TACUBA,ISSSTE,Media,Media,"19.454384, -99.191231"
2020-08-30,HG DR FERNANDO QUIROZ,ISSSTE,Media,Buena,"19.394242, -99.194187"
2020-08-30,HG IGNACIO ZARAGOZA,ISSSTE,Buena,Media,"19.389472, -99.045019"
2020-08-30,HR PRIMERO DE OCTUBRE,ISSSTE,Buena,Media,"19.486751, -99.133249"
2020-08-30,HR LIC. ADOLFO LÓPEZ MATEOS,ISSSTE,Buena,Media,"19.358451, -99.172716"
2020-08-30,HR BICENTENARIO DE LA INDEPENDENCIA,ISSSTE,Media,Buena,"19.628814, -99.163343"
2020-08-30,ALTA ESPECIALIDAD DE ZUMPANGO,EDOMEX,Buena,Buena,"19.815198, -99.089196"
2020-08-30,HOSPITAL REGIONAL TLALNEPANTLA ISSEMYM,EDOMEX,Buena,Buena,"19.521706, -99.187341"
2020-08-30,"HOSPITAL GENERAL ECATEPEC ""LAS AMÉRICAS""",EDOMEX,Buena,Buena,"19.594136, -99.018679"
2020-08-30,"HOSPITAL GENERAL DE NAUCALPAN ""DR. MAXIMILIANO RUIZ CASTAÑEDA"" ",EDOMEX,Buena,Buena,"19.468662, -99.234348"
2020-08-30,"HOSPITAL GENERAL ATIZAPAN DE ZARAGOZA ""DR. SALVADOR GONZALEZ HERREJÓN""",EDOMEX,Buena,Buena,"19.546322, -99.237491"
2020-08-30,"HOSPITAL GENERAL CUAUTITLAN ""GRAL. JOSE VICENTE VILLADA""",EDOMEX,Media,Buena,"19.664586, -99.178557"
2020-08-30,"HOSPITAL GENERAL DE NEZAHUALCOYOTL ""GUSTAVO BAZ PRADA""",EDOMEX,Buena,Crítica,"19.422253, -99.014892"
2020-08-30,"HOSPITAL GENERAL DE ECATEPEC ""JOSÉ MARÍA RODRÍGUEZ""",EDOMEX,Buena,Buena,"19.514412, -99.038087"
2020-08-30,"HOSPITAL GENERAL NEZAHUALCOYOTL ""LA PERLA"" ",EDOMEX,Buena,Buena,"19.387963, -98.989442"
2020-08-30,HOSPITAL GENERAL DE CHIMALHUACAN,EDOMEX,Buena,Buena,"19.419753, -98.975140"
2020-08-30,"HOSPITAL GENERAL DE IXTAPALUCA ""PEDRO LOPEZ""",EDOMEX,Buena,Buena,"19.318829, -98.855366"
2020-08-30,HOSPITAL GENERAL DE CHALCO ,EDOMEX,Buena,Buena,"19.268265, -98.893965"
2020-08-30,"HOSPITAL GENERAL TEXCOCO ""GUADALUPE VICTORIA"" BICENTENARIO ",EDOMEX,Media,Buena,"19.514309, -98.871750"
2020-08-30,"HOSPITAL GENERAL VALLE DE CHALCO ""DR. FERNANDO QUIROZ GUTIERREZ"" ",EDOMEX,Buena,Buena,"19.273775, -98.941609"
2020-08-30,"HOSPITAL GENERAL AMECAMECA ""VALENTIN GOMEZ FARIAS"" ",EDOMEX,Buena,Buena,"19.144883, -98.785072"
2020-08-30,HOSPITAL GENERAL DE AXAPUSCO,EDOMEX,Buena,Media,"19.732872, -98.769445"
2020-08-31,INSTITUTO NACIONAL DE NUTRICIÓN,SSA,Media,Media,"19.289599, -99.155441"
2020-08-31,INER,SSA,Media,Media,"19.291375, -99.158653"
2020-08-31,HOSPITAL GENERAL DE MÉXICO,SSA,Buena,Buena,"19.4129258, -99.1520225"
2020-08-31,HOSPITAL JUAREZ,SSA,Media,Media,"19.481829, -99.135576"
2020-08-31,HOSPITAL GENERAL DR. MANUEL GEA GONZÁLEZ,SSA,Media,Buena,"19.290295, -99.160861"
2020-08-31,HOSPITAL INFANTIL DE MÉXICO FEDERICO GÓMEZ,SSA,Buena,Buena,"19.410839, -99.151941"
2020-08-31,INSTITUTO  NACIONAL DE CARDIOLOGÍA IGNACIO CHÁVEZ,SSA,Buena,Buena,"19.290598, -99.153838"
2020-08-31,CITIBANAMEX,SSA,Buena,Crítica,"19.439732, -99.224235"
2020-08-31,HOSPITAL REGIONAL DE ALTA ESPECIALIDAD DE IXTAPALUCA,SSA,Buena,Media,"19.318796, -98.855353"
2020-08-31,BELISARIO DOMINGUEZ,SEDESA,Buena,Buena,"19.307226, -99.065356"
2020-08-31,ENRIQUE CABRERA,SEDESA,Buena,Buena,"19.361675, -99.224432"
2020-08-31,GENERAL TLAHUAC,SEDESA,Buena,Buena,"19.287492, -99.052665"
2020-08-31,PEDIATRICO DE LA VILLA,SEDESA,Buena,Buena,"19.487355, -99.114316"
2020-08-31,HOSPITAL GENERAL AJUSCO MEDIO,SEDESA,Buena,Buena,"19.272165, -99.207846"
2020-08-31,HOSPITAL GENERAL IZTAPALAPA,SEDESA,Buena,Buena,"19.343426, -99.027236"
2020-08-31,HOSPITAL GENERAL XOCO,SEDESA,Buena,Buena,"19.360313, -99.162275"
2020-08-31,HOSPITAL GENERAL VILLA,SEDESA,Media,Buena,"19.480079, -99.103353"
2020-08-31,HOSPITAL GENERAL DR. RUBÉN LEÑERO,SEDESA,Media,Buena,"19.451398, -99.169565"
2020-08-31,HOSPITAL GENERAL MILPA ALTA,SEDESA,Buena,Buena,"19.200951, -99.011210"
2020-08-31,HOSPITAL GENERAL BALBUENA,SEDESA,Buena,Buena,"19.424195, -99.115412"
2020-08-31,HOSPITAL TEPEPAN,SEDESA,Sin Dato,Sin Dato,"19.275806, -99.144298"
2020-08-31,HOSPITAL DE ESPECIALIDADES 01 CMN SIGLO XXI (CDMX SUR),IMSS,Buena,Buena,"19.466549, -99.145102"
2020-08-31,HOSPITAL DE PEDIATRIA 01 CMN SIGLO XXI (CDMX SUR),IMSS,Buena,Buena,"19.407458, -99.152267"
2020-08-31,HOSPITAL GENERAL DE ZONA 01 CARLOS MC GREGOR (CDMX SUR),IMSS,Buena,Media,"19.395912, -99.161610"
2020-08-31,HOSPITAL GENERAL DE ZONA 1A PARQUE DE LOS VENADOS (CDMX SUR),IMSS,Media,Buena,"19.374431, -99.151203"
2020-08-31,HOSPITAL DE INFECTOLOGIA 01 LA RAZA (CDMX NORTE),IMSS,Buena,Buena,"19.464865, -99.144859"
2020-08-31,HOSPITAL GENERAL 01 (CDMX NORTE) LA RAZA,IMSS,Buena,Buena,"19.395740, -99.161677"
2020-08-31,HOSPITAL GENERAL DE ZONA 24 (CDMX NORTE),IMSS,Buena,Media,"19.483221, -99.128448"
2020-08-31,HOSPITAL GENERAL DE ZONA 27 (CDMX NORTE),IMSS,Buena,Buena,"19.454776, -99.140007"
2020-08-31,HOSPITAL GENERAL DE ZONA 2A (CDMX SUR),IMSS,Buena,Buena,"19.405495, -99.112200"
2020-08-31,HOSPITAL GENERAL DE ZONA 30 (CDMX SUR),IMSS,Buena,Buena,"19.398836, -99.116913"
2020-08-31,HOSPITAL GENERAL DE ZONA 32 (CDMX SUR),IMSS,Media,Buena,"19.307964, -99.130677"
2020-08-31,HOSPITAL GENERAL DE ZONA C/MF 08 (CDMX SUR),IMSS,Buena,Buena,"19.337137, -99.200142"
2020-08-31,HOSPITAL GENERAL DE ZONA C/UMAA 48 (CDMX NORTE),IMSS,Media,Buena,"19.482375, -99.213046"
2020-08-31,HOSPITAL GENERAL 02 (CDMX SUR) VILLA COAPA (COY.),IMSS,Media,Buena,"19.309194, -99.129593"
2020-08-31,HOSPITAL DE ESPECIALIDADES 01 (CDMX NORTE) LA RAZA (AZC),IMSS,Buena,Buena,"19.467169, -99.143785"
2020-08-31,HOSPITAL GENERAL DE ZONA C/MF 29 (S. JUAN ARAGÓN),IMSS,Buena,Buena,"19.465117, -99.085162"
2020-08-31,HOSPITAL GENERAL DE ZONA 47 (CDMX SUR) (IZP),IMSS,Buena,Buena,"19.357566, -99.054269"
2020-08-31,UNIDAD MÓVIL TEMPORAL COVID,IMSS,Crítica,Crítica,"19.403082, -99.089177"
2020-08-31,CRIT IZTAPALAPA,IMSS,Buena,Buena,"19.328321, -99.068530"
2020-08-31,HOSPITAL GENERAL REGIONAL 72,IMSS,Media,Media,"19.356913, -98.990929"
2020-08-31,HOSPITAL GENERAL REGIONAL 196,IMSS,Buena,Buena,"19.515133, -98.891450"
2020-08-31,HOSPITAL GENERAL REGIONAL 200,IMSS,Buena,Buena,"19.470300, -99.234208"
2020-08-31,HOSPITAL GENERAL DE ZONA 53,IMSS,Buena,Buena,"19.597387, -99.188426"
2020-08-31,HOSPITAL GENERAL DE ZONA 197,IMSS,Buena,Buena,"19.530797, -99.222446"
2020-08-31,HOSPITAL GENERAL DE ZONA 194,IMSS,Media,Buena,"19.570070, -99.044009"
2020-08-31,HOSPITAL GENERAL DE ZONA 57 (LA QUEBRADA),IMSS,Buena,Buena,"19.542797, -99.205022"
2020-08-31,HOSPITAL GENERAL DE ZONA 58 (LAS MARGARITAS),IMSS,Media,Media,"19.529016, -99.030983"
2020-08-31,HOSPITAL GENERAL DE ZONA 68 (TULPETLAC),IMSS,Buena,Buena,"19.742905, -98.972971"
2020-08-31,HOSPITAL GENERAL DE ZONA 71 (CHALCO),IMSS,Buena,Buena,"19.356913, -98.990929"
2020-08-31,HOSPITAL GENERAL DE ZONA 76 (XALOSTOC),IMSS,Media,Buena,"19.515133, -98.891450"
2020-08-31,HOSPITAL GENERAL DE ZONA 98 (COACALCO),IMSS,Buena,Buena,"19.470300, -99.234208"
2020-08-31,CRIT NEZAHUALCÓYOTL,IMSS,Buena,Buena,"19.425795, -99.029987"
2020-08-31,CENTRO MEDICO 20 DE NOVIEMBRE,ISSSTE,Buena,Buena,"19.372720, -99.171205"
2020-08-31,HG DARIO FERNANDEZ FIERRO,ISSSTE,Buena,Crítica,"19.363602, -99.188608"
2020-08-31,HG JOSE MARIA MORELOS,ISSSTE,Buena,Media,"19.363918, -98.995393"
2020-08-31,HG TACUBA,ISSSTE,Media,Media,"19.454384, -99.191231"
2020-08-31,HG DR FERNANDO QUIROZ,ISSSTE,Buena,Buena,"19.394242, -99.194187"
2020-08-31,HG IGNACIO ZARAGOZA,ISSSTE,Buena,Media,"19.389472, -99.045019"
2020-08-31,HR PRIMERO DE OCTUBRE,ISSSTE,Media,Media,"19.486751, -99.133249"
2020-08-31,HR LIC. ADOLFO LÓPEZ MATEOS,ISSSTE,Buena,Media,"19.358451, -99.172716"
2020-08-31,HR BICENTENARIO DE LA INDEPENDENCIA,ISSSTE,Media,Media,"19.628814, -99.163343"
2020-08-31,ALTA ESPECIALIDAD DE ZUMPANGO,EDOMEX,Buena,Buena,"19.815198, -99.089196"
2020-08-31,HOSPITAL REGIONAL TLALNEPANTLA ISSEMYM,EDOMEX,Media,Buena,"19.521706, -99.187341"
2020-08-31,"HOSPITAL GENERAL ECATEPEC ""LAS AMÉRICAS""",EDOMEX,Buena,Media,"19.594136, -99.018679"
2020-08-31,"HOSPITAL GENERAL DE NAUCALPAN ""DR. MAXIMILIANO RUIZ CASTAÑEDA"" ",EDOMEX,Buena,Buena,"19.468662, -99.234348"
2020-08-31,"HOSPITAL GENERAL ATIZAPAN DE ZARAGOZA ""DR. SALVADOR GONZALEZ HERREJÓN""",EDOMEX,Buena,Buena,"19.546322, -99.237491"
2020-08-31,"HOSPITAL GENERAL CUAUTITLAN ""GRAL. JOSE VICENTE VILLADA""",EDOMEX,Media,Buena,"19.664586, -99.178557"
2020-08-31,"HOSPITAL GENERAL DE NEZAHUALCOYOTL ""GUSTAVO BAZ PRADA""",EDOMEX,Buena,Media,"19.422253, -99.014892"
2020-08-31,"HOSPITAL GENERAL DE ECATEPEC ""JOSÉ MARÍA RODRÍGUEZ""",EDOMEX,Buena,Buena,"19.514412, -99.038087"
2020-08-31,"HOSPITAL GENERAL NEZAHUALCOYOTL ""LA PERLA"" ",EDOMEX,Buena,Buena,"19.387963, -98.989442"
2020-08-31,HOSPITAL GENERAL DE CHIMALHUACAN,EDOMEX,Buena,Buena,"19.419753, -98.975140"
2020-08-31,"HOSPITAL GENERAL DE IXTAPALUCA ""PEDRO LOPEZ""",EDOMEX,Buena,Buena,"19.318829, -98.855366"
2020-08-31,HOSPITAL GENERAL DE CHALCO ,EDOMEX,Buena,Buena,"19.268265, -98.893965"
2020-08-31,"HOSPITAL GENERAL TEXCOCO ""GUADALUPE VICTORIA"" BICENTENARIO ",EDOMEX,Buena,Buena,"19.514309, -98.871750"
2020-08-31,"HOSPITAL GENERAL VALLE DE CHALCO ""DR. FERNANDO QUIROZ GUTIERREZ"" ",EDOMEX,Buena,Buena,"19.273775, -98.941609"
2020-08-31,"HOSPITAL GENERAL AMECAMECA ""VALENTIN GOMEZ FARIAS"" ",EDOMEX,Buena,Buena,"19.144883, -98.785072"
2020-08-31,HOSPITAL GENERAL DE AXAPUSCO,EDOMEX,Buena,Buena,"19.732872, -98.769445"
2020-09-01,INSTITUTO NACIONAL DE NUTRICIÓN,SSA,Media,Media,"19.289599, -99.155441"
2020-09-01,INER,SSA,Media,Media,"19.291375, -99.158653"
2020-09-01,HOSPITAL GENERAL DE MÉXICO,SSA,Buena,Buena,"19.4129258, -99.1520225"
2020-09-01,HOSPITAL JUAREZ,SSA,Media,Buena,"19.481829, -99.135576"
2020-09-01,HOSPITAL GENERAL DR. MANUEL GEA GONZÁLEZ,SSA,Media,Buena,"19.290295, -99.160861"
2020-09-01,HOSPITAL INFANTIL DE MÉXICO FEDERICO GÓMEZ,SSA,Buena,Buena,"19.410839, -99.151941"
2020-09-01,INSTITUTO  NACIONAL DE CARDIOLOGÍA IGNACIO CHÁVEZ,SSA,Buena,Buena,"19.290598, -99.153838"
2020-09-01,CITIBANAMEX,SSA,Buena,Crítica,"19.439732, -99.224235"
2020-09-01,HOSPITAL REGIONAL DE ALTA ESPECIALIDAD DE IXTAPALUCA,SSA,Buena,Buena,"19.318796, -98.855353"
2020-09-01,BELISARIO DOMINGUEZ,SEDESA,Buena,Buena,"19.307226, -99.065356"
2020-09-01,ENRIQUE CABRERA,SEDESA,Buena,Buena,"19.361675, -99.224432"
2020-09-01,GENERAL TLAHUAC,SEDESA,Buena,Buena,"19.287492, -99.052665"
2020-09-01,PEDIATRICO DE LA VILLA,SEDESA,Buena,Buena,"19.487355, -99.114316"
2020-09-01,HOSPITAL GENERAL AJUSCO MEDIO,SEDESA,Media,Buena,"19.272165, -99.207846"
2020-09-01,HOSPITAL GENERAL IZTAPALAPA,SEDESA,Buena,Buena,"19.343426, -99.027236"
2020-09-01,HOSPITAL GENERAL XOCO,SEDESA,Buena,Buena,"19.360313, -99.162275"
2020-09-01,HOSPITAL GENERAL VILLA,SEDESA,Media,Buena,"19.480079, -99.103353"
2020-09-01,HOSPITAL GENERAL DR. RUBÉN LEÑERO,SEDESA,Media,Buena,"19.451398, -99.169565"
2020-09-01,HOSPITAL GENERAL MILPA ALTA,SEDESA,Buena,Buena,"19.200951, -99.011210"
2020-09-01,HOSPITAL GENERAL BALBUENA,SEDESA,Buena,Buena,"19.424195, -99.115412"
2020-09-01,HOSPITAL TEPEPAN,SEDESA,Sin Dato,Sin Dato,"19.275806, -99.144298"
2020-09-01,HOSPITAL DE ESPECIALIDADES 01 CMN SIGLO XXI (CDMX SUR),IMSS,Buena,Buena,"19.466549, -99.145102"
2020-09-01,HOSPITAL DE PEDIATRIA 01 CMN SIGLO XXI (CDMX SUR),IMSS,Buena,Buena,"19.407458, -99.152267"
2020-09-01,HOSPITAL GENERAL DE ZONA 01 CARLOS MC GREGOR (CDMX SUR),IMSS,Buena,Media,"19.395912, -99.161610"
2020-09-01,HOSPITAL GENERAL DE ZONA 1A PARQUE DE LOS VENADOS (CDMX SUR),IMSS,Media,Buena,"19.374431, -99.151203"
2020-09-01,HOSPITAL DE INFECTOLOGIA 01 LA RAZA (CDMX NORTE),IMSS,Media,Buena,"19.464865, -99.144859"
2020-09-01,HOSPITAL GENERAL 01 (CDMX NORTE) LA RAZA,IMSS,Buena,Buena,"19.395740, -99.161677"
2020-09-01,HOSPITAL GENERAL DE ZONA 24 (CDMX NORTE),IMSS,Buena,Buena,"19.483221, -99.128448"
2020-09-01,HOSPITAL GENERAL DE ZONA 27 (CDMX NORTE),IMSS,Buena,Buena,"19.454776, -99.140007"
2020-09-01,HOSPITAL GENERAL DE ZONA 2A (CDMX SUR),IMSS,Media,Buena,"19.405495, -99.112200"
2020-09-01,HOSPITAL GENERAL DE ZONA 30 (CDMX SUR),IMSS,Buena,Buena,"19.398836, -99.116913"
2020-09-01,HOSPITAL GENERAL DE ZONA 32 (CDMX SUR),IMSS,Media,Buena,"19.307964, -99.130677"
2020-09-01,HOSPITAL GENERAL DE ZONA C/MF 08 (CDMX SUR),IMSS,Buena,Buena,"19.337137, -99.200142"
2020-09-01,HOSPITAL GENERAL DE ZONA C/UMAA 48 (CDMX NORTE),IMSS,Media,Buena,"19.482375, -99.213046"
2020-09-01,HOSPITAL GENERAL 02 (CDMX SUR) VILLA COAPA (COY.),IMSS,Buena,Buena,"19.309194, -99.129593"
2020-09-01,HOSPITAL DE ESPECIALIDADES 01 (CDMX NORTE) LA RAZA (AZC),IMSS,Buena,Buena,"19.467169, -99.143785"
2020-09-01,HOSPITAL GENERAL DE ZONA C/MF 29 (S. JUAN ARAGÓN),IMSS,Buena,Buena,"19.465117, -99.085162"
2020-09-01,HOSPITAL GENERAL DE ZONA 47 (CDMX SUR) (IZP),IMSS,Buena,Buena,"19.357566, -99.054269"
2020-09-01,UNIDAD MÓVIL TEMPORAL COVID,IMSS,Crítica,Crítica,"19.403082, -99.089177"
2020-09-01,CRIT IZTAPALAPA,IMSS,Buena,Buena,"19.328321, -99.068530"
2020-09-01,HOSPITAL GENERAL REGIONAL 72,IMSS,Media,Media,"19.356913, -98.990929"
2020-09-01,HOSPITAL GENERAL REGIONAL 196,IMSS,Buena,Buena,"19.515133, -98.891450"
2020-09-01,HOSPITAL GENERAL REGIONAL 200,IMSS,Buena,Buena,"19.470300, -99.234208"
2020-09-01,HOSPITAL GENERAL DE ZONA 53,IMSS,Buena,Buena,"19.597387, -99.188426"
2020-09-01,HOSPITAL GENERAL DE ZONA 197,IMSS,Buena,Buena,"19.530797, -99.222446"
2020-09-01,HOSPITAL GENERAL DE ZONA 194,IMSS,Media,Buena,"19.570070, -99.044009"
2020-09-01,HOSPITAL GENERAL DE ZONA 57 (LA QUEBRADA),IMSS,Buena,Buena,"19.542797, -99.205022"
2020-09-01,HOSPITAL GENERAL DE ZONA 58 (LAS MARGARITAS),IMSS,Media,Media,"19.529016, -99.030983"
2020-09-01,HOSPITAL GENERAL DE ZONA 68 (TULPETLAC),IMSS,Buena,Buena,"19.742905, -98.972971"
2020-09-01,HOSPITAL GENERAL DE ZONA 71 (CHALCO),IMSS,Buena,Buena,"19.356913, -98.990929"
2020-09-01,HOSPITAL GENERAL DE ZONA 76 (XALOSTOC),IMSS,Media,Buena,"19.515133, -98.891450"
2020-09-01,HOSPITAL GENERAL DE ZONA 98 (COACALCO),IMSS,Buena,Buena,"19.470300, -99.234208"
2020-09-01,CRIT NEZAHUALCÓYOTL,IMSS,Buena,Buena,"19.425795, -99.029987"
2020-09-01,CENTRO MEDICO 20 DE NOVIEMBRE,ISSSTE,Buena,Buena,"19.372720, -99.171205"
2020-09-01,HG DARIO FERNANDEZ FIERRO,ISSSTE,Media,Crítica,"19.363602, -99.188608"
2020-09-01,HG JOSE MARIA MORELOS,ISSSTE,Buena,Media,"19.363918, -98.995393"
2020-09-01,HG TACUBA,ISSSTE,Media,Media,"19.454384, -99.191231"
2020-09-01,HG DR FERNANDO QUIROZ,ISSSTE,Buena,Buena,"19.394242, -99.194187"
2020-09-01,HG IGNACIO ZARAGOZA,ISSSTE,Buena,Media,"19.389472, -99.045019"
2020-09-01,HR PRIMERO DE OCTUBRE,ISSSTE,Media,Media,"19.486751, -99.133249"
2020-09-01,HR LIC. ADOLFO LÓPEZ MATEOS,ISSSTE,Buena,Media,"19.358451, -99.172716"
2020-09-01,HR BICENTENARIO DE LA INDEPENDENCIA,ISSSTE,Media,Media,"19.628814, -99.163343"
2020-09-01,ALTA ESPECIALIDAD DE ZUMPANGO,EDOMEX,Buena,Buena,"19.815198, -99.089196"
2020-09-01,HOSPITAL REGIONAL TLALNEPANTLA ISSEMYM,EDOMEX,Media,Buena,"19.521706, -99.187341"
2020-09-01,"HOSPITAL GENERAL ECATEPEC ""LAS AMÉRICAS""",EDOMEX,Buena,Buena,"19.594136, -99.018679"
2020-09-01,"HOSPITAL GENERAL DE NAUCALPAN ""DR. MAXIMILIANO RUIZ CASTAÑEDA"" ",EDOMEX,Buena,Buena,"19.468662, -99.234348"
2020-09-01,"HOSPITAL GENERAL ATIZAPAN DE ZARAGOZA ""DR. SALVADOR GONZALEZ HERREJÓN""",EDOMEX,Buena,Buena,"19.546322, -99.237491"
2020-09-01,"HOSPITAL GENERAL CUAUTITLAN ""GRAL. JOSE VICENTE VILLADA""",EDOMEX,Media,Buena,"19.664586, -99.178557"
2020-09-01,"HOSPITAL GENERAL DE NEZAHUALCOYOTL ""GUSTAVO BAZ PRADA""",EDOMEX,Buena,Media,"19.422253, -99.014892"
2020-09-01,"HOSPITAL GENERAL DE ECATEPEC ""JOSÉ MARÍA RODRÍGUEZ""",EDOMEX,Buena,Buena,"19.514412, -99.038087"
2020-09-01,"HOSPITAL GENERAL NEZAHUALCOYOTL ""LA PERLA"" ",EDOMEX,Buena,Buena,"19.387963, -98.989442"
2020-09-01,HOSPITAL GENERAL DE CHIMALHUACAN,EDOMEX,Buena,Buena,"19.419753, -98.975140"
2020-09-01,"HOSPITAL GENERAL DE IXTAPALUCA ""PEDRO LOPEZ""",EDOMEX,Buena,Buena,"19.318829, -98.855366"
2020-09-01,HOSPITAL GENERAL DE CHALCO ,EDOMEX,Buena,Buena,"19.268265, -98.893965"
2020-09-01,"HOSPITAL GENERAL TEXCOCO ""GUADALUPE VICTORIA"" BICENTENARIO ",EDOMEX,Buena,Buena,"19.514309, -98.871750"
2020-09-01,"HOSPITAL GENERAL VALLE DE CHALCO ""DR. FERNANDO QUIROZ GUTIERREZ"" ",EDOMEX,Buena,Buena,"19.273775, -98.941609"
2020-09-01,"HOSPITAL GENERAL AMECAMECA ""VALENTIN GOMEZ FARIAS"" ",EDOMEX,Buena,Buena,"19.144883, -98.785072"
2020-09-01,HOSPITAL GENERAL DE AXAPUSCO,EDOMEX,Buena,Buena,"19.732872, -98.769445"
2020-09-02,INSTITUTO NACIONAL DE NUTRICIÓN,SSA,Media,Media,"19.289599, -99.155441"
2020-09-02,INER,SSA,Media,Media,"19.291375, -99.158653"
2020-09-02,HOSPITAL GENERAL DE MÉXICO,SSA,Buena,Buena,"19.4129258, -99.1520225"
2020-09-02,HOSPITAL JUAREZ,SSA,Crítica,Buena,"19.481829, -99.135576"
2020-09-02,HOSPITAL GENERAL DR. MANUEL GEA GONZÁLEZ,SSA,Media,Buena,"19.290295, -99.160861"
2020-09-02,HOSPITAL INFANTIL DE MÉXICO FEDERICO GÓMEZ,SSA,Buena,Buena,"19.410839, -99.151941"
2020-09-02,INSTITUTO  NACIONAL DE CARDIOLOGÍA IGNACIO CHÁVEZ,SSA,Buena,Buena,"19.290598, -99.153838"
2020-09-02,CITIBANAMEX,SSA,Buena,Crítica,"19.439732, -99.224235"
2020-09-02,HOSPITAL REGIONAL DE ALTA ESPECIALIDAD DE IXTAPALUCA,SSA,Buena,Buena,"19.318796, -98.855353"
2020-09-02,BELISARIO DOMINGUEZ,SEDESA,Buena,Buena,"19.307226, -99.065356"
2020-09-02,ENRIQUE CABRERA,SEDESA,Buena,Buena,"19.361675, -99.224432"
2020-09-02,GENERAL TLAHUAC,SEDESA,Buena,Buena,"19.287492, -99.052665"
2020-09-02,PEDIATRICO DE LA VILLA,SEDESA,Buena,Buena,"19.487355, -99.114316"
2020-09-02,HOSPITAL GENERAL AJUSCO MEDIO,SEDESA,Buena,Buena,"19.272165, -99.207846"
2020-09-02,HOSPITAL GENERAL IZTAPALAPA,SEDESA,Buena,Buena,"19.343426, -99.027236"
2020-09-02,HOSPITAL GENERAL XOCO,SEDESA,Buena,Buena,"19.360313, -99.162275"
2020-09-02,HOSPITAL GENERAL VILLA,SEDESA,Media,Buena,"19.480079, -99.103353"
2020-09-02,HOSPITAL GENERAL DR. RUBÉN LEÑERO,SEDESA,Media,Buena,"19.451398, -99.169565"
2020-09-02,HOSPITAL GENERAL MILPA ALTA,SEDESA,Buena,Buena,"19.200951, -99.011210"
2020-09-02,HOSPITAL GENERAL BALBUENA,SEDESA,Buena,Buena,"19.424195, -99.115412"
2020-09-02,HOSPITAL TEPEPAN,SEDESA,Sin Dato,Sin Dato,"19.275806, -99.144298"
2020-09-02,HOSPITAL DE ESPECIALIDADES 01 CMN SIGLO XXI (CDMX SUR),IMSS,Buena,Buena,"19.466549, -99.145102"
2020-09-02,HOSPITAL DE PEDIATRIA 01 CMN SIGLO XXI (CDMX SUR),IMSS,Buena,Buena,"19.407458, -99.152267"
2020-09-02,HOSPITAL GENERAL DE ZONA 01 CARLOS MC GREGOR (CDMX SUR),IMSS,Buena,Media,"19.395912, -99.161610"
2020-09-02,HOSPITAL GENERAL DE ZONA 1A PARQUE DE LOS VENADOS (CDMX SUR),IMSS,Media,Buena,"19.374431, -99.151203"
2020-09-02,HOSPITAL DE INFECTOLOGIA 01 LA RAZA (CDMX NORTE),IMSS,Buena,Buena,"19.464865, -99.144859"
2020-09-02,HOSPITAL GENERAL 01 (CDMX NORTE) LA RAZA,IMSS,Buena,Buena,"19.395740, -99.161677"
2020-09-02,HOSPITAL GENERAL DE ZONA 24 (CDMX NORTE),IMSS,Buena,Buena,"19.483221, -99.128448"
2020-09-02,HOSPITAL GENERAL DE ZONA 27 (CDMX NORTE),IMSS,Media,Buena,"19.454776, -99.140007"
2020-09-02,HOSPITAL GENERAL DE ZONA 2A (CDMX SUR),IMSS,Buena,Buena,"19.405495, -99.112200"
2020-09-02,HOSPITAL GENERAL DE ZONA 30 (CDMX SUR),IMSS,Buena,Buena,"19.398836, -99.116913"
2020-09-02,HOSPITAL GENERAL DE ZONA 32 (CDMX SUR),IMSS,Media,Buena,"19.307964, -99.130677"
2020-09-02,HOSPITAL GENERAL DE ZONA C/MF 08 (CDMX SUR),IMSS,Buena,Buena,"19.337137, -99.200142"
2020-09-02,HOSPITAL GENERAL DE ZONA C/UMAA 48 (CDMX NORTE),IMSS,Media,Buena,"19.482375, -99.213046"
2020-09-02,HOSPITAL GENERAL 02 (CDMX SUR) VILLA COAPA (COY.),IMSS,Buena,Buena,"19.309194, -99.129593"
2020-09-02,HOSPITAL DE ESPECIALIDADES 01 (CDMX NORTE) LA RAZA (AZC),IMSS,Buena,Buena,"19.467169, -99.143785"
2020-09-02,HOSPITAL GENERAL DE ZONA C/MF 29 (S. JUAN ARAGÓN),IMSS,Buena,Buena,"19.465117, -99.085162"
2020-09-02,HOSPITAL GENERAL DE ZONA 47 (CDMX SUR) (IZP),IMSS,Buena,Buena,"19.357566, -99.054269"
2020-09-02,UNIDAD MÓVIL TEMPORAL COVID,IMSS,Crítica,Crítica,"19.403082, -99.089177"
2020-09-02,CRIT IZTAPALAPA,IMSS,Buena,Buena,"19.328321, -99.068530"
2020-09-02,HOSPITAL GENERAL REGIONAL 72,IMSS,Media,Media,"19.356913, -98.990929"
2020-09-02,HOSPITAL GENERAL REGIONAL 196,IMSS,Buena,Buena,"19.515133, -98.891450"
2020-09-02,HOSPITAL GENERAL REGIONAL 200,IMSS,Buena,Buena,"19.470300, -99.234208"
2020-09-02,HOSPITAL GENERAL DE ZONA 53,IMSS,Buena,Buena,"19.597387, -99.188426"
2020-09-02,HOSPITAL GENERAL DE ZONA 197,IMSS,Buena,Buena,"19.530797, -99.222446"
2020-09-02,HOSPITAL GENERAL DE ZONA 194,IMSS,Media,Buena,"19.570070, -99.044009"
2020-09-02,HOSPITAL GENERAL DE ZONA 57 (LA QUEBRADA),IMSS,Buena,Buena,"19.542797, -99.205022"
2020-09-02,HOSPITAL GENERAL DE ZONA 58 (LAS MARGARITAS),IMSS,Media,Media,"19.529016, -99.030983"
2020-09-02,HOSPITAL GENERAL DE ZONA 68 (TULPETLAC),IMSS,Buena,Buena,"19.742905, -98.972971"
2020-09-02,HOSPITAL GENERAL DE ZONA 71 (CHALCO),IMSS,Buena,Buena,"19.356913, -98.990929"
2020-09-02,HOSPITAL GENERAL DE ZONA 76 (XALOSTOC),IMSS,Media,Buena,"19.515133, -98.891450"
2020-09-02,HOSPITAL GENERAL DE ZONA 98 (COACALCO),IMSS,Buena,Buena,"19.470300, -99.234208"
2020-09-02,CRIT NEZAHUALCÓYOTL,IMSS,Buena,Buena,"19.425795, -99.029987"
2020-09-02,CENTRO MEDICO 20 DE NOVIEMBRE,ISSSTE,Buena,Buena,"19.372720, -99.171205"
2020-09-02,HG DARIO FERNANDEZ FIERRO,ISSSTE,Media,Crítica,"19.363602, -99.188608"
2020-09-02,HG JOSE MARIA MORELOS,ISSSTE,Buena,Media,"19.363918, -98.995393"
2020-09-02,HG TACUBA,ISSSTE,Crítica,Buena,"19.454384, -99.191231"
2020-09-02,HG DR FERNANDO QUIROZ,ISSSTE,Buena,Buena,"19.394242, -99.194187"
2020-09-02,HG IGNACIO ZARAGOZA,ISSSTE,Buena,Media,"19.389472, -99.045019"
2020-09-02,HR PRIMERO DE OCTUBRE,ISSSTE,Media,Buena,"19.486751, -99.133249"
2020-09-02,HR LIC. ADOLFO LÓPEZ MATEOS,ISSSTE,Buena,Media,"19.358451, -99.172716"
2020-09-02,HR BICENTENARIO DE LA INDEPENDENCIA,ISSSTE,Media,Media,"19.628814, -99.163343"
2020-09-02,ALTA ESPECIALIDAD DE ZUMPANGO,EDOMEX,Buena,Buena,"19.815198, -99.089196"
2020-09-02,HOSPITAL REGIONAL TLALNEPANTLA ISSEMYM,EDOMEX,Media,Buena,"19.521706, -99.187341"
2020-09-02,"HOSPITAL GENERAL ECATEPEC ""LAS AMÉRICAS""",EDOMEX,Buena,Buena,"19.594136, -99.018679"
2020-09-02,"HOSPITAL GENERAL DE NAUCALPAN ""DR. MAXIMILIANO RUIZ CASTAÑEDA"" ",EDOMEX,Buena,Buena,"19.468662, -99.234348"
2020-09-02,"HOSPITAL GENERAL ATIZAPAN DE ZARAGOZA ""DR. SALVADOR GONZALEZ HERREJÓN""",EDOMEX,Buena,Buena,"19.546322, -99.237491"
2020-09-02,"HOSPITAL GENERAL CUAUTITLAN ""GRAL. JOSE VICENTE VILLADA""",EDOMEX,Media,Buena,"19.664586, -99.178557"
2020-09-02,"HOSPITAL GENERAL DE NEZAHUALCOYOTL ""GUSTAVO BAZ PRADA""",EDOMEX,Buena,Media,"19.422253, -99.014892"
2020-09-02,"HOSPITAL GENERAL DE ECATEPEC ""JOSÉ MARÍA RODRÍGUEZ""",EDOMEX,Buena,Buena,"19.514412, -99.038087"
2020-09-02,"HOSPITAL GENERAL NEZAHUALCOYOTL ""LA PERLA"" ",EDOMEX,Buena,Buena,"19.387963, -98.989442"
2020-09-02,HOSPITAL GENERAL DE CHIMALHUACAN,EDOMEX,Buena,Buena,"19.419753, -98.975140"
2020-09-02,"HOSPITAL GENERAL DE IXTAPALUCA ""PEDRO LOPEZ""",EDOMEX,Buena,Buena,"19.318829, -98.855366"
2020-09-02,HOSPITAL GENERAL DE CHALCO ,EDOMEX,Buena,Buena,"19.268265, -98.893965"
2020-09-02,"HOSPITAL GENERAL TEXCOCO ""GUADALUPE VICTORIA"" BICENTENARIO ",EDOMEX,Buena,Buena,"19.514309, -98.871750"
2020-09-02,"HOSPITAL GENERAL VALLE DE CHALCO ""DR. FERNANDO QUIROZ GUTIERREZ"" ",EDOMEX,Buena,Buena,"19.273775, -98.941609"
2020-09-02,"HOSPITAL GENERAL AMECAMECA ""VALENTIN GOMEZ FARIAS"" ",EDOMEX,Buena,Buena,"19.144883, -98.785072"
2020-09-02,HOSPITAL GENERAL DE AXAPUSCO,EDOMEX,Buena,Buena,"19.732872, -98.769445"
2020-09-03,INSTITUTO NACIONAL DE NUTRICIÓN,SSA,Media,Media,"19.289599, -99.155441"
2020-09-03,INER,SSA,Media,Media,"19.291375, -99.158653"
2020-09-03,HOSPITAL GENERAL DE MÉXICO,SSA,Buena,Buena,"19.4129258, -99.1520225"
2020-09-03,HOSPITAL JUAREZ,SSA,Crítica,Buena,"19.481829, -99.135576"
2020-09-03,HOSPITAL GENERAL DR. MANUEL GEA GONZÁLEZ,SSA,Media,Buena,"19.290295, -99.160861"
2020-09-03,HOSPITAL INFANTIL DE MÉXICO FEDERICO GÓMEZ,SSA,Buena,Buena,"19.410839, -99.151941"
2020-09-03,INSTITUTO  NACIONAL DE CARDIOLOGÍA IGNACIO CHÁVEZ,SSA,Buena,Buena,"19.290598, -99.153838"
2020-09-03,CITIBANAMEX,SSA,Buena,Crítica,"19.439732, -99.224235"
2020-09-03,HOSPITAL REGIONAL DE ALTA ESPECIALIDAD DE IXTAPALUCA,SSA,Buena,Media,"19.318796, -98.855353"
2020-09-03,BELISARIO DOMINGUEZ,SEDESA,Buena,Buena,"19.307226, -99.065356"
2020-09-03,ENRIQUE CABRERA,SEDESA,Buena,Buena,"19.361675, -99.224432"
2020-09-03,GENERAL TLAHUAC,SEDESA,Buena,Buena,"19.287492, -99.052665"
2020-09-03,PEDIATRICO DE LA VILLA,SEDESA,Buena,Buena,"19.487355, -99.114316"
2020-09-03,HOSPITAL GENERAL AJUSCO MEDIO,SEDESA,Buena,Buena,"19.272165, -99.207846"
2020-09-03,HOSPITAL GENERAL IZTAPALAPA,SEDESA,Buena,Buena,"19.343426, -99.027236"
2020-09-03,HOSPITAL GENERAL XOCO,SEDESA,Buena,Buena,"19.360313, -99.162275"
2020-09-03,HOSPITAL GENERAL VILLA,SEDESA,Media,Buena,"19.480079, -99.103353"
2020-09-03,HOSPITAL GENERAL DR. RUBÉN LEÑERO,SEDESA,Crítica,Buena,"19.451398, -99.169565"
2020-09-03,HOSPITAL GENERAL MILPA ALTA,SEDESA,Buena,Buena,"19.200951, -99.011210"
2020-09-03,HOSPITAL GENERAL BALBUENA,SEDESA,Buena,Buena,"19.424195, -99.115412"
2020-09-03,HOSPITAL TEPEPAN,SEDESA,Sin Dato,Sin Dato,"19.275806, -99.144298"
2020-09-03,HOSPITAL DE ESPECIALIDADES 01 CMN SIGLO XXI (CDMX SUR),IMSS,Buena,Buena,"19.466549, -99.145102"
2020-09-03,HOSPITAL DE PEDIATRIA 01 CMN SIGLO XXI (CDMX SUR),IMSS,Buena,Buena,"19.407458, -99.152267"
2020-09-03,HOSPITAL GENERAL DE ZONA 01 CARLOS MC GREGOR (CDMX SUR),IMSS,Buena,Media,"19.395912, -99.161610"
2020-09-03,HOSPITAL GENERAL DE ZONA 1A PARQUE DE LOS VENADOS (CDMX SUR),IMSS,Media,Buena,"19.374431, -99.151203"
2020-09-03,HOSPITAL DE INFECTOLOGIA 01 LA RAZA (CDMX NORTE),IMSS,Media,Buena,"19.464865, -99.144859"
2020-09-03,HOSPITAL GENERAL 01 (CDMX NORTE) LA RAZA,IMSS,Buena,Buena,"19.395740, -99.161677"
2020-09-03,HOSPITAL GENERAL DE ZONA 24 (CDMX NORTE),IMSS,Buena,Buena,"19.483221, -99.128448"
2020-09-03,HOSPITAL GENERAL DE ZONA 27 (CDMX NORTE),IMSS,Buena,Buena,"19.454776, -99.140007"
2020-09-03,HOSPITAL GENERAL DE ZONA 2A (CDMX SUR),IMSS,Buena,Buena,"19.405495, -99.112200"
2020-09-03,HOSPITAL GENERAL DE ZONA 30 (CDMX SUR),IMSS,Buena,Buena,"19.398836, -99.116913"
2020-09-03,HOSPITAL GENERAL DE ZONA 32 (CDMX SUR),IMSS,Media,Buena,"19.307964, -99.130677"
2020-09-03,HOSPITAL GENERAL DE ZONA C/MF 08 (CDMX SUR),IMSS,Buena,Buena,"19.337137, -99.200142"
2020-09-03,HOSPITAL GENERAL DE ZONA C/UMAA 48 (CDMX NORTE),IMSS,Media,Buena,"19.482375, -99.213046"
2020-09-03,HOSPITAL GENERAL 02 (CDMX SUR) VILLA COAPA (COY.),IMSS,Media,Buena,"19.309194, -99.129593"
2020-09-03,HOSPITAL DE ESPECIALIDADES 01 (CDMX NORTE) LA RAZA (AZC),IMSS,Media,Buena,"19.467169, -99.143785"
2020-09-03,HOSPITAL GENERAL DE ZONA C/MF 29 (S. JUAN ARAGÓN),IMSS,Buena,Buena,"19.465117, -99.085162"
2020-09-03,HOSPITAL GENERAL DE ZONA 47 (CDMX SUR) (IZP),IMSS,Buena,Buena,"19.357566, -99.054269"
2020-09-03,UNIDAD MÓVIL TEMPORAL COVID,IMSS,Crítica,Crítica,"19.403082, -99.089177"
2020-09-03,CRIT IZTAPALAPA,IMSS,Buena,Buena,"19.328321, -99.068530"
2020-09-03,HOSPITAL GENERAL REGIONAL 72,IMSS,Media,Media,"19.356913, -98.990929"
2020-09-03,HOSPITAL GENERAL REGIONAL 196,IMSS,Buena,Buena,"19.515133, -98.891450"
2020-09-03,HOSPITAL GENERAL REGIONAL 200,IMSS,Buena,Buena,"19.470300, -99.234208"
2020-09-03,HOSPITAL GENERAL DE ZONA 53,IMSS,Buena,Buena,"19.597387, -99.188426"
2020-09-03,HOSPITAL GENERAL DE ZONA 197,IMSS,Buena,Buena,"19.530797, -99.222446"
2020-09-03,HOSPITAL GENERAL DE ZONA 194,IMSS,Media,Buena,"19.570070, -99.044009"
2020-09-03,HOSPITAL GENERAL DE ZONA 57 (LA QUEBRADA),IMSS,Buena,Buena,"19.542797, -99.205022"
2020-09-03,HOSPITAL GENERAL DE ZONA 58 (LAS MARGARITAS),IMSS,Buena,Media,"19.529016, -99.030983"
2020-09-03,HOSPITAL GENERAL DE ZONA 68 (TULPETLAC),IMSS,Buena,Buena,"19.742905, -98.972971"
2020-09-03,HOSPITAL GENERAL DE ZONA 71 (CHALCO),IMSS,Buena,Buena,"19.356913, -98.990929"
2020-09-03,HOSPITAL GENERAL DE ZONA 76 (XALOSTOC),IMSS,Media,Buena,"19.515133, -98.891450"
2020-09-03,HOSPITAL GENERAL DE ZONA 98 (COACALCO),IMSS,Buena,Buena,"19.470300, -99.234208"
2020-09-03,CRIT NEZAHUALCÓYOTL,IMSS,Buena,Buena,"19.425795, -99.029987"
2020-09-03,CENTRO MEDICO 20 DE NOVIEMBRE,ISSSTE,Buena,Buena,"19.372720, -99.171205"
2020-09-03,HG DARIO FERNANDEZ FIERRO,ISSSTE,Media,Crítica,"19.363602, -99.188608"
2020-09-03,HG JOSE MARIA MORELOS,ISSSTE,Buena,Media,"19.363918, -98.995393"
2020-09-03,HG TACUBA,ISSSTE,Media,Buena,"19.454384, -99.191231"
2020-09-03,HG DR FERNANDO QUIROZ,ISSSTE,Buena,Buena,"19.394242, -99.194187"
2020-09-03,HG IGNACIO ZARAGOZA,ISSSTE,Buena,Buena,"19.389472, -99.045019"
2020-09-03,HR PRIMERO DE OCTUBRE,ISSSTE,Media,Buena,"19.486751, -99.133249"
2020-09-03,HR LIC. ADOLFO LÓPEZ MATEOS,ISSSTE,Buena,Media,"19.358451, -99.172716"
2020-09-03,HR BICENTENARIO DE LA INDEPENDENCIA,ISSSTE,Media,Media,"19.628814, -99.163343"
2020-09-03,ALTA ESPECIALIDAD DE ZUMPANGO,EDOMEX,Buena,Buena,"19.815198, -99.089196"
2020-09-03,HOSPITAL REGIONAL TLALNEPANTLA ISSEMYM,EDOMEX,Media,Buena,"19.521706, -99.187341"
2020-09-03,"HOSPITAL GENERAL ECATEPEC ""LAS AMÉRICAS""",EDOMEX,Buena,Buena,"19.594136, -99.018679"
2020-09-03,"HOSPITAL GENERAL DE NAUCALPAN ""DR. MAXIMILIANO RUIZ CASTAÑEDA"" ",EDOMEX,Buena,Buena,"19.468662, -99.234348"
2020-09-03,"HOSPITAL GENERAL ATIZAPAN DE ZARAGOZA ""DR. SALVADOR GONZALEZ HERREJÓN""",EDOMEX,Buena,Buena,"19.546322, -99.237491"
2020-09-03,"HOSPITAL GENERAL CUAUTITLAN ""GRAL. JOSE VICENTE VILLADA""",EDOMEX,Media,Buena,"19.664586, -99.178557"
2020-09-03,"HOSPITAL GENERAL DE NEZAHUALCOYOTL ""GUSTAVO BAZ PRADA""",EDOMEX,Buena,Buena,"19.422253, -99.014892"
2020-09-03,"HOSPITAL GENERAL DE ECATEPEC ""JOSÉ MARÍA RODRÍGUEZ""",EDOMEX,Buena,Buena,"19.514412, -99.038087"
2020-09-03,"HOSPITAL GENERAL NEZAHUALCOYOTL ""LA PERLA"" ",EDOMEX,Buena,Buena,"19.387963, -98.989442"
2020-09-03,HOSPITAL GENERAL DE CHIMALHUACAN,EDOMEX,Buena,Buena,"19.419753, -98.975140"
2020-09-03,"HOSPITAL GENERAL DE IXTAPALUCA ""PEDRO LOPEZ""",EDOMEX,Buena,Buena,"19.318829, -98.855366"
2020-09-03,HOSPITAL GENERAL DE CHALCO ,EDOMEX,Buena,Buena,"19.268265, -98.893965"
2020-09-03,"HOSPITAL GENERAL TEXCOCO ""GUADALUPE VICTORIA"" BICENTENARIO ",EDOMEX,Buena,Buena,"19.514309, -98.871750"
2020-09-03,"HOSPITAL GENERAL VALLE DE CHALCO ""DR. FERNANDO QUIROZ GUTIERREZ"" ",EDOMEX,Buena,Buena,"19.273775, -98.941609"
2020-09-03,"HOSPITAL GENERAL AMECAMECA ""VALENTIN GOMEZ FARIAS"" ",EDOMEX,Buena,Buena,"19.144883, -98.785072"
2020-09-03,HOSPITAL GENERAL DE AXAPUSCO,EDOMEX,Buena,Buena,"19.732872, -98.769445"
2020-09-04,INSTITUTO NACIONAL DE NUTRICIÓN,SSA,Media,Media,"19.289599, -99.155441"
2020-09-04,INER,SSA,Crítica,Media,"19.291375, -99.158653"
2020-09-04,HOSPITAL GENERAL DE MÉXICO,SSA,Buena,Buena,"19.4129258, -99.1520225"
2020-09-04,HOSPITAL JUAREZ,SSA,Crítica,Buena,"19.481829, -99.135576"
2020-09-04,HOSPITAL GENERAL DR. MANUEL GEA GONZÁLEZ,SSA,Media,Buena,"19.290295, -99.160861"
2020-09-04,HOSPITAL INFANTIL DE MÉXICO FEDERICO GÓMEZ,SSA,Buena,Buena,"19.410839, -99.151941"
2020-09-04,INSTITUTO  NACIONAL DE CARDIOLOGÍA IGNACIO CHÁVEZ,SSA,Buena,Buena,"19.290598, -99.153838"
2020-09-04,CITIBANAMEX,SSA,Buena,Crítica,"19.439732, -99.224235"
2020-09-04,HOSPITAL REGIONAL DE ALTA ESPECIALIDAD DE IXTAPALUCA,SSA,Buena,Buena,"19.318796, -98.855353"
2020-09-04,BELISARIO DOMINGUEZ,SEDESA,Buena,Buena,"19.307226, -99.065356"
2020-09-04,ENRIQUE CABRERA,SEDESA,Buena,Buena,"19.361675, -99.224432"
2020-09-04,GENERAL TLAHUAC,SEDESA,Buena,Buena,"19.287492, -99.052665"
2020-09-04,PEDIATRICO DE LA VILLA,SEDESA,Buena,Buena,"19.487355, -99.114316"
2020-09-04,HOSPITAL GENERAL AJUSCO MEDIO,SEDESA,Buena,Buena,"19.272165, -99.207846"
2020-09-04,HOSPITAL GENERAL IZTAPALAPA,SEDESA,Buena,Buena,"19.343426, -99.027236"
2020-09-04,HOSPITAL GENERAL XOCO,SEDESA,Buena,Buena,"19.360313, -99.162275"
2020-09-04,HOSPITAL GENERAL VILLA,SEDESA,Media,Buena,"19.480079, -99.103353"
2020-09-04,HOSPITAL GENERAL DR. RUBÉN LEÑERO,SEDESA,Media,Buena,"19.451398, -99.169565"
2020-09-04,HOSPITAL GENERAL MILPA ALTA,SEDESA,Buena,Buena,"19.200951, -99.011210"
2020-09-04,HOSPITAL GENERAL BALBUENA,SEDESA,Buena,Buena,"19.424195, -99.115412"
2020-09-04,HOSPITAL TEPEPAN,SEDESA,Sin Dato,Sin Dato,"19.275806, -99.144298"
2020-09-04,HOSPITAL DE ESPECIALIDADES 01 CMN SIGLO XXI (CDMX SUR),IMSS,Buena,Buena,"19.466549, -99.145102"
2020-09-04,HOSPITAL DE PEDIATRIA 01 CMN SIGLO XXI (CDMX SUR),IMSS,Buena,Buena,"19.407458, -99.152267"
2020-09-04,HOSPITAL GENERAL DE ZONA 01 CARLOS MC GREGOR (CDMX SUR),IMSS,Buena,Media,"19.395912, -99.161610"
2020-09-04,HOSPITAL GENERAL DE ZONA 1A PARQUE DE LOS VENADOS (CDMX SUR),IMSS,Media,Buena,"19.374431, -99.151203"
2020-09-04,HOSPITAL DE INFECTOLOGIA 01 LA RAZA (CDMX NORTE),IMSS,Media,Buena,"19.464865, -99.144859"
2020-09-04,HOSPITAL GENERAL 01 (CDMX NORTE) LA RAZA,IMSS,Buena,Buena,"19.395740, -99.161677"
2020-09-04,HOSPITAL GENERAL DE ZONA 24 (CDMX NORTE),IMSS,Buena,Buena,"19.483221, -99.128448"
2020-09-04,HOSPITAL GENERAL DE ZONA 27 (CDMX NORTE),IMSS,Buena,Buena,"19.454776, -99.140007"
2020-09-04,HOSPITAL GENERAL DE ZONA 2A (CDMX SUR),IMSS,Buena,Buena,"19.405495, -99.112200"
2020-09-04,HOSPITAL GENERAL DE ZONA 30 (CDMX SUR),IMSS,Buena,Buena,"19.398836, -99.116913"
2020-09-04,HOSPITAL GENERAL DE ZONA 32 (CDMX SUR),IMSS,Buena,Buena,"19.307964, -99.130677"
2020-09-04,HOSPITAL GENERAL DE ZONA C/MF 08 (CDMX SUR),IMSS,Buena,Buena,"19.337137, -99.200142"
2020-09-04,HOSPITAL GENERAL DE ZONA C/UMAA 48 (CDMX NORTE),IMSS,Media,Buena,"19.482375, -99.213046"
2020-09-04,HOSPITAL GENERAL 02 (CDMX SUR) VILLA COAPA (COY.),IMSS,Media,Buena,"19.309194, -99.129593"
2020-09-04,HOSPITAL DE ESPECIALIDADES 01 (CDMX NORTE) LA RAZA (AZC),IMSS,Media,Buena,"19.467169, -99.143785"
2020-09-04,HOSPITAL GENERAL DE ZONA C/MF 29 (S. JUAN ARAGÓN),IMSS,Buena,Buena,"19.465117, -99.085162"
2020-09-04,HOSPITAL GENERAL DE ZONA 47 (CDMX SUR) (IZP),IMSS,Buena,Buena,"19.357566, -99.054269"
2020-09-04,UNIDAD MÓVIL TEMPORAL COVID,IMSS,Crítica,Crítica,"19.403082, -99.089177"
2020-09-04,CRIT IZTAPALAPA,IMSS,Buena,Buena,"19.328321, -99.068530"
2020-09-04,HOSPITAL GENERAL REGIONAL 72,IMSS,Media,Media,"19.356913, -98.990929"
2020-09-04,HOSPITAL GENERAL REGIONAL 196,IMSS,Buena,Buena,"19.515133, -98.891450"
2020-09-04,HOSPITAL GENERAL REGIONAL 200,IMSS,Buena,Buena,"19.470300, -99.234208"
2020-09-04,HOSPITAL GENERAL DE ZONA 53,IMSS,Buena,Buena,"19.597387, -99.188426"
2020-09-04,HOSPITAL GENERAL DE ZONA 197,IMSS,Buena,Buena,"19.530797, -99.222446"
2020-09-04,HOSPITAL GENERAL DE ZONA 194,IMSS,Media,Buena,"19.570070, -99.044009"
2020-09-04,HOSPITAL GENERAL DE ZONA 57 (LA QUEBRADA),IMSS,Buena,Buena,"19.542797, -99.205022"
2020-09-04,HOSPITAL GENERAL DE ZONA 58 (LAS MARGARITAS),IMSS,Buena,Buena,"19.529016, -99.030983"
2020-09-04,HOSPITAL GENERAL DE ZONA 68 (TULPETLAC),IMSS,Buena,Buena,"19.742905, -98.972971"
2020-09-04,HOSPITAL GENERAL DE ZONA 71 (CHALCO),IMSS,Buena,Buena,"19.356913, -98.990929"
2020-09-04,HOSPITAL GENERAL DE ZONA 76 (XALOSTOC),IMSS,Media,Buena,"19.515133, -98.891450"
2020-09-04,HOSPITAL GENERAL DE ZONA 98 (COACALCO),IMSS,Buena,Buena,"19.470300, -99.234208"
2020-09-04,CRIT NEZAHUALCÓYOTL,IMSS,Buena,Buena,"19.425795, -99.029987"
2020-09-04,CENTRO MEDICO 20 DE NOVIEMBRE,ISSSTE,Buena,Buena,"19.372720, -99.171205"
2020-09-04,HG DARIO FERNANDEZ FIERRO,ISSSTE,Buena,Crítica,"19.363602, -99.188608"
2020-09-04,HG JOSE MARIA MORELOS,ISSSTE,Buena,Media,"19.363918, -98.995393"
2020-09-04,HG TACUBA,ISSSTE,Media,Buena,"19.454384, -99.191231"
2020-09-04,HG DR FERNANDO QUIROZ,ISSSTE,Buena,Buena,"19.394242, -99.194187"
2020-09-04,HG IGNACIO ZARAGOZA,ISSSTE,Buena,Media,"19.389472, -99.045019"
2020-09-04,HR PRIMERO DE OCTUBRE,ISSSTE,Media,Buena,"19.486751, -99.133249"
2020-09-04,HR LIC. ADOLFO LÓPEZ MATEOS,ISSSTE,Buena,Buena,"19.358451, -99.172716"
2020-09-04,HR BICENTENARIO DE LA INDEPENDENCIA,ISSSTE,Media,Media,"19.628814, -99.163343"
2020-09-04,ALTA ESPECIALIDAD DE ZUMPANGO,EDOMEX,Buena,Buena,"19.815198, -99.089196"
2020-09-04,HOSPITAL REGIONAL TLALNEPANTLA ISSEMYM,EDOMEX,Media,Buena,"19.521706, -99.187341"
2020-09-04,"HOSPITAL GENERAL ECATEPEC ""LAS AMÉRICAS""",EDOMEX,Buena,Buena,"19.594136, -99.018679"
2020-09-04,"HOSPITAL GENERAL DE NAUCALPAN ""DR. MAXIMILIANO RUIZ CASTAÑEDA"" ",EDOMEX,Buena,Buena,"19.468662, -99.234348"
2020-09-04,"HOSPITAL GENERAL ATIZAPAN DE ZARAGOZA ""DR. SALVADOR GONZALEZ HERREJÓN""",EDOMEX,Buena,Buena,"19.546322, -99.237491"
2020-09-04,"HOSPITAL GENERAL CUAUTITLAN ""GRAL. JOSE VICENTE VILLADA""",EDOMEX,Buena,Buena,"19.664586, -99.178557"
2020-09-04,"HOSPITAL GENERAL DE NEZAHUALCOYOTL ""GUSTAVO BAZ PRADA""",EDOMEX,Buena,Buena,"19.422253, -99.014892"
2020-09-04,"HOSPITAL GENERAL DE ECATEPEC ""JOSÉ MARÍA RODRÍGUEZ""",EDOMEX,Buena,Buena,"19.514412, -99.038087"
2020-09-04,"HOSPITAL GENERAL NEZAHUALCOYOTL ""LA PERLA"" ",EDOMEX,Buena,Buena,"19.387963, -98.989442"
2020-09-04,HOSPITAL GENERAL DE CHIMALHUACAN,EDOMEX,Buena,Buena,"19.419753, -98.975140"
2020-09-04,"HOSPITAL GENERAL DE IXTAPALUCA ""PEDRO LOPEZ""",EDOMEX,Buena,Buena,"19.318829, -98.855366"
2020-09-04,HOSPITAL GENERAL DE CHALCO ,EDOMEX,Buena,Buena,"19.268265, -98.893965"
2020-09-04,"HOSPITAL GENERAL TEXCOCO ""GUADALUPE VICTORIA"" BICENTENARIO ",EDOMEX,Buena,Buena,"19.514309, -98.871750"
2020-09-04,"HOSPITAL GENERAL VALLE DE CHALCO ""DR. FERNANDO QUIROZ GUTIERREZ"" ",EDOMEX,Buena,Buena,"19.273775, -98.941609"
2020-09-04,"HOSPITAL GENERAL AMECAMECA ""VALENTIN GOMEZ FARIAS"" ",EDOMEX,Buena,Buena,"19.144883, -98.785072"
2020-09-04,HOSPITAL GENERAL DE AXAPUSCO,EDOMEX,Buena,Buena,"19.732872, -98.769445"
2020-09-05,INSTITUTO NACIONAL DE NUTRICIÓN,SSA,Crítica,Media,"19.289599, -99.155441"
2020-09-05,INER,SSA,Crítica,Media,"19.291375, -99.158653"
2020-09-05,HOSPITAL GENERAL DE MÉXICO,SSA,Buena,Buena,"19.4129258, -99.1520225"
2020-09-05,HOSPITAL JUAREZ,SSA,Crítica,Buena,"19.481829, -99.135576"
2020-09-05,HOSPITAL GENERAL DR. MANUEL GEA GONZÁLEZ,SSA,Media,Buena,"19.290295, -99.160861"
2020-09-05,HOSPITAL INFANTIL DE MÉXICO FEDERICO GÓMEZ,SSA,Buena,Buena,"19.410839, -99.151941"
2020-09-05,INSTITUTO  NACIONAL DE CARDIOLOGÍA IGNACIO CHÁVEZ,SSA,Buena,Buena,"19.290598, -99.153838"
2020-09-05,CITIBANAMEX,SSA,Buena,Crítica,"19.439732, -99.224235"
2020-09-05,HOSPITAL REGIONAL DE ALTA ESPECIALIDAD DE IXTAPALUCA,SSA,Buena,Media,"19.318796, -98.855353"
2020-09-05,BELISARIO DOMINGUEZ,SEDESA,Buena,Buena,"19.307226, -99.065356"
2020-09-05,ENRIQUE CABRERA,SEDESA,Buena,Buena,"19.361675, -99.224432"
2020-09-05,GENERAL TLAHUAC,SEDESA,Buena,Buena,"19.287492, -99.052665"
2020-09-05,PEDIATRICO DE LA VILLA,SEDESA,Buena,Buena,"19.487355, -99.114316"
2020-09-05,HOSPITAL GENERAL AJUSCO MEDIO,SEDESA,Buena,Buena,"19.272165, -99.207846"
2020-09-05,HOSPITAL GENERAL IZTAPALAPA,SEDESA,Buena,Buena,"19.343426, -99.027236"
2020-09-05,HOSPITAL GENERAL XOCO,SEDESA,Buena,Buena,"19.360313, -99.162275"
2020-09-05,HOSPITAL GENERAL VILLA,SEDESA,Media,Buena,"19.480079, -99.103353"
2020-09-05,HOSPITAL GENERAL DR. RUBÉN LEÑERO,SEDESA,Crítica,Buena,"19.451398, -99.169565"
2020-09-05,HOSPITAL GENERAL MILPA ALTA,SEDESA,Buena,Buena,"19.200951, -99.011210"
2020-09-05,HOSPITAL GENERAL BALBUENA,SEDESA,Buena,Buena,"19.424195, -99.115412"
2020-09-05,HOSPITAL TEPEPAN,SEDESA,Sin Dato,Sin Dato,"19.275806, -99.144298"
2020-09-05,HOSPITAL DE ESPECIALIDADES 01 CMN SIGLO XXI (CDMX SUR),IMSS,Buena,Buena,"19.466549, -99.145102"
2020-09-05,HOSPITAL DE PEDIATRIA 01 CMN SIGLO XXI (CDMX SUR),IMSS,Buena,Buena,"19.407458, -99.152267"
2020-09-05,HOSPITAL GENERAL DE ZONA 01 CARLOS MC GREGOR (CDMX SUR),IMSS,Buena,Media,"19.395912, -99.161610"
2020-09-05,HOSPITAL GENERAL DE ZONA 1A PARQUE DE LOS VENADOS (CDMX SUR),IMSS,Media,Buena,"19.374431, -99.151203"
2020-09-05,HOSPITAL DE INFECTOLOGIA 01 LA RAZA (CDMX NORTE),IMSS,Media,Buena,"19.464865, -99.144859"
2020-09-05,HOSPITAL GENERAL 01 (CDMX NORTE) LA RAZA,IMSS,Buena,Buena,"19.395740, -99.161677"
2020-09-05,HOSPITAL GENERAL DE ZONA 24 (CDMX NORTE),IMSS,Buena,Buena,"19.483221, -99.128448"
2020-09-05,HOSPITAL GENERAL DE ZONA 27 (CDMX NORTE),IMSS,Buena,Buena,"19.454776, -99.140007"
2020-09-05,HOSPITAL GENERAL DE ZONA 2A (CDMX SUR),IMSS,Buena,Buena,"19.405495, -99.112200"
2020-09-05,HOSPITAL GENERAL DE ZONA 30 (CDMX SUR),IMSS,Buena,Buena,"19.398836, -99.116913"
2020-09-05,HOSPITAL GENERAL DE ZONA 32 (CDMX SUR),IMSS,Media,Buena,"19.307964, -99.130677"
2020-09-05,HOSPITAL GENERAL DE ZONA C/MF 08 (CDMX SUR),IMSS,Media,Buena,"19.337137, -99.200142"
2020-09-05,HOSPITAL GENERAL DE ZONA C/UMAA 48 (CDMX NORTE),IMSS,Buena,Buena,"19.482375, -99.213046"
2020-09-05,HOSPITAL GENERAL 02 (CDMX SUR) VILLA COAPA (COY.),IMSS,Media,Buena,"19.309194, -99.129593"
2020-09-05,HOSPITAL DE ESPECIALIDADES 01 (CDMX NORTE) LA RAZA (AZC),IMSS,Media,Buena,"19.467169, -99.143785"
2020-09-05,HOSPITAL GENERAL DE ZONA C/MF 29 (S. JUAN ARAGÓN),IMSS,Buena,Buena,"19.465117, -99.085162"
2020-09-05,HOSPITAL GENERAL DE ZONA 47 (CDMX SUR) (IZP),IMSS,Buena,Buena,"19.357566, -99.054269"
2020-09-05,UNIDAD MÓVIL TEMPORAL COVID,IMSS,Crítica,Crítica,"19.403082, -99.089177"
2020-09-05,CRIT IZTAPALAPA,IMSS,Buena,Buena,"19.328321, -99.068530"
2020-09-05,HOSPITAL GENERAL REGIONAL 72,IMSS,Media,Media,"19.356913, -98.990929"
2020-09-05,HOSPITAL GENERAL REGIONAL 196,IMSS,Buena,Buena,"19.515133, -98.891450"
2020-09-05,HOSPITAL GENERAL REGIONAL 200,IMSS,Buena,Buena,"19.470300, -99.234208"
2020-09-05,HOSPITAL GENERAL DE ZONA 53,IMSS,Buena,Buena,"19.597387, -99.188426"
2020-09-05,HOSPITAL GENERAL DE ZONA 197,IMSS,Buena,Buena,"19.530797, -99.222446"
2020-09-05,HOSPITAL GENERAL DE ZONA 194,IMSS,Media,Buena,"19.570070, -99.044009"
2020-09-05,HOSPITAL GENERAL DE ZONA 57 (LA QUEBRADA),IMSS,Buena,Buena,"19.542797, -99.205022"
2020-09-05,HOSPITAL GENERAL DE ZONA 58 (LAS MARGARITAS),IMSS,Media,Media,"19.529016, -99.030983"
2020-09-05,HOSPITAL GENERAL DE ZONA 68 (TULPETLAC),IMSS,Buena,Buena,"19.742905, -98.972971"
2020-09-05,HOSPITAL GENERAL DE ZONA 71 (CHALCO),IMSS,Buena,Buena,"19.356913, -98.990929"
2020-09-05,HOSPITAL GENERAL DE ZONA 76 (XALOSTOC),IMSS,Media,Buena,"19.515133, -98.891450"
2020-09-05,HOSPITAL GENERAL DE ZONA 98 (COACALCO),IMSS,Buena,Buena,"19.470300, -99.234208"
2020-09-05,CRIT NEZAHUALCÓYOTL,IMSS,Buena,Buena,"19.425795, -99.029987"
2020-09-05,CENTRO MEDICO 20 DE NOVIEMBRE,ISSSTE,Buena,Buena,"19.372720, -99.171205"
2020-09-05,HG DARIO FERNANDEZ FIERRO,ISSSTE,Media,Crítica,"19.363602, -99.188608"
2020-09-05,HG JOSE MARIA MORELOS,ISSSTE,Buena,Media,"19.363918, -98.995393"
2020-09-05,HG TACUBA,ISSSTE,Media,Buena,"19.454384, -99.191231"
2020-09-05,HG DR FERNANDO QUIROZ,ISSSTE,Buena,Buena,"19.394242, -99.194187"
2020-09-05,HG IGNACIO ZARAGOZA,ISSSTE,Buena,Media,"19.389472, -99.045019"
2020-09-05,HR PRIMERO DE OCTUBRE,ISSSTE,Media,Media,"19.486751, -99.133249"
2020-09-05,HR LIC. ADOLFO LÓPEZ MATEOS,ISSSTE,Buena,Buena,"19.358451, -99.172716"
2020-09-05,HR BICENTENARIO DE LA INDEPENDENCIA,ISSSTE,Media,Media,"19.628814, -99.163343"
2020-09-05,ALTA ESPECIALIDAD DE ZUMPANGO,EDOMEX,Buena,Buena,"19.815198, -99.089196"
2020-09-05,HOSPITAL REGIONAL TLALNEPANTLA ISSEMYM,EDOMEX,Buena,Buena,"19.521706, -99.187341"
2020-09-05,"HOSPITAL GENERAL ECATEPEC ""LAS AMÉRICAS""",EDOMEX,Buena,Buena,"19.594136, -99.018679"
2020-09-05,"HOSPITAL GENERAL DE NAUCALPAN ""DR. MAXIMILIANO RUIZ CASTAÑEDA"" ",EDOMEX,Buena,Buena,"19.468662, -99.234348"
2020-09-05,"HOSPITAL GENERAL ATIZAPAN DE ZARAGOZA ""DR. SALVADOR GONZALEZ HERREJÓN""",EDOMEX,Buena,Buena,"19.546322, -99.237491"
2020-09-05,"HOSPITAL GENERAL CUAUTITLAN ""GRAL. JOSE VICENTE VILLADA""",EDOMEX,Buena,Buena,"19.664586, -99.178557"
2020-09-05,"HOSPITAL GENERAL DE NEZAHUALCOYOTL ""GUSTAVO BAZ PRADA""",EDOMEX,Buena,Media,"19.422253, -99.014892"
2020-09-05,"HOSPITAL GENERAL DE ECATEPEC ""JOSÉ MARÍA RODRÍGUEZ""",EDOMEX,Buena,Buena,"19.514412, -99.038087"
2020-09-05,"HOSPITAL GENERAL NEZAHUALCOYOTL ""LA PERLA"" ",EDOMEX,Buena,Buena,"19.387963, -98.989442"
2020-09-05,HOSPITAL GENERAL DE CHIMALHUACAN,EDOMEX,Buena,Buena,"19.419753, -98.975140"
2020-09-05,"HOSPITAL GENERAL DE IXTAPALUCA ""PEDRO LOPEZ""",EDOMEX,Buena,Buena,"19.318829, -98.855366"
2020-09-05,HOSPITAL GENERAL DE CHALCO ,EDOMEX,Buena,Buena,"19.268265, -98.893965"
2020-09-05,"HOSPITAL GENERAL TEXCOCO ""GUADALUPE VICTORIA"" BICENTENARIO ",EDOMEX,Media,Buena,"19.514309, -98.871750"
2020-09-05,"HOSPITAL GENERAL VALLE DE CHALCO ""DR. FERNANDO QUIROZ GUTIERREZ"" ",EDOMEX,Buena,Buena,"19.273775, -98.941609"
2020-09-05,"HOSPITAL GENERAL AMECAMECA ""VALENTIN GOMEZ FARIAS"" ",EDOMEX,Buena,Buena,"19.144883, -98.785072"
2020-09-05,HOSPITAL GENERAL DE AXAPUSCO,EDOMEX,Buena,Media,"19.732872, -98.769445"
2020-09-06,INSTITUTO NACIONAL DE NUTRICIÓN,SSA,Crítica,Media,"19.289599, -99.155441"
2020-09-06,INER,SSA,Crítica,Media,"19.291375, -99.158653"
2020-09-06,HOSPITAL GENERAL DE MÉXICO,SSA,Buena,Buena,"19.4129258, -99.1520225"
2020-09-06,HOSPITAL JUAREZ,SSA,Crítica,Buena,"19.481829, -99.135576"
2020-09-06,HOSPITAL GENERAL DR. MANUEL GEA GONZÁLEZ,SSA,Media,Buena,"19.290295, -99.160861"
2020-09-06,HOSPITAL INFANTIL DE MÉXICO FEDERICO GÓMEZ,SSA,Buena,Buena,"19.410839, -99.151941"
2020-09-06,INSTITUTO  NACIONAL DE CARDIOLOGÍA IGNACIO CHÁVEZ,SSA,Buena,Buena,"19.290598, -99.153838"
2020-09-06,CITIBANAMEX,SSA,Buena,Crítica,"19.439732, -99.224235"
2020-09-06,HOSPITAL REGIONAL DE ALTA ESPECIALIDAD DE IXTAPALUCA,SSA,Buena,Buena,"19.318796, -98.855353"
2020-09-06,BELISARIO DOMINGUEZ,SEDESA,Buena,Buena,"19.307226, -99.065356"
2020-09-06,ENRIQUE CABRERA,SEDESA,Buena,Buena,"19.361675, -99.224432"
2020-09-06,GENERAL TLAHUAC,SEDESA,Buena,Buena,"19.287492, -99.052665"
2020-09-06,PEDIATRICO DE LA VILLA,SEDESA,Buena,Buena,"19.487355, -99.114316"
2020-09-06,HOSPITAL GENERAL AJUSCO MEDIO,SEDESA,Buena,Buena,"19.272165, -99.207846"
2020-09-06,HOSPITAL GENERAL IZTAPALAPA,SEDESA,Buena,Buena,"19.343426, -99.027236"
2020-09-06,HOSPITAL GENERAL XOCO,SEDESA,Buena,Buena,"19.360313, -99.162275"
2020-09-06,HOSPITAL GENERAL VILLA,SEDESA,Media,Buena,"19.480079, -99.103353"
2020-09-06,HOSPITAL GENERAL DR. RUBÉN LEÑERO,SEDESA,Crítica,Buena,"19.451398, -99.169565"
2020-09-06,HOSPITAL GENERAL MILPA ALTA,SEDESA,Media,Buena,"19.200951, -99.011210"
2020-09-06,HOSPITAL GENERAL BALBUENA,SEDESA,Buena,Buena,"19.424195, -99.115412"
2020-09-06,HOSPITAL TEPEPAN,SEDESA,Sin Dato,Sin Dato,"19.275806, -99.144298"
2020-09-06,HOSPITAL DE ESPECIALIDADES 01 CMN SIGLO XXI (CDMX SUR),IMSS,Buena,Buena,"19.466549, -99.145102"
2020-09-06,HOSPITAL DE PEDIATRIA 01 CMN SIGLO XXI (CDMX SUR),IMSS,Buena,Buena,"19.407458, -99.152267"
2020-09-06,HOSPITAL GENERAL DE ZONA 01 CARLOS MC GREGOR (CDMX SUR),IMSS,Buena,Media,"19.395912, -99.161610"
2020-09-06,HOSPITAL GENERAL DE ZONA 1A PARQUE DE LOS VENADOS (CDMX SUR),IMSS,Media,Buena,"19.374431, -99.151203"
2020-09-06,HOSPITAL DE INFECTOLOGIA 01 LA RAZA (CDMX NORTE),IMSS,Media,Buena,"19.464865, -99.144859"
2020-09-06,HOSPITAL GENERAL 01 (CDMX NORTE) LA RAZA,IMSS,Buena,Buena,"19.395740, -99.161677"
2020-09-06,HOSPITAL GENERAL DE ZONA 24 (CDMX NORTE),IMSS,Buena,Buena,"19.483221, -99.128448"
2020-09-06,HOSPITAL GENERAL DE ZONA 27 (CDMX NORTE),IMSS,Buena,Buena,"19.454776, -99.140007"
2020-09-06,HOSPITAL GENERAL DE ZONA 2A (CDMX SUR),IMSS,Buena,Buena,"19.405495, -99.112200"
2020-09-06,HOSPITAL GENERAL DE ZONA 30 (CDMX SUR),IMSS,Buena,Media,"19.398836, -99.116913"
2020-09-06,HOSPITAL GENERAL DE ZONA 32 (CDMX SUR),IMSS,Buena,Buena,"19.307964, -99.130677"
2020-09-06,HOSPITAL GENERAL DE ZONA C/MF 08 (CDMX SUR),IMSS,Media,Buena,"19.337137, -99.200142"
2020-09-06,HOSPITAL GENERAL DE ZONA C/UMAA 48 (CDMX NORTE),IMSS,Media,Buena,"19.482375, -99.213046"
2020-09-06,HOSPITAL GENERAL 02 (CDMX SUR) VILLA COAPA (COY.),IMSS,Media,Buena,"19.309194, -99.129593"
2020-09-06,HOSPITAL DE ESPECIALIDADES 01 (CDMX NORTE) LA RAZA (AZC),IMSS,Buena,Buena,"19.467169, -99.143785"
2020-09-06,HOSPITAL GENERAL DE ZONA C/MF 29 (S. JUAN ARAGÓN),IMSS,Buena,Buena,"19.465117, -99.085162"
2020-09-06,HOSPITAL GENERAL DE ZONA 47 (CDMX SUR) (IZP),IMSS,Buena,Buena,"19.357566, -99.054269"
2020-09-06,UNIDAD MÓVIL TEMPORAL COVID,IMSS,Crítica,Crítica,"19.403082, -99.089177"
2020-09-06,CRIT IZTAPALAPA,IMSS,Buena,Buena,"19.328321, -99.068530"
2020-09-06,HOSPITAL GENERAL REGIONAL 72,IMSS,Media,Media,"19.356913, -98.990929"
2020-09-06,HOSPITAL GENERAL REGIONAL 196,IMSS,Buena,Buena,"19.515133, -98.891450"
2020-09-06,HOSPITAL GENERAL REGIONAL 200,IMSS,Buena,Buena,"19.470300, -99.234208"
2020-09-06,HOSPITAL GENERAL DE ZONA 53,IMSS,Buena,Buena,"19.597387, -99.188426"
2020-09-06,HOSPITAL GENERAL DE ZONA 197,IMSS,Buena,Buena,"19.530797, -99.222446"
2020-09-06,HOSPITAL GENERAL DE ZONA 194,IMSS,Media,Buena,"19.570070, -99.044009"
2020-09-06,HOSPITAL GENERAL DE ZONA 57 (LA QUEBRADA),IMSS,Buena,Buena,"19.542797, -99.205022"
2020-09-06,HOSPITAL GENERAL DE ZONA 58 (LAS MARGARITAS),IMSS,Media,Buena,"19.529016, -99.030983"
2020-09-06,HOSPITAL GENERAL DE ZONA 68 (TULPETLAC),IMSS,Buena,Media,"19.742905, -98.972971"
2020-09-06,HOSPITAL GENERAL DE ZONA 71 (CHALCO),IMSS,Buena,Buena,"19.356913, -98.990929"
2020-09-06,HOSPITAL GENERAL DE ZONA 76 (XALOSTOC),IMSS,Media,Buena,"19.515133, -98.891450"
2020-09-06,HOSPITAL GENERAL DE ZONA 98 (COACALCO),IMSS,Buena,Buena,"19.470300, -99.234208"
2020-09-06,CRIT NEZAHUALCÓYOTL,IMSS,Buena,Buena,"19.425795, -99.029987"
2020-09-06,CENTRO MEDICO 20 DE NOVIEMBRE,ISSSTE,Buena,Buena,"19.372720, -99.171205"
2020-09-06,HG DARIO FERNANDEZ FIERRO,ISSSTE,Buena,Crítica,"19.363602, -99.188608"
2020-09-06,HG JOSE MARIA MORELOS,ISSSTE,Buena,Media,"19.363918, -98.995393"
2020-09-06,HG TACUBA,ISSSTE,Media,Buena,"19.454384, -99.191231"
2020-09-06,HG DR FERNANDO QUIROZ,ISSSTE,Buena,Buena,"19.394242, -99.194187"
2020-09-06,HG IGNACIO ZARAGOZA,ISSSTE,Buena,Buena,"19.389472, -99.045019"
2020-09-06,HR PRIMERO DE OCTUBRE,ISSSTE,Media,Media,"19.486751, -99.133249"
2020-09-06,HR LIC. ADOLFO LÓPEZ MATEOS,ISSSTE,Buena,Buena,"19.358451, -99.172716"
2020-09-06,HR BICENTENARIO DE LA INDEPENDENCIA,ISSSTE,Media,Media,"19.628814, -99.163343"
2020-09-06,ALTA ESPECIALIDAD DE ZUMPANGO,EDOMEX,Media,Buena,"19.815198, -99.089196"
2020-09-06,HOSPITAL REGIONAL TLALNEPANTLA ISSEMYM,EDOMEX,Buena,Buena,"19.521706, -99.187341"
2020-09-06,"HOSPITAL GENERAL ECATEPEC ""LAS AMÉRICAS""",EDOMEX,Buena,Buena,"19.594136, -99.018679"
2020-09-06,"HOSPITAL GENERAL DE NAUCALPAN ""DR. MAXIMILIANO RUIZ CASTAÑEDA"" ",EDOMEX,Buena,Buena,"19.468662, -99.234348"
2020-09-06,"HOSPITAL GENERAL ATIZAPAN DE ZARAGOZA ""DR. SALVADOR GONZALEZ HERREJÓN""",EDOMEX,Buena,Buena,"19.546322, -99.237491"
2020-09-06,"HOSPITAL GENERAL CUAUTITLAN ""GRAL. JOSE VICENTE VILLADA""",EDOMEX,Media,Buena,"19.664586, -99.178557"
2020-09-06,"HOSPITAL GENERAL DE NEZAHUALCOYOTL ""GUSTAVO BAZ PRADA""",EDOMEX,Buena,Media,"19.422253, -99.014892"
2020-09-06,"HOSPITAL GENERAL DE ECATEPEC ""JOSÉ MARÍA RODRÍGUEZ""",EDOMEX,Buena,Buena,"19.514412, -99.038087"
2020-09-06,"HOSPITAL GENERAL NEZAHUALCOYOTL ""LA PERLA"" ",EDOMEX,Buena,Buena,"19.387963, -98.989442"
2020-09-06,HOSPITAL GENERAL DE CHIMALHUACAN,EDOMEX,Buena,Buena,"19.419753, -98.975140"
2020-09-06,"HOSPITAL GENERAL DE IXTAPALUCA ""PEDRO LOPEZ""",EDOMEX,Buena,Buena,"19.318829, -98.855366"
2020-09-06,HOSPITAL GENERAL DE CHALCO ,EDOMEX,Buena,Buena,"19.268265, -98.893965"
2020-09-06,"HOSPITAL GENERAL TEXCOCO ""GUADALUPE VICTORIA"" BICENTENARIO ",EDOMEX,Media,Buena,"19.514309, -98.871750"
2020-09-06,"HOSPITAL GENERAL VALLE DE CHALCO ""DR. FERNANDO QUIROZ GUTIERREZ"" ",EDOMEX,Buena,Buena,"19.273775, -98.941609"
2020-09-06,"HOSPITAL GENERAL AMECAMECA ""VALENTIN GOMEZ FARIAS"" ",EDOMEX,Buena,Buena,"19.144883, -98.785072"
2020-09-06,HOSPITAL GENERAL DE AXAPUSCO,EDOMEX,Buena,Media,"19.732872, -98.769445"
2020-09-07,INSTITUTO NACIONAL DE NUTRICIÓN,SSA,Crítica,Media,"19.289599, -99.155441"
2020-09-07,INER,SSA,Crítica,Media,"19.291375, -99.158653"
2020-09-07,HOSPITAL GENERAL DE MÉXICO,SSA,Buena,Buena,"19.4129258, -99.1520225"
2020-09-07,HOSPITAL JUAREZ,SSA,Media,Media,"19.481829, -99.135576"
2020-09-07,HOSPITAL GENERAL DR. MANUEL GEA GONZÁLEZ,SSA,Media,Media,"19.290295, -99.160861"
2020-09-07,HOSPITAL INFANTIL DE MÉXICO FEDERICO GÓMEZ,SSA,Buena,Buena,"19.410839, -99.151941"
2020-09-07,INSTITUTO  NACIONAL DE CARDIOLOGÍA IGNACIO CHÁVEZ,SSA,Buena,Buena,"19.290598, -99.153838"
2020-09-07,CITIBANAMEX,SSA,Buena,Media,"19.439732, -99.224235"
2020-09-07,HOSPITAL REGIONAL DE ALTA ESPECIALIDAD DE IXTAPALUCA,SSA,Buena,Buena,"19.318796, -98.855353"
2020-09-07,BELISARIO DOMINGUEZ,SEDESA,Buena,Buena,"19.307226, -99.065356"
2020-09-07,ENRIQUE CABRERA,SEDESA,Buena,Buena,"19.361675, -99.224432"
2020-09-07,GENERAL TLAHUAC,SEDESA,Buena,Buena,"19.287492, -99.052665"
2020-09-07,PEDIATRICO DE LA VILLA,SEDESA,Buena,Buena,"19.487355, -99.114316"
2020-09-07,HOSPITAL GENERAL AJUSCO MEDIO,SEDESA,Media,Buena,"19.272165, -99.207846"
2020-09-07,HOSPITAL GENERAL IZTAPALAPA,SEDESA,Buena,Buena,"19.343426, -99.027236"
2020-09-07,HOSPITAL GENERAL XOCO,SEDESA,Buena,Buena,"19.360313, -99.162275"
2020-09-07,HOSPITAL GENERAL VILLA,SEDESA,Media,Buena,"19.480079, -99.103353"
2020-09-07,HOSPITAL GENERAL DR. RUBÉN LEÑERO,SEDESA,Crítica,Buena,"19.451398, -99.169565"
2020-09-07,HOSPITAL GENERAL MILPA ALTA,SEDESA,Media,Buena,"19.200951, -99.011210"
2020-09-07,HOSPITAL GENERAL BALBUENA,SEDESA,Buena,Buena,"19.424195, -99.115412"
2020-09-07,HOSPITAL TEPEPAN,SEDESA,Sin Dato,Sin Dato,"19.275806, -99.144298"
2020-09-07,HOSPITAL DE ESPECIALIDADES 01 CMN SIGLO XXI (CDMX SUR),IMSS,Buena,Buena,"19.466549, -99.145102"
2020-09-07,HOSPITAL DE PEDIATRIA 01 CMN SIGLO XXI (CDMX SUR),IMSS,Buena,Buena,"19.407458, -99.152267"
2020-09-07,HOSPITAL GENERAL DE ZONA 01 CARLOS MC GREGOR (CDMX SUR),IMSS,Buena,Media,"19.395912, -99.161610"
2020-09-07,HOSPITAL GENERAL DE ZONA 1A PARQUE DE LOS VENADOS (CDMX SUR),IMSS,Media,Buena,"19.374431, -99.151203"
2020-09-07,HOSPITAL DE INFECTOLOGIA 01 LA RAZA (CDMX NORTE),IMSS,Media,Buena,"19.464865, -99.144859"
2020-09-07,HOSPITAL GENERAL 01 (CDMX NORTE) LA RAZA,IMSS,Buena,Buena,"19.395740, -99.161677"
2020-09-07,HOSPITAL GENERAL DE ZONA 24 (CDMX NORTE),IMSS,Buena,Buena,"19.483221, -99.128448"
2020-09-07,HOSPITAL GENERAL DE ZONA 27 (CDMX NORTE),IMSS,Buena,Buena,"19.454776, -99.140007"
2020-09-07,HOSPITAL GENERAL DE ZONA 2A (CDMX SUR),IMSS,Buena,Buena,"19.405495, -99.112200"
2020-09-07,HOSPITAL GENERAL DE ZONA 30 (CDMX SUR),IMSS,Media,Media,"19.398836, -99.116913"
2020-09-07,HOSPITAL GENERAL DE ZONA 32 (CDMX SUR),IMSS,Buena,Buena,"19.307964, -99.130677"
2020-09-07,HOSPITAL GENERAL DE ZONA C/MF 08 (CDMX SUR),IMSS,Media,Buena,"19.337137, -99.200142"
2020-09-07,HOSPITAL GENERAL DE ZONA C/UMAA 48 (CDMX NORTE),IMSS,Buena,Buena,"19.482375, -99.213046"
2020-09-07,HOSPITAL GENERAL 02 (CDMX SUR) VILLA COAPA (COY.),IMSS,Media,Buena,"19.309194, -99.129593"
2020-09-07,HOSPITAL DE ESPECIALIDADES 01 (CDMX NORTE) LA RAZA (AZC),IMSS,Media,Buena,"19.467169, -99.143785"
2020-09-07,HOSPITAL GENERAL DE ZONA C/MF 29 (S. JUAN ARAGÓN),IMSS,Buena,Buena,"19.465117, -99.085162"
2020-09-07,HOSPITAL GENERAL DE ZONA 47 (CDMX SUR) (IZP),IMSS,Buena,Buena,"19.357566, -99.054269"
2020-09-07,UNIDAD MÓVIL TEMPORAL COVID,IMSS,Crítica,Crítica,"19.403082, -99.089177"
2020-09-07,CRIT IZTAPALAPA,IMSS,Buena,Buena,"19.328321, -99.068530"
2020-09-07,HOSPITAL GENERAL REGIONAL 72,IMSS,Media,Buena,"19.356913, -98.990929"
2020-09-07,HOSPITAL GENERAL REGIONAL 196,IMSS,Buena,Buena,"19.515133, -98.891450"
2020-09-07,HOSPITAL GENERAL REGIONAL 200,IMSS,Buena,Buena,"19.470300, -99.234208"
2020-09-07,HOSPITAL GENERAL DE ZONA 53,IMSS,Buena,Buena,"19.597387, -99.188426"
2020-09-07,HOSPITAL GENERAL DE ZONA 197,IMSS,Buena,Buena,"19.530797, -99.222446"
2020-09-07,HOSPITAL GENERAL DE ZONA 194,IMSS,Media,Buena,"19.570070, -99.044009"
2020-09-07,HOSPITAL GENERAL DE ZONA 57 (LA QUEBRADA),IMSS,Buena,Buena,"19.542797, -99.205022"
2020-09-07,HOSPITAL GENERAL DE ZONA 58 (LAS MARGARITAS),IMSS,Media,Media,"19.529016, -99.030983"
2020-09-07,HOSPITAL GENERAL DE ZONA 68 (TULPETLAC),IMSS,Buena,Buena,"19.742905, -98.972971"
2020-09-07,HOSPITAL GENERAL DE ZONA 71 (CHALCO),IMSS,Buena,Buena,"19.356913, -98.990929"
2020-09-07,HOSPITAL GENERAL DE ZONA 76 (XALOSTOC),IMSS,Media,Buena,"19.515133, -98.891450"
2020-09-07,HOSPITAL GENERAL DE ZONA 98 (COACALCO),IMSS,Buena,Buena,"19.470300, -99.234208"
2020-09-07,CRIT NEZAHUALCÓYOTL,IMSS,Buena,Buena,"19.425795, -99.029987"
2020-09-07,CENTRO MEDICO 20 DE NOVIEMBRE,ISSSTE,Buena,Buena,"19.372720, -99.171205"
2020-09-07,HG DARIO FERNANDEZ FIERRO,ISSSTE,Buena,Crítica,"19.363602, -99.188608"
2020-09-07,HG JOSE MARIA MORELOS,ISSSTE,Buena,Media,"19.363918, -98.995393"
2020-09-07,HG TACUBA,ISSSTE,Media,Buena,"19.454384, -99.191231"
2020-09-07,HG DR FERNANDO QUIROZ,ISSSTE,Buena,Buena,"19.394242, -99.194187"
2020-09-07,HG IGNACIO ZARAGOZA,ISSSTE,Buena,Buena,"19.389472, -99.045019"
2020-09-07,HR PRIMERO DE OCTUBRE,ISSSTE,Media,Media,"19.486751, -99.133249"
2020-09-07,HR LIC. ADOLFO LÓPEZ MATEOS,ISSSTE,Buena,Buena,"19.358451, -99.172716"
2020-09-07,HR BICENTENARIO DE LA INDEPENDENCIA,ISSSTE,Media,Media,"19.628814, -99.163343"
2020-09-07,ALTA ESPECIALIDAD DE ZUMPANGO,EDOMEX,Buena,Buena,"19.815198, -99.089196"
2020-09-07,HOSPITAL REGIONAL TLALNEPANTLA ISSEMYM,EDOMEX,Buena,Buena,"19.521706, -99.187341"
2020-09-07,"HOSPITAL GENERAL ECATEPEC ""LAS AMÉRICAS""",EDOMEX,Buena,Buena,"19.594136, -99.018679"
2020-09-07,"HOSPITAL GENERAL DE NAUCALPAN ""DR. MAXIMILIANO RUIZ CASTAÑEDA"" ",EDOMEX,Buena,Buena,"19.468662, -99.234348"
2020-09-07,"HOSPITAL GENERAL ATIZAPAN DE ZARAGOZA ""DR. SALVADOR GONZALEZ HERREJÓN""",EDOMEX,Buena,Buena,"19.546322, -99.237491"
2020-09-07,"HOSPITAL GENERAL CUAUTITLAN ""GRAL. JOSE VICENTE VILLADA""",EDOMEX,Media,Buena,"19.664586, -99.178557"
2020-09-07,"HOSPITAL GENERAL DE NEZAHUALCOYOTL ""GUSTAVO BAZ PRADA""",EDOMEX,Buena,Media,"19.422253, -99.014892"
2020-09-07,"HOSPITAL GENERAL DE ECATEPEC ""JOSÉ MARÍA RODRÍGUEZ""",EDOMEX,Buena,Buena,"19.514412, -99.038087"
2020-09-07,"HOSPITAL GENERAL NEZAHUALCOYOTL ""LA PERLA"" ",EDOMEX,Buena,Buena,"19.387963, -98.989442"
2020-09-07,HOSPITAL GENERAL DE CHIMALHUACAN,EDOMEX,Buena,Buena,"19.419753, -98.975140"
2020-09-07,"HOSPITAL GENERAL DE IXTAPALUCA ""PEDRO LOPEZ""",EDOMEX,Buena,Buena,"19.318829, -98.855366"
2020-09-07,HOSPITAL GENERAL DE CHALCO ,EDOMEX,Buena,Buena,"19.268265, -98.893965"
2020-09-07,"HOSPITAL GENERAL TEXCOCO ""GUADALUPE VICTORIA"" BICENTENARIO ",EDOMEX,Media,Buena,"19.514309, -98.871750"
2020-09-07,"HOSPITAL GENERAL VALLE DE CHALCO ""DR. FERNANDO QUIROZ GUTIERREZ"" ",EDOMEX,Buena,Buena,"19.273775, -98.941609"
2020-09-07,"HOSPITAL GENERAL AMECAMECA ""VALENTIN GOMEZ FARIAS"" ",EDOMEX,Buena,Buena,"19.144883, -98.785072"
2020-09-07,HOSPITAL GENERAL DE AXAPUSCO,EDOMEX,Buena,Media,"19.732872, -98.769445"
2020-09-08,INSTITUTO NACIONAL DE NUTRICIÓN,SSA,Crítica,Media,"19.289599, -99.155441"
2020-09-08,INER,SSA,Crítica,Media,"19.291375, -99.158653"
2020-09-08,HOSPITAL GENERAL DE MÉXICO,SSA,Buena,Buena,"19.4129258, -99.1520225"
2020-09-08,HOSPITAL JUAREZ,SSA,Media,Buena,"19.481829, -99.135576"
2020-09-08,HOSPITAL GENERAL DR. MANUEL GEA GONZÁLEZ,SSA,Media,Media,"19.290295, -99.160861"
2020-09-08,HOSPITAL INFANTIL DE MÉXICO FEDERICO GÓMEZ,SSA,Buena,Buena,"19.410839, -99.151941"
2020-09-08,INSTITUTO  NACIONAL DE CARDIOLOGÍA IGNACIO CHÁVEZ,SSA,Buena,Buena,"19.290598, -99.153838"
2020-09-08,CITIBANAMEX,SSA,Buena,Media,"19.439732, -99.224235"
2020-09-08,HOSPITAL REGIONAL DE ALTA ESPECIALIDAD DE IXTAPALUCA,SSA,Buena,Media,"19.318796, -98.855353"
2020-09-08,BELISARIO DOMINGUEZ,SEDESA,Buena,Buena,"19.307226, -99.065356"
2020-09-08,ENRIQUE CABRERA,SEDESA,Buena,Buena,"19.361675, -99.224432"
2020-09-08,GENERAL TLAHUAC,SEDESA,Buena,Buena,"19.287492, -99.052665"
2020-09-08,PEDIATRICO DE LA VILLA,SEDESA,Buena,Buena,"19.487355, -99.114316"
2020-09-08,HOSPITAL GENERAL AJUSCO MEDIO,SEDESA,Buena,Buena,"19.272165, -99.207846"
2020-09-08,HOSPITAL GENERAL IZTAPALAPA,SEDESA,Buena,Buena,"19.343426, -99.027236"
2020-09-08,HOSPITAL GENERAL XOCO,SEDESA,Buena,Buena,"19.360313, -99.162275"
2020-09-08,HOSPITAL GENERAL VILLA,SEDESA,Media,Buena,"19.480079, -99.103353"
2020-09-08,HOSPITAL GENERAL DR. RUBÉN LEÑERO,SEDESA,Crítica,Buena,"19.451398, -99.169565"
2020-09-08,HOSPITAL GENERAL MILPA ALTA,SEDESA,Buena,Buena,"19.200951, -99.011210"
2020-09-08,HOSPITAL GENERAL BALBUENA,SEDESA,Buena,Buena,"19.424195, -99.115412"
2020-09-08,HOSPITAL TEPEPAN,SEDESA,Sin Dato,Sin Dato,"19.275806, -99.144298"
2020-09-08,HOSPITAL DE ESPECIALIDADES 01 CMN SIGLO XXI (CDMX SUR),IMSS,Buena,Buena,"19.466549, -99.145102"
2020-09-08,HOSPITAL DE PEDIATRIA 01 CMN SIGLO XXI (CDMX SUR),IMSS,Buena,Buena,"19.407458, -99.152267"
2020-09-08,HOSPITAL GENERAL DE ZONA 01 CARLOS MC GREGOR (CDMX SUR),IMSS,Media,Media,"19.395912, -99.161610"
2020-09-08,HOSPITAL GENERAL DE ZONA 1A PARQUE DE LOS VENADOS (CDMX SUR),IMSS,Media,Buena,"19.374431, -99.151203"
2020-09-08,HOSPITAL DE INFECTOLOGIA 01 LA RAZA (CDMX NORTE),IMSS,Media,Buena,"19.464865, -99.144859"
2020-09-08,HOSPITAL GENERAL 01 (CDMX NORTE) LA RAZA,IMSS,Buena,Buena,"19.395740, -99.161677"
2020-09-08,HOSPITAL GENERAL DE ZONA 24 (CDMX NORTE),IMSS,Buena,Buena,"19.483221, -99.128448"
2020-09-08,HOSPITAL GENERAL DE ZONA 27 (CDMX NORTE),IMSS,Buena,Buena,"19.454776, -99.140007"
2020-09-08,HOSPITAL GENERAL DE ZONA 2A (CDMX SUR),IMSS,Buena,Buena,"19.405495, -99.112200"
2020-09-08,HOSPITAL GENERAL DE ZONA 30 (CDMX SUR),IMSS,Media,Buena,"19.398836, -99.116913"
2020-09-08,HOSPITAL GENERAL DE ZONA 32 (CDMX SUR),IMSS,Buena,Buena,"19.307964, -99.130677"
2020-09-08,HOSPITAL GENERAL DE ZONA C/MF 08 (CDMX SUR),IMSS,Media,Buena,"19.337137, -99.200142"
2020-09-08,HOSPITAL GENERAL DE ZONA C/UMAA 48 (CDMX NORTE),IMSS,Buena,Buena,"19.482375, -99.213046"
2020-09-08,HOSPITAL GENERAL 02 (CDMX SUR) VILLA COAPA (COY.),IMSS,Buena,Buena,"19.309194, -99.129593"
2020-09-08,HOSPITAL DE ESPECIALIDADES 01 (CDMX NORTE) LA RAZA (AZC),IMSS,Media,Buena,"19.467169, -99.143785"
2020-09-08,HOSPITAL GENERAL DE ZONA C/MF 29 (S. JUAN ARAGÓN),IMSS,Buena,Buena,"19.465117, -99.085162"
2020-09-08,HOSPITAL GENERAL DE ZONA 47 (CDMX SUR) (IZP),IMSS,Buena,Media,"19.357566, -99.054269"
2020-09-08,UNIDAD MÓVIL TEMPORAL COVID,IMSS,Crítica,Crítica,"19.403082, -99.089177"
2020-09-08,CRIT IZTAPALAPA,IMSS,Buena,Buena,"19.328321, -99.068530"
2020-09-08,HOSPITAL GENERAL REGIONAL 72,IMSS,Media,Media,"19.356913, -98.990929"
2020-09-08,HOSPITAL GENERAL REGIONAL 196,IMSS,Buena,Buena,"19.515133, -98.891450"
2020-09-08,HOSPITAL GENERAL REGIONAL 200,IMSS,Buena,Buena,"19.470300, -99.234208"
2020-09-08,HOSPITAL GENERAL DE ZONA 53,IMSS,Buena,Buena,"19.597387, -99.188426"
2020-09-08,HOSPITAL GENERAL DE ZONA 197,IMSS,Buena,Buena,"19.530797, -99.222446"
2020-09-08,HOSPITAL GENERAL DE ZONA 194,IMSS,Media,Buena,"19.570070, -99.044009"
2020-09-08,HOSPITAL GENERAL DE ZONA 57 (LA QUEBRADA),IMSS,Buena,Buena,"19.542797, -99.205022"
2020-09-08,HOSPITAL GENERAL DE ZONA 58 (LAS MARGARITAS),IMSS,Media,Buena,"19.529016, -99.030983"
2020-09-08,HOSPITAL GENERAL DE ZONA 68 (TULPETLAC),IMSS,Buena,Buena,"19.742905, -98.972971"
2020-09-08,HOSPITAL GENERAL DE ZONA 71 (CHALCO),IMSS,Buena,Buena,"19.356913, -98.990929"
2020-09-08,HOSPITAL GENERAL DE ZONA 76 (XALOSTOC),IMSS,Media,Buena,"19.515133, -98.891450"
2020-09-08,HOSPITAL GENERAL DE ZONA 98 (COACALCO),IMSS,Buena,Buena,"19.470300, -99.234208"
2020-09-08,CRIT NEZAHUALCÓYOTL,IMSS,Buena,Buena,"19.425795, -99.029987"
2020-09-08,CENTRO MEDICO 20 DE NOVIEMBRE,ISSSTE,Buena,Buena,"19.372720, -99.171205"
2020-09-08,HG DARIO FERNANDEZ FIERRO,ISSSTE,Buena,Crítica,"19.363602, -99.188608"
2020-09-08,HG JOSE MARIA MORELOS,ISSSTE,Buena,Media,"19.363918, -98.995393"
2020-09-08,HG TACUBA,ISSSTE,Media,Buena,"19.454384, -99.191231"
2020-09-08,HG DR FERNANDO QUIROZ,ISSSTE,Buena,Buena,"19.394242, -99.194187"
2020-09-08,HG IGNACIO ZARAGOZA,ISSSTE,Buena,Buena,"19.389472, -99.045019"
2020-09-08,HR PRIMERO DE OCTUBRE,ISSSTE,Media,Media,"19.486751, -99.133249"
2020-09-08,HR LIC. ADOLFO LÓPEZ MATEOS,ISSSTE,Buena,Buena,"19.358451, -99.172716"
2020-09-08,HR BICENTENARIO DE LA INDEPENDENCIA,ISSSTE,Media,Media,"19.628814, -99.163343"
2020-09-08,ALTA ESPECIALIDAD DE ZUMPANGO,EDOMEX,Buena,Buena,"19.815198, -99.089196"
2020-09-08,HOSPITAL REGIONAL TLALNEPANTLA ISSEMYM,EDOMEX,Buena,Buena,"19.521706, -99.187341"
2020-09-08,"HOSPITAL GENERAL ECATEPEC ""LAS AMÉRICAS""",EDOMEX,Buena,Media,"19.594136, -99.018679"
2020-09-08,"HOSPITAL GENERAL DE NAUCALPAN ""DR. MAXIMILIANO RUIZ CASTAÑEDA"" ",EDOMEX,Buena,Buena,"19.468662, -99.234348"
2020-09-08,"HOSPITAL GENERAL ATIZAPAN DE ZARAGOZA ""DR. SALVADOR GONZALEZ HERREJÓN""",EDOMEX,Buena,Buena,"19.546322, -99.237491"
2020-09-08,"HOSPITAL GENERAL CUAUTITLAN ""GRAL. JOSE VICENTE VILLADA""",EDOMEX,Buena,Buena,"19.664586, -99.178557"
2020-09-08,"HOSPITAL GENERAL DE NEZAHUALCOYOTL ""GUSTAVO BAZ PRADA""",EDOMEX,Buena,Media,"19.422253, -99.014892"
2020-09-08,"HOSPITAL GENERAL DE ECATEPEC ""JOSÉ MARÍA RODRÍGUEZ""",EDOMEX,Buena,Buena,"19.514412, -99.038087"
2020-09-08,"HOSPITAL GENERAL NEZAHUALCOYOTL ""LA PERLA"" ",EDOMEX,Buena,Buena,"19.387963, -98.989442"
2020-09-08,HOSPITAL GENERAL DE CHIMALHUACAN,EDOMEX,Buena,Buena,"19.419753, -98.975140"
2020-09-08,"HOSPITAL GENERAL DE IXTAPALUCA ""PEDRO LOPEZ""",EDOMEX,Buena,Buena,"19.318829, -98.855366"
2020-09-08,HOSPITAL GENERAL DE CHALCO ,EDOMEX,Buena,Buena,"19.268265, -98.893965"
2020-09-08,"HOSPITAL GENERAL TEXCOCO ""GUADALUPE VICTORIA"" BICENTENARIO ",EDOMEX,Media,Buena,"19.514309, -98.871750"
2020-09-08,"HOSPITAL GENERAL VALLE DE CHALCO ""DR. FERNANDO QUIROZ GUTIERREZ"" ",EDOMEX,Buena,Buena,"19.273775, -98.941609"
2020-09-08,"HOSPITAL GENERAL AMECAMECA ""VALENTIN GOMEZ FARIAS"" ",EDOMEX,Buena,Buena,"19.144883, -98.785072"
2020-09-08,HOSPITAL GENERAL DE AXAPUSCO,EDOMEX,Buena,Media,"19.732872, -98.769445"
2020-09-09,INSTITUTO NACIONAL DE NUTRICIÓN,SSA,Crítica,Media,"19.289599, -99.155441"
2020-09-09,INER,SSA,Crítica,Media,"19.291375, -99.158653"
2020-09-09,HOSPITAL GENERAL DE MÉXICO,SSA,Buena,Buena,"19.4129258, -99.1520225"
2020-09-09,HOSPITAL JUAREZ,SSA,Crítica,Buena,"19.481829, -99.135576"
2020-09-09,HOSPITAL GENERAL DR. MANUEL GEA GONZÁLEZ,SSA,Media,Media,"19.290295, -99.160861"
2020-09-09,HOSPITAL INFANTIL DE MÉXICO FEDERICO GÓMEZ,SSA,Buena,Buena,"19.410839, -99.151941"
2020-09-09,INSTITUTO  NACIONAL DE CARDIOLOGÍA IGNACIO CHÁVEZ,SSA,Buena,Buena,"19.290598, -99.153838"
2020-09-09,CITIBANAMEX,SSA,Buena,Media,"19.439732, -99.224235"
2020-09-09,HOSPITAL REGIONAL DE ALTA ESPECIALIDAD DE IXTAPALUCA,SSA,Buena,Buena,"19.318796, -98.855353"
2020-09-09,BELISARIO DOMINGUEZ,SEDESA,Buena,Buena,"19.307226, -99.065356"
2020-09-09,ENRIQUE CABRERA,SEDESA,Buena,Buena,"19.361675, -99.224432"
2020-09-09,GENERAL TLAHUAC,SEDESA,Buena,Buena,"19.287492, -99.052665"
2020-09-09,PEDIATRICO DE LA VILLA,SEDESA,Buena,Buena,"19.487355, -99.114316"
2020-09-09,HOSPITAL GENERAL AJUSCO MEDIO,SEDESA,Buena,Buena,"19.272165, -99.207846"
2020-09-09,HOSPITAL GENERAL IZTAPALAPA,SEDESA,Buena,Buena,"19.343426, -99.027236"
2020-09-09,HOSPITAL GENERAL XOCO,SEDESA,Buena,Buena,"19.360313, -99.162275"
2020-09-09,HOSPITAL GENERAL VILLA,SEDESA,Media,Buena,"19.480079, -99.103353"
2020-09-09,HOSPITAL GENERAL DR. RUBÉN LEÑERO,SEDESA,Crítica,Buena,"19.451398, -99.169565"
2020-09-09,HOSPITAL GENERAL MILPA ALTA,SEDESA,Buena,Buena,"19.200951, -99.011210"
2020-09-09,HOSPITAL GENERAL BALBUENA,SEDESA,Buena,Buena,"19.424195, -99.115412"
2020-09-09,HOSPITAL TEPEPAN,SEDESA,Sin Dato,Sin Dato,"19.275806, -99.144298"
2020-09-09,HOSPITAL DE ESPECIALIDADES 01 CMN SIGLO XXI (CDMX SUR),IMSS,Buena,Buena,"19.466549, -99.145102"
2020-09-09,HOSPITAL DE PEDIATRIA 01 CMN SIGLO XXI (CDMX SUR),IMSS,Buena,Buena,"19.407458, -99.152267"
2020-09-09,HOSPITAL GENERAL DE ZONA 01 CARLOS MC GREGOR (CDMX SUR),IMSS,Media,Buena,"19.395912, -99.161610"
2020-09-09,HOSPITAL GENERAL DE ZONA 1A PARQUE DE LOS VENADOS (CDMX SUR),IMSS,Media,Buena,"19.374431, -99.151203"
2020-09-09,HOSPITAL DE INFECTOLOGIA 01 LA RAZA (CDMX NORTE),IMSS,Media,Buena,"19.464865, -99.144859"
2020-09-09,HOSPITAL GENERAL 01 (CDMX NORTE) LA RAZA,IMSS,Buena,Buena,"19.395740, -99.161677"
2020-09-09,HOSPITAL GENERAL DE ZONA 24 (CDMX NORTE),IMSS,Buena,Buena,"19.483221, -99.128448"
2020-09-09,HOSPITAL GENERAL DE ZONA 27 (CDMX NORTE),IMSS,Buena,Buena,"19.454776, -99.140007"
2020-09-09,HOSPITAL GENERAL DE ZONA 2A (CDMX SUR),IMSS,Buena,Buena,"19.405495, -99.112200"
2020-09-09,HOSPITAL GENERAL DE ZONA 30 (CDMX SUR),IMSS,Media,Buena,"19.398836, -99.116913"
2020-09-09,HOSPITAL GENERAL DE ZONA 32 (CDMX SUR),IMSS,Buena,Buena,"19.307964, -99.130677"
2020-09-09,HOSPITAL GENERAL DE ZONA C/MF 08 (CDMX SUR),IMSS,Media,Buena,"19.337137, -99.200142"
2020-09-09,HOSPITAL GENERAL DE ZONA C/UMAA 48 (CDMX NORTE),IMSS,Media,Buena,"19.482375, -99.213046"
2020-09-09,HOSPITAL GENERAL 02 (CDMX SUR) VILLA COAPA (COY.),IMSS,Buena,Buena,"19.309194, -99.129593"
2020-09-09,HOSPITAL DE ESPECIALIDADES 01 (CDMX NORTE) LA RAZA (AZC),IMSS,Media,Buena,"19.467169, -99.143785"
2020-09-09,HOSPITAL GENERAL DE ZONA C/MF 29 (S. JUAN ARAGÓN),IMSS,Buena,Buena,"19.465117, -99.085162"
2020-09-09,HOSPITAL GENERAL DE ZONA 47 (CDMX SUR) (IZP),IMSS,Buena,Media,"19.357566, -99.054269"
2020-09-09,UNIDAD MÓVIL TEMPORAL COVID,IMSS,Crítica,Crítica,"19.403082, -99.089177"
2020-09-09,CRIT IZTAPALAPA,IMSS,Buena,Buena,"19.328321, -99.068530"
2020-09-09,HOSPITAL GENERAL REGIONAL 72,IMSS,Media,Media,"19.356913, -98.990929"
2020-09-09,HOSPITAL GENERAL REGIONAL 196,IMSS,Buena,Buena,"19.515133, -98.891450"
2020-09-09,HOSPITAL GENERAL REGIONAL 200,IMSS,Buena,Buena,"19.470300, -99.234208"
2020-09-09,HOSPITAL GENERAL DE ZONA 53,IMSS,Buena,Buena,"19.597387, -99.188426"
2020-09-09,HOSPITAL GENERAL DE ZONA 197,IMSS,Buena,Buena,"19.530797, -99.222446"
2020-09-09,HOSPITAL GENERAL DE ZONA 194,IMSS,Media,Buena,"19.570070, -99.044009"
2020-09-09,HOSPITAL GENERAL DE ZONA 57 (LA QUEBRADA),IMSS,Buena,Buena,"19.542797, -99.205022"
2020-09-09,HOSPITAL GENERAL DE ZONA 58 (LAS MARGARITAS),IMSS,Media,Buena,"19.529016, -99.030983"
2020-09-09,HOSPITAL GENERAL DE ZONA 68 (TULPETLAC),IMSS,Buena,Buena,"19.742905, -98.972971"
2020-09-09,HOSPITAL GENERAL DE ZONA 71 (CHALCO),IMSS,Buena,Buena,"19.356913, -98.990929"
2020-09-09,HOSPITAL GENERAL DE ZONA 76 (XALOSTOC),IMSS,Media,Buena,"19.515133, -98.891450"
2020-09-09,HOSPITAL GENERAL DE ZONA 98 (COACALCO),IMSS,Buena,Buena,"19.470300, -99.234208"
2020-09-09,CRIT NEZAHUALCÓYOTL,IMSS,Buena,Buena,"19.425795, -99.029987"
2020-09-09,CENTRO MEDICO 20 DE NOVIEMBRE,ISSSTE,Buena,Buena,"19.372720, -99.171205"
2020-09-09,HG DARIO FERNANDEZ FIERRO,ISSSTE,Buena,Crítica,"19.363602, -99.188608"
2020-09-09,HG JOSE MARIA MORELOS,ISSSTE,Buena,Buena,"19.363918, -98.995393"
2020-09-09,HG TACUBA,ISSSTE,Media,Buena,"19.454384, -99.191231"
2020-09-09,HG DR FERNANDO QUIROZ,ISSSTE,Buena,Buena,"19.394242, -99.194187"
2020-09-09,HG IGNACIO ZARAGOZA,ISSSTE,Buena,Media,"19.389472, -99.045019"
2020-09-09,HR PRIMERO DE OCTUBRE,ISSSTE,Media,Media,"19.486751, -99.133249"
2020-09-09,HR LIC. ADOLFO LÓPEZ MATEOS,ISSSTE,Buena,Buena,"19.358451, -99.172716"
2020-09-09,HR BICENTENARIO DE LA INDEPENDENCIA,ISSSTE,Media,Media,"19.628814, -99.163343"
2020-09-09,ALTA ESPECIALIDAD DE ZUMPANGO,EDOMEX,Buena,Buena,"19.815198, -99.089196"
2020-09-09,HOSPITAL REGIONAL TLALNEPANTLA ISSEMYM,EDOMEX,Buena,Buena,"19.521706, -99.187341"
2020-09-09,"HOSPITAL GENERAL ECATEPEC ""LAS AMÉRICAS""",EDOMEX,Buena,Buena,"19.594136, -99.018679"
2020-09-09,"HOSPITAL GENERAL DE NAUCALPAN ""DR. MAXIMILIANO RUIZ CASTAÑEDA"" ",EDOMEX,Buena,Buena,"19.468662, -99.234348"
2020-09-09,"HOSPITAL GENERAL ATIZAPAN DE ZARAGOZA ""DR. SALVADOR GONZALEZ HERREJÓN""",EDOMEX,Buena,Buena,"19.546322, -99.237491"
2020-09-09,"HOSPITAL GENERAL CUAUTITLAN ""GRAL. JOSE VICENTE VILLADA""",EDOMEX,Buena,Buena,"19.664586, -99.178557"
2020-09-09,"HOSPITAL GENERAL DE NEZAHUALCOYOTL ""GUSTAVO BAZ PRADA""",EDOMEX,Buena,Media,"19.422253, -99.014892"
2020-09-09,"HOSPITAL GENERAL DE ECATEPEC ""JOSÉ MARÍA RODRÍGUEZ""",EDOMEX,Buena,Buena,"19.514412, -99.038087"
2020-09-09,"HOSPITAL GENERAL NEZAHUALCOYOTL ""LA PERLA"" ",EDOMEX,Buena,Buena,"19.387963, -98.989442"
2020-09-09,HOSPITAL GENERAL DE CHIMALHUACAN,EDOMEX,Buena,Buena,"19.419753, -98.975140"
2020-09-09,"HOSPITAL GENERAL DE IXTAPALUCA ""PEDRO LOPEZ""",EDOMEX,Buena,Buena,"19.318829, -98.855366"
2020-09-09,HOSPITAL GENERAL DE CHALCO ,EDOMEX,Buena,Buena,"19.268265, -98.893965"
2020-09-09,"HOSPITAL GENERAL TEXCOCO ""GUADALUPE VICTORIA"" BICENTENARIO ",EDOMEX,Media,Buena,"19.514309, -98.871750"
2020-09-09,"HOSPITAL GENERAL VALLE DE CHALCO ""DR. FERNANDO QUIROZ GUTIERREZ"" ",EDOMEX,Buena,Buena,"19.273775, -98.941609"
2020-09-09,"HOSPITAL GENERAL AMECAMECA ""VALENTIN GOMEZ FARIAS"" ",EDOMEX,Buena,Buena,"19.144883, -98.785072"
2020-09-09,HOSPITAL GENERAL DE AXAPUSCO,EDOMEX,Buena,Media,"19.732872, -98.769445"
2020-09-10,INSTITUTO NACIONAL DE NUTRICIÓN,SSA,Crítica,Media,"19.289599, -99.155441"
2020-09-10,INER,SSA,Crítica,Media,"19.291375, -99.158653"
2020-09-10,HOSPITAL GENERAL DE MÉXICO,SSA,Buena,Buena,"19.4129258, -99.1520225"
2020-09-10,HOSPITAL JUAREZ,SSA,Crítica,Buena,"19.481829, -99.135576"
2020-09-10,HOSPITAL GENERAL DR. MANUEL GEA GONZÁLEZ,SSA,Media,Media,"19.290295, -99.160861"
2020-09-10,HOSPITAL INFANTIL DE MÉXICO FEDERICO GÓMEZ,SSA,Buena,Buena,"19.410839, -99.151941"
2020-09-10,INSTITUTO  NACIONAL DE CARDIOLOGÍA IGNACIO CHÁVEZ,SSA,Buena,Buena,"19.290598, -99.153838"
2020-09-10,CITIBANAMEX,SSA,Buena,Media,"19.439732, -99.224235"
2020-09-10,HOSPITAL REGIONAL DE ALTA ESPECIALIDAD DE IXTAPALUCA,SSA,Buena,Media,"19.318796, -98.855353"
2020-09-10,BELISARIO DOMINGUEZ,SEDESA,Buena,Buena,"19.307226, -99.065356"
2020-09-10,ENRIQUE CABRERA,SEDESA,Buena,Buena,"19.361675, -99.224432"
2020-09-10,GENERAL TLAHUAC,SEDESA,Buena,Buena,"19.287492, -99.052665"
2020-09-10,PEDIATRICO DE LA VILLA,SEDESA,Buena,Buena,"19.487355, -99.114316"
2020-09-10,HOSPITAL GENERAL AJUSCO MEDIO,SEDESA,Buena,Buena,"19.272165, -99.207846"
2020-09-10,HOSPITAL GENERAL IZTAPALAPA,SEDESA,Buena,Buena,"19.343426, -99.027236"
2020-09-10,HOSPITAL GENERAL XOCO,SEDESA,Buena,Buena,"19.360313, -99.162275"
2020-09-10,HOSPITAL GENERAL VILLA,SEDESA,Media,Buena,"19.480079, -99.103353"
2020-09-10,HOSPITAL GENERAL DR. RUBÉN LEÑERO,SEDESA,Media,Buena,"19.451398, -99.169565"
2020-09-10,HOSPITAL GENERAL MILPA ALTA,SEDESA,Buena,Buena,"19.200951, -99.011210"
2020-09-10,HOSPITAL GENERAL BALBUENA,SEDESA,Buena,Buena,"19.424195, -99.115412"
2020-09-10,HOSPITAL TEPEPAN,SEDESA,Sin Dato,Sin Dato,"19.275806, -99.144298"
2020-09-10,HOSPITAL DE ESPECIALIDADES 01 CMN SIGLO XXI (CDMX SUR),IMSS,Buena,Buena,"19.466549, -99.145102"
2020-09-10,HOSPITAL DE PEDIATRIA 01 CMN SIGLO XXI (CDMX SUR),IMSS,Buena,Buena,"19.407458, -99.152267"
2020-09-10,HOSPITAL GENERAL DE ZONA 01 CARLOS MC GREGOR (CDMX SUR),IMSS,Media,Buena,"19.395912, -99.161610"
2020-09-10,HOSPITAL GENERAL DE ZONA 1A PARQUE DE LOS VENADOS (CDMX SUR),IMSS,Media,Buena,"19.374431, -99.151203"
2020-09-10,HOSPITAL DE INFECTOLOGIA 01 LA RAZA (CDMX NORTE),IMSS,Media,Buena,"19.464865, -99.144859"
2020-09-10,HOSPITAL GENERAL 01 (CDMX NORTE) LA RAZA,IMSS,Buena,Buena,"19.395740, -99.161677"
2020-09-10,HOSPITAL GENERAL DE ZONA 24 (CDMX NORTE),IMSS,Buena,Buena,"19.483221, -99.128448"
2020-09-10,HOSPITAL GENERAL DE ZONA 27 (CDMX NORTE),IMSS,Buena,Buena,"19.454776, -99.140007"
2020-09-10,HOSPITAL GENERAL DE ZONA 2A (CDMX SUR),IMSS,Buena,Buena,"19.405495, -99.112200"
2020-09-10,HOSPITAL GENERAL DE ZONA 30 (CDMX SUR),IMSS,Media,Buena,"19.398836, -99.116913"
2020-09-10,HOSPITAL GENERAL DE ZONA 32 (CDMX SUR),IMSS,Buena,Buena,"19.307964, -99.130677"
2020-09-10,HOSPITAL GENERAL DE ZONA C/MF 08 (CDMX SUR),IMSS,Media,Buena,"19.337137, -99.200142"
2020-09-10,HOSPITAL GENERAL DE ZONA C/UMAA 48 (CDMX NORTE),IMSS,Media,Buena,"19.482375, -99.213046"
2020-09-10,HOSPITAL GENERAL 02 (CDMX SUR) VILLA COAPA (COY.),IMSS,Buena,Buena,"19.309194, -99.129593"
2020-09-10,HOSPITAL DE ESPECIALIDADES 01 (CDMX NORTE) LA RAZA (AZC),IMSS,Media,Buena,"19.467169, -99.143785"
2020-09-10,HOSPITAL GENERAL DE ZONA C/MF 29 (S. JUAN ARAGÓN),IMSS,Buena,Buena,"19.465117, -99.085162"
2020-09-10,HOSPITAL GENERAL DE ZONA 47 (CDMX SUR) (IZP),IMSS,Buena,Media,"19.357566, -99.054269"
2020-09-10,UNIDAD MÓVIL TEMPORAL COVID,IMSS,Crítica,Crítica,"19.403082, -99.089177"
2020-09-10,CRIT IZTAPALAPA,IMSS,Buena,Buena,"19.328321, -99.068530"
2020-09-10,HOSPITAL GENERAL REGIONAL 72,IMSS,Media,Media,"19.356913, -98.990929"
2020-09-10,HOSPITAL GENERAL REGIONAL 196,IMSS,Buena,Buena,"19.515133, -98.891450"
2020-09-10,HOSPITAL GENERAL REGIONAL 200,IMSS,Buena,Buena,"19.470300, -99.234208"
2020-09-10,HOSPITAL GENERAL DE ZONA 53,IMSS,Buena,Buena,"19.597387, -99.188426"
2020-09-10,HOSPITAL GENERAL DE ZONA 197,IMSS,Buena,Buena,"19.530797, -99.222446"
2020-09-10,HOSPITAL GENERAL DE ZONA 194,IMSS,Media,Buena,"19.570070, -99.044009"
2020-09-10,HOSPITAL GENERAL DE ZONA 57 (LA QUEBRADA),IMSS,Buena,Buena,"19.542797, -99.205022"
2020-09-10,HOSPITAL GENERAL DE ZONA 58 (LAS MARGARITAS),IMSS,Media,Media,"19.529016, -99.030983"
2020-09-10,HOSPITAL GENERAL DE ZONA 68 (TULPETLAC),IMSS,Buena,Buena,"19.742905, -98.972971"
2020-09-10,HOSPITAL GENERAL DE ZONA 71 (CHALCO),IMSS,Buena,Buena,"19.356913, -98.990929"
2020-09-10,HOSPITAL GENERAL DE ZONA 76 (XALOSTOC),IMSS,Media,Buena,"19.515133, -98.891450"
2020-09-10,HOSPITAL GENERAL DE ZONA 98 (COACALCO),IMSS,Buena,Buena,"19.470300, -99.234208"
2020-09-10,CRIT NEZAHUALCÓYOTL,IMSS,Buena,Buena,"19.425795, -99.029987"
2020-09-10,CENTRO MEDICO 20 DE NOVIEMBRE,ISSSTE,Buena,Buena,"19.372720, -99.171205"
2020-09-10,HG DARIO FERNANDEZ FIERRO,ISSSTE,Buena,Crítica,"19.363602, -99.188608"
2020-09-10,HG JOSE MARIA MORELOS,ISSSTE,Buena,Media,"19.363918, -98.995393"
2020-09-10,HG TACUBA,ISSSTE,Buena,Buena,"19.454384, -99.191231"
2020-09-10,HG DR FERNANDO QUIROZ,ISSSTE,Media,Buena,"19.394242, -99.194187"
2020-09-10,HG IGNACIO ZARAGOZA,ISSSTE,Buena,Media,"19.389472, -99.045019"
2020-09-10,HR PRIMERO DE OCTUBRE,ISSSTE,Media,Media,"19.486751, -99.133249"
2020-09-10,HR LIC. ADOLFO LÓPEZ MATEOS,ISSSTE,Buena,Buena,"19.358451, -99.172716"
2020-09-10,HR BICENTENARIO DE LA INDEPENDENCIA,ISSSTE,Media,Media,"19.628814, -99.163343"
2020-09-10,ALTA ESPECIALIDAD DE ZUMPANGO,EDOMEX,Buena,Buena,"19.815198, -99.089196"
2020-09-10,HOSPITAL REGIONAL TLALNEPANTLA ISSEMYM,EDOMEX,Buena,Buena,"19.521706, -99.187341"
2020-09-10,"HOSPITAL GENERAL ECATEPEC ""LAS AMÉRICAS""",EDOMEX,Buena,Media,"19.594136, -99.018679"
2020-09-10,"HOSPITAL GENERAL DE NAUCALPAN ""DR. MAXIMILIANO RUIZ CASTAÑEDA"" ",EDOMEX,Buena,Buena,"19.468662, -99.234348"
2020-09-10,"HOSPITAL GENERAL ATIZAPAN DE ZARAGOZA ""DR. SALVADOR GONZALEZ HERREJÓN""",EDOMEX,Buena,Buena,"19.546322, -99.237491"
2020-09-10,"HOSPITAL GENERAL CUAUTITLAN ""GRAL. JOSE VICENTE VILLADA""",EDOMEX,Media,Buena,"19.664586, -99.178557"
2020-09-10,"HOSPITAL GENERAL DE NEZAHUALCOYOTL ""GUSTAVO BAZ PRADA""",EDOMEX,Buena,Media,"19.422253, -99.014892"
2020-09-10,"HOSPITAL GENERAL DE ECATEPEC ""JOSÉ MARÍA RODRÍGUEZ""",EDOMEX,Buena,Buena,"19.514412, -99.038087"
2020-09-10,"HOSPITAL GENERAL NEZAHUALCOYOTL ""LA PERLA"" ",EDOMEX,Buena,Buena,"19.387963, -98.989442"
2020-09-10,HOSPITAL GENERAL DE CHIMALHUACAN,EDOMEX,Buena,Buena,"19.419753, -98.975140"
2020-09-10,"HOSPITAL GENERAL DE IXTAPALUCA ""PEDRO LOPEZ""",EDOMEX,Buena,Buena,"19.318829, -98.855366"
2020-09-10,HOSPITAL GENERAL DE CHALCO ,EDOMEX,Buena,Buena,"19.268265, -98.893965"
2020-09-10,"HOSPITAL GENERAL TEXCOCO ""GUADALUPE VICTORIA"" BICENTENARIO ",EDOMEX,Buena,Buena,"19.514309, -98.871750"
2020-09-10,"HOSPITAL GENERAL VALLE DE CHALCO ""DR. FERNANDO QUIROZ GUTIERREZ"" ",EDOMEX,Buena,Buena,"19.273775, -98.941609"
2020-09-10,"HOSPITAL GENERAL AMECAMECA ""VALENTIN GOMEZ FARIAS"" ",EDOMEX,Buena,Buena,"19.144883, -98.785072"
2020-09-10,HOSPITAL GENERAL DE AXAPUSCO,EDOMEX,Buena,Buena,"19.732872, -98.769445"
2020-09-11,INSTITUTO NACIONAL DE NUTRICIÓN,SSA,Crítica,Media,"19.289599, -99.155441"
2020-09-11,INER,SSA,Crítica,Media,"19.291375, -99.158653"
2020-09-11,HOSPITAL GENERAL DE MÉXICO,SSA,Buena,Buena,"19.4129258, -99.1520225"
2020-09-11,HOSPITAL JUAREZ,SSA,Media,Buena,"19.481829, -99.135576"
2020-09-11,HOSPITAL GENERAL DR. MANUEL GEA GONZÁLEZ,SSA,Media,Media,"19.290295, -99.160861"
2020-09-11,HOSPITAL INFANTIL DE MÉXICO FEDERICO GÓMEZ,SSA,Buena,Buena,"19.410839, -99.151941"
2020-09-11,INSTITUTO  NACIONAL DE CARDIOLOGÍA IGNACIO CHÁVEZ,SSA,Buena,Buena,"19.290598, -99.153838"
2020-09-11,CITIBANAMEX,SSA,Buena,Media,"19.439732, -99.224235"
2020-09-11,HOSPITAL REGIONAL DE ALTA ESPECIALIDAD DE IXTAPALUCA,SSA,Buena,Media,"19.318796, -98.855353"
2020-09-11,BELISARIO DOMINGUEZ,SEDESA,Buena,Buena,"19.307226, -99.065356"
2020-09-11,ENRIQUE CABRERA,SEDESA,Buena,Buena,"19.361675, -99.224432"
2020-09-11,GENERAL TLAHUAC,SEDESA,Buena,Buena,"19.287492, -99.052665"
2020-09-11,PEDIATRICO DE LA VILLA,SEDESA,Buena,Buena,"19.487355, -99.114316"
2020-09-11,HOSPITAL GENERAL AJUSCO MEDIO,SEDESA,Buena,Buena,"19.272165, -99.207846"
2020-09-11,HOSPITAL GENERAL IZTAPALAPA,SEDESA,Buena,Buena,"19.343426, -99.027236"
2020-09-11,HOSPITAL GENERAL XOCO,SEDESA,Buena,Buena,"19.360313, -99.162275"
2020-09-11,HOSPITAL GENERAL VILLA,SEDESA,Media,Buena,"19.480079, -99.103353"
2020-09-11,HOSPITAL GENERAL DR. RUBÉN LEÑERO,SEDESA,Media,Buena,"19.451398, -99.169565"
2020-09-11,HOSPITAL GENERAL MILPA ALTA,SEDESA,Media,Buena,"19.200951, -99.011210"
2020-09-11,HOSPITAL GENERAL BALBUENA,SEDESA,Buena,Buena,"19.424195, -99.115412"
2020-09-11,HOSPITAL TEPEPAN,SEDESA,Sin Dato,Sin Dato,"19.275806, -99.144298"
2020-09-11,HOSPITAL DE ESPECIALIDADES 01 CMN SIGLO XXI (CDMX SUR),IMSS,Buena,Buena,"19.466549, -99.145102"
2020-09-11,HOSPITAL DE PEDIATRIA 01 CMN SIGLO XXI (CDMX SUR),IMSS,Buena,Buena,"19.407458, -99.152267"
2020-09-11,HOSPITAL GENERAL DE ZONA 01 CARLOS MC GREGOR (CDMX SUR),IMSS,Media,Buena,"19.395912, -99.161610"
2020-09-11,HOSPITAL GENERAL DE ZONA 1A PARQUE DE LOS VENADOS (CDMX SUR),IMSS,Media,Buena,"19.374431, -99.151203"
2020-09-11,HOSPITAL DE INFECTOLOGIA 01 LA RAZA (CDMX NORTE),IMSS,Media,Buena,"19.464865, -99.144859"
2020-09-11,HOSPITAL GENERAL 01 (CDMX NORTE) LA RAZA,IMSS,Buena,Buena,"19.395740, -99.161677"
2020-09-11,HOSPITAL GENERAL DE ZONA 24 (CDMX NORTE),IMSS,Buena,Buena,"19.483221, -99.128448"
2020-09-11,HOSPITAL GENERAL DE ZONA 27 (CDMX NORTE),IMSS,Buena,Buena,"19.454776, -99.140007"
2020-09-11,HOSPITAL GENERAL DE ZONA 2A (CDMX SUR),IMSS,Media,Buena,"19.405495, -99.112200"
2020-09-11,HOSPITAL GENERAL DE ZONA 30 (CDMX SUR),IMSS,Media,Buena,"19.398836, -99.116913"
2020-09-11,HOSPITAL GENERAL DE ZONA 32 (CDMX SUR),IMSS,Buena,Buena,"19.307964, -99.130677"
2020-09-11,HOSPITAL GENERAL DE ZONA C/MF 08 (CDMX SUR),IMSS,Media,Buena,"19.337137, -99.200142"
2020-09-11,HOSPITAL GENERAL DE ZONA C/UMAA 48 (CDMX NORTE),IMSS,Buena,Buena,"19.482375, -99.213046"
2020-09-11,HOSPITAL GENERAL 02 (CDMX SUR) VILLA COAPA (COY.),IMSS,Buena,Buena,"19.309194, -99.129593"
2020-09-11,HOSPITAL DE ESPECIALIDADES 01 (CDMX NORTE) LA RAZA (AZC),IMSS,Media,Buena,"19.467169, -99.143785"
2020-09-11,HOSPITAL GENERAL DE ZONA C/MF 29 (S. JUAN ARAGÓN),IMSS,Buena,Buena,"19.465117, -99.085162"
2020-09-11,HOSPITAL GENERAL DE ZONA 47 (CDMX SUR) (IZP),IMSS,Buena,Media,"19.357566, -99.054269"
2020-09-11,UNIDAD MÓVIL TEMPORAL COVID,IMSS,Crítica,Crítica,"19.403082, -99.089177"
2020-09-11,CRIT IZTAPALAPA,IMSS,Buena,Buena,"19.328321, -99.068530"
2020-09-11,HOSPITAL GENERAL REGIONAL 72,IMSS,Media,Buena,"19.356913, -98.990929"
2020-09-11,HOSPITAL GENERAL REGIONAL 196,IMSS,Buena,Buena,"19.515133, -98.891450"
2020-09-11,HOSPITAL GENERAL REGIONAL 200,IMSS,Buena,Buena,"19.470300, -99.234208"
2020-09-11,HOSPITAL GENERAL DE ZONA 53,IMSS,Buena,Buena,"19.597387, -99.188426"
2020-09-11,HOSPITAL GENERAL DE ZONA 197,IMSS,Buena,Buena,"19.530797, -99.222446"
2020-09-11,HOSPITAL GENERAL DE ZONA 194,IMSS,Buena,Buena,"19.570070, -99.044009"
2020-09-11,HOSPITAL GENERAL DE ZONA 57 (LA QUEBRADA),IMSS,Buena,Buena,"19.542797, -99.205022"
2020-09-11,HOSPITAL GENERAL DE ZONA 58 (LAS MARGARITAS),IMSS,Media,Buena,"19.529016, -99.030983"
2020-09-11,HOSPITAL GENERAL DE ZONA 68 (TULPETLAC),IMSS,Buena,Buena,"19.742905, -98.972971"
2020-09-11,HOSPITAL GENERAL DE ZONA 71 (CHALCO),IMSS,Buena,Buena,"19.356913, -98.990929"
2020-09-11,HOSPITAL GENERAL DE ZONA 76 (XALOSTOC),IMSS,Media,Buena,"19.515133, -98.891450"
2020-09-11,HOSPITAL GENERAL DE ZONA 98 (COACALCO),IMSS,Buena,Buena,"19.470300, -99.234208"
2020-09-11,CRIT NEZAHUALCÓYOTL,IMSS,Buena,Buena,"19.425795, -99.029987"
2020-09-11,CENTRO MEDICO 20 DE NOVIEMBRE,ISSSTE,Buena,Buena,"19.372720, -99.171205"
2020-09-11,HG DARIO FERNANDEZ FIERRO,ISSSTE,Buena,Media,"19.363602, -99.188608"
2020-09-11,HG JOSE MARIA MORELOS,ISSSTE,Buena,Crítica,"19.363918, -98.995393"
2020-09-11,HG TACUBA,ISSSTE,Buena,Buena,"19.454384, -99.191231"
2020-09-11,HG DR FERNANDO QUIROZ,ISSSTE,Media,Buena,"19.394242, -99.194187"
2020-09-11,HG IGNACIO ZARAGOZA,ISSSTE,Buena,Media,"19.389472, -99.045019"
2020-09-11,HR PRIMERO DE OCTUBRE,ISSSTE,Media,Media,"19.486751, -99.133249"
2020-09-11,HR LIC. ADOLFO LÓPEZ MATEOS,ISSSTE,Buena,Buena,"19.358451, -99.172716"
2020-09-11,HR BICENTENARIO DE LA INDEPENDENCIA,ISSSTE,Media,Media,"19.628814, -99.163343"
2020-09-11,ALTA ESPECIALIDAD DE ZUMPANGO,EDOMEX,Buena,Buena,"19.815198, -99.089196"
2020-09-11,HOSPITAL REGIONAL TLALNEPANTLA ISSEMYM,EDOMEX,Buena,Buena,"19.521706, -99.187341"
2020-09-11,"HOSPITAL GENERAL ECATEPEC ""LAS AMÉRICAS""",EDOMEX,Buena,Media,"19.594136, -99.018679"
2020-09-11,"HOSPITAL GENERAL DE NAUCALPAN ""DR. MAXIMILIANO RUIZ CASTAÑEDA"" ",EDOMEX,Buena,Buena,"19.468662, -99.234348"
2020-09-11,"HOSPITAL GENERAL ATIZAPAN DE ZARAGOZA ""DR. SALVADOR GONZALEZ HERREJÓN""",EDOMEX,Buena,Buena,"19.546322, -99.237491"
2020-09-11,"HOSPITAL GENERAL CUAUTITLAN ""GRAL. JOSE VICENTE VILLADA""",EDOMEX,Buena,Buena,"19.664586, -99.178557"
2020-09-11,"HOSPITAL GENERAL DE NEZAHUALCOYOTL ""GUSTAVO BAZ PRADA""",EDOMEX,Buena,Media,"19.422253, -99.014892"
2020-09-11,"HOSPITAL GENERAL DE ECATEPEC ""JOSÉ MARÍA RODRÍGUEZ""",EDOMEX,Buena,Buena,"19.514412, -99.038087"
2020-09-11,"HOSPITAL GENERAL NEZAHUALCOYOTL ""LA PERLA"" ",EDOMEX,Buena,Media,"19.387963, -98.989442"
2020-09-11,HOSPITAL GENERAL DE CHIMALHUACAN,EDOMEX,Buena,Buena,"19.419753, -98.975140"
2020-09-11,"HOSPITAL GENERAL DE IXTAPALUCA ""PEDRO LOPEZ""",EDOMEX,Buena,Buena,"19.318829, -98.855366"
2020-09-11,HOSPITAL GENERAL DE CHALCO ,EDOMEX,Buena,Buena,"19.268265, -98.893965"
2020-09-11,"HOSPITAL GENERAL TEXCOCO ""GUADALUPE VICTORIA"" BICENTENARIO ",EDOMEX,Media,Buena,"19.514309, -98.871750"
2020-09-11,"HOSPITAL GENERAL VALLE DE CHALCO ""DR. FERNANDO QUIROZ GUTIERREZ"" ",EDOMEX,Buena,Buena,"19.273775, -98.941609"
2020-09-11,"HOSPITAL GENERAL AMECAMECA ""VALENTIN GOMEZ FARIAS"" ",EDOMEX,Buena,Buena,"19.144883, -98.785072"
2020-09-11,HOSPITAL GENERAL DE AXAPUSCO,EDOMEX,Buena,Buena,"19.732872, -98.769445"
2020-09-12,INSTITUTO NACIONAL DE NUTRICIÓN,SSA,Crítica,Media,"19.289599, -99.155441"
2020-09-12,INER,SSA,Crítica,Media,"19.291375, -99.158653"
2020-09-12,HOSPITAL GENERAL DE MÉXICO,SSA,Buena,Buena,"19.4129258, -99.1520225"
2020-09-12,HOSPITAL JUAREZ,SSA,Media,Buena,"19.481829, -99.135576"
2020-09-12,HOSPITAL GENERAL DR. MANUEL GEA GONZÁLEZ,SSA,Media,Media,"19.290295, -99.160861"
2020-09-12,HOSPITAL INFANTIL DE MÉXICO FEDERICO GÓMEZ,SSA,Buena,Buena,"19.410839, -99.151941"
2020-09-12,INSTITUTO  NACIONAL DE CARDIOLOGÍA IGNACIO CHÁVEZ,SSA,Buena,Buena,"19.290598, -99.153838"
2020-09-12,CITIBANAMEX,SSA,Buena,Media,"19.439732, -99.224235"
2020-09-12,HOSPITAL REGIONAL DE ALTA ESPECIALIDAD DE IXTAPALUCA,SSA,Buena,Media,"19.318796, -98.855353"
2020-09-12,BELISARIO DOMINGUEZ,SEDESA,Buena,Buena,"19.307226, -99.065356"
2020-09-12,ENRIQUE CABRERA,SEDESA,Buena,Buena,"19.361675, -99.224432"
2020-09-12,GENERAL TLAHUAC,SEDESA,Buena,Buena,"19.287492, -99.052665"
2020-09-12,PEDIATRICO DE LA VILLA,SEDESA,Buena,Buena,"19.487355, -99.114316"
2020-09-12,HOSPITAL GENERAL AJUSCO MEDIO,SEDESA,Buena,Buena,"19.272165, -99.207846"
2020-09-12,HOSPITAL GENERAL IZTAPALAPA,SEDESA,Buena,Buena,"19.343426, -99.027236"
2020-09-12,HOSPITAL GENERAL XOCO,SEDESA,Buena,Buena,"19.360313, -99.162275"
2020-09-12,HOSPITAL GENERAL VILLA,SEDESA,Media,Buena,"19.480079, -99.103353"
2020-09-12,HOSPITAL GENERAL DR. RUBÉN LEÑERO,SEDESA,Media,Buena,"19.451398, -99.169565"
2020-09-12,HOSPITAL GENERAL MILPA ALTA,SEDESA,Buena,Buena,"19.200951, -99.011210"
2020-09-12,HOSPITAL GENERAL BALBUENA,SEDESA,Buena,Buena,"19.424195, -99.115412"
2020-09-12,HOSPITAL TEPEPAN,SEDESA,Sin Dato,Sin Dato,"19.275806, -99.144298"
2020-09-12,HOSPITAL DE ESPECIALIDADES 01 CMN SIGLO XXI (CDMX SUR),IMSS,Buena,Buena,"19.466549, -99.145102"
2020-09-12,HOSPITAL DE PEDIATRIA 01 CMN SIGLO XXI (CDMX SUR),IMSS,Buena,Buena,"19.407458, -99.152267"
2020-09-12,HOSPITAL GENERAL DE ZONA 01 CARLOS MC GREGOR (CDMX SUR),IMSS,Media,Buena,"19.395912, -99.161610"
2020-09-12,HOSPITAL GENERAL DE ZONA 1A PARQUE DE LOS VENADOS (CDMX SUR),IMSS,Buena,Buena,"19.374431, -99.151203"
2020-09-12,HOSPITAL DE INFECTOLOGIA 01 LA RAZA (CDMX NORTE),IMSS,Media,Buena,"19.464865, -99.144859"
2020-09-12,HOSPITAL GENERAL 01 (CDMX NORTE) LA RAZA,IMSS,Buena,Buena,"19.395740, -99.161677"
2020-09-12,HOSPITAL GENERAL DE ZONA 24 (CDMX NORTE),IMSS,Buena,Buena,"19.483221, -99.128448"
2020-09-12,HOSPITAL GENERAL DE ZONA 27 (CDMX NORTE),IMSS,Buena,Buena,"19.454776, -99.140007"
2020-09-12,HOSPITAL GENERAL DE ZONA 2A (CDMX SUR),IMSS,Buena,Media,"19.405495, -99.112200"
2020-09-12,HOSPITAL GENERAL DE ZONA 30 (CDMX SUR),IMSS,Media,Buena,"19.398836, -99.116913"
2020-09-12,HOSPITAL GENERAL DE ZONA 32 (CDMX SUR),IMSS,Buena,Buena,"19.307964, -99.130677"
2020-09-12,HOSPITAL GENERAL DE ZONA C/MF 08 (CDMX SUR),IMSS,Media,Buena,"19.337137, -99.200142"
2020-09-12,HOSPITAL GENERAL DE ZONA C/UMAA 48 (CDMX NORTE),IMSS,Buena,Buena,"19.482375, -99.213046"
2020-09-12,HOSPITAL GENERAL 02 (CDMX SUR) VILLA COAPA (COY.),IMSS,Buena,Buena,"19.309194, -99.129593"
2020-09-12,HOSPITAL DE ESPECIALIDADES 01 (CDMX NORTE) LA RAZA (AZC),IMSS,Media,Buena,"19.467169, -99.143785"
2020-09-12,HOSPITAL GENERAL DE ZONA C/MF 29 (S. JUAN ARAGÓN),IMSS,Buena,Buena,"19.465117, -99.085162"
2020-09-12,HOSPITAL GENERAL DE ZONA 47 (CDMX SUR) (IZP),IMSS,Buena,Media,"19.357566, -99.054269"
2020-09-12,UNIDAD MÓVIL TEMPORAL COVID,IMSS,Crítica,Crítica,"19.403082, -99.089177"
2020-09-12,CRIT IZTAPALAPA,IMSS,Buena,Buena,"19.328321, -99.068530"
2020-09-12,HOSPITAL GENERAL REGIONAL 72,IMSS,Media,Media,"19.356913, -98.990929"
2020-09-12,HOSPITAL GENERAL REGIONAL 196,IMSS,Buena,Buena,"19.515133, -98.891450"
2020-09-12,HOSPITAL GENERAL REGIONAL 200,IMSS,Buena,Buena,"19.470300, -99.234208"
2020-09-12,HOSPITAL GENERAL DE ZONA 53,IMSS,Buena,Buena,"19.597387, -99.188426"
2020-09-12,HOSPITAL GENERAL DE ZONA 197,IMSS,Buena,Buena,"19.530797, -99.222446"
2020-09-12,HOSPITAL GENERAL DE ZONA 194,IMSS,Buena,Buena,"19.570070, -99.044009"
2020-09-12,HOSPITAL GENERAL DE ZONA 57 (LA QUEBRADA),IMSS,Buena,Buena,"19.542797, -99.205022"
2020-09-12,HOSPITAL GENERAL DE ZONA 58 (LAS MARGARITAS),IMSS,Media,Media,"19.529016, -99.030983"
2020-09-12,HOSPITAL GENERAL DE ZONA 68 (TULPETLAC),IMSS,Buena,Buena,"19.742905, -98.972971"
2020-09-12,HOSPITAL GENERAL DE ZONA 71 (CHALCO),IMSS,Buena,Buena,"19.356913, -98.990929"
2020-09-12,HOSPITAL GENERAL DE ZONA 76 (XALOSTOC),IMSS,Media,Buena,"19.515133, -98.891450"
2020-09-12,HOSPITAL GENERAL DE ZONA 98 (COACALCO),IMSS,Buena,Buena,"19.470300, -99.234208"
2020-09-12,CRIT NEZAHUALCÓYOTL,IMSS,Buena,Buena,"19.425795, -99.029987"
2020-09-12,CENTRO MEDICO 20 DE NOVIEMBRE,ISSSTE,Buena,Buena,"19.372720, -99.171205"
2020-09-12,HG DARIO FERNANDEZ FIERRO,ISSSTE,Media,Media,"19.363602, -99.188608"
2020-09-12,HG JOSE MARIA MORELOS,ISSSTE,Buena,Crítica,"19.363918, -98.995393"
2020-09-12,HG TACUBA,ISSSTE,Media,Buena,"19.454384, -99.191231"
2020-09-12,HG DR FERNANDO QUIROZ,ISSSTE,Media,Buena,"19.394242, -99.194187"
2020-09-12,HG IGNACIO ZARAGOZA,ISSSTE,Buena,Buena,"19.389472, -99.045019"
2020-09-12,HR PRIMERO DE OCTUBRE,ISSSTE,Media,Media,"19.486751, -99.133249"
2020-09-12,HR LIC. ADOLFO LÓPEZ MATEOS,ISSSTE,Buena,Buena,"19.358451, -99.172716"
2020-09-12,HR BICENTENARIO DE LA INDEPENDENCIA,ISSSTE,Media,Media,"19.628814, -99.163343"
2020-09-12,ALTA ESPECIALIDAD DE ZUMPANGO,EDOMEX,Buena,Buena,"19.815198, -99.089196"
2020-09-12,HOSPITAL REGIONAL TLALNEPANTLA ISSEMYM,EDOMEX,Buena,Buena,"19.521706, -99.187341"
2020-09-12,"HOSPITAL GENERAL ECATEPEC ""LAS AMÉRICAS""",EDOMEX,Buena,Buena,"19.594136, -99.018679"
2020-09-12,"HOSPITAL GENERAL DE NAUCALPAN ""DR. MAXIMILIANO RUIZ CASTAÑEDA"" ",EDOMEX,Buena,Buena,"19.468662, -99.234348"
2020-09-12,"HOSPITAL GENERAL ATIZAPAN DE ZARAGOZA ""DR. SALVADOR GONZALEZ HERREJÓN""",EDOMEX,Buena,Buena,"19.546322, -99.237491"
2020-09-12,"HOSPITAL GENERAL CUAUTITLAN ""GRAL. JOSE VICENTE VILLADA""",EDOMEX,Buena,Buena,"19.664586, -99.178557"
2020-09-12,"HOSPITAL GENERAL DE NEZAHUALCOYOTL ""GUSTAVO BAZ PRADA""",EDOMEX,Buena,Media,"19.422253, -99.014892"
2020-09-12,"HOSPITAL GENERAL DE ECATEPEC ""JOSÉ MARÍA RODRÍGUEZ""",EDOMEX,Buena,Buena,"19.514412, -99.038087"
2020-09-12,"HOSPITAL GENERAL NEZAHUALCOYOTL ""LA PERLA"" ",EDOMEX,Buena,Buena,"19.387963, -98.989442"
2020-09-12,HOSPITAL GENERAL DE CHIMALHUACAN,EDOMEX,Buena,Buena,"19.419753, -98.975140"
2020-09-12,"HOSPITAL GENERAL DE IXTAPALUCA ""PEDRO LOPEZ""",EDOMEX,Buena,Buena,"19.318829, -98.855366"
2020-09-12,HOSPITAL GENERAL DE CHALCO ,EDOMEX,Buena,Buena,"19.268265, -98.893965"
2020-09-12,"HOSPITAL GENERAL TEXCOCO ""GUADALUPE VICTORIA"" BICENTENARIO ",EDOMEX,Buena,Buena,"19.514309, -98.871750"
2020-09-12,"HOSPITAL GENERAL VALLE DE CHALCO ""DR. FERNANDO QUIROZ GUTIERREZ"" ",EDOMEX,Buena,Buena,"19.273775, -98.941609"
2020-09-12,"HOSPITAL GENERAL AMECAMECA ""VALENTIN GOMEZ FARIAS"" ",EDOMEX,Buena,Buena,"19.144883, -98.785072"
2020-09-12,HOSPITAL GENERAL DE AXAPUSCO,EDOMEX,Buena,Buena,"19.732872, -98.769445"
2020-09-13,INSTITUTO NACIONAL DE NUTRICIÓN,SSA,Crítica,Media,"19.289599, -99.155441"
2020-09-13,INER,SSA,Crítica,Media,"19.291375, -99.158653"
2020-09-13,HOSPITAL GENERAL DE MÉXICO,SSA,Buena,Buena,"19.4129258, -99.1520225"
2020-09-13,HOSPITAL JUAREZ,SSA,Media,Buena,"19.481829, -99.135576"
2020-09-13,HOSPITAL GENERAL DR. MANUEL GEA GONZÁLEZ,SSA,Media,Media,"19.290295, -99.160861"
2020-09-13,HOSPITAL INFANTIL DE MÉXICO FEDERICO GÓMEZ,SSA,Buena,Buena,"19.410839, -99.151941"
2020-09-13,INSTITUTO  NACIONAL DE CARDIOLOGÍA IGNACIO CHÁVEZ,SSA,Buena,Buena,"19.290598, -99.153838"
2020-09-13,CITIBANAMEX,SSA,Buena,Media,"19.439732, -99.224235"
2020-09-13,HOSPITAL REGIONAL DE ALTA ESPECIALIDAD DE IXTAPALUCA,SSA,Buena,Media,"19.318796, -98.855353"
2020-09-13,BELISARIO DOMINGUEZ,SEDESA,Buena,Buena,"19.307226, -99.065356"
2020-09-13,ENRIQUE CABRERA,SEDESA,Buena,Buena,"19.361675, -99.224432"
2020-09-13,GENERAL TLAHUAC,SEDESA,Buena,Buena,"19.287492, -99.052665"
2020-09-13,PEDIATRICO DE LA VILLA,SEDESA,Buena,Buena,"19.487355, -99.114316"
2020-09-13,HOSPITAL GENERAL AJUSCO MEDIO,SEDESA,Media,Buena,"19.272165, -99.207846"
2020-09-13,HOSPITAL GENERAL IZTAPALAPA,SEDESA,Buena,Buena,"19.343426, -99.027236"
2020-09-13,HOSPITAL GENERAL XOCO,SEDESA,Buena,Buena,"19.360313, -99.162275"
2020-09-13,HOSPITAL GENERAL VILLA,SEDESA,Media,Buena,"19.480079, -99.103353"
2020-09-13,HOSPITAL GENERAL DR. RUBÉN LEÑERO,SEDESA,Media,Buena,"19.451398, -99.169565"
2020-09-13,HOSPITAL GENERAL MILPA ALTA,SEDESA,Buena,Buena,"19.200951, -99.011210"
2020-09-13,HOSPITAL GENERAL BALBUENA,SEDESA,Buena,Buena,"19.424195, -99.115412"
2020-09-13,HOSPITAL TEPEPAN,SEDESA,Sin Dato,Sin Dato,"19.275806, -99.144298"
2020-09-13,HOSPITAL DE ESPECIALIDADES 01 CMN SIGLO XXI (CDMX SUR),IMSS,Buena,Buena,"19.466549, -99.145102"
2020-09-13,HOSPITAL DE PEDIATRIA 01 CMN SIGLO XXI (CDMX SUR),IMSS,Buena,Buena,"19.407458, -99.152267"
2020-09-13,HOSPITAL GENERAL DE ZONA 01 CARLOS MC GREGOR (CDMX SUR),IMSS,Media,Media,"19.395912, -99.161610"
2020-09-13,HOSPITAL GENERAL DE ZONA 1A PARQUE DE LOS VENADOS (CDMX SUR),IMSS,Media,Buena,"19.374431, -99.151203"
2020-09-13,HOSPITAL DE INFECTOLOGIA 01 LA RAZA (CDMX NORTE),IMSS,Media,Buena,"19.464865, -99.144859"
2020-09-13,HOSPITAL GENERAL 01 (CDMX NORTE) LA RAZA,IMSS,Buena,Buena,"19.395740, -99.161677"
2020-09-13,HOSPITAL GENERAL DE ZONA 24 (CDMX NORTE),IMSS,Buena,Buena,"19.483221, -99.128448"
2020-09-13,HOSPITAL GENERAL DE ZONA 27 (CDMX NORTE),IMSS,Buena,Buena,"19.454776, -99.140007"
2020-09-13,HOSPITAL GENERAL DE ZONA 2A (CDMX SUR),IMSS,Buena,Buena,"19.405495, -99.112200"
2020-09-13,HOSPITAL GENERAL DE ZONA 30 (CDMX SUR),IMSS,Media,Media,"19.398836, -99.116913"
2020-09-13,HOSPITAL GENERAL DE ZONA 32 (CDMX SUR),IMSS,Buena,Buena,"19.307964, -99.130677"
2020-09-13,HOSPITAL GENERAL DE ZONA C/MF 08 (CDMX SUR),IMSS,Media,Buena,"19.337137, -99.200142"
2020-09-13,HOSPITAL GENERAL DE ZONA C/UMAA 48 (CDMX NORTE),IMSS,Buena,Buena,"19.482375, -99.213046"
2020-09-13,HOSPITAL GENERAL 02 (CDMX SUR) VILLA COAPA (COY.),IMSS,Buena,Buena,"19.309194, -99.129593"
2020-09-13,HOSPITAL DE ESPECIALIDADES 01 (CDMX NORTE) LA RAZA (AZC),IMSS,Media,Buena,"19.467169, -99.143785"
2020-09-13,HOSPITAL GENERAL DE ZONA C/MF 29 (S. JUAN ARAGÓN),IMSS,Buena,Buena,"19.465117, -99.085162"
2020-09-13,HOSPITAL GENERAL DE ZONA 47 (CDMX SUR) (IZP),IMSS,Buena,Media,"19.357566, -99.054269"
2020-09-13,UNIDAD MÓVIL TEMPORAL COVID,IMSS,Crítica,Crítica,"19.403082, -99.089177"
2020-09-13,CRIT IZTAPALAPA,IMSS,Buena,Buena,"19.328321, -99.068530"
2020-09-13,HOSPITAL GENERAL REGIONAL 72,IMSS,Media,Buena,"19.356913, -98.990929"
2020-09-13,HOSPITAL GENERAL REGIONAL 196,IMSS,Buena,Buena,"19.515133, -98.891450"
2020-09-13,HOSPITAL GENERAL REGIONAL 200,IMSS,Buena,Buena,"19.470300, -99.234208"
2020-09-13,HOSPITAL GENERAL DE ZONA 53,IMSS,Buena,Buena,"19.597387, -99.188426"
2020-09-13,HOSPITAL GENERAL DE ZONA 197,IMSS,Buena,Buena,"19.530797, -99.222446"
2020-09-13,HOSPITAL GENERAL DE ZONA 194,IMSS,Media,Buena,"19.570070, -99.044009"
2020-09-13,HOSPITAL GENERAL DE ZONA 57 (LA QUEBRADA),IMSS,Buena,Buena,"19.542797, -99.205022"
2020-09-13,HOSPITAL GENERAL DE ZONA 58 (LAS MARGARITAS),IMSS,Media,Media,"19.529016, -99.030983"
2020-09-13,HOSPITAL GENERAL DE ZONA 68 (TULPETLAC),IMSS,Buena,Buena,"19.742905, -98.972971"
2020-09-13,HOSPITAL GENERAL DE ZONA 71 (CHALCO),IMSS,Buena,Buena,"19.356913, -98.990929"
2020-09-13,HOSPITAL GENERAL DE ZONA 76 (XALOSTOC),IMSS,Media,Buena,"19.515133, -98.891450"
2020-09-13,HOSPITAL GENERAL DE ZONA 98 (COACALCO),IMSS,Buena,Buena,"19.470300, -99.234208"
2020-09-13,CRIT NEZAHUALCÓYOTL,IMSS,Buena,Buena,"19.425795, -99.029987"
2020-09-13,CENTRO MEDICO 20 DE NOVIEMBRE,ISSSTE,Buena,Buena,"19.372720, -99.171205"
2020-09-13,HG DARIO FERNANDEZ FIERRO,ISSSTE,Buena,Media,"19.363602, -99.188608"
2020-09-13,HG JOSE MARIA MORELOS,ISSSTE,Buena,Media,"19.363918, -98.995393"
2020-09-13,HG TACUBA,ISSSTE,Media,Buena,"19.454384, -99.191231"
2020-09-13,HG DR FERNANDO QUIROZ,ISSSTE,Media,Buena,"19.394242, -99.194187"
2020-09-13,HG IGNACIO ZARAGOZA,ISSSTE,Buena,Media,"19.389472, -99.045019"
2020-09-13,HR PRIMERO DE OCTUBRE,ISSSTE,Media,Media,"19.486751, -99.133249"
2020-09-13,HR LIC. ADOLFO LÓPEZ MATEOS,ISSSTE,Buena,Buena,"19.358451, -99.172716"
2020-09-13,HR BICENTENARIO DE LA INDEPENDENCIA,ISSSTE,Media,Media,"19.628814, -99.163343"
2020-09-13,ALTA ESPECIALIDAD DE ZUMPANGO,EDOMEX,Buena,Buena,"19.815198, -99.089196"
2020-09-13,HOSPITAL REGIONAL TLALNEPANTLA ISSEMYM,EDOMEX,Buena,Buena,"19.521706, -99.187341"
2020-09-13,"HOSPITAL GENERAL ECATEPEC ""LAS AMÉRICAS""",EDOMEX,Buena,Buena,"19.594136, -99.018679"
2020-09-13,"HOSPITAL GENERAL DE NAUCALPAN ""DR. MAXIMILIANO RUIZ CASTAÑEDA"" ",EDOMEX,Buena,Buena,"19.468662, -99.234348"
2020-09-13,"HOSPITAL GENERAL ATIZAPAN DE ZARAGOZA ""DR. SALVADOR GONZALEZ HERREJÓN""",EDOMEX,Buena,Media,"19.546322, -99.237491"
2020-09-13,"HOSPITAL GENERAL CUAUTITLAN ""GRAL. JOSE VICENTE VILLADA""",EDOMEX,Buena,Buena,"19.664586, -99.178557"
2020-09-13,"HOSPITAL GENERAL DE NEZAHUALCOYOTL ""GUSTAVO BAZ PRADA""",EDOMEX,Buena,Media,"19.422253, -99.014892"
2020-09-13,"HOSPITAL GENERAL DE ECATEPEC ""JOSÉ MARÍA RODRÍGUEZ""",EDOMEX,Buena,Buena,"19.514412, -99.038087"
2020-09-13,"HOSPITAL GENERAL NEZAHUALCOYOTL ""LA PERLA"" ",EDOMEX,Buena,Buena,"19.387963, -98.989442"
2020-09-13,HOSPITAL GENERAL DE CHIMALHUACAN,EDOMEX,Buena,Media,"19.419753, -98.975140"
2020-09-13,"HOSPITAL GENERAL DE IXTAPALUCA ""PEDRO LOPEZ""",EDOMEX,Buena,Buena,"19.318829, -98.855366"
2020-09-13,HOSPITAL GENERAL DE CHALCO ,EDOMEX,Buena,Buena,"19.268265, -98.893965"
2020-09-13,"HOSPITAL GENERAL TEXCOCO ""GUADALUPE VICTORIA"" BICENTENARIO ",EDOMEX,Media,Buena,"19.514309, -98.871750"
2020-09-13,"HOSPITAL GENERAL VALLE DE CHALCO ""DR. FERNANDO QUIROZ GUTIERREZ"" ",EDOMEX,Buena,Buena,"19.273775, -98.941609"
2020-09-13,"HOSPITAL GENERAL AMECAMECA ""VALENTIN GOMEZ FARIAS"" ",EDOMEX,Buena,Buena,"19.144883, -98.785072"
2020-09-13,HOSPITAL GENERAL DE AXAPUSCO,EDOMEX,Buena,Buena,"19.732872, -98.769445"
2020-09-14,INSTITUTO NACIONAL DE NUTRICIÓN,SSA,Crítica,Media,"19.289599, -99.155441"
2020-09-14,INER,SSA,Crítica,Media,"19.291375, -99.158653"
2020-09-14,HOSPITAL GENERAL DE MÉXICO,SSA,Buena,Buena,"19.4129258, -99.1520225"
2020-09-14,HOSPITAL JUAREZ,SSA,Media,Buena,"19.481829, -99.135576"
2020-09-14,HOSPITAL GENERAL DR. MANUEL GEA GONZÁLEZ,SSA,Media,Media,"19.290295, -99.160861"
2020-09-14,HOSPITAL INFANTIL DE MÉXICO FEDERICO GÓMEZ,SSA,Buena,Buena,"19.410839, -99.151941"
2020-09-14,INSTITUTO  NACIONAL DE CARDIOLOGÍA IGNACIO CHÁVEZ,SSA,Buena,Buena,"19.290598, -99.153838"
2020-09-14,CITIBANAMEX,SSA,Buena,Media,"19.439732, -99.224235"
2020-09-14,HOSPITAL REGIONAL DE ALTA ESPECIALIDAD DE IXTAPALUCA,SSA,Buena,Media,"19.318796, -98.855353"
2020-09-14,BELISARIO DOMINGUEZ,SEDESA,Buena,Buena,"19.307226, -99.065356"
2020-09-14,ENRIQUE CABRERA,SEDESA,Buena,Buena,"19.361675, -99.224432"
2020-09-14,GENERAL TLAHUAC,SEDESA,Buena,Buena,"19.287492, -99.052665"
2020-09-14,PEDIATRICO DE LA VILLA,SEDESA,Buena,Buena,"19.487355, -99.114316"
2020-09-14,HOSPITAL GENERAL AJUSCO MEDIO,SEDESA,Buena,Buena,"19.272165, -99.207846"
2020-09-14,HOSPITAL GENERAL IZTAPALAPA,SEDESA,Buena,Buena,"19.343426, -99.027236"
2020-09-14,HOSPITAL GENERAL XOCO,SEDESA,Buena,Buena,"19.360313, -99.162275"
2020-09-14,HOSPITAL GENERAL VILLA,SEDESA,Media,Buena,"19.480079, -99.103353"
2020-09-14,HOSPITAL GENERAL DR. RUBÉN LEÑERO,SEDESA,Media,Buena,"19.451398, -99.169565"
2020-09-14,HOSPITAL GENERAL MILPA ALTA,SEDESA,Buena,Buena,"19.200951, -99.011210"
2020-09-14,HOSPITAL GENERAL BALBUENA,SEDESA,Buena,Buena,"19.424195, -99.115412"
2020-09-14,HOSPITAL TEPEPAN,SEDESA,Sin Dato,Sin Dato,"19.275806, -99.144298"
2020-09-14,HOSPITAL DE ESPECIALIDADES 01 CMN SIGLO XXI (CDMX SUR),IMSS,Buena,Buena,"19.466549, -99.145102"
2020-09-14,HOSPITAL DE PEDIATRIA 01 CMN SIGLO XXI (CDMX SUR),IMSS,Buena,Buena,"19.407458, -99.152267"
2020-09-14,HOSPITAL GENERAL DE ZONA 01 CARLOS MC GREGOR (CDMX SUR),IMSS,Media,Media,"19.395912, -99.161610"
2020-09-14,HOSPITAL GENERAL DE ZONA 1A PARQUE DE LOS VENADOS (CDMX SUR),IMSS,Media,Buena,"19.374431, -99.151203"
2020-09-14,HOSPITAL DE INFECTOLOGIA 01 LA RAZA (CDMX NORTE),IMSS,Media,Buena,"19.464865, -99.144859"
2020-09-14,HOSPITAL GENERAL 01 (CDMX NORTE) LA RAZA,IMSS,Buena,Buena,"19.395740, -99.161677"
2020-09-14,HOSPITAL GENERAL DE ZONA 24 (CDMX NORTE),IMSS,Buena,Buena,"19.483221, -99.128448"
2020-09-14,HOSPITAL GENERAL DE ZONA 27 (CDMX NORTE),IMSS,Buena,Buena,"19.454776, -99.140007"
2020-09-14,HOSPITAL GENERAL DE ZONA 2A (CDMX SUR),IMSS,Buena,Buena,"19.405495, -99.112200"
2020-09-14,HOSPITAL GENERAL DE ZONA 30 (CDMX SUR),IMSS,Media,Buena,"19.398836, -99.116913"
2020-09-14,HOSPITAL GENERAL DE ZONA 32 (CDMX SUR),IMSS,Buena,Buena,"19.307964, -99.130677"
2020-09-14,HOSPITAL GENERAL DE ZONA C/MF 08 (CDMX SUR),IMSS,Media,Buena,"19.337137, -99.200142"
2020-09-14,HOSPITAL GENERAL DE ZONA C/UMAA 48 (CDMX NORTE),IMSS,Buena,Buena,"19.482375, -99.213046"
2020-09-14,HOSPITAL GENERAL 02 (CDMX SUR) VILLA COAPA (COY.),IMSS,Buena,Media,"19.309194, -99.129593"
2020-09-14,HOSPITAL DE ESPECIALIDADES 01 (CDMX NORTE) LA RAZA (AZC),IMSS,Media,Buena,"19.467169, -99.143785"
2020-09-14,HOSPITAL GENERAL DE ZONA C/MF 29 (S. JUAN ARAGÓN),IMSS,Buena,Buena,"19.465117, -99.085162"
2020-09-14,HOSPITAL GENERAL DE ZONA 47 (CDMX SUR) (IZP),IMSS,Buena,Media,"19.357566, -99.054269"
2020-09-14,UNIDAD MÓVIL TEMPORAL COVID,IMSS,Crítica,Crítica,"19.403082, -99.089177"
2020-09-14,CRIT IZTAPALAPA,IMSS,Buena,Buena,"19.328321, -99.068530"
2020-09-14,HOSPITAL GENERAL REGIONAL 72,IMSS,Media,Buena,"19.356913, -98.990929"
2020-09-14,HOSPITAL GENERAL REGIONAL 196,IMSS,Buena,Buena,"19.515133, -98.891450"
2020-09-14,HOSPITAL GENERAL REGIONAL 200,IMSS,Buena,Buena,"19.470300, -99.234208"
2020-09-14,HOSPITAL GENERAL DE ZONA 53,IMSS,Buena,Buena,"19.597387, -99.188426"
2020-09-14,HOSPITAL GENERAL DE ZONA 197,IMSS,Buena,Buena,"19.530797, -99.222446"
2020-09-14,HOSPITAL GENERAL DE ZONA 194,IMSS,Media,Buena,"19.570070, -99.044009"
2020-09-14,HOSPITAL GENERAL DE ZONA 57 (LA QUEBRADA),IMSS,Buena,Buena,"19.542797, -99.205022"
2020-09-14,HOSPITAL GENERAL DE ZONA 58 (LAS MARGARITAS),IMSS,Media,Media,"19.529016, -99.030983"
2020-09-14,HOSPITAL GENERAL DE ZONA 68 (TULPETLAC),IMSS,Buena,Buena,"19.742905, -98.972971"
2020-09-14,HOSPITAL GENERAL DE ZONA 71 (CHALCO),IMSS,Buena,Buena,"19.356913, -98.990929"
2020-09-14,HOSPITAL GENERAL DE ZONA 76 (XALOSTOC),IMSS,Media,Buena,"19.515133, -98.891450"
2020-09-14,HOSPITAL GENERAL DE ZONA 98 (COACALCO),IMSS,Buena,Buena,"19.470300, -99.234208"
2020-09-14,CRIT NEZAHUALCÓYOTL,IMSS,Buena,Buena,"19.425795, -99.029987"
2020-09-14,CENTRO MEDICO 20 DE NOVIEMBRE,ISSSTE,Buena,Buena,"19.372720, -99.171205"
2020-09-14,HG DARIO FERNANDEZ FIERRO,ISSSTE,Buena,Crítica,"19.363602, -99.188608"
2020-09-14,HG JOSE MARIA MORELOS,ISSSTE,Buena,Crítica,"19.363918, -98.995393"
2020-09-14,HG TACUBA,ISSSTE,Buena,Buena,"19.454384, -99.191231"
2020-09-14,HG DR FERNANDO QUIROZ,ISSSTE,Media,Buena,"19.394242, -99.194187"
2020-09-14,HG IGNACIO ZARAGOZA,ISSSTE,Buena,Media,"19.389472, -99.045019"
2020-09-14,HR PRIMERO DE OCTUBRE,ISSSTE,Media,Media,"19.486751, -99.133249"
2020-09-14,HR LIC. ADOLFO LÓPEZ MATEOS,ISSSTE,Buena,Buena,"19.358451, -99.172716"
2020-09-14,HR BICENTENARIO DE LA INDEPENDENCIA,ISSSTE,Media,Buena,"19.628814, -99.163343"
2020-09-14,ALTA ESPECIALIDAD DE ZUMPANGO,EDOMEX,Buena,Buena,"19.815198, -99.089196"
2020-09-14,HOSPITAL REGIONAL TLALNEPANTLA ISSEMYM,EDOMEX,Buena,Buena,"19.521706, -99.187341"
2020-09-14,"HOSPITAL GENERAL ECATEPEC ""LAS AMÉRICAS""",EDOMEX,Buena,Buena,"19.594136, -99.018679"
2020-09-14,"HOSPITAL GENERAL DE NAUCALPAN ""DR. MAXIMILIANO RUIZ CASTAÑEDA"" ",EDOMEX,Buena,Buena,"19.468662, -99.234348"
2020-09-14,"HOSPITAL GENERAL ATIZAPAN DE ZARAGOZA ""DR. SALVADOR GONZALEZ HERREJÓN""",EDOMEX,Buena,Buena,"19.546322, -99.237491"
2020-09-14,"HOSPITAL GENERAL CUAUTITLAN ""GRAL. JOSE VICENTE VILLADA""",EDOMEX,Buena,Buena,"19.664586, -99.178557"
2020-09-14,"HOSPITAL GENERAL DE NEZAHUALCOYOTL ""GUSTAVO BAZ PRADA""",EDOMEX,Buena,Media,"19.422253, -99.014892"
2020-09-14,"HOSPITAL GENERAL DE ECATEPEC ""JOSÉ MARÍA RODRÍGUEZ""",EDOMEX,Buena,Buena,"19.514412, -99.038087"
2020-09-14,"HOSPITAL GENERAL NEZAHUALCOYOTL ""LA PERLA"" ",EDOMEX,Buena,Buena,"19.387963, -98.989442"
2020-09-14,HOSPITAL GENERAL DE CHIMALHUACAN,EDOMEX,Buena,Media,"19.419753, -98.975140"
2020-09-14,"HOSPITAL GENERAL DE IXTAPALUCA ""PEDRO LOPEZ""",EDOMEX,Buena,Buena,"19.318829, -98.855366"
2020-09-14,HOSPITAL GENERAL DE CHALCO ,EDOMEX,Buena,Buena,"19.268265, -98.893965"
2020-09-14,"HOSPITAL GENERAL TEXCOCO ""GUADALUPE VICTORIA"" BICENTENARIO ",EDOMEX,Media,Buena,"19.514309, -98.871750"
2020-09-14,"HOSPITAL GENERAL VALLE DE CHALCO ""DR. FERNANDO QUIROZ GUTIERREZ"" ",EDOMEX,Buena,Buena,"19.273775, -98.941609"
2020-09-14,"HOSPITAL GENERAL AMECAMECA ""VALENTIN GOMEZ FARIAS"" ",EDOMEX,Buena,Buena,"19.144883, -98.785072"
2020-09-14,HOSPITAL GENERAL DE AXAPUSCO,EDOMEX,Buena,Media,"19.732872, -98.769445"
2020-09-15,INSTITUTO NACIONAL DE NUTRICIÓN,SSA,Crítica,Media,"19.289599, -99.155441"
2020-09-15,INER,SSA,Crítica,Media,"19.291375, -99.158653"
2020-09-15,HOSPITAL GENERAL DE MÉXICO,SSA,Buena,Buena,"19.4129258, -99.1520225"
2020-09-15,HOSPITAL JUAREZ,SSA,Media,Buena,"19.481829, -99.135576"
2020-09-15,HOSPITAL GENERAL DR. MANUEL GEA GONZÁLEZ,SSA,Media,Media,"19.290295, -99.160861"
2020-09-15,HOSPITAL INFANTIL DE MÉXICO FEDERICO GÓMEZ,SSA,Buena,Buena,"19.410839, -99.151941"
2020-09-15,INSTITUTO  NACIONAL DE CARDIOLOGÍA IGNACIO CHÁVEZ,SSA,Buena,Buena,"19.290598, -99.153838"
2020-09-15,CITIBANAMEX,SSA,Buena,Media,"19.439732, -99.224235"
2020-09-15,HOSPITAL REGIONAL DE ALTA ESPECIALIDAD DE IXTAPALUCA,SSA,Buena,Media,"19.318796, -98.855353"
2020-09-15,BELISARIO DOMINGUEZ,SEDESA,Buena,Buena,"19.307226, -99.065356"
2020-09-15,ENRIQUE CABRERA,SEDESA,Buena,Buena,"19.361675, -99.224432"
2020-09-15,GENERAL TLAHUAC,SEDESA,Buena,Buena,"19.287492, -99.052665"
2020-09-15,PEDIATRICO DE LA VILLA,SEDESA,Buena,Buena,"19.487355, -99.114316"
2020-09-15,HOSPITAL GENERAL AJUSCO MEDIO,SEDESA,Buena,Buena,"19.272165, -99.207846"
2020-09-15,HOSPITAL GENERAL IZTAPALAPA,SEDESA,Buena,Buena,"19.343426, -99.027236"
2020-09-15,HOSPITAL GENERAL XOCO,SEDESA,Buena,Buena,"19.360313, -99.162275"
2020-09-15,HOSPITAL GENERAL VILLA,SEDESA,Media,Buena,"19.480079, -99.103353"
2020-09-15,HOSPITAL GENERAL DR. RUBÉN LEÑERO,SEDESA,Media,Buena,"19.451398, -99.169565"
2020-09-15,HOSPITAL GENERAL MILPA ALTA,SEDESA,Buena,Buena,"19.200951, -99.011210"
2020-09-15,HOSPITAL GENERAL BALBUENA,SEDESA,Buena,Buena,"19.424195, -99.115412"
2020-09-15,HOSPITAL TEPEPAN,SEDESA,Sin Dato,Sin Dato,"19.275806, -99.144298"
2020-09-15,HOSPITAL DE ESPECIALIDADES 01 CMN SIGLO XXI (CDMX SUR),IMSS,Buena,Buena,"19.466549, -99.145102"
2020-09-15,HOSPITAL DE PEDIATRIA 01 CMN SIGLO XXI (CDMX SUR),IMSS,Buena,Buena,"19.407458, -99.152267"
2020-09-15,HOSPITAL GENERAL DE ZONA 01 CARLOS MC GREGOR (CDMX SUR),IMSS,Media,Media,"19.395912, -99.161610"
2020-09-15,HOSPITAL GENERAL DE ZONA 1A PARQUE DE LOS VENADOS (CDMX SUR),IMSS,Media,Buena,"19.374431, -99.151203"
2020-09-15,HOSPITAL DE INFECTOLOGIA 01 LA RAZA (CDMX NORTE),IMSS,Media,Media,"19.464865, -99.144859"
2020-09-15,HOSPITAL GENERAL 01 (CDMX NORTE) LA RAZA,IMSS,Buena,Buena,"19.395740, -99.161677"
2020-09-15,HOSPITAL GENERAL DE ZONA 24 (CDMX NORTE),IMSS,Buena,Buena,"19.483221, -99.128448"
2020-09-15,HOSPITAL GENERAL DE ZONA 27 (CDMX NORTE),IMSS,Buena,Buena,"19.454776, -99.140007"
2020-09-15,HOSPITAL GENERAL DE ZONA 2A (CDMX SUR),IMSS,Buena,Buena,"19.405495, -99.112200"
2020-09-15,HOSPITAL GENERAL DE ZONA 30 (CDMX SUR),IMSS,Media,Buena,"19.398836, -99.116913"
2020-09-15,HOSPITAL GENERAL DE ZONA 32 (CDMX SUR),IMSS,Buena,Buena,"19.307964, -99.130677"
2020-09-15,HOSPITAL GENERAL DE ZONA C/MF 08 (CDMX SUR),IMSS,Media,Buena,"19.337137, -99.200142"
2020-09-15,HOSPITAL GENERAL DE ZONA C/UMAA 48 (CDMX NORTE),IMSS,Buena,Buena,"19.482375, -99.213046"
2020-09-15,HOSPITAL GENERAL 02 (CDMX SUR) VILLA COAPA (COY.),IMSS,Buena,Buena,"19.309194, -99.129593"
2020-09-15,HOSPITAL DE ESPECIALIDADES 01 (CDMX NORTE) LA RAZA (AZC),IMSS,Media,Buena,"19.467169, -99.143785"
2020-09-15,HOSPITAL GENERAL DE ZONA C/MF 29 (S. JUAN ARAGÓN),IMSS,Buena,Buena,"19.465117, -99.085162"
2020-09-15,HOSPITAL GENERAL DE ZONA 47 (CDMX SUR) (IZP),IMSS,Buena,Media,"19.357566, -99.054269"
2020-09-15,UNIDAD MÓVIL TEMPORAL COVID,IMSS,Crítica,Crítica,"19.403082, -99.089177"
2020-09-15,CRIT IZTAPALAPA,IMSS,Buena,Buena,"19.328321, -99.068530"
2020-09-15,HOSPITAL GENERAL REGIONAL 72,IMSS,Media,Media,"19.356913, -98.990929"
2020-09-15,HOSPITAL GENERAL REGIONAL 196,IMSS,Buena,Buena,"19.515133, -98.891450"
2020-09-15,HOSPITAL GENERAL REGIONAL 200,IMSS,Buena,Buena,"19.470300, -99.234208"
2020-09-15,HOSPITAL GENERAL DE ZONA 53,IMSS,Buena,Buena,"19.597387, -99.188426"
2020-09-15,HOSPITAL GENERAL DE ZONA 197,IMSS,Buena,Buena,"19.530797, -99.222446"
2020-09-15,HOSPITAL GENERAL DE ZONA 194,IMSS,Buena,Buena,"19.570070, -99.044009"
2020-09-15,HOSPITAL GENERAL DE ZONA 57 (LA QUEBRADA),IMSS,Buena,Buena,"19.542797, -99.205022"
2020-09-15,HOSPITAL GENERAL DE ZONA 58 (LAS MARGARITAS),IMSS,Media,Media,"19.529016, -99.030983"
2020-09-15,HOSPITAL GENERAL DE ZONA 68 (TULPETLAC),IMSS,Buena,Buena,"19.742905, -98.972971"
2020-09-15,HOSPITAL GENERAL DE ZONA 71 (CHALCO),IMSS,Buena,Buena,"19.356913, -98.990929"
2020-09-15,HOSPITAL GENERAL DE ZONA 76 (XALOSTOC),IMSS,Media,Buena,"19.515133, -98.891450"
2020-09-15,HOSPITAL GENERAL DE ZONA 98 (COACALCO),IMSS,Buena,Buena,"19.470300, -99.234208"
2020-09-15,CRIT NEZAHUALCÓYOTL,IMSS,Buena,Buena,"19.425795, -99.029987"
2020-09-15,CENTRO MEDICO 20 DE NOVIEMBRE,ISSSTE,Buena,Buena,"19.372720, -99.171205"
2020-09-15,HG DARIO FERNANDEZ FIERRO,ISSSTE,Buena,Media,"19.363602, -99.188608"
2020-09-15,HG JOSE MARIA MORELOS,ISSSTE,Buena,Media,"19.363918, -98.995393"
2020-09-15,HG TACUBA,ISSSTE,Buena,Buena,"19.454384, -99.191231"
2020-09-15,HG DR FERNANDO QUIROZ,ISSSTE,Media,Buena,"19.394242, -99.194187"
2020-09-15,HG IGNACIO ZARAGOZA,ISSSTE,Buena,Media,"19.389472, -99.045019"
2020-09-15,HR PRIMERO DE OCTUBRE,ISSSTE,Media,Media,"19.486751, -99.133249"
2020-09-15,HR LIC. ADOLFO LÓPEZ MATEOS,ISSSTE,Buena,Buena,"19.358451, -99.172716"
2020-09-15,HR BICENTENARIO DE LA INDEPENDENCIA,ISSSTE,Media,Buena,"19.628814, -99.163343"
2020-09-15,ALTA ESPECIALIDAD DE ZUMPANGO,EDOMEX,Buena,Buena,"19.815198, -99.089196"
2020-09-15,HOSPITAL REGIONAL TLALNEPANTLA ISSEMYM,EDOMEX,Buena,Buena,"19.521706, -99.187341"
2020-09-15,"HOSPITAL GENERAL ECATEPEC ""LAS AMÉRICAS""",EDOMEX,Buena,Buena,"19.594136, -99.018679"
2020-09-15,"HOSPITAL GENERAL DE NAUCALPAN ""DR. MAXIMILIANO RUIZ CASTAÑEDA"" ",EDOMEX,Buena,Buena,"19.468662, -99.234348"
2020-09-15,"HOSPITAL GENERAL ATIZAPAN DE ZARAGOZA ""DR. SALVADOR GONZALEZ HERREJÓN""",EDOMEX,Buena,Buena,"19.546322, -99.237491"
2020-09-15,"HOSPITAL GENERAL CUAUTITLAN ""GRAL. JOSE VICENTE VILLADA""",EDOMEX,Buena,Buena,"19.664586, -99.178557"
2020-09-15,"HOSPITAL GENERAL DE NEZAHUALCOYOTL ""GUSTAVO BAZ PRADA""",EDOMEX,Buena,Media,"19.422253, -99.014892"
2020-09-15,"HOSPITAL GENERAL DE ECATEPEC ""JOSÉ MARÍA RODRÍGUEZ""",EDOMEX,Buena,Buena,"19.514412, -99.038087"
2020-09-15,"HOSPITAL GENERAL NEZAHUALCOYOTL ""LA PERLA"" ",EDOMEX,Buena,Buena,"19.387963, -98.989442"
2020-09-15,HOSPITAL GENERAL DE CHIMALHUACAN,EDOMEX,Buena,Media,"19.419753, -98.975140"
2020-09-15,"HOSPITAL GENERAL DE IXTAPALUCA ""PEDRO LOPEZ""",EDOMEX,Buena,Buena,"19.318829, -98.855366"
2020-09-15,HOSPITAL GENERAL DE CHALCO ,EDOMEX,Buena,Buena,"19.268265, -98.893965"
2020-09-15,"HOSPITAL GENERAL TEXCOCO ""GUADALUPE VICTORIA"" BICENTENARIO ",EDOMEX,Media,Buena,"19.514309, -98.871750"
2020-09-15,"HOSPITAL GENERAL VALLE DE CHALCO ""DR. FERNANDO QUIROZ GUTIERREZ"" ",EDOMEX,Buena,Buena,"19.273775, -98.941609"
2020-09-15,"HOSPITAL GENERAL AMECAMECA ""VALENTIN GOMEZ FARIAS"" ",EDOMEX,Buena,Buena,"19.144883, -98.785072"
2020-09-15,HOSPITAL GENERAL DE AXAPUSCO,EDOMEX,Buena,Buena,"19.732872, -98.769445"
2020-09-16,INSTITUTO NACIONAL DE NUTRICIÓN,SSA,Crítica,Media,"19.289599, -99.155441"
2020-09-16,INER,SSA,Crítica,Media,"19.291375, -99.158653"
2020-09-16,HOSPITAL GENERAL DE MÉXICO,SSA,Buena,Buena,"19.4129258, -99.1520225"
2020-09-16,HOSPITAL JUAREZ,SSA,Media,Buena,"19.481829, -99.135576"
2020-09-16,HOSPITAL GENERAL DR. MANUEL GEA GONZÁLEZ,SSA,Media,Media,"19.290295, -99.160861"
2020-09-16,HOSPITAL INFANTIL DE MÉXICO FEDERICO GÓMEZ,SSA,Buena,Buena,"19.410839, -99.151941"
2020-09-16,INSTITUTO  NACIONAL DE CARDIOLOGÍA IGNACIO CHÁVEZ,SSA,Buena,Buena,"19.290598, -99.153838"
2020-09-16,CITIBANAMEX,SSA,Buena,Crítica,"19.439732, -99.224235"
2020-09-16,HOSPITAL REGIONAL DE ALTA ESPECIALIDAD DE IXTAPALUCA,SSA,Buena,Media,"19.318796, -98.855353"
2020-09-16,BELISARIO DOMINGUEZ,SEDESA,Buena,Buena,"19.307226, -99.065356"
2020-09-16,ENRIQUE CABRERA,SEDESA,Buena,Buena,"19.361675, -99.224432"
2020-09-16,GENERAL TLAHUAC,SEDESA,Buena,Buena,"19.287492, -99.052665"
2020-09-16,PEDIATRICO DE LA VILLA,SEDESA,Buena,Buena,"19.487355, -99.114316"
2020-09-16,HOSPITAL GENERAL AJUSCO MEDIO,SEDESA,Buena,Buena,"19.272165, -99.207846"
2020-09-16,HOSPITAL GENERAL IZTAPALAPA,SEDESA,Buena,Buena,"19.343426, -99.027236"
2020-09-16,HOSPITAL GENERAL XOCO,SEDESA,Buena,Buena,"19.360313, -99.162275"
2020-09-16,HOSPITAL GENERAL VILLA,SEDESA,Buena,Buena,"19.480079, -99.103353"
2020-09-16,HOSPITAL GENERAL DR. RUBÉN LEÑERO,SEDESA,Crítica,Buena,"19.451398, -99.169565"
2020-09-16,HOSPITAL GENERAL MILPA ALTA,SEDESA,Buena,Buena,"19.200951, -99.011210"
2020-09-16,HOSPITAL GENERAL BALBUENA,SEDESA,Buena,Buena,"19.424195, -99.115412"
2020-09-16,HOSPITAL TEPEPAN,SEDESA,Sin Dato,Sin Dato,"19.275806, -99.144298"
2020-09-16,HOSPITAL DE ESPECIALIDADES 01 CMN SIGLO XXI (CDMX SUR),IMSS,Buena,Buena,"19.466549, -99.145102"
2020-09-16,HOSPITAL DE PEDIATRIA 01 CMN SIGLO XXI (CDMX SUR),IMSS,Buena,Buena,"19.407458, -99.152267"
2020-09-16,HOSPITAL GENERAL DE ZONA 01 CARLOS MC GREGOR (CDMX SUR),IMSS,Media,Media,"19.395912, -99.161610"
2020-09-16,HOSPITAL GENERAL DE ZONA 1A PARQUE DE LOS VENADOS (CDMX SUR),IMSS,Media,Buena,"19.374431, -99.151203"
2020-09-16,HOSPITAL DE INFECTOLOGIA 01 LA RAZA (CDMX NORTE),IMSS,Media,Media,"19.464865, -99.144859"
2020-09-16,HOSPITAL GENERAL 01 (CDMX NORTE) LA RAZA,IMSS,Buena,Buena,"19.395740, -99.161677"
2020-09-16,HOSPITAL GENERAL DE ZONA 24 (CDMX NORTE),IMSS,Buena,Buena,"19.483221, -99.128448"
2020-09-16,HOSPITAL GENERAL DE ZONA 27 (CDMX NORTE),IMSS,Buena,Buena,"19.454776, -99.140007"
2020-09-16,HOSPITAL GENERAL DE ZONA 2A (CDMX SUR),IMSS,Buena,Buena,"19.405495, -99.112200"
2020-09-16,HOSPITAL GENERAL DE ZONA 30 (CDMX SUR),IMSS,Media,Buena,"19.398836, -99.116913"
2020-09-16,HOSPITAL GENERAL DE ZONA 32 (CDMX SUR),IMSS,Buena,Buena,"19.307964, -99.130677"
2020-09-16,HOSPITAL GENERAL DE ZONA C/MF 08 (CDMX SUR),IMSS,Media,Buena,"19.337137, -99.200142"
2020-09-16,HOSPITAL GENERAL DE ZONA C/UMAA 48 (CDMX NORTE),IMSS,Buena,Buena,"19.482375, -99.213046"
2020-09-16,HOSPITAL GENERAL 02 (CDMX SUR) VILLA COAPA (COY.),IMSS,Buena,Buena,"19.309194, -99.129593"
2020-09-16,HOSPITAL DE ESPECIALIDADES 01 (CDMX NORTE) LA RAZA (AZC),IMSS,Media,Buena,"19.467169, -99.143785"
2020-09-16,HOSPITAL GENERAL DE ZONA C/MF 29 (S. JUAN ARAGÓN),IMSS,Buena,Buena,"19.465117, -99.085162"
2020-09-16,HOSPITAL GENERAL DE ZONA 47 (CDMX SUR) (IZP),IMSS,Buena,Media,"19.357566, -99.054269"
2020-09-16,UNIDAD MÓVIL TEMPORAL COVID,IMSS,Crítica,Crítica,"19.403082, -99.089177"
2020-09-16,CRIT IZTAPALAPA,IMSS,Buena,Buena,"19.328321, -99.068530"
2020-09-16,HOSPITAL GENERAL REGIONAL 72,IMSS,Media,Media,"19.356913, -98.990929"
2020-09-16,HOSPITAL GENERAL REGIONAL 196,IMSS,Buena,Buena,"19.515133, -98.891450"
2020-09-16,HOSPITAL GENERAL REGIONAL 200,IMSS,Buena,Buena,"19.470300, -99.234208"
2020-09-16,HOSPITAL GENERAL DE ZONA 53,IMSS,Buena,Buena,"19.597387, -99.188426"
2020-09-16,HOSPITAL GENERAL DE ZONA 197,IMSS,Buena,Buena,"19.530797, -99.222446"
2020-09-16,HOSPITAL GENERAL DE ZONA 194,IMSS,Buena,Buena,"19.570070, -99.044009"
2020-09-16,HOSPITAL GENERAL DE ZONA 57 (LA QUEBRADA),IMSS,Buena,Buena,"19.542797, -99.205022"
2020-09-16,HOSPITAL GENERAL DE ZONA 58 (LAS MARGARITAS),IMSS,Media,Media,"19.529016, -99.030983"
2020-09-16,HOSPITAL GENERAL DE ZONA 68 (TULPETLAC),IMSS,Buena,Buena,"19.742905, -98.972971"
2020-09-16,HOSPITAL GENERAL DE ZONA 71 (CHALCO),IMSS,Buena,Buena,"19.356913, -98.990929"
2020-09-16,HOSPITAL GENERAL DE ZONA 76 (XALOSTOC),IMSS,Media,Buena,"19.515133, -98.891450"
2020-09-16,HOSPITAL GENERAL DE ZONA 98 (COACALCO),IMSS,Buena,Buena,"19.470300, -99.234208"
2020-09-16,CRIT NEZAHUALCÓYOTL,IMSS,Buena,Buena,"19.425795, -99.029987"
2020-09-16,CENTRO MEDICO 20 DE NOVIEMBRE,ISSSTE,Buena,Buena,"19.372720, -99.171205"
2020-09-16,HG DARIO FERNANDEZ FIERRO,ISSSTE,Buena,Media,"19.363602, -99.188608"
2020-09-16,HG JOSE MARIA MORELOS,ISSSTE,Buena,Media,"19.363918, -98.995393"
2020-09-16,HG TACUBA,ISSSTE,Media,Buena,"19.454384, -99.191231"
2020-09-16,HG DR FERNANDO QUIROZ,ISSSTE,Media,Buena,"19.394242, -99.194187"
2020-09-16,HG IGNACIO ZARAGOZA,ISSSTE,Buena,Media,"19.389472, -99.045019"
2020-09-16,HR PRIMERO DE OCTUBRE,ISSSTE,Media,Media,"19.486751, -99.133249"
2020-09-16,HR LIC. ADOLFO LÓPEZ MATEOS,ISSSTE,Buena,Buena,"19.358451, -99.172716"
2020-09-16,HR BICENTENARIO DE LA INDEPENDENCIA,ISSSTE,Media,Buena,"19.628814, -99.163343"
2020-09-16,ALTA ESPECIALIDAD DE ZUMPANGO,EDOMEX,Buena,Buena,"19.815198, -99.089196"
2020-09-16,HOSPITAL REGIONAL TLALNEPANTLA ISSEMYM,EDOMEX,Buena,Buena,"19.521706, -99.187341"
2020-09-16,"HOSPITAL GENERAL ECATEPEC ""LAS AMÉRICAS""",EDOMEX,Buena,Buena,"19.594136, -99.018679"
2020-09-16,"HOSPITAL GENERAL DE NAUCALPAN ""DR. MAXIMILIANO RUIZ CASTAÑEDA"" ",EDOMEX,Buena,Buena,"19.468662, -99.234348"
2020-09-16,"HOSPITAL GENERAL ATIZAPAN DE ZARAGOZA ""DR. SALVADOR GONZALEZ HERREJÓN""",EDOMEX,Buena,Buena,"19.546322, -99.237491"
2020-09-16,"HOSPITAL GENERAL CUAUTITLAN ""GRAL. JOSE VICENTE VILLADA""",EDOMEX,Buena,Buena,"19.664586, -99.178557"
2020-09-16,"HOSPITAL GENERAL DE NEZAHUALCOYOTL ""GUSTAVO BAZ PRADA""",EDOMEX,Buena,Buena,"19.422253, -99.014892"
2020-09-16,"HOSPITAL GENERAL DE ECATEPEC ""JOSÉ MARÍA RODRÍGUEZ""",EDOMEX,Buena,Buena,"19.514412, -99.038087"
2020-09-16,"HOSPITAL GENERAL NEZAHUALCOYOTL ""LA PERLA"" ",EDOMEX,Buena,Media,"19.387963, -98.989442"
2020-09-16,HOSPITAL GENERAL DE CHIMALHUACAN,EDOMEX,Buena,Buena,"19.419753, -98.975140"
2020-09-16,"HOSPITAL GENERAL DE IXTAPALUCA ""PEDRO LOPEZ""",EDOMEX,Buena,Buena,"19.318829, -98.855366"
2020-09-16,HOSPITAL GENERAL DE CHALCO ,EDOMEX,Buena,Buena,"19.268265, -98.893965"
2020-09-16,"HOSPITAL GENERAL TEXCOCO ""GUADALUPE VICTORIA"" BICENTENARIO ",EDOMEX,Buena,Buena,"19.514309, -98.871750"
2020-09-16,"HOSPITAL GENERAL VALLE DE CHALCO ""DR. FERNANDO QUIROZ GUTIERREZ"" ",EDOMEX,Buena,Buena,"19.273775, -98.941609"
2020-09-16,"HOSPITAL GENERAL AMECAMECA ""VALENTIN GOMEZ FARIAS"" ",EDOMEX,Buena,Buena,"19.144883, -98.785072"
2020-09-16,HOSPITAL GENERAL DE AXAPUSCO,EDOMEX,Buena,Buena,"19.732872, -98.769445"
2020-09-17,INSTITUTO NACIONAL DE NUTRICIÓN,SSA,Media,Media,"19.289599, -99.155441"
2020-09-17,INER,SSA,Crítica,Media,"19.291375, -99.158653"
2020-09-17,HOSPITAL GENERAL DE MÉXICO,SSA,Buena,Buena,"19.4129258, -99.1520225"
2020-09-17,HOSPITAL JUAREZ,SSA,Media,Buena,"19.481829, -99.135576"
2020-09-17,HOSPITAL GENERAL DR. MANUEL GEA GONZÁLEZ,SSA,Media,Media,"19.290295, -99.160861"
2020-09-17,HOSPITAL INFANTIL DE MÉXICO FEDERICO GÓMEZ,SSA,Buena,Buena,"19.410839, -99.151941"
2020-09-17,INSTITUTO  NACIONAL DE CARDIOLOGÍA IGNACIO CHÁVEZ,SSA,Buena,Buena,"19.290598, -99.153838"
2020-09-17,CITIBANAMEX,SSA,Buena,Crítica,"19.439732, -99.224235"
2020-09-17,HOSPITAL REGIONAL DE ALTA ESPECIALIDAD DE IXTAPALUCA,SSA,Buena,Media,"19.318796, -98.855353"
2020-09-17,BELISARIO DOMINGUEZ,SEDESA,Buena,Buena,"19.307226, -99.065356"
2020-09-17,ENRIQUE CABRERA,SEDESA,Buena,Buena,"19.361675, -99.224432"
2020-09-17,GENERAL TLAHUAC,SEDESA,Buena,Buena,"19.287492, -99.052665"
2020-09-17,PEDIATRICO DE LA VILLA,SEDESA,Buena,Buena,"19.487355, -99.114316"
2020-09-17,HOSPITAL GENERAL AJUSCO MEDIO,SEDESA,Buena,Buena,"19.272165, -99.207846"
2020-09-17,HOSPITAL GENERAL IZTAPALAPA,SEDESA,Buena,Buena,"19.343426, -99.027236"
2020-09-17,HOSPITAL GENERAL XOCO,SEDESA,Buena,Buena,"19.360313, -99.162275"
2020-09-17,HOSPITAL GENERAL VILLA,SEDESA,Media,Buena,"19.480079, -99.103353"
2020-09-17,HOSPITAL GENERAL DR. RUBÉN LEÑERO,SEDESA,Media,Buena,"19.451398, -99.169565"
2020-09-17,HOSPITAL GENERAL MILPA ALTA,SEDESA,Buena,Buena,"19.200951, -99.011210"
2020-09-17,HOSPITAL GENERAL BALBUENA,SEDESA,Buena,Buena,"19.424195, -99.115412"
2020-09-17,HOSPITAL TEPEPAN,SEDESA,Sin Dato,Sin Dato,"19.275806, -99.144298"
2020-09-17,HOSPITAL DE ESPECIALIDADES 01 CMN SIGLO XXI (CDMX SUR),IMSS,Buena,Buena,"19.466549, -99.145102"
2020-09-17,HOSPITAL DE PEDIATRIA 01 CMN SIGLO XXI (CDMX SUR),IMSS,Buena,Buena,"19.407458, -99.152267"
2020-09-17,HOSPITAL GENERAL DE ZONA 01 CARLOS MC GREGOR (CDMX SUR),IMSS,Media,Media,"19.395912, -99.161610"
2020-09-17,HOSPITAL GENERAL DE ZONA 1A PARQUE DE LOS VENADOS (CDMX SUR),IMSS,Media,Buena,"19.374431, -99.151203"
2020-09-17,HOSPITAL DE INFECTOLOGIA 01 LA RAZA (CDMX NORTE),IMSS,Media,Media,"19.464865, -99.144859"
2020-09-17,HOSPITAL GENERAL 01 (CDMX NORTE) LA RAZA,IMSS,Media,Buena,"19.395740, -99.161677"
2020-09-17,HOSPITAL GENERAL DE ZONA 24 (CDMX NORTE),IMSS,Buena,Buena,"19.483221, -99.128448"
2020-09-17,HOSPITAL GENERAL DE ZONA 27 (CDMX NORTE),IMSS,Buena,Buena,"19.454776, -99.140007"
2020-09-17,HOSPITAL GENERAL DE ZONA 2A (CDMX SUR),IMSS,Buena,Buena,"19.405495, -99.112200"
2020-09-17,HOSPITAL GENERAL DE ZONA 30 (CDMX SUR),IMSS,Media,Buena,"19.398836, -99.116913"
2020-09-17,HOSPITAL GENERAL DE ZONA 32 (CDMX SUR),IMSS,Buena,Buena,"19.307964, -99.130677"
2020-09-17,HOSPITAL GENERAL DE ZONA C/MF 08 (CDMX SUR),IMSS,Media,Buena,"19.337137, -99.200142"
2020-09-17,HOSPITAL GENERAL DE ZONA C/UMAA 48 (CDMX NORTE),IMSS,Media,Buena,"19.482375, -99.213046"
2020-09-17,HOSPITAL GENERAL 02 (CDMX SUR) VILLA COAPA (COY.),IMSS,Buena,Buena,"19.309194, -99.129593"
2020-09-17,HOSPITAL DE ESPECIALIDADES 01 (CDMX NORTE) LA RAZA (AZC),IMSS,Media,Buena,"19.467169, -99.143785"
2020-09-17,HOSPITAL GENERAL DE ZONA C/MF 29 (S. JUAN ARAGÓN),IMSS,Buena,Buena,"19.465117, -99.085162"
2020-09-17,HOSPITAL GENERAL DE ZONA 47 (CDMX SUR) (IZP),IMSS,Buena,Media,"19.357566, -99.054269"
2020-09-17,UNIDAD MÓVIL TEMPORAL COVID,IMSS,Crítica,Crítica,"19.403082, -99.089177"
2020-09-17,CRIT IZTAPALAPA,IMSS,Buena,Buena,"19.328321, -99.068530"
2020-09-17,HOSPITAL GENERAL REGIONAL 72,IMSS,Media,Media,"19.356913, -98.990929"
2020-09-17,HOSPITAL GENERAL REGIONAL 196,IMSS,Buena,Buena,"19.515133, -98.891450"
2020-09-17,HOSPITAL GENERAL REGIONAL 200,IMSS,Buena,Buena,"19.470300, -99.234208"
2020-09-17,HOSPITAL GENERAL DE ZONA 53,IMSS,Buena,Buena,"19.597387, -99.188426"
2020-09-17,HOSPITAL GENERAL DE ZONA 197,IMSS,Buena,Buena,"19.530797, -99.222446"
2020-09-17,HOSPITAL GENERAL DE ZONA 194,IMSS,Buena,Buena,"19.570070, -99.044009"
2020-09-17,HOSPITAL GENERAL DE ZONA 57 (LA QUEBRADA),IMSS,Buena,Buena,"19.542797, -99.205022"
2020-09-17,HOSPITAL GENERAL DE ZONA 58 (LAS MARGARITAS),IMSS,Media,Media,"19.529016, -99.030983"
2020-09-17,HOSPITAL GENERAL DE ZONA 68 (TULPETLAC),IMSS,Buena,Buena,"19.742905, -98.972971"
2020-09-17,HOSPITAL GENERAL DE ZONA 71 (CHALCO),IMSS,Buena,Buena,"19.356913, -98.990929"
2020-09-17,HOSPITAL GENERAL DE ZONA 76 (XALOSTOC),IMSS,Media,Buena,"19.515133, -98.891450"
2020-09-17,HOSPITAL GENERAL DE ZONA 98 (COACALCO),IMSS,Buena,Buena,"19.470300, -99.234208"
2020-09-17,CRIT NEZAHUALCÓYOTL,IMSS,Buena,Buena,"19.425795, -99.029987"
2020-09-17,CENTRO MEDICO 20 DE NOVIEMBRE,ISSSTE,Buena,Buena,"19.372720, -99.171205"
2020-09-17,HG DARIO FERNANDEZ FIERRO,ISSSTE,Buena,Media,"19.363602, -99.188608"
2020-09-17,HG JOSE MARIA MORELOS,ISSSTE,Buena,Media,"19.363918, -98.995393"
2020-09-17,HG TACUBA,ISSSTE,Crítica,Buena,"19.454384, -99.191231"
2020-09-17,HG DR FERNANDO QUIROZ,ISSSTE,Media,Buena,"19.394242, -99.194187"
2020-09-17,HG IGNACIO ZARAGOZA,ISSSTE,Buena,Media,"19.389472, -99.045019"
2020-09-17,HR PRIMERO DE OCTUBRE,ISSSTE,Media,Media,"19.486751, -99.133249"
2020-09-17,HR LIC. ADOLFO LÓPEZ MATEOS,ISSSTE,Buena,Buena,"19.358451, -99.172716"
2020-09-17,HR BICENTENARIO DE LA INDEPENDENCIA,ISSSTE,Media,Buena,"19.628814, -99.163343"
2020-09-17,ALTA ESPECIALIDAD DE ZUMPANGO,EDOMEX,Buena,Buena,"19.815198, -99.089196"
2020-09-17,HOSPITAL REGIONAL TLALNEPANTLA ISSEMYM,EDOMEX,Buena,Buena,"19.521706, -99.187341"
2020-09-17,"HOSPITAL GENERAL ECATEPEC ""LAS AMÉRICAS""",EDOMEX,Buena,Media,"19.594136, -99.018679"
2020-09-17,"HOSPITAL GENERAL DE NAUCALPAN ""DR. MAXIMILIANO RUIZ CASTAÑEDA"" ",EDOMEX,Buena,Buena,"19.468662, -99.234348"
2020-09-17,"HOSPITAL GENERAL ATIZAPAN DE ZARAGOZA ""DR. SALVADOR GONZALEZ HERREJÓN""",EDOMEX,Buena,Buena,"19.546322, -99.237491"
2020-09-17,"HOSPITAL GENERAL CUAUTITLAN ""GRAL. JOSE VICENTE VILLADA""",EDOMEX,Buena,Buena,"19.664586, -99.178557"
2020-09-17,"HOSPITAL GENERAL DE NEZAHUALCOYOTL ""GUSTAVO BAZ PRADA""",EDOMEX,Buena,Buena,"19.422253, -99.014892"
2020-09-17,"HOSPITAL GENERAL DE ECATEPEC ""JOSÉ MARÍA RODRÍGUEZ""",EDOMEX,Buena,Buena,"19.514412, -99.038087"
2020-09-17,"HOSPITAL GENERAL NEZAHUALCOYOTL ""LA PERLA"" ",EDOMEX,Buena,Buena,"19.387963, -98.989442"
2020-09-17,HOSPITAL GENERAL DE CHIMALHUACAN,EDOMEX,Buena,Buena,"19.419753, -98.975140"
2020-09-17,"HOSPITAL GENERAL DE IXTAPALUCA ""PEDRO LOPEZ""",EDOMEX,Buena,Buena,"19.318829, -98.855366"
2020-09-17,HOSPITAL GENERAL DE CHALCO ,EDOMEX,Buena,Buena,"19.268265, -98.893965"
2020-09-17,"HOSPITAL GENERAL TEXCOCO ""GUADALUPE VICTORIA"" BICENTENARIO ",EDOMEX,Media,Buena,"19.514309, -98.871750"
2020-09-17,"HOSPITAL GENERAL VALLE DE CHALCO ""DR. FERNANDO QUIROZ GUTIERREZ"" ",EDOMEX,Buena,Buena,"19.273775, -98.941609"
2020-09-17,"HOSPITAL GENERAL AMECAMECA ""VALENTIN GOMEZ FARIAS"" ",EDOMEX,Buena,Buena,"19.144883, -98.785072"
2020-09-17,HOSPITAL GENERAL DE AXAPUSCO,EDOMEX,Buena,Media,"19.732872, -98.769445"
2020-09-18,INSTITUTO NACIONAL DE NUTRICIÓN,SSA,Crítica,Media,"19.289599, -99.155441"
2020-09-18,INER,SSA,Crítica,Media,"19.291375, -99.158653"
2020-09-18,HOSPITAL GENERAL DE MÉXICO,SSA,Buena,Buena,"19.4129258, -99.1520225"
2020-09-18,HOSPITAL JUAREZ,SSA,Media,Buena,"19.481829, -99.135576"
2020-09-18,HOSPITAL GENERAL DR. MANUEL GEA GONZÁLEZ,SSA,Media,Media,"19.290295, -99.160861"
2020-09-18,HOSPITAL INFANTIL DE MÉXICO FEDERICO GÓMEZ,SSA,Buena,Buena,"19.410839, -99.151941"
2020-09-18,INSTITUTO  NACIONAL DE CARDIOLOGÍA IGNACIO CHÁVEZ,SSA,Buena,Buena,"19.290598, -99.153838"
2020-09-18,CITIBANAMEX,SSA,Buena,Media,"19.439732, -99.224235"
2020-09-18,HOSPITAL REGIONAL DE ALTA ESPECIALIDAD DE IXTAPALUCA,SSA,Buena,Media,"19.318796, -98.855353"
2020-09-18,BELISARIO DOMINGUEZ,SEDESA,Buena,Buena,"19.307226, -99.065356"
2020-09-18,ENRIQUE CABRERA,SEDESA,Buena,Buena,"19.361675, -99.224432"
2020-09-18,GENERAL TLAHUAC,SEDESA,Buena,Buena,"19.287492, -99.052665"
2020-09-18,PEDIATRICO DE LA VILLA,SEDESA,Buena,Buena,"19.487355, -99.114316"
2020-09-18,HOSPITAL GENERAL AJUSCO MEDIO,SEDESA,Buena,Buena,"19.272165, -99.207846"
2020-09-18,HOSPITAL GENERAL IZTAPALAPA,SEDESA,Buena,Buena,"19.343426, -99.027236"
2020-09-18,HOSPITAL GENERAL XOCO,SEDESA,Buena,Buena,"19.360313, -99.162275"
2020-09-18,HOSPITAL GENERAL VILLA,SEDESA,Media,Buena,"19.480079, -99.103353"
2020-09-18,HOSPITAL GENERAL DR. RUBÉN LEÑERO,SEDESA,Media,Buena,"19.451398, -99.169565"
2020-09-18,HOSPITAL GENERAL MILPA ALTA,SEDESA,Buena,Buena,"19.200951, -99.011210"
2020-09-18,HOSPITAL GENERAL BALBUENA,SEDESA,Buena,Buena,"19.424195, -99.115412"
2020-09-18,HOSPITAL TEPEPAN,SEDESA,Sin Dato,Sin Dato,"19.275806, -99.144298"
2020-09-18,HOSPITAL DE ESPECIALIDADES 01 CMN SIGLO XXI (CDMX SUR),IMSS,Buena,Buena,"19.466549, -99.145102"
2020-09-18,HOSPITAL DE PEDIATRIA 01 CMN SIGLO XXI (CDMX SUR),IMSS,Buena,Buena,"19.407458, -99.152267"
2020-09-18,HOSPITAL GENERAL DE ZONA 01 CARLOS MC GREGOR (CDMX SUR),IMSS,Media,Media,"19.395912, -99.161610"
2020-09-18,HOSPITAL GENERAL DE ZONA 1A PARQUE DE LOS VENADOS (CDMX SUR),IMSS,Media,Buena,"19.374431, -99.151203"
2020-09-18,HOSPITAL DE INFECTOLOGIA 01 LA RAZA (CDMX NORTE),IMSS,Media,Media,"19.464865, -99.144859"
2020-09-18,HOSPITAL GENERAL 01 (CDMX NORTE) LA RAZA,IMSS,Media,Buena,"19.395740, -99.161677"
2020-09-18,HOSPITAL GENERAL DE ZONA 24 (CDMX NORTE),IMSS,Buena,Buena,"19.483221, -99.128448"
2020-09-18,HOSPITAL GENERAL DE ZONA 27 (CDMX NORTE),IMSS,Buena,Buena,"19.454776, -99.140007"
2020-09-18,HOSPITAL GENERAL DE ZONA 2A (CDMX SUR),IMSS,Buena,Buena,"19.405495, -99.112200"
2020-09-18,HOSPITAL GENERAL DE ZONA 30 (CDMX SUR),IMSS,Media,Buena,"19.398836, -99.116913"
2020-09-18,HOSPITAL GENERAL DE ZONA 32 (CDMX SUR),IMSS,Buena,Buena,"19.307964, -99.130677"
2020-09-18,HOSPITAL GENERAL DE ZONA C/MF 08 (CDMX SUR),IMSS,Media,Buena,"19.337137, -99.200142"
2020-09-18,HOSPITAL GENERAL DE ZONA C/UMAA 48 (CDMX NORTE),IMSS,Media,Buena,"19.482375, -99.213046"
2020-09-18,HOSPITAL GENERAL 02 (CDMX SUR) VILLA COAPA (COY.),IMSS,Buena,Buena,"19.309194, -99.129593"
2020-09-18,HOSPITAL DE ESPECIALIDADES 01 (CDMX NORTE) LA RAZA (AZC),IMSS,Media,Buena,"19.467169, -99.143785"
2020-09-18,HOSPITAL GENERAL DE ZONA C/MF 29 (S. JUAN ARAGÓN),IMSS,Buena,Buena,"19.465117, -99.085162"
2020-09-18,HOSPITAL GENERAL DE ZONA 47 (CDMX SUR) (IZP),IMSS,Buena,Media,"19.357566, -99.054269"
2020-09-18,UNIDAD MÓVIL TEMPORAL COVID,IMSS,Crítica,Crítica,"19.403082, -99.089177"
2020-09-18,CRIT IZTAPALAPA,IMSS,Buena,Buena,"19.328321, -99.068530"
2020-09-18,HOSPITAL GENERAL REGIONAL 72,IMSS,Media,Media,"19.356913, -98.990929"
2020-09-18,HOSPITAL GENERAL REGIONAL 196,IMSS,Buena,Buena,"19.515133, -98.891450"
2020-09-18,HOSPITAL GENERAL REGIONAL 200,IMSS,Buena,Buena,"19.470300, -99.234208"
2020-09-18,HOSPITAL GENERAL DE ZONA 53,IMSS,Media,Buena,"19.597387, -99.188426"
2020-09-18,HOSPITAL GENERAL DE ZONA 197,IMSS,Buena,Buena,"19.530797, -99.222446"
2020-09-18,HOSPITAL GENERAL DE ZONA 194,IMSS,Buena,Buena,"19.570070, -99.044009"
2020-09-18,HOSPITAL GENERAL DE ZONA 57 (LA QUEBRADA),IMSS,Buena,Buena,"19.542797, -99.205022"
2020-09-18,HOSPITAL GENERAL DE ZONA 58 (LAS MARGARITAS),IMSS,Media,Media,"19.529016, -99.030983"
2020-09-18,HOSPITAL GENERAL DE ZONA 68 (TULPETLAC),IMSS,Buena,Buena,"19.742905, -98.972971"
2020-09-18,HOSPITAL GENERAL DE ZONA 71 (CHALCO),IMSS,Buena,Buena,"19.356913, -98.990929"
2020-09-18,HOSPITAL GENERAL DE ZONA 76 (XALOSTOC),IMSS,Media,Buena,"19.515133, -98.891450"
2020-09-18,HOSPITAL GENERAL DE ZONA 98 (COACALCO),IMSS,Buena,Buena,"19.470300, -99.234208"
2020-09-18,CRIT NEZAHUALCÓYOTL,IMSS,Buena,Buena,"19.425795, -99.029987"
2020-09-18,CENTRO MEDICO 20 DE NOVIEMBRE,ISSSTE,Buena,Buena,"19.372720, -99.171205"
2020-09-18,HG DARIO FERNANDEZ FIERRO,ISSSTE,Buena,Crítica,"19.363602, -99.188608"
2020-09-18,HG JOSE MARIA MORELOS,ISSSTE,Buena,Buena,"19.363918, -98.995393"
2020-09-18,HG TACUBA,ISSSTE,Crítica,Buena,"19.454384, -99.191231"
2020-09-18,HG DR FERNANDO QUIROZ,ISSSTE,Media,Buena,"19.394242, -99.194187"
2020-09-18,HG IGNACIO ZARAGOZA,ISSSTE,Media,Media,"19.389472, -99.045019"
2020-09-18,HR PRIMERO DE OCTUBRE,ISSSTE,Media,Media,"19.486751, -99.133249"
2020-09-18,HR LIC. ADOLFO LÓPEZ MATEOS,ISSSTE,Buena,Buena,"19.358451, -99.172716"
2020-09-18,HR BICENTENARIO DE LA INDEPENDENCIA,ISSSTE,Media,Buena,"19.628814, -99.163343"
2020-09-18,ALTA ESPECIALIDAD DE ZUMPANGO,EDOMEX,Buena,Buena,"19.815198, -99.089196"
2020-09-18,HOSPITAL REGIONAL TLALNEPANTLA ISSEMYM,EDOMEX,Buena,Buena,"19.521706, -99.187341"
2020-09-18,"HOSPITAL GENERAL ECATEPEC ""LAS AMÉRICAS""",EDOMEX,Buena,Buena,"19.594136, -99.018679"
2020-09-18,"HOSPITAL GENERAL DE NAUCALPAN ""DR. MAXIMILIANO RUIZ CASTAÑEDA"" ",EDOMEX,Buena,Buena,"19.468662, -99.234348"
2020-09-18,"HOSPITAL GENERAL ATIZAPAN DE ZARAGOZA ""DR. SALVADOR GONZALEZ HERREJÓN""",EDOMEX,Buena,Buena,"19.546322, -99.237491"
2020-09-18,"HOSPITAL GENERAL CUAUTITLAN ""GRAL. JOSE VICENTE VILLADA""",EDOMEX,Buena,Buena,"19.664586, -99.178557"
2020-09-18,"HOSPITAL GENERAL DE NEZAHUALCOYOTL ""GUSTAVO BAZ PRADA""",EDOMEX,Buena,Buena,"19.422253, -99.014892"
2020-09-18,"HOSPITAL GENERAL DE ECATEPEC ""JOSÉ MARÍA RODRÍGUEZ""",EDOMEX,Buena,Buena,"19.514412, -99.038087"
2020-09-18,"HOSPITAL GENERAL NEZAHUALCOYOTL ""LA PERLA"" ",EDOMEX,Buena,Buena,"19.387963, -98.989442"
2020-09-18,HOSPITAL GENERAL DE CHIMALHUACAN,EDOMEX,Buena,Buena,"19.419753, -98.975140"
2020-09-18,"HOSPITAL GENERAL DE IXTAPALUCA ""PEDRO LOPEZ""",EDOMEX,Buena,Buena,"19.318829, -98.855366"
2020-09-18,HOSPITAL GENERAL DE CHALCO ,EDOMEX,Buena,Buena,"19.268265, -98.893965"
2020-09-18,"HOSPITAL GENERAL TEXCOCO ""GUADALUPE VICTORIA"" BICENTENARIO ",EDOMEX,Media,Buena,"19.514309, -98.871750"
2020-09-18,"HOSPITAL GENERAL VALLE DE CHALCO ""DR. FERNANDO QUIROZ GUTIERREZ"" ",EDOMEX,Buena,Buena,"19.273775, -98.941609"
2020-09-18,"HOSPITAL GENERAL AMECAMECA ""VALENTIN GOMEZ FARIAS"" ",EDOMEX,Buena,Buena,"19.144883, -98.785072"
2020-09-18,HOSPITAL GENERAL DE AXAPUSCO,EDOMEX,Buena,Media,"19.732872, -98.769445"
2020-09-19,INSTITUTO NACIONAL DE NUTRICIÓN,SSA,Crítica,Media,"19.289599, -99.155441"
2020-09-19,INER,SSA,Crítica,Media,"19.291375, -99.158653"
2020-09-19,HOSPITAL GENERAL DE MÉXICO,SSA,Buena,Buena,"19.4129258, -99.1520225"
2020-09-19,HOSPITAL JUAREZ,SSA,Media,Buena,"19.481829, -99.135576"
2020-09-19,HOSPITAL GENERAL DR. MANUEL GEA GONZÁLEZ,SSA,Media,Media,"19.290295, -99.160861"
2020-09-19,HOSPITAL INFANTIL DE MÉXICO FEDERICO GÓMEZ,SSA,Buena,Buena,"19.410839, -99.151941"
2020-09-19,INSTITUTO  NACIONAL DE CARDIOLOGÍA IGNACIO CHÁVEZ,SSA,Buena,Buena,"19.290598, -99.153838"
2020-09-19,CITIBANAMEX,SSA,Buena,Crítica,"19.439732, -99.224235"
2020-09-19,HOSPITAL REGIONAL DE ALTA ESPECIALIDAD DE IXTAPALUCA,SSA,Buena,Media,"19.318796, -98.855353"
2020-09-19,BELISARIO DOMINGUEZ,SEDESA,Buena,Buena,"19.307226, -99.065356"
2020-09-19,ENRIQUE CABRERA,SEDESA,Buena,Buena,"19.361675, -99.224432"
2020-09-19,GENERAL TLAHUAC,SEDESA,Buena,Buena,"19.287492, -99.052665"
2020-09-19,PEDIATRICO DE LA VILLA,SEDESA,Buena,Buena,"19.487355, -99.114316"
2020-09-19,HOSPITAL GENERAL AJUSCO MEDIO,SEDESA,Buena,Buena,"19.272165, -99.207846"
2020-09-19,HOSPITAL GENERAL IZTAPALAPA,SEDESA,Buena,Buena,"19.343426, -99.027236"
2020-09-19,HOSPITAL GENERAL XOCO,SEDESA,Buena,Buena,"19.360313, -99.162275"
2020-09-19,HOSPITAL GENERAL VILLA,SEDESA,Media,Buena,"19.480079, -99.103353"
2020-09-19,HOSPITAL GENERAL DR. RUBÉN LEÑERO,SEDESA,Media,Buena,"19.451398, -99.169565"
2020-09-19,HOSPITAL GENERAL MILPA ALTA,SEDESA,Buena,Buena,"19.200951, -99.011210"
2020-09-19,HOSPITAL GENERAL BALBUENA,SEDESA,Buena,Buena,"19.424195, -99.115412"
2020-09-19,HOSPITAL TEPEPAN,SEDESA,Sin Dato,Sin Dato,"19.275806, -99.144298"
2020-09-19,HOSPITAL DE ESPECIALIDADES 01 CMN SIGLO XXI (CDMX SUR),IMSS,Buena,Buena,"19.466549, -99.145102"
2020-09-19,HOSPITAL DE PEDIATRIA 01 CMN SIGLO XXI (CDMX SUR),IMSS,Buena,Buena,"19.407458, -99.152267"
2020-09-19,HOSPITAL GENERAL DE ZONA 01 CARLOS MC GREGOR (CDMX SUR),IMSS,Media,Media,"19.395912, -99.161610"
2020-09-19,HOSPITAL GENERAL DE ZONA 1A PARQUE DE LOS VENADOS (CDMX SUR),IMSS,Media,Buena,"19.374431, -99.151203"
2020-09-19,HOSPITAL DE INFECTOLOGIA 01 LA RAZA (CDMX NORTE),IMSS,Media,Media,"19.464865, -99.144859"
2020-09-19,HOSPITAL GENERAL 01 (CDMX NORTE) LA RAZA,IMSS,Media,Buena,"19.395740, -99.161677"
2020-09-19,HOSPITAL GENERAL DE ZONA 24 (CDMX NORTE),IMSS,Buena,Buena,"19.483221, -99.128448"
2020-09-19,HOSPITAL GENERAL DE ZONA 27 (CDMX NORTE),IMSS,Buena,Buena,"19.454776, -99.140007"
2020-09-19,HOSPITAL GENERAL DE ZONA 2A (CDMX SUR),IMSS,Buena,Buena,"19.405495, -99.112200"
2020-09-19,HOSPITAL GENERAL DE ZONA 30 (CDMX SUR),IMSS,Media,Buena,"19.398836, -99.116913"
2020-09-19,HOSPITAL GENERAL DE ZONA 32 (CDMX SUR),IMSS,Buena,Buena,"19.307964, -99.130677"
2020-09-19,HOSPITAL GENERAL DE ZONA C/MF 08 (CDMX SUR),IMSS,Buena,Buena,"19.337137, -99.200142"
2020-09-19,HOSPITAL GENERAL DE ZONA C/UMAA 48 (CDMX NORTE),IMSS,Buena,Buena,"19.482375, -99.213046"
2020-09-19,HOSPITAL GENERAL 02 (CDMX SUR) VILLA COAPA (COY.),IMSS,Buena,Buena,"19.309194, -99.129593"
2020-09-19,HOSPITAL DE ESPECIALIDADES 01 (CDMX NORTE) LA RAZA (AZC),IMSS,Media,Buena,"19.467169, -99.143785"
2020-09-19,HOSPITAL GENERAL DE ZONA C/MF 29 (S. JUAN ARAGÓN),IMSS,Buena,Buena,"19.465117, -99.085162"
2020-09-19,HOSPITAL GENERAL DE ZONA 47 (CDMX SUR) (IZP),IMSS,Buena,Buena,"19.357566, -99.054269"
2020-09-19,UNIDAD MÓVIL TEMPORAL COVID,IMSS,Crítica,Crítica,"19.403082, -99.089177"
2020-09-19,CRIT IZTAPALAPA,IMSS,Buena,Buena,"19.328321, -99.068530"
2020-09-19,HOSPITAL GENERAL REGIONAL 72,IMSS,Media,Media,"19.356913, -98.990929"
2020-09-19,HOSPITAL GENERAL REGIONAL 196,IMSS,Buena,Buena,"19.515133, -98.891450"
2020-09-19,HOSPITAL GENERAL REGIONAL 200,IMSS,Buena,Buena,"19.470300, -99.234208"
2020-09-19,HOSPITAL GENERAL DE ZONA 53,IMSS,Media,Buena,"19.597387, -99.188426"
2020-09-19,HOSPITAL GENERAL DE ZONA 197,IMSS,Buena,Buena,"19.530797, -99.222446"
2020-09-19,HOSPITAL GENERAL DE ZONA 194,IMSS,Buena,Buena,"19.570070, -99.044009"
2020-09-19,HOSPITAL GENERAL DE ZONA 57 (LA QUEBRADA),IMSS,Buena,Buena,"19.542797, -99.205022"
2020-09-19,HOSPITAL GENERAL DE ZONA 58 (LAS MARGARITAS),IMSS,Media,Media,"19.529016, -99.030983"
2020-09-19,HOSPITAL GENERAL DE ZONA 68 (TULPETLAC),IMSS,Buena,Buena,"19.742905, -98.972971"
2020-09-19,HOSPITAL GENERAL DE ZONA 71 (CHALCO),IMSS,Buena,Buena,"19.356913, -98.990929"
2020-09-19,HOSPITAL GENERAL DE ZONA 76 (XALOSTOC),IMSS,Media,Buena,"19.515133, -98.891450"
2020-09-19,HOSPITAL GENERAL DE ZONA 98 (COACALCO),IMSS,Buena,Buena,"19.470300, -99.234208"
2020-09-19,CRIT NEZAHUALCÓYOTL,IMSS,Buena,Buena,"19.425795, -99.029987"
2020-09-19,CENTRO MEDICO 20 DE NOVIEMBRE,ISSSTE,Buena,Buena,"19.372720, -99.171205"
2020-09-19,HG DARIO FERNANDEZ FIERRO,ISSSTE,Buena,Crítica,"19.363602, -99.188608"
2020-09-19,HG JOSE MARIA MORELOS,ISSSTE,Buena,Buena,"19.363918, -98.995393"
2020-09-19,HG TACUBA,ISSSTE,Crítica,Buena,"19.454384, -99.191231"
2020-09-19,HG DR FERNANDO QUIROZ,ISSSTE,Media,Buena,"19.394242, -99.194187"
2020-09-19,HG IGNACIO ZARAGOZA,ISSSTE,Media,Media,"19.389472, -99.045019"
2020-09-19,HR PRIMERO DE OCTUBRE,ISSSTE,Media,Media,"19.486751, -99.133249"
2020-09-19,HR LIC. ADOLFO LÓPEZ MATEOS,ISSSTE,Buena,Buena,"19.358451, -99.172716"
2020-09-19,HR BICENTENARIO DE LA INDEPENDENCIA,ISSSTE,Media,Media,"19.628814, -99.163343"
2020-09-19,ALTA ESPECIALIDAD DE ZUMPANGO,EDOMEX,Buena,Buena,"19.815198, -99.089196"
2020-09-19,HOSPITAL REGIONAL TLALNEPANTLA ISSEMYM,EDOMEX,Buena,Buena,"19.521706, -99.187341"
2020-09-19,"HOSPITAL GENERAL ECATEPEC ""LAS AMÉRICAS""",EDOMEX,Buena,Buena,"19.594136, -99.018679"
2020-09-19,"HOSPITAL GENERAL DE NAUCALPAN ""DR. MAXIMILIANO RUIZ CASTAÑEDA"" ",EDOMEX,Buena,Buena,"19.468662, -99.234348"
2020-09-19,"HOSPITAL GENERAL ATIZAPAN DE ZARAGOZA ""DR. SALVADOR GONZALEZ HERREJÓN""",EDOMEX,Buena,Buena,"19.546322, -99.237491"
2020-09-19,"HOSPITAL GENERAL CUAUTITLAN ""GRAL. JOSE VICENTE VILLADA""",EDOMEX,Buena,Buena,"19.664586, -99.178557"
2020-09-19,"HOSPITAL GENERAL DE NEZAHUALCOYOTL ""GUSTAVO BAZ PRADA""",EDOMEX,Buena,Media,"19.422253, -99.014892"
2020-09-19,"HOSPITAL GENERAL DE ECATEPEC ""JOSÉ MARÍA RODRÍGUEZ""",EDOMEX,Buena,Buena,"19.514412, -99.038087"
2020-09-19,"HOSPITAL GENERAL NEZAHUALCOYOTL ""LA PERLA"" ",EDOMEX,Buena,Buena,"19.387963, -98.989442"
2020-09-19,HOSPITAL GENERAL DE CHIMALHUACAN,EDOMEX,Buena,Buena,"19.419753, -98.975140"
2020-09-19,"HOSPITAL GENERAL DE IXTAPALUCA ""PEDRO LOPEZ""",EDOMEX,Buena,Buena,"19.318829, -98.855366"
2020-09-19,HOSPITAL GENERAL DE CHALCO ,EDOMEX,Buena,Buena,"19.268265, -98.893965"
2020-09-19,"HOSPITAL GENERAL TEXCOCO ""GUADALUPE VICTORIA"" BICENTENARIO ",EDOMEX,Buena,Buena,"19.514309, -98.871750"
2020-09-19,"HOSPITAL GENERAL VALLE DE CHALCO ""DR. FERNANDO QUIROZ GUTIERREZ"" ",EDOMEX,Buena,Buena,"19.273775, -98.941609"
2020-09-19,"HOSPITAL GENERAL AMECAMECA ""VALENTIN GOMEZ FARIAS"" ",EDOMEX,Buena,Buena,"19.144883, -98.785072"
2020-09-19,HOSPITAL GENERAL DE AXAPUSCO,EDOMEX,Buena,Crítica,"19.732872, -98.769445"
2020-09-20,INSTITUTO NACIONAL DE NUTRICIÓN,SSA,Media,Media,"19.289599, -99.155441"
2020-09-20,INER,SSA,Crítica,Media,"19.291375, -99.158653"
2020-09-20,HOSPITAL GENERAL DE MÉXICO,SSA,Buena,Buena,"19.4129258, -99.1520225"
2020-09-20,HOSPITAL JUAREZ,SSA,Media,Buena,"19.481829, -99.135576"
2020-09-20,HOSPITAL GENERAL DR. MANUEL GEA GONZÁLEZ,SSA,Media,Media,"19.290295, -99.160861"
2020-09-20,HOSPITAL INFANTIL DE MÉXICO FEDERICO GÓMEZ,SSA,Buena,Buena,"19.410839, -99.151941"
2020-09-20,INSTITUTO  NACIONAL DE CARDIOLOGÍA IGNACIO CHÁVEZ,SSA,Buena,Buena,"19.290598, -99.153838"
2020-09-20,CITIBANAMEX,SSA,Buena,Crítica,"19.439732, -99.224235"
2020-09-20,HOSPITAL REGIONAL DE ALTA ESPECIALIDAD DE IXTAPALUCA,SSA,Buena,Media,"19.318796, -98.855353"
2020-09-20,BELISARIO DOMINGUEZ,SEDESA,Buena,Buena,"19.307226, -99.065356"
2020-09-20,ENRIQUE CABRERA,SEDESA,Buena,Buena,"19.361675, -99.224432"
2020-09-20,GENERAL TLAHUAC,SEDESA,Buena,Buena,"19.287492, -99.052665"
2020-09-20,PEDIATRICO DE LA VILLA,SEDESA,Buena,Buena,"19.487355, -99.114316"
2020-09-20,HOSPITAL GENERAL AJUSCO MEDIO,SEDESA,Buena,Buena,"19.272165, -99.207846"
2020-09-20,HOSPITAL GENERAL IZTAPALAPA,SEDESA,Buena,Buena,"19.343426, -99.027236"
2020-09-20,HOSPITAL GENERAL XOCO,SEDESA,Buena,Buena,"19.360313, -99.162275"
2020-09-20,HOSPITAL GENERAL VILLA,SEDESA,Media,Buena,"19.480079, -99.103353"
2020-09-20,HOSPITAL GENERAL DR. RUBÉN LEÑERO,SEDESA,Media,Buena,"19.451398, -99.169565"
2020-09-20,HOSPITAL GENERAL MILPA ALTA,SEDESA,Buena,Buena,"19.200951, -99.011210"
2020-09-20,HOSPITAL GENERAL BALBUENA,SEDESA,Buena,Buena,"19.424195, -99.115412"
2020-09-20,HOSPITAL TEPEPAN,SEDESA,Sin Dato,Sin Dato,"19.275806, -99.144298"
2020-09-20,HOSPITAL DE ESPECIALIDADES 01 CMN SIGLO XXI (CDMX SUR),IMSS,Buena,Buena,"19.466549, -99.145102"
2020-09-20,HOSPITAL DE PEDIATRIA 01 CMN SIGLO XXI (CDMX SUR),IMSS,Buena,Buena,"19.407458, -99.152267"
2020-09-20,HOSPITAL GENERAL DE ZONA 01 CARLOS MC GREGOR (CDMX SUR),IMSS,Media,Media,"19.395912, -99.161610"
2020-09-20,HOSPITAL GENERAL DE ZONA 1A PARQUE DE LOS VENADOS (CDMX SUR),IMSS,Media,Buena,"19.374431, -99.151203"
2020-09-20,HOSPITAL DE INFECTOLOGIA 01 LA RAZA (CDMX NORTE),IMSS,Media,Media,"19.464865, -99.144859"
2020-09-20,HOSPITAL GENERAL 01 (CDMX NORTE) LA RAZA,IMSS,Media,Buena,"19.395740, -99.161677"
2020-09-20,HOSPITAL GENERAL DE ZONA 24 (CDMX NORTE),IMSS,Buena,Buena,"19.483221, -99.128448"
2020-09-20,HOSPITAL GENERAL DE ZONA 27 (CDMX NORTE),IMSS,Buena,Buena,"19.454776, -99.140007"
2020-09-20,HOSPITAL GENERAL DE ZONA 2A (CDMX SUR),IMSS,Buena,Buena,"19.405495, -99.112200"
2020-09-20,HOSPITAL GENERAL DE ZONA 30 (CDMX SUR),IMSS,Media,Buena,"19.398836, -99.116913"
2020-09-20,HOSPITAL GENERAL DE ZONA 32 (CDMX SUR),IMSS,Buena,Buena,"19.307964, -99.130677"
2020-09-20,HOSPITAL GENERAL DE ZONA C/MF 08 (CDMX SUR),IMSS,Media,Buena,"19.337137, -99.200142"
2020-09-20,HOSPITAL GENERAL DE ZONA C/UMAA 48 (CDMX NORTE),IMSS,Buena,Buena,"19.482375, -99.213046"
2020-09-20,HOSPITAL GENERAL 02 (CDMX SUR) VILLA COAPA (COY.),IMSS,Buena,Buena,"19.309194, -99.129593"
2020-09-20,HOSPITAL DE ESPECIALIDADES 01 (CDMX NORTE) LA RAZA (AZC),IMSS,Media,Buena,"19.467169, -99.143785"
2020-09-20,HOSPITAL GENERAL DE ZONA C/MF 29 (S. JUAN ARAGÓN),IMSS,Buena,Buena,"19.465117, -99.085162"
2020-09-20,HOSPITAL GENERAL DE ZONA 47 (CDMX SUR) (IZP),IMSS,Buena,Buena,"19.357566, -99.054269"
2020-09-20,UNIDAD MÓVIL TEMPORAL COVID,IMSS,Crítica,Crítica,"19.403082, -99.089177"
2020-09-20,CRIT IZTAPALAPA,IMSS,Buena,Buena,"19.328321, -99.068530"
2020-09-20,HOSPITAL GENERAL REGIONAL 72,IMSS,Media,Media,"19.356913, -98.990929"
2020-09-20,HOSPITAL GENERAL REGIONAL 196,IMSS,Buena,Buena,"19.515133, -98.891450"
2020-09-20,HOSPITAL GENERAL REGIONAL 200,IMSS,Buena,Buena,"19.470300, -99.234208"
2020-09-20,HOSPITAL GENERAL DE ZONA 53,IMSS,Buena,Buena,"19.597387, -99.188426"
2020-09-20,HOSPITAL GENERAL DE ZONA 197,IMSS,Buena,Buena,"19.530797, -99.222446"
2020-09-20,HOSPITAL GENERAL DE ZONA 194,IMSS,Buena,Buena,"19.570070, -99.044009"
2020-09-20,HOSPITAL GENERAL DE ZONA 57 (LA QUEBRADA),IMSS,Buena,Buena,"19.542797, -99.205022"
2020-09-20,HOSPITAL GENERAL DE ZONA 58 (LAS MARGARITAS),IMSS,Media,Buena,"19.529016, -99.030983"
2020-09-20,HOSPITAL GENERAL DE ZONA 68 (TULPETLAC),IMSS,Buena,Buena,"19.742905, -98.972971"
2020-09-20,HOSPITAL GENERAL DE ZONA 71 (CHALCO),IMSS,Buena,Buena,"19.356913, -98.990929"
2020-09-20,HOSPITAL GENERAL DE ZONA 76 (XALOSTOC),IMSS,Media,Media,"19.515133, -98.891450"
2020-09-20,HOSPITAL GENERAL DE ZONA 98 (COACALCO),IMSS,Buena,Buena,"19.470300, -99.234208"
2020-09-20,CRIT NEZAHUALCÓYOTL,IMSS,Buena,Buena,"19.425795, -99.029987"
2020-09-20,CENTRO MEDICO 20 DE NOVIEMBRE,ISSSTE,Buena,Buena,"19.372720, -99.171205"
2020-09-20,HG DARIO FERNANDEZ FIERRO,ISSSTE,Buena,Media,"19.363602, -99.188608"
2020-09-20,HG JOSE MARIA MORELOS,ISSSTE,Buena,Buena,"19.363918, -98.995393"
2020-09-20,HG TACUBA,ISSSTE,Crítica,Buena,"19.454384, -99.191231"
2020-09-20,HG DR FERNANDO QUIROZ,ISSSTE,Buena,Buena,"19.394242, -99.194187"
2020-09-20,HG IGNACIO ZARAGOZA,ISSSTE,Buena,Media,"19.389472, -99.045019"
2020-09-20,HR PRIMERO DE OCTUBRE,ISSSTE,Media,Media,"19.486751, -99.133249"
2020-09-20,HR LIC. ADOLFO LÓPEZ MATEOS,ISSSTE,Buena,Buena,"19.358451, -99.172716"
2020-09-20,HR BICENTENARIO DE LA INDEPENDENCIA,ISSSTE,Media,Media,"19.628814, -99.163343"
2020-09-20,ALTA ESPECIALIDAD DE ZUMPANGO,EDOMEX,Buena,Buena,"19.815198, -99.089196"
2020-09-20,HOSPITAL REGIONAL TLALNEPANTLA ISSEMYM,EDOMEX,Media,Buena,"19.521706, -99.187341"
2020-09-20,"HOSPITAL GENERAL ECATEPEC ""LAS AMÉRICAS""",EDOMEX,Buena,Buena,"19.594136, -99.018679"
2020-09-20,"HOSPITAL GENERAL DE NAUCALPAN ""DR. MAXIMILIANO RUIZ CASTAÑEDA"" ",EDOMEX,Buena,Buena,"19.468662, -99.234348"
2020-09-20,"HOSPITAL GENERAL ATIZAPAN DE ZARAGOZA ""DR. SALVADOR GONZALEZ HERREJÓN""",EDOMEX,Buena,Buena,"19.546322, -99.237491"
2020-09-20,"HOSPITAL GENERAL CUAUTITLAN ""GRAL. JOSE VICENTE VILLADA""",EDOMEX,Buena,Buena,"19.664586, -99.178557"
2020-09-20,"HOSPITAL GENERAL DE NEZAHUALCOYOTL ""GUSTAVO BAZ PRADA""",EDOMEX,Buena,Buena,"19.422253, -99.014892"
2020-09-20,"HOSPITAL GENERAL DE ECATEPEC ""JOSÉ MARÍA RODRÍGUEZ""",EDOMEX,Buena,Buena,"19.514412, -99.038087"
2020-09-20,"HOSPITAL GENERAL NEZAHUALCOYOTL ""LA PERLA"" ",EDOMEX,Buena,Buena,"19.387963, -98.989442"
2020-09-20,HOSPITAL GENERAL DE CHIMALHUACAN,EDOMEX,Buena,Buena,"19.419753, -98.975140"
2020-09-20,"HOSPITAL GENERAL DE IXTAPALUCA ""PEDRO LOPEZ""",EDOMEX,Buena,Buena,"19.318829, -98.855366"
2020-09-20,HOSPITAL GENERAL DE CHALCO ,EDOMEX,Buena,Buena,"19.268265, -98.893965"
2020-09-20,"HOSPITAL GENERAL TEXCOCO ""GUADALUPE VICTORIA"" BICENTENARIO ",EDOMEX,Buena,Buena,"19.514309, -98.871750"
2020-09-20,"HOSPITAL GENERAL VALLE DE CHALCO ""DR. FERNANDO QUIROZ GUTIERREZ"" ",EDOMEX,Buena,Buena,"19.273775, -98.941609"
2020-09-20,"HOSPITAL GENERAL AMECAMECA ""VALENTIN GOMEZ FARIAS"" ",EDOMEX,Buena,Buena,"19.144883, -98.785072"
2020-09-20,HOSPITAL GENERAL DE AXAPUSCO,EDOMEX,Buena,Crítica,"19.732872, -98.769445"
2020-09-21,INSTITUTO NACIONAL DE NUTRICIÓN,SSA,Media,Media,"19.289599, -99.155441"
2020-09-21,INER,SSA,Crítica,Media,"19.291375, -99.158653"
2020-09-21,HOSPITAL GENERAL DE MÉXICO,SSA,Buena,Buena,"19.4129258, -99.1520225"
2020-09-21,HOSPITAL JUAREZ,SSA,Media,Buena,"19.481829, -99.135576"
2020-09-21,HOSPITAL GENERAL DR. MANUEL GEA GONZÁLEZ,SSA,Buena,Media,"19.290295, -99.160861"
2020-09-21,HOSPITAL INFANTIL DE MÉXICO FEDERICO GÓMEZ,SSA,Buena,Buena,"19.410839, -99.151941"
2020-09-21,INSTITUTO  NACIONAL DE CARDIOLOGÍA IGNACIO CHÁVEZ,SSA,Buena,Buena,"19.290598, -99.153838"
2020-09-21,CITIBANAMEX,SSA,Buena,Crítica,"19.439732, -99.224235"
2020-09-21,HOSPITAL REGIONAL DE ALTA ESPECIALIDAD DE IXTAPALUCA,SSA,Buena,Media,"19.318796, -98.855353"
2020-09-21,BELISARIO DOMINGUEZ,SEDESA,Buena,Buena,"19.307226, -99.065356"
2020-09-21,ENRIQUE CABRERA,SEDESA,Buena,Buena,"19.361675, -99.224432"
2020-09-21,GENERAL TLAHUAC,SEDESA,Buena,Buena,"19.287492, -99.052665"
2020-09-21,PEDIATRICO DE LA VILLA,SEDESA,Buena,Buena,"19.487355, -99.114316"
2020-09-21,HOSPITAL GENERAL AJUSCO MEDIO,SEDESA,Buena,Buena,"19.272165, -99.207846"
2020-09-21,HOSPITAL GENERAL IZTAPALAPA,SEDESA,Buena,Buena,"19.343426, -99.027236"
2020-09-21,HOSPITAL GENERAL XOCO,SEDESA,Buena,Buena,"19.360313, -99.162275"
2020-09-21,HOSPITAL GENERAL VILLA,SEDESA,Media,Buena,"19.480079, -99.103353"
2020-09-21,HOSPITAL GENERAL DR. RUBÉN LEÑERO,SEDESA,Media,Buena,"19.451398, -99.169565"
2020-09-21,HOSPITAL GENERAL MILPA ALTA,SEDESA,Buena,Buena,"19.200951, -99.011210"
2020-09-21,HOSPITAL GENERAL BALBUENA,SEDESA,Buena,Buena,"19.424195, -99.115412"
2020-09-21,HOSPITAL TEPEPAN,SEDESA,Sin Dato,Sin Dato,"19.275806, -99.144298"
2020-09-21,HOSPITAL DE ESPECIALIDADES 01 CMN SIGLO XXI (CDMX SUR),IMSS,Buena,Buena,"19.466549, -99.145102"
2020-09-21,HOSPITAL DE PEDIATRIA 01 CMN SIGLO XXI (CDMX SUR),IMSS,Buena,Buena,"19.407458, -99.152267"
2020-09-21,HOSPITAL GENERAL DE ZONA 01 CARLOS MC GREGOR (CDMX SUR),IMSS,Media,Media,"19.395912, -99.161610"
2020-09-21,HOSPITAL GENERAL DE ZONA 1A PARQUE DE LOS VENADOS (CDMX SUR),IMSS,Media,Buena,"19.374431, -99.151203"
2020-09-21,HOSPITAL DE INFECTOLOGIA 01 LA RAZA (CDMX NORTE),IMSS,Media,Media,"19.464865, -99.144859"
2020-09-21,HOSPITAL GENERAL 01 (CDMX NORTE) LA RAZA,IMSS,Buena,Buena,"19.395740, -99.161677"
2020-09-21,HOSPITAL GENERAL DE ZONA 24 (CDMX NORTE),IMSS,Buena,Buena,"19.483221, -99.128448"
2020-09-21,HOSPITAL GENERAL DE ZONA 27 (CDMX NORTE),IMSS,Buena,Buena,"19.454776, -99.140007"
2020-09-21,HOSPITAL GENERAL DE ZONA 2A (CDMX SUR),IMSS,Media,Buena,"19.405495, -99.112200"
2020-09-21,HOSPITAL GENERAL DE ZONA 30 (CDMX SUR),IMSS,Media,Buena,"19.398836, -99.116913"
2020-09-21,HOSPITAL GENERAL DE ZONA 32 (CDMX SUR),IMSS,Buena,Buena,"19.307964, -99.130677"
2020-09-21,HOSPITAL GENERAL DE ZONA C/MF 08 (CDMX SUR),IMSS,Media,Buena,"19.337137, -99.200142"
2020-09-21,HOSPITAL GENERAL DE ZONA C/UMAA 48 (CDMX NORTE),IMSS,Buena,Buena,"19.482375, -99.213046"
2020-09-21,HOSPITAL GENERAL 02 (CDMX SUR) VILLA COAPA (COY.),IMSS,Buena,Media,"19.309194, -99.129593"
2020-09-21,HOSPITAL DE ESPECIALIDADES 01 (CDMX NORTE) LA RAZA (AZC),IMSS,Buena,Buena,"19.467169, -99.143785"
2020-09-21,HOSPITAL GENERAL DE ZONA C/MF 29 (S. JUAN ARAGÓN),IMSS,Buena,Buena,"19.465117, -99.085162"
2020-09-21,HOSPITAL GENERAL DE ZONA 47 (CDMX SUR) (IZP),IMSS,Buena,Buena,"19.357566, -99.054269"
2020-09-21,UNIDAD MÓVIL TEMPORAL COVID,IMSS,Crítica,Crítica,"19.403082, -99.089177"
2020-09-21,CRIT IZTAPALAPA,IMSS,Buena,Buena,"19.328321, -99.068530"
2020-09-21,HOSPITAL GENERAL REGIONAL 72,IMSS,Media,Media,"19.356913, -98.990929"
2020-09-21,HOSPITAL GENERAL REGIONAL 196,IMSS,Buena,Buena,"19.515133, -98.891450"
2020-09-21,HOSPITAL GENERAL REGIONAL 200,IMSS,Buena,Buena,"19.470300, -99.234208"
2020-09-21,HOSPITAL GENERAL DE ZONA 53,IMSS,Buena,Buena,"19.597387, -99.188426"
2020-09-21,HOSPITAL GENERAL DE ZONA 197,IMSS,Buena,Buena,"19.530797, -99.222446"
2020-09-21,HOSPITAL GENERAL DE ZONA 194,IMSS,Buena,Buena,"19.570070, -99.044009"
2020-09-21,HOSPITAL GENERAL DE ZONA 57 (LA QUEBRADA),IMSS,Buena,Buena,"19.542797, -99.205022"
2020-09-21,HOSPITAL GENERAL DE ZONA 58 (LAS MARGARITAS),IMSS,Media,Media,"19.529016, -99.030983"
2020-09-21,HOSPITAL GENERAL DE ZONA 68 (TULPETLAC),IMSS,Buena,Buena,"19.742905, -98.972971"
2020-09-21,HOSPITAL GENERAL DE ZONA 71 (CHALCO),IMSS,Buena,Buena,"19.356913, -98.990929"
2020-09-21,HOSPITAL GENERAL DE ZONA 76 (XALOSTOC),IMSS,Media,Media,"19.515133, -98.891450"
2020-09-21,HOSPITAL GENERAL DE ZONA 98 (COACALCO),IMSS,Buena,Buena,"19.470300, -99.234208"
2020-09-21,CRIT NEZAHUALCÓYOTL,IMSS,Buena,Buena,"19.425795, -99.029987"
2020-09-21,CENTRO MEDICO 20 DE NOVIEMBRE,ISSSTE,Buena,Buena,"19.372720, -99.171205"
2020-09-21,HG DARIO FERNANDEZ FIERRO,ISSSTE,Buena,Media,"19.363602, -99.188608"
2020-09-21,HG JOSE MARIA MORELOS,ISSSTE,Buena,Buena,"19.363918, -98.995393"
2020-09-21,HG TACUBA,ISSSTE,Crítica,Buena,"19.454384, -99.191231"
2020-09-21,HG DR FERNANDO QUIROZ,ISSSTE,Media,Buena,"19.394242, -99.194187"
2020-09-21,HG IGNACIO ZARAGOZA,ISSSTE,Buena,Media,"19.389472, -99.045019"
2020-09-21,HR PRIMERO DE OCTUBRE,ISSSTE,Media,Media,"19.486751, -99.133249"
2020-09-21,HR LIC. ADOLFO LÓPEZ MATEOS,ISSSTE,Buena,Buena,"19.358451, -99.172716"
2020-09-21,HR BICENTENARIO DE LA INDEPENDENCIA,ISSSTE,Media,Media,"19.628814, -99.163343"
2020-09-21,ALTA ESPECIALIDAD DE ZUMPANGO,EDOMEX,Buena,Buena,"19.815198, -99.089196"
2020-09-21,HOSPITAL REGIONAL TLALNEPANTLA ISSEMYM,EDOMEX,Media,Buena,"19.521706, -99.187341"
2020-09-21,"HOSPITAL GENERAL ECATEPEC ""LAS AMÉRICAS""",EDOMEX,Buena,Buena,"19.594136, -99.018679"
2020-09-21,"HOSPITAL GENERAL DE NAUCALPAN ""DR. MAXIMILIANO RUIZ CASTAÑEDA"" ",EDOMEX,Buena,Buena,"19.468662, -99.234348"
2020-09-21,"HOSPITAL GENERAL ATIZAPAN DE ZARAGOZA ""DR. SALVADOR GONZALEZ HERREJÓN""",EDOMEX,Buena,Buena,"19.546322, -99.237491"
2020-09-21,"HOSPITAL GENERAL CUAUTITLAN ""GRAL. JOSE VICENTE VILLADA""",EDOMEX,Buena,Buena,"19.664586, -99.178557"
2020-09-21,"HOSPITAL GENERAL DE NEZAHUALCOYOTL ""GUSTAVO BAZ PRADA""",EDOMEX,Buena,Buena,"19.422253, -99.014892"
2020-09-21,"HOSPITAL GENERAL DE ECATEPEC ""JOSÉ MARÍA RODRÍGUEZ""",EDOMEX,Buena,Buena,"19.514412, -99.038087"
2020-09-21,"HOSPITAL GENERAL NEZAHUALCOYOTL ""LA PERLA"" ",EDOMEX,Buena,Buena,"19.387963, -98.989442"
2020-09-21,HOSPITAL GENERAL DE CHIMALHUACAN,EDOMEX,Buena,Buena,"19.419753, -98.975140"
2020-09-21,"HOSPITAL GENERAL DE IXTAPALUCA ""PEDRO LOPEZ""",EDOMEX,Buena,Buena,"19.318829, -98.855366"
2020-09-21,HOSPITAL GENERAL DE CHALCO ,EDOMEX,Buena,Buena,"19.268265, -98.893965"
2020-09-21,"HOSPITAL GENERAL TEXCOCO ""GUADALUPE VICTORIA"" BICENTENARIO ",EDOMEX,Buena,Buena,"19.514309, -98.871750"
2020-09-21,"HOSPITAL GENERAL VALLE DE CHALCO ""DR. FERNANDO QUIROZ GUTIERREZ"" ",EDOMEX,Buena,Buena,"19.273775, -98.941609"
2020-09-21,"HOSPITAL GENERAL AMECAMECA ""VALENTIN GOMEZ FARIAS"" ",EDOMEX,Buena,Buena,"19.144883, -98.785072"
2020-09-21,HOSPITAL GENERAL DE AXAPUSCO,EDOMEX,Buena,Media,"19.732872, -98.769445"
2020-09-22,INSTITUTO NACIONAL DE NUTRICIÓN,SSA,Crítica,Media,"19.289599, -99.155441"
2020-09-22,INER,SSA,Crítica,Media,"19.291375, -99.158653"
2020-09-22,HOSPITAL GENERAL DE MÉXICO,SSA,Buena,Buena,"19.4129258, -99.1520225"
2020-09-22,HOSPITAL JUAREZ,SSA,Media,Buena,"19.481829, -99.135576"
2020-09-22,HOSPITAL GENERAL DR. MANUEL GEA GONZÁLEZ,SSA,Buena,Media,"19.290295, -99.160861"
2020-09-22,HOSPITAL INFANTIL DE MÉXICO FEDERICO GÓMEZ,SSA,Buena,Buena,"19.410839, -99.151941"
2020-09-22,INSTITUTO  NACIONAL DE CARDIOLOGÍA IGNACIO CHÁVEZ,SSA,Buena,Buena,"19.290598, -99.153838"
2020-09-22,CITIBANAMEX,SSA,Buena,Crítica,"19.439732, -99.224235"
2020-09-22,HOSPITAL REGIONAL DE ALTA ESPECIALIDAD DE IXTAPALUCA,SSA,Buena,Media,"19.318796, -98.855353"
2020-09-22,BELISARIO DOMINGUEZ,SEDESA,Buena,Buena,"19.307226, -99.065356"
2020-09-22,ENRIQUE CABRERA,SEDESA,Buena,Buena,"19.361675, -99.224432"
2020-09-22,GENERAL TLAHUAC,SEDESA,Buena,Buena,"19.287492, -99.052665"
2020-09-22,PEDIATRICO DE LA VILLA,SEDESA,Buena,Buena,"19.487355, -99.114316"
2020-09-22,HOSPITAL GENERAL AJUSCO MEDIO,SEDESA,Buena,Buena,"19.272165, -99.207846"
2020-09-22,HOSPITAL GENERAL IZTAPALAPA,SEDESA,Buena,Buena,"19.343426, -99.027236"
2020-09-22,HOSPITAL GENERAL XOCO,SEDESA,Buena,Buena,"19.360313, -99.162275"
2020-09-22,HOSPITAL GENERAL VILLA,SEDESA,Media,Buena,"19.480079, -99.103353"
2020-09-22,HOSPITAL GENERAL DR. RUBÉN LEÑERO,SEDESA,Crítica,Buena,"19.451398, -99.169565"
2020-09-22,HOSPITAL GENERAL MILPA ALTA,SEDESA,Buena,Buena,"19.200951, -99.011210"
2020-09-22,HOSPITAL GENERAL BALBUENA,SEDESA,Buena,Buena,"19.424195, -99.115412"
2020-09-22,HOSPITAL TEPEPAN,SEDESA,Sin Dato,Sin Dato,"19.275806, -99.144298"
2020-09-22,HOSPITAL DE ESPECIALIDADES 01 CMN SIGLO XXI (CDMX SUR),IMSS,Buena,Buena,"19.466549, -99.145102"
2020-09-22,HOSPITAL DE PEDIATRIA 01 CMN SIGLO XXI (CDMX SUR),IMSS,Buena,Buena,"19.407458, -99.152267"
2020-09-22,HOSPITAL GENERAL DE ZONA 01 CARLOS MC GREGOR (CDMX SUR),IMSS,Media,Media,"19.395912, -99.161610"
2020-09-22,HOSPITAL GENERAL DE ZONA 1A PARQUE DE LOS VENADOS (CDMX SUR),IMSS,Media,Buena,"19.374431, -99.151203"
2020-09-22,HOSPITAL DE INFECTOLOGIA 01 LA RAZA (CDMX NORTE),IMSS,Buena,Crítica,"19.464865, -99.144859"
2020-09-22,HOSPITAL GENERAL 01 (CDMX NORTE) LA RAZA,IMSS,Media,Buena,"19.395740, -99.161677"
2020-09-22,HOSPITAL GENERAL DE ZONA 24 (CDMX NORTE),IMSS,Buena,Buena,"19.483221, -99.128448"
2020-09-22,HOSPITAL GENERAL DE ZONA 27 (CDMX NORTE),IMSS,Buena,Buena,"19.454776, -99.140007"
2020-09-22,HOSPITAL GENERAL DE ZONA 2A (CDMX SUR),IMSS,Media,Buena,"19.405495, -99.112200"
2020-09-22,HOSPITAL GENERAL DE ZONA 30 (CDMX SUR),IMSS,Media,Buena,"19.398836, -99.116913"
2020-09-22,HOSPITAL GENERAL DE ZONA 32 (CDMX SUR),IMSS,Buena,Buena,"19.307964, -99.130677"
2020-09-22,HOSPITAL GENERAL DE ZONA C/MF 08 (CDMX SUR),IMSS,Media,Buena,"19.337137, -99.200142"
2020-09-22,HOSPITAL GENERAL DE ZONA C/UMAA 48 (CDMX NORTE),IMSS,Buena,Buena,"19.482375, -99.213046"
2020-09-22,HOSPITAL GENERAL 02 (CDMX SUR) VILLA COAPA (COY.),IMSS,Media,Media,"19.309194, -99.129593"
2020-09-22,HOSPITAL DE ESPECIALIDADES 01 (CDMX NORTE) LA RAZA (AZC),IMSS,Buena,Buena,"19.467169, -99.143785"
2020-09-22,HOSPITAL GENERAL DE ZONA C/MF 29 (S. JUAN ARAGÓN),IMSS,Buena,Buena,"19.465117, -99.085162"
2020-09-22,HOSPITAL GENERAL DE ZONA 47 (CDMX SUR) (IZP),IMSS,Buena,Buena,"19.357566, -99.054269"
2020-09-22,UNIDAD MÓVIL TEMPORAL COVID,IMSS,Crítica,Crítica,"19.403082, -99.089177"
2020-09-22,CRIT IZTAPALAPA,IMSS,Buena,Buena,"19.328321, -99.068530"
2020-09-22,HOSPITAL GENERAL REGIONAL 72,IMSS,Media,Buena,"19.356913, -98.990929"
2020-09-22,HOSPITAL GENERAL REGIONAL 196,IMSS,Buena,Buena,"19.515133, -98.891450"
2020-09-22,HOSPITAL GENERAL REGIONAL 200,IMSS,Buena,Buena,"19.470300, -99.234208"
2020-09-22,HOSPITAL GENERAL DE ZONA 53,IMSS,Buena,Buena,"19.597387, -99.188426"
2020-09-22,HOSPITAL GENERAL DE ZONA 197,IMSS,Buena,Buena,"19.530797, -99.222446"
2020-09-22,HOSPITAL GENERAL DE ZONA 194,IMSS,Buena,Buena,"19.570070, -99.044009"
2020-09-22,HOSPITAL GENERAL DE ZONA 57 (LA QUEBRADA),IMSS,Buena,Buena,"19.542797, -99.205022"
2020-09-22,HOSPITAL GENERAL DE ZONA 58 (LAS MARGARITAS),IMSS,Media,Media,"19.529016, -99.030983"
2020-09-22,HOSPITAL GENERAL DE ZONA 68 (TULPETLAC),IMSS,Buena,Buena,"19.742905, -98.972971"
2020-09-22,HOSPITAL GENERAL DE ZONA 71 (CHALCO),IMSS,Buena,Buena,"19.356913, -98.990929"
2020-09-22,HOSPITAL GENERAL DE ZONA 76 (XALOSTOC),IMSS,Media,Media,"19.515133, -98.891450"
2020-09-22,HOSPITAL GENERAL DE ZONA 98 (COACALCO),IMSS,Buena,Buena,"19.470300, -99.234208"
2020-09-22,CRIT NEZAHUALCÓYOTL,IMSS,Buena,Buena,"19.425795, -99.029987"
2020-09-22,CENTRO MEDICO 20 DE NOVIEMBRE,ISSSTE,Buena,Buena,"19.372720, -99.171205"
2020-09-22,HG DARIO FERNANDEZ FIERRO,ISSSTE,Buena,Media,"19.363602, -99.188608"
2020-09-22,HG JOSE MARIA MORELOS,ISSSTE,Buena,Media,"19.363918, -98.995393"
2020-09-22,HG TACUBA,ISSSTE,Crítica,Buena,"19.454384, -99.191231"
2020-09-22,HG DR FERNANDO QUIROZ,ISSSTE,Buena,Buena,"19.394242, -99.194187"
2020-09-22,HG IGNACIO ZARAGOZA,ISSSTE,Buena,Media,"19.389472, -99.045019"
2020-09-22,HR PRIMERO DE OCTUBRE,ISSSTE,Media,Media,"19.486751, -99.133249"
2020-09-22,HR LIC. ADOLFO LÓPEZ MATEOS,ISSSTE,Buena,Buena,"19.358451, -99.172716"
2020-09-22,HR BICENTENARIO DE LA INDEPENDENCIA,ISSSTE,Media,Media,"19.628814, -99.163343"
2020-09-22,ALTA ESPECIALIDAD DE ZUMPANGO,EDOMEX,Buena,Buena,"19.815198, -99.089196"
2020-09-22,HOSPITAL REGIONAL TLALNEPANTLA ISSEMYM,EDOMEX,Buena,Buena,"19.521706, -99.187341"
2020-09-22,"HOSPITAL GENERAL ECATEPEC ""LAS AMÉRICAS""",EDOMEX,Buena,Buena,"19.594136, -99.018679"
2020-09-22,"HOSPITAL GENERAL DE NAUCALPAN ""DR. MAXIMILIANO RUIZ CASTAÑEDA"" ",EDOMEX,Buena,Buena,"19.468662, -99.234348"
2020-09-22,"HOSPITAL GENERAL ATIZAPAN DE ZARAGOZA ""DR. SALVADOR GONZALEZ HERREJÓN""",EDOMEX,Buena,Buena,"19.546322, -99.237491"
2020-09-22,"HOSPITAL GENERAL CUAUTITLAN ""GRAL. JOSE VICENTE VILLADA""",EDOMEX,Buena,Buena,"19.664586, -99.178557"
2020-09-22,"HOSPITAL GENERAL DE NEZAHUALCOYOTL ""GUSTAVO BAZ PRADA""",EDOMEX,Buena,Buena,"19.422253, -99.014892"
2020-09-22,"HOSPITAL GENERAL DE ECATEPEC ""JOSÉ MARÍA RODRÍGUEZ""",EDOMEX,Buena,Buena,"19.514412, -99.038087"
2020-09-22,"HOSPITAL GENERAL NEZAHUALCOYOTL ""LA PERLA"" ",EDOMEX,Buena,Media,"19.387963, -98.989442"
2020-09-22,HOSPITAL GENERAL DE CHIMALHUACAN,EDOMEX,Buena,Buena,"19.419753, -98.975140"
2020-09-22,"HOSPITAL GENERAL DE IXTAPALUCA ""PEDRO LOPEZ""",EDOMEX,Buena,Buena,"19.318829, -98.855366"
2020-09-22,HOSPITAL GENERAL DE CHALCO ,EDOMEX,Buena,Buena,"19.268265, -98.893965"
2020-09-22,"HOSPITAL GENERAL TEXCOCO ""GUADALUPE VICTORIA"" BICENTENARIO ",EDOMEX,Buena,Buena,"19.514309, -98.871750"
2020-09-22,"HOSPITAL GENERAL VALLE DE CHALCO ""DR. FERNANDO QUIROZ GUTIERREZ"" ",EDOMEX,Buena,Buena,"19.273775, -98.941609"
2020-09-22,"HOSPITAL GENERAL AMECAMECA ""VALENTIN GOMEZ FARIAS"" ",EDOMEX,Buena,Buena,"19.144883, -98.785072"
2020-09-22,HOSPITAL GENERAL DE AXAPUSCO,EDOMEX,Buena,Media,"19.732872, -98.769445"
2020-09-23,INSTITUTO NACIONAL DE NUTRICIÓN,SSA,Media,Media,"19.289599, -99.155441"
2020-09-23,INER,SSA,Crítica,Media,"19.291375, -99.158653"
2020-09-23,HOSPITAL GENERAL DE MÉXICO,SSA,Buena,Buena,"19.4129258, -99.1520225"
2020-09-23,HOSPITAL JUAREZ,SSA,Media,Buena,"19.481829, -99.135576"
2020-09-23,HOSPITAL GENERAL DR. MANUEL GEA GONZÁLEZ,SSA,Buena,Media,"19.290295, -99.160861"
2020-09-23,HOSPITAL INFANTIL DE MÉXICO FEDERICO GÓMEZ,SSA,Buena,Buena,"19.410839, -99.151941"
2020-09-23,INSTITUTO  NACIONAL DE CARDIOLOGÍA IGNACIO CHÁVEZ,SSA,Buena,Buena,"19.290598, -99.153838"
2020-09-23,CITIBANAMEX,SSA,Buena,Crítica,"19.439732, -99.224235"
2020-09-23,HOSPITAL REGIONAL DE ALTA ESPECIALIDAD DE IXTAPALUCA,SSA,Buena,Buena,"19.318796, -98.855353"
2020-09-23,BELISARIO DOMINGUEZ,SEDESA,Buena,Buena,"19.307226, -99.065356"
2020-09-23,ENRIQUE CABRERA,SEDESA,Buena,Buena,"19.361675, -99.224432"
2020-09-23,GENERAL TLAHUAC,SEDESA,Buena,Buena,"19.287492, -99.052665"
2020-09-23,PEDIATRICO DE LA VILLA,SEDESA,Buena,Buena,"19.487355, -99.114316"
2020-09-23,HOSPITAL GENERAL AJUSCO MEDIO,SEDESA,Media,Buena,"19.272165, -99.207846"
2020-09-23,HOSPITAL GENERAL IZTAPALAPA,SEDESA,Buena,Buena,"19.343426, -99.027236"
2020-09-23,HOSPITAL GENERAL XOCO,SEDESA,Buena,Buena,"19.360313, -99.162275"
2020-09-23,HOSPITAL GENERAL VILLA,SEDESA,Media,Buena,"19.480079, -99.103353"
2020-09-23,HOSPITAL GENERAL DR. RUBÉN LEÑERO,SEDESA,Media,Buena,"19.451398, -99.169565"
2020-09-23,HOSPITAL GENERAL MILPA ALTA,SEDESA,Buena,Buena,"19.200951, -99.011210"
2020-09-23,HOSPITAL GENERAL BALBUENA,SEDESA,Buena,Buena,"19.424195, -99.115412"
2020-09-23,HOSPITAL TEPEPAN,SEDESA,Sin Dato,Sin Dato,"19.275806, -99.144298"
2020-09-23,HOSPITAL DE ESPECIALIDADES 01 CMN SIGLO XXI (CDMX SUR),IMSS,Buena,Buena,"19.466549, -99.145102"
2020-09-23,HOSPITAL DE PEDIATRIA 01 CMN SIGLO XXI (CDMX SUR),IMSS,Buena,Buena,"19.407458, -99.152267"
2020-09-23,HOSPITAL GENERAL DE ZONA 01 CARLOS MC GREGOR (CDMX SUR),IMSS,Buena,Media,"19.395912, -99.161610"
2020-09-23,HOSPITAL GENERAL DE ZONA 1A PARQUE DE LOS VENADOS (CDMX SUR),IMSS,Media,Buena,"19.374431, -99.151203"
2020-09-23,HOSPITAL DE INFECTOLOGIA 01 LA RAZA (CDMX NORTE),IMSS,Media,Media,"19.464865, -99.144859"
2020-09-23,HOSPITAL GENERAL 01 (CDMX NORTE) LA RAZA,IMSS,Media,Buena,"19.395740, -99.161677"
2020-09-23,HOSPITAL GENERAL DE ZONA 24 (CDMX NORTE),IMSS,Buena,Buena,"19.483221, -99.128448"
2020-09-23,HOSPITAL GENERAL DE ZONA 27 (CDMX NORTE),IMSS,Buena,Buena,"19.454776, -99.140007"
2020-09-23,HOSPITAL GENERAL DE ZONA 2A (CDMX SUR),IMSS,Media,Buena,"19.405495, -99.112200"
2020-09-23,HOSPITAL GENERAL DE ZONA 30 (CDMX SUR),IMSS,Media,Buena,"19.398836, -99.116913"
2020-09-23,HOSPITAL GENERAL DE ZONA 32 (CDMX SUR),IMSS,Buena,Buena,"19.307964, -99.130677"
2020-09-23,HOSPITAL GENERAL DE ZONA C/MF 08 (CDMX SUR),IMSS,Media,Buena,"19.337137, -99.200142"
2020-09-23,HOSPITAL GENERAL DE ZONA C/UMAA 48 (CDMX NORTE),IMSS,Buena,Buena,"19.482375, -99.213046"
2020-09-23,HOSPITAL GENERAL 02 (CDMX SUR) VILLA COAPA (COY.),IMSS,Media,Media,"19.309194, -99.129593"
2020-09-23,HOSPITAL DE ESPECIALIDADES 01 (CDMX NORTE) LA RAZA (AZC),IMSS,Media,Buena,"19.467169, -99.143785"
2020-09-23,HOSPITAL GENERAL DE ZONA C/MF 29 (S. JUAN ARAGÓN),IMSS,Buena,Buena,"19.465117, -99.085162"
2020-09-23,HOSPITAL GENERAL DE ZONA 47 (CDMX SUR) (IZP),IMSS,Buena,Buena,"19.357566, -99.054269"
2020-09-23,UNIDAD MÓVIL TEMPORAL COVID,IMSS,Crítica,Crítica,"19.403082, -99.089177"
2020-09-23,CRIT IZTAPALAPA,IMSS,Buena,Buena,"19.328321, -99.068530"
2020-09-23,HOSPITAL GENERAL REGIONAL 72,IMSS,Media,Media,"19.356913, -98.990929"
2020-09-23,HOSPITAL GENERAL REGIONAL 196,IMSS,Buena,Buena,"19.515133, -98.891450"
2020-09-23,HOSPITAL GENERAL REGIONAL 200,IMSS,Buena,Buena,"19.470300, -99.234208"
2020-09-23,HOSPITAL GENERAL DE ZONA 53,IMSS,Buena,Buena,"19.597387, -99.188426"
2020-09-23,HOSPITAL GENERAL DE ZONA 197,IMSS,Buena,Buena,"19.530797, -99.222446"
2020-09-23,HOSPITAL GENERAL DE ZONA 194,IMSS,Buena,Buena,"19.570070, -99.044009"
2020-09-23,HOSPITAL GENERAL DE ZONA 57 (LA QUEBRADA),IMSS,Buena,Buena,"19.542797, -99.205022"
2020-09-23,HOSPITAL GENERAL DE ZONA 58 (LAS MARGARITAS),IMSS,Media,Media,"19.529016, -99.030983"
2020-09-23,HOSPITAL GENERAL DE ZONA 68 (TULPETLAC),IMSS,Buena,Buena,"19.742905, -98.972971"
2020-09-23,HOSPITAL GENERAL DE ZONA 71 (CHALCO),IMSS,Buena,Buena,"19.356913, -98.990929"
2020-09-23,HOSPITAL GENERAL DE ZONA 76 (XALOSTOC),IMSS,Media,Buena,"19.515133, -98.891450"
2020-09-23,HOSPITAL GENERAL DE ZONA 98 (COACALCO),IMSS,Buena,Buena,"19.470300, -99.234208"
2020-09-23,CRIT NEZAHUALCÓYOTL,IMSS,Buena,Buena,"19.425795, -99.029987"
2020-09-23,CENTRO MEDICO 20 DE NOVIEMBRE,ISSSTE,Buena,Buena,"19.372720, -99.171205"
2020-09-23,HG DARIO FERNANDEZ FIERRO,ISSSTE,Buena,Media,"19.363602, -99.188608"
2020-09-23,HG JOSE MARIA MORELOS,ISSSTE,Buena,Media,"19.363918, -98.995393"
2020-09-23,HG TACUBA,ISSSTE,Crítica,Buena,"19.454384, -99.191231"
2020-09-23,HG DR FERNANDO QUIROZ,ISSSTE,Buena,Buena,"19.394242, -99.194187"
2020-09-23,HG IGNACIO ZARAGOZA,ISSSTE,Buena,Media,"19.389472, -99.045019"
2020-09-23,HR PRIMERO DE OCTUBRE,ISSSTE,Media,Media,"19.486751, -99.133249"
2020-09-23,HR LIC. ADOLFO LÓPEZ MATEOS,ISSSTE,Buena,Buena,"19.358451, -99.172716"
2020-09-23,HR BICENTENARIO DE LA INDEPENDENCIA,ISSSTE,Media,Media,"19.628814, -99.163343"
2020-09-23,ALTA ESPECIALIDAD DE ZUMPANGO,EDOMEX,Buena,Buena,"19.815198, -99.089196"
2020-09-23,HOSPITAL REGIONAL TLALNEPANTLA ISSEMYM,EDOMEX,Buena,Buena,"19.521706, -99.187341"
2020-09-23,"HOSPITAL GENERAL ECATEPEC ""LAS AMÉRICAS""",EDOMEX,Buena,Buena,"19.594136, -99.018679"
2020-09-23,"HOSPITAL GENERAL DE NAUCALPAN ""DR. MAXIMILIANO RUIZ CASTAÑEDA"" ",EDOMEX,Buena,Buena,"19.468662, -99.234348"
2020-09-23,"HOSPITAL GENERAL ATIZAPAN DE ZARAGOZA ""DR. SALVADOR GONZALEZ HERREJÓN""",EDOMEX,Buena,Buena,"19.546322, -99.237491"
2020-09-23,"HOSPITAL GENERAL CUAUTITLAN ""GRAL. JOSE VICENTE VILLADA""",EDOMEX,Buena,Buena,"19.664586, -99.178557"
2020-09-23,"HOSPITAL GENERAL DE NEZAHUALCOYOTL ""GUSTAVO BAZ PRADA""",EDOMEX,Buena,Buena,"19.422253, -99.014892"
2020-09-23,"HOSPITAL GENERAL DE ECATEPEC ""JOSÉ MARÍA RODRÍGUEZ""",EDOMEX,Buena,Buena,"19.514412, -99.038087"
2020-09-23,"HOSPITAL GENERAL NEZAHUALCOYOTL ""LA PERLA"" ",EDOMEX,Buena,Media,"19.387963, -98.989442"
2020-09-23,HOSPITAL GENERAL DE CHIMALHUACAN,EDOMEX,Buena,Buena,"19.419753, -98.975140"
2020-09-23,"HOSPITAL GENERAL DE IXTAPALUCA ""PEDRO LOPEZ""",EDOMEX,Buena,Buena,"19.318829, -98.855366"
2020-09-23,HOSPITAL GENERAL DE CHALCO ,EDOMEX,Buena,Buena,"19.268265, -98.893965"
2020-09-23,"HOSPITAL GENERAL TEXCOCO ""GUADALUPE VICTORIA"" BICENTENARIO ",EDOMEX,Buena,Buena,"19.514309, -98.871750"
2020-09-23,"HOSPITAL GENERAL VALLE DE CHALCO ""DR. FERNANDO QUIROZ GUTIERREZ"" ",EDOMEX,Buena,Buena,"19.273775, -98.941609"
2020-09-23,"HOSPITAL GENERAL AMECAMECA ""VALENTIN GOMEZ FARIAS"" ",EDOMEX,Buena,Buena,"19.144883, -98.785072"
2020-09-23,HOSPITAL GENERAL DE AXAPUSCO,EDOMEX,Buena,Media,"19.732872, -98.769445"
2020-09-24,INSTITUTO NACIONAL DE NUTRICIÓN,SSA,Media,Media,"19.289599, -99.155441"
2020-09-24,INER,SSA,Crítica,Media,"19.291375, -99.158653"
2020-09-24,HOSPITAL GENERAL DE MÉXICO,SSA,Buena,Buena,"19.4129258, -99.1520225"
2020-09-24,HOSPITAL JUAREZ,SSA,Media,Buena,"19.481829, -99.135576"
2020-09-24,HOSPITAL GENERAL DR. MANUEL GEA GONZÁLEZ,SSA,Media,Media,"19.290295, -99.160861"
2020-09-24,HOSPITAL INFANTIL DE MÉXICO FEDERICO GÓMEZ,SSA,Buena,Buena,"19.410839, -99.151941"
2020-09-24,INSTITUTO  NACIONAL DE CARDIOLOGÍA IGNACIO CHÁVEZ,SSA,Buena,Buena,"19.290598, -99.153838"
2020-09-24,CITIBANAMEX,SSA,Buena,Crítica,"19.439732, -99.224235"
2020-09-24,HOSPITAL REGIONAL DE ALTA ESPECIALIDAD DE IXTAPALUCA,SSA,Buena,Buena,"19.318796, -98.855353"
2020-09-24,BELISARIO DOMINGUEZ,SEDESA,Buena,Buena,"19.307226, -99.065356"
2020-09-24,ENRIQUE CABRERA,SEDESA,Buena,Buena,"19.361675, -99.224432"
2020-09-24,GENERAL TLAHUAC,SEDESA,Buena,Buena,"19.287492, -99.052665"
2020-09-24,PEDIATRICO DE LA VILLA,SEDESA,Buena,Buena,"19.487355, -99.114316"
2020-09-24,HOSPITAL GENERAL AJUSCO MEDIO,SEDESA,Buena,Buena,"19.272165, -99.207846"
2020-09-24,HOSPITAL GENERAL IZTAPALAPA,SEDESA,Buena,Buena,"19.343426, -99.027236"
2020-09-24,HOSPITAL GENERAL XOCO,SEDESA,Buena,Buena,"19.360313, -99.162275"
2020-09-24,HOSPITAL GENERAL VILLA,SEDESA,Media,Buena,"19.480079, -99.103353"
2020-09-24,HOSPITAL GENERAL DR. RUBÉN LEÑERO,SEDESA,Crítica,Buena,"19.451398, -99.169565"
2020-09-24,HOSPITAL GENERAL MILPA ALTA,SEDESA,Buena,Buena,"19.200951, -99.011210"
2020-09-24,HOSPITAL GENERAL BALBUENA,SEDESA,Buena,Buena,"19.424195, -99.115412"
2020-09-24,HOSPITAL TEPEPAN,SEDESA,Sin Dato,Sin Dato,"19.275806, -99.144298"
2020-09-24,HOSPITAL DE ESPECIALIDADES 01 CMN SIGLO XXI (CDMX SUR),IMSS,Buena,Buena,"19.466549, -99.145102"
2020-09-24,HOSPITAL DE PEDIATRIA 01 CMN SIGLO XXI (CDMX SUR),IMSS,Buena,Buena,"19.407458, -99.152267"
2020-09-24,HOSPITAL GENERAL DE ZONA 01 CARLOS MC GREGOR (CDMX SUR),IMSS,Media,Media,"19.395912, -99.161610"
2020-09-24,HOSPITAL GENERAL DE ZONA 1A PARQUE DE LOS VENADOS (CDMX SUR),IMSS,Media,Buena,"19.374431, -99.151203"
2020-09-24,HOSPITAL DE INFECTOLOGIA 01 LA RAZA (CDMX NORTE),IMSS,Media,Media,"19.464865, -99.144859"
2020-09-24,HOSPITAL GENERAL 01 (CDMX NORTE) LA RAZA,IMSS,Buena,Buena,"19.395740, -99.161677"
2020-09-24,HOSPITAL GENERAL DE ZONA 24 (CDMX NORTE),IMSS,Buena,Buena,"19.483221, -99.128448"
2020-09-24,HOSPITAL GENERAL DE ZONA 27 (CDMX NORTE),IMSS,Buena,Buena,"19.454776, -99.140007"
2020-09-24,HOSPITAL GENERAL DE ZONA 2A (CDMX SUR),IMSS,Buena,Buena,"19.405495, -99.112200"
2020-09-24,HOSPITAL GENERAL DE ZONA 30 (CDMX SUR),IMSS,Media,Buena,"19.398836, -99.116913"
2020-09-24,HOSPITAL GENERAL DE ZONA 32 (CDMX SUR),IMSS,Buena,Buena,"19.307964, -99.130677"
2020-09-24,HOSPITAL GENERAL DE ZONA C/MF 08 (CDMX SUR),IMSS,Media,Buena,"19.337137, -99.200142"
2020-09-24,HOSPITAL GENERAL DE ZONA C/UMAA 48 (CDMX NORTE),IMSS,Buena,Buena,"19.482375, -99.213046"
2020-09-24,HOSPITAL GENERAL 02 (CDMX SUR) VILLA COAPA (COY.),IMSS,Buena,Media,"19.309194, -99.129593"
2020-09-24,HOSPITAL DE ESPECIALIDADES 01 (CDMX NORTE) LA RAZA (AZC),IMSS,Media,Buena,"19.467169, -99.143785"
2020-09-24,HOSPITAL GENERAL DE ZONA C/MF 29 (S. JUAN ARAGÓN),IMSS,Buena,Buena,"19.465117, -99.085162"
2020-09-24,HOSPITAL GENERAL DE ZONA 47 (CDMX SUR) (IZP),IMSS,Buena,Buena,"19.357566, -99.054269"
2020-09-24,UNIDAD MÓVIL TEMPORAL COVID,IMSS,Crítica,Crítica,"19.403082, -99.089177"
2020-09-24,CRIT IZTAPALAPA,IMSS,Buena,Buena,"19.328321, -99.068530"
2020-09-24,HOSPITAL GENERAL REGIONAL 72,IMSS,Media,Media,"19.356913, -98.990929"
2020-09-24,HOSPITAL GENERAL REGIONAL 196,IMSS,Buena,Buena,"19.515133, -98.891450"
2020-09-24,HOSPITAL GENERAL REGIONAL 200,IMSS,Buena,Buena,"19.470300, -99.234208"
2020-09-24,HOSPITAL GENERAL DE ZONA 53,IMSS,Buena,Buena,"19.597387, -99.188426"
2020-09-24,HOSPITAL GENERAL DE ZONA 197,IMSS,Buena,Buena,"19.530797, -99.222446"
2020-09-24,HOSPITAL GENERAL DE ZONA 194,IMSS,Buena,Buena,"19.570070, -99.044009"
2020-09-24,HOSPITAL GENERAL DE ZONA 57 (LA QUEBRADA),IMSS,Buena,Media,"19.542797, -99.205022"
2020-09-24,HOSPITAL GENERAL DE ZONA 58 (LAS MARGARITAS),IMSS,Media,Media,"19.529016, -99.030983"
2020-09-24,HOSPITAL GENERAL DE ZONA 68 (TULPETLAC),IMSS,Buena,Buena,"19.742905, -98.972971"
2020-09-24,HOSPITAL GENERAL DE ZONA 71 (CHALCO),IMSS,Buena,Buena,"19.356913, -98.990929"
2020-09-24,HOSPITAL GENERAL DE ZONA 76 (XALOSTOC),IMSS,Media,Buena,"19.515133, -98.891450"
2020-09-24,HOSPITAL GENERAL DE ZONA 98 (COACALCO),IMSS,Buena,Buena,"19.470300, -99.234208"
2020-09-24,CRIT NEZAHUALCÓYOTL,IMSS,Buena,Buena,"19.425795, -99.029987"
2020-09-24,CENTRO MEDICO 20 DE NOVIEMBRE,ISSSTE,Buena,Buena,"19.372720, -99.171205"
2020-09-24,HG DARIO FERNANDEZ FIERRO,ISSSTE,Buena,Media,"19.363602, -99.188608"
2020-09-24,HG JOSE MARIA MORELOS,ISSSTE,Buena,Media,"19.363918, -98.995393"
2020-09-24,HG TACUBA,ISSSTE,Crítica,Buena,"19.454384, -99.191231"
2020-09-24,HG DR FERNANDO QUIROZ,ISSSTE,Buena,Buena,"19.394242, -99.194187"
2020-09-24,HG IGNACIO ZARAGOZA,ISSSTE,Buena,Media,"19.389472, -99.045019"
2020-09-24,HR PRIMERO DE OCTUBRE,ISSSTE,Media,Media,"19.486751, -99.133249"
2020-09-24,HR LIC. ADOLFO LÓPEZ MATEOS,ISSSTE,Buena,Buena,"19.358451, -99.172716"
2020-09-24,HR BICENTENARIO DE LA INDEPENDENCIA,ISSSTE,Media,Media,"19.628814, -99.163343"
2020-09-24,ALTA ESPECIALIDAD DE ZUMPANGO,EDOMEX,Buena,Buena,"19.815198, -99.089196"
2020-09-24,HOSPITAL REGIONAL TLALNEPANTLA ISSEMYM,EDOMEX,Buena,Buena,"19.521706, -99.187341"
2020-09-24,"HOSPITAL GENERAL ECATEPEC ""LAS AMÉRICAS""",EDOMEX,Buena,Buena,"19.594136, -99.018679"
2020-09-24,"HOSPITAL GENERAL DE NAUCALPAN ""DR. MAXIMILIANO RUIZ CASTAÑEDA"" ",EDOMEX,Buena,Buena,"19.468662, -99.234348"
2020-09-24,"HOSPITAL GENERAL ATIZAPAN DE ZARAGOZA ""DR. SALVADOR GONZALEZ HERREJÓN""",EDOMEX,Buena,Buena,"19.546322, -99.237491"
2020-09-24,"HOSPITAL GENERAL CUAUTITLAN ""GRAL. JOSE VICENTE VILLADA""",EDOMEX,Buena,Buena,"19.664586, -99.178557"
2020-09-24,"HOSPITAL GENERAL DE NEZAHUALCOYOTL ""GUSTAVO BAZ PRADA""",EDOMEX,Buena,Buena,"19.422253, -99.014892"
2020-09-24,"HOSPITAL GENERAL DE ECATEPEC ""JOSÉ MARÍA RODRÍGUEZ""",EDOMEX,Buena,Buena,"19.514412, -99.038087"
2020-09-24,"HOSPITAL GENERAL NEZAHUALCOYOTL ""LA PERLA"" ",EDOMEX,Buena,Media,"19.387963, -98.989442"
2020-09-24,HOSPITAL GENERAL DE CHIMALHUACAN,EDOMEX,Buena,Buena,"19.419753, -98.975140"
2020-09-24,"HOSPITAL GENERAL DE IXTAPALUCA ""PEDRO LOPEZ""",EDOMEX,Buena,Media,"19.318829, -98.855366"
2020-09-24,HOSPITAL GENERAL DE CHALCO ,EDOMEX,Buena,Buena,"19.268265, -98.893965"
2020-09-24,"HOSPITAL GENERAL TEXCOCO ""GUADALUPE VICTORIA"" BICENTENARIO ",EDOMEX,Buena,Buena,"19.514309, -98.871750"
2020-09-24,"HOSPITAL GENERAL VALLE DE CHALCO ""DR. FERNANDO QUIROZ GUTIERREZ"" ",EDOMEX,Buena,Buena,"19.273775, -98.941609"
2020-09-24,"HOSPITAL GENERAL AMECAMECA ""VALENTIN GOMEZ FARIAS"" ",EDOMEX,Buena,Buena,"19.144883, -98.785072"
2020-09-24,HOSPITAL GENERAL DE AXAPUSCO,EDOMEX,Buena,Media,"19.732872, -98.769445"
2020-09-25,INSTITUTO NACIONAL DE NUTRICIÓN,SSA,Media,Media,"19.289599, -99.155441"
2020-09-25,INER,SSA,Crítica,Media,"19.291375, -99.158653"
2020-09-25,HOSPITAL GENERAL DE MÉXICO,SSA,Buena,Buena,"19.4129258, -99.1520225"
2020-09-25,HOSPITAL JUAREZ,SSA,Media,Buena,"19.481829, -99.135576"
2020-09-25,HOSPITAL GENERAL DR. MANUEL GEA GONZÁLEZ,SSA,Media,Media,"19.290295, -99.160861"
2020-09-25,HOSPITAL INFANTIL DE MÉXICO FEDERICO GÓMEZ,SSA,Buena,Buena,"19.410839, -99.151941"
2020-09-25,INSTITUTO  NACIONAL DE CARDIOLOGÍA IGNACIO CHÁVEZ,SSA,Buena,Buena,"19.290598, -99.153838"
2020-09-25,CITIBANAMEX,SSA,Buena,Crítica,"19.439732, -99.224235"
2020-09-25,HOSPITAL REGIONAL DE ALTA ESPECIALIDAD DE IXTAPALUCA,SSA,Buena,Buena,"19.318796, -98.855353"
2020-09-25,BELISARIO DOMINGUEZ,SEDESA,Buena,Buena,"19.307226, -99.065356"
2020-09-25,ENRIQUE CABRERA,SEDESA,Buena,Buena,"19.361675, -99.224432"
2020-09-25,GENERAL TLAHUAC,SEDESA,Buena,Buena,"19.287492, -99.052665"
2020-09-25,PEDIATRICO DE LA VILLA,SEDESA,Buena,Buena,"19.487355, -99.114316"
2020-09-25,HOSPITAL GENERAL AJUSCO MEDIO,SEDESA,Buena,Buena,"19.272165, -99.207846"
2020-09-25,HOSPITAL GENERAL IZTAPALAPA,SEDESA,Buena,Buena,"19.343426, -99.027236"
2020-09-25,HOSPITAL GENERAL XOCO,SEDESA,Buena,Buena,"19.360313, -99.162275"
2020-09-25,HOSPITAL GENERAL VILLA,SEDESA,Media,Buena,"19.480079, -99.103353"
2020-09-25,HOSPITAL GENERAL DR. RUBÉN LEÑERO,SEDESA,Crítica,Buena,"19.451398, -99.169565"
2020-09-25,HOSPITAL GENERAL MILPA ALTA,SEDESA,Buena,Buena,"19.200951, -99.011210"
2020-09-25,HOSPITAL GENERAL BALBUENA,SEDESA,Buena,Buena,"19.424195, -99.115412"
2020-09-25,HOSPITAL TEPEPAN,SEDESA,Sin Dato,Sin Dato,"19.275806, -99.144298"
2020-09-25,HOSPITAL DE ESPECIALIDADES 01 CMN SIGLO XXI (CDMX SUR),IMSS,Buena,Buena,"19.466549, -99.145102"
2020-09-25,HOSPITAL DE PEDIATRIA 01 CMN SIGLO XXI (CDMX SUR),IMSS,Buena,Buena,"19.407458, -99.152267"
2020-09-25,HOSPITAL GENERAL DE ZONA 01 CARLOS MC GREGOR (CDMX SUR),IMSS,Buena,Media,"19.395912, -99.161610"
2020-09-25,HOSPITAL GENERAL DE ZONA 1A PARQUE DE LOS VENADOS (CDMX SUR),IMSS,Media,Buena,"19.374431, -99.151203"
2020-09-25,HOSPITAL DE INFECTOLOGIA 01 LA RAZA (CDMX NORTE),IMSS,Media,Media,"19.464865, -99.144859"
2020-09-25,HOSPITAL GENERAL 01 (CDMX NORTE) LA RAZA,IMSS,Buena,Buena,"19.395740, -99.161677"
2020-09-25,HOSPITAL GENERAL DE ZONA 24 (CDMX NORTE),IMSS,Buena,Buena,"19.483221, -99.128448"
2020-09-25,HOSPITAL GENERAL DE ZONA 27 (CDMX NORTE),IMSS,Buena,Buena,"19.454776, -99.140007"
2020-09-25,HOSPITAL GENERAL DE ZONA 2A (CDMX SUR),IMSS,Media,Buena,"19.405495, -99.112200"
2020-09-25,HOSPITAL GENERAL DE ZONA 30 (CDMX SUR),IMSS,Media,Buena,"19.398836, -99.116913"
2020-09-25,HOSPITAL GENERAL DE ZONA 32 (CDMX SUR),IMSS,Buena,Buena,"19.307964, -99.130677"
2020-09-25,HOSPITAL GENERAL DE ZONA C/MF 08 (CDMX SUR),IMSS,Media,Buena,"19.337137, -99.200142"
2020-09-25,HOSPITAL GENERAL DE ZONA C/UMAA 48 (CDMX NORTE),IMSS,Buena,Buena,"19.482375, -99.213046"
2020-09-25,HOSPITAL GENERAL 02 (CDMX SUR) VILLA COAPA (COY.),IMSS,Buena,Media,"19.309194, -99.129593"
2020-09-25,HOSPITAL DE ESPECIALIDADES 01 (CDMX NORTE) LA RAZA (AZC),IMSS,Buena,Buena,"19.467169, -99.143785"
2020-09-25,HOSPITAL GENERAL DE ZONA C/MF 29 (S. JUAN ARAGÓN),IMSS,Buena,Buena,"19.465117, -99.085162"
2020-09-25,HOSPITAL GENERAL DE ZONA 47 (CDMX SUR) (IZP),IMSS,Buena,Media,"19.357566, -99.054269"
2020-09-25,UNIDAD MÓVIL TEMPORAL COVID,IMSS,Media,Crítica,"19.403082, -99.089177"
2020-09-25,CRIT IZTAPALAPA,IMSS,Buena,Buena,"19.328321, -99.068530"
2020-09-25,HOSPITAL GENERAL REGIONAL 72,IMSS,Media,Media,"19.356913, -98.990929"
2020-09-25,HOSPITAL GENERAL REGIONAL 196,IMSS,Buena,Buena,"19.515133, -98.891450"
2020-09-25,HOSPITAL GENERAL REGIONAL 200,IMSS,Buena,Buena,"19.470300, -99.234208"
2020-09-25,HOSPITAL GENERAL DE ZONA 53,IMSS,Buena,Buena,"19.597387, -99.188426"
2020-09-25,HOSPITAL GENERAL DE ZONA 197,IMSS,Buena,Buena,"19.530797, -99.222446"
2020-09-25,HOSPITAL GENERAL DE ZONA 194,IMSS,Buena,Buena,"19.570070, -99.044009"
2020-09-25,HOSPITAL GENERAL DE ZONA 57 (LA QUEBRADA),IMSS,Buena,Media,"19.542797, -99.205022"
2020-09-25,HOSPITAL GENERAL DE ZONA 58 (LAS MARGARITAS),IMSS,Media,Media,"19.529016, -99.030983"
2020-09-25,HOSPITAL GENERAL DE ZONA 68 (TULPETLAC),IMSS,Buena,Buena,"19.742905, -98.972971"
2020-09-25,HOSPITAL GENERAL DE ZONA 71 (CHALCO),IMSS,Buena,Buena,"19.356913, -98.990929"
2020-09-25,HOSPITAL GENERAL DE ZONA 76 (XALOSTOC),IMSS,Buena,Buena,"19.515133, -98.891450"
2020-09-25,HOSPITAL GENERAL DE ZONA 98 (COACALCO),IMSS,Buena,Buena,"19.470300, -99.234208"
2020-09-25,CRIT NEZAHUALCÓYOTL,IMSS,Buena,Buena,"19.425795, -99.029987"
2020-09-25,CENTRO MEDICO 20 DE NOVIEMBRE,ISSSTE,Buena,Buena,"19.372720, -99.171205"
2020-09-25,HG DARIO FERNANDEZ FIERRO,ISSSTE,Buena,Media,"19.363602, -99.188608"
2020-09-25,HG JOSE MARIA MORELOS,ISSSTE,Buena,Media,"19.363918, -98.995393"
2020-09-25,HG TACUBA,ISSSTE,Crítica,Buena,"19.454384, -99.191231"
2020-09-25,HG DR FERNANDO QUIROZ,ISSSTE,Buena,Buena,"19.394242, -99.194187"
2020-09-25,HG IGNACIO ZARAGOZA,ISSSTE,Buena,Media,"19.389472, -99.045019"
2020-09-25,HR PRIMERO DE OCTUBRE,ISSSTE,Media,Media,"19.486751, -99.133249"
2020-09-25,HR LIC. ADOLFO LÓPEZ MATEOS,ISSSTE,Buena,Buena,"19.358451, -99.172716"
2020-09-25,HR BICENTENARIO DE LA INDEPENDENCIA,ISSSTE,Media,Media,"19.628814, -99.163343"
2020-09-25,ALTA ESPECIALIDAD DE ZUMPANGO,EDOMEX,Buena,Buena,"19.815198, -99.089196"
2020-09-25,HOSPITAL REGIONAL TLALNEPANTLA ISSEMYM,EDOMEX,Buena,Buena,"19.521706, -99.187341"
2020-09-25,"HOSPITAL GENERAL ECATEPEC ""LAS AMÉRICAS""",EDOMEX,Buena,Buena,"19.594136, -99.018679"
2020-09-25,"HOSPITAL GENERAL DE NAUCALPAN ""DR. MAXIMILIANO RUIZ CASTAÑEDA"" ",EDOMEX,Buena,Buena,"19.468662, -99.234348"
2020-09-25,"HOSPITAL GENERAL ATIZAPAN DE ZARAGOZA ""DR. SALVADOR GONZALEZ HERREJÓN""",EDOMEX,Buena,Buena,"19.546322, -99.237491"
2020-09-25,"HOSPITAL GENERAL CUAUTITLAN ""GRAL. JOSE VICENTE VILLADA""",EDOMEX,Buena,Buena,"19.664586, -99.178557"
2020-09-25,"HOSPITAL GENERAL DE NEZAHUALCOYOTL ""GUSTAVO BAZ PRADA""",EDOMEX,Buena,Buena,"19.422253, -99.014892"
2020-09-25,"HOSPITAL GENERAL DE ECATEPEC ""JOSÉ MARÍA RODRÍGUEZ""",EDOMEX,Buena,Buena,"19.514412, -99.038087"
2020-09-25,"HOSPITAL GENERAL NEZAHUALCOYOTL ""LA PERLA"" ",EDOMEX,Buena,Media,"19.387963, -98.989442"
2020-09-25,HOSPITAL GENERAL DE CHIMALHUACAN,EDOMEX,Buena,Buena,"19.419753, -98.975140"
2020-09-25,"HOSPITAL GENERAL DE IXTAPALUCA ""PEDRO LOPEZ""",EDOMEX,Buena,Media,"19.318829, -98.855366"
2020-09-25,HOSPITAL GENERAL DE CHALCO ,EDOMEX,Buena,Buena,"19.268265, -98.893965"
2020-09-25,"HOSPITAL GENERAL TEXCOCO ""GUADALUPE VICTORIA"" BICENTENARIO ",EDOMEX,Buena,Buena,"19.514309, -98.871750"
2020-09-25,"HOSPITAL GENERAL VALLE DE CHALCO ""DR. FERNANDO QUIROZ GUTIERREZ"" ",EDOMEX,Buena,Buena,"19.273775, -98.941609"
2020-09-25,"HOSPITAL GENERAL AMECAMECA ""VALENTIN GOMEZ FARIAS"" ",EDOMEX,Buena,Buena,"19.144883, -98.785072"
2020-09-25,HOSPITAL GENERAL DE AXAPUSCO,EDOMEX,Buena,Buena,"19.732872, -98.769445"
2020-09-26,INSTITUTO NACIONAL DE NUTRICIÓN,SSA,Crítica,Media,"19.289599, -99.155441"
2020-09-26,INER,SSA,Crítica,Media,"19.291375, -99.158653"
2020-09-26,HOSPITAL GENERAL DE MÉXICO,SSA,Buena,Buena,"19.4129258, -99.1520225"
2020-09-26,HOSPITAL JUAREZ,SSA,Media,Buena,"19.481829, -99.135576"
2020-09-26,HOSPITAL GENERAL DR. MANUEL GEA GONZÁLEZ,SSA,Media,Media,"19.290295, -99.160861"
2020-09-26,HOSPITAL INFANTIL DE MÉXICO FEDERICO GÓMEZ,SSA,Buena,Buena,"19.410839, -99.151941"
2020-09-26,INSTITUTO  NACIONAL DE CARDIOLOGÍA IGNACIO CHÁVEZ,SSA,Buena,Buena,"19.290598, -99.153838"
2020-09-26,CITIBANAMEX,SSA,Buena,Crítica,"19.439732, -99.224235"
2020-09-26,HOSPITAL REGIONAL DE ALTA ESPECIALIDAD DE IXTAPALUCA,SSA,Buena,Buena,"19.318796, -98.855353"
2020-09-26,BELISARIO DOMINGUEZ,SEDESA,Buena,Buena,"19.307226, -99.065356"
2020-09-26,ENRIQUE CABRERA,SEDESA,Buena,Buena,"19.361675, -99.224432"
2020-09-26,GENERAL TLAHUAC,SEDESA,Buena,Buena,"19.287492, -99.052665"
2020-09-26,PEDIATRICO DE LA VILLA,SEDESA,Buena,Buena,"19.487355, -99.114316"
2020-09-26,HOSPITAL GENERAL AJUSCO MEDIO,SEDESA,Buena,Buena,"19.272165, -99.207846"
2020-09-26,HOSPITAL GENERAL IZTAPALAPA,SEDESA,Buena,Buena,"19.343426, -99.027236"
2020-09-26,HOSPITAL GENERAL XOCO,SEDESA,Buena,Buena,"19.360313, -99.162275"
2020-09-26,HOSPITAL GENERAL VILLA,SEDESA,Media,Buena,"19.480079, -99.103353"
2020-09-26,HOSPITAL GENERAL DR. RUBÉN LEÑERO,SEDESA,Crítica,Buena,"19.451398, -99.169565"
2020-09-26,HOSPITAL GENERAL MILPA ALTA,SEDESA,Buena,Buena,"19.200951, -99.011210"
2020-09-26,HOSPITAL GENERAL BALBUENA,SEDESA,Buena,Buena,"19.424195, -99.115412"
2020-09-26,HOSPITAL TEPEPAN,SEDESA,Sin Dato,Sin Dato,"19.275806, -99.144298"
2020-09-26,HOSPITAL DE ESPECIALIDADES 01 CMN SIGLO XXI (CDMX SUR),IMSS,Buena,Buena,"19.466549, -99.145102"
2020-09-26,HOSPITAL DE PEDIATRIA 01 CMN SIGLO XXI (CDMX SUR),IMSS,Buena,Buena,"19.407458, -99.152267"
2020-09-26,HOSPITAL GENERAL DE ZONA 01 CARLOS MC GREGOR (CDMX SUR),IMSS,Buena,Media,"19.395912, -99.161610"
2020-09-26,HOSPITAL GENERAL DE ZONA 1A PARQUE DE LOS VENADOS (CDMX SUR),IMSS,Media,Buena,"19.374431, -99.151203"
2020-09-26,HOSPITAL DE INFECTOLOGIA 01 LA RAZA (CDMX NORTE),IMSS,Media,Media,"19.464865, -99.144859"
2020-09-26,HOSPITAL GENERAL 01 (CDMX NORTE) LA RAZA,IMSS,Buena,Buena,"19.395740, -99.161677"
2020-09-26,HOSPITAL GENERAL DE ZONA 24 (CDMX NORTE),IMSS,Buena,Buena,"19.483221, -99.128448"
2020-09-26,HOSPITAL GENERAL DE ZONA 27 (CDMX NORTE),IMSS,Buena,Buena,"19.454776, -99.140007"
2020-09-26,HOSPITAL GENERAL DE ZONA 2A (CDMX SUR),IMSS,Media,Media,"19.405495, -99.112200"
2020-09-26,HOSPITAL GENERAL DE ZONA 30 (CDMX SUR),IMSS,Media,Buena,"19.398836, -99.116913"
2020-09-26,HOSPITAL GENERAL DE ZONA 32 (CDMX SUR),IMSS,Buena,Buena,"19.307964, -99.130677"
2020-09-26,HOSPITAL GENERAL DE ZONA C/MF 08 (CDMX SUR),IMSS,Media,Buena,"19.337137, -99.200142"
2020-09-26,HOSPITAL GENERAL DE ZONA C/UMAA 48 (CDMX NORTE),IMSS,Media,Buena,"19.482375, -99.213046"
2020-09-26,HOSPITAL GENERAL 02 (CDMX SUR) VILLA COAPA (COY.),IMSS,Buena,Media,"19.309194, -99.129593"
2020-09-26,HOSPITAL DE ESPECIALIDADES 01 (CDMX NORTE) LA RAZA (AZC),IMSS,Media,Buena,"19.467169, -99.143785"
2020-09-26,HOSPITAL GENERAL DE ZONA C/MF 29 (S. JUAN ARAGÓN),IMSS,Buena,Buena,"19.465117, -99.085162"
2020-09-26,HOSPITAL GENERAL DE ZONA 47 (CDMX SUR) (IZP),IMSS,Buena,Media,"19.357566, -99.054269"
2020-09-26,UNIDAD MÓVIL TEMPORAL COVID,IMSS,Media,Crítica,"19.403082, -99.089177"
2020-09-26,CRIT IZTAPALAPA,IMSS,Buena,Buena,"19.328321, -99.068530"
2020-09-26,HOSPITAL GENERAL REGIONAL 72,IMSS,Media,Media,"19.356913, -98.990929"
2020-09-26,HOSPITAL GENERAL REGIONAL 196,IMSS,Buena,Buena,"19.515133, -98.891450"
2020-09-26,HOSPITAL GENERAL REGIONAL 200,IMSS,Buena,Buena,"19.470300, -99.234208"
2020-09-26,HOSPITAL GENERAL DE ZONA 53,IMSS,Buena,Buena,"19.597387, -99.188426"
2020-09-26,HOSPITAL GENERAL DE ZONA 197,IMSS,Buena,Buena,"19.530797, -99.222446"
2020-09-26,HOSPITAL GENERAL DE ZONA 194,IMSS,Media,Buena,"19.570070, -99.044009"
2020-09-26,HOSPITAL GENERAL DE ZONA 57 (LA QUEBRADA),IMSS,Buena,Media,"19.542797, -99.205022"
2020-09-26,HOSPITAL GENERAL DE ZONA 58 (LAS MARGARITAS),IMSS,Media,Buena,"19.529016, -99.030983"
2020-09-26,HOSPITAL GENERAL DE ZONA 68 (TULPETLAC),IMSS,Buena,Buena,"19.742905, -98.972971"
2020-09-26,HOSPITAL GENERAL DE ZONA 71 (CHALCO),IMSS,Buena,Buena,"19.356913, -98.990929"
2020-09-26,HOSPITAL GENERAL DE ZONA 76 (XALOSTOC),IMSS,Buena,Media,"19.515133, -98.891450"
2020-09-26,HOSPITAL GENERAL DE ZONA 98 (COACALCO),IMSS,Buena,Buena,"19.470300, -99.234208"
2020-09-26,CRIT NEZAHUALCÓYOTL,IMSS,Buena,Buena,"19.425795, -99.029987"
2020-09-26,CENTRO MEDICO 20 DE NOVIEMBRE,ISSSTE,Buena,Buena,"19.372720, -99.171205"
2020-09-26,HG DARIO FERNANDEZ FIERRO,ISSSTE,Buena,Media,"19.363602, -99.188608"
2020-09-26,HG JOSE MARIA MORELOS,ISSSTE,Buena,Media,"19.363918, -98.995393"
2020-09-26,HG TACUBA,ISSSTE,Crítica,Buena,"19.454384, -99.191231"
2020-09-26,HG DR FERNANDO QUIROZ,ISSSTE,Buena,Buena,"19.394242, -99.194187"
2020-09-26,HG IGNACIO ZARAGOZA,ISSSTE,Buena,Buena,"19.389472, -99.045019"
2020-09-26,HR PRIMERO DE OCTUBRE,ISSSTE,Media,Media,"19.486751, -99.133249"
2020-09-26,HR LIC. ADOLFO LÓPEZ MATEOS,ISSSTE,Buena,Buena,"19.358451, -99.172716"
2020-09-26,HR BICENTENARIO DE LA INDEPENDENCIA,ISSSTE,Media,Buena,"19.628814, -99.163343"
2020-09-26,ALTA ESPECIALIDAD DE ZUMPANGO,EDOMEX,Buena,Buena,"19.815198, -99.089196"
2020-09-26,HOSPITAL REGIONAL TLALNEPANTLA ISSEMYM,EDOMEX,Buena,Buena,"19.521706, -99.187341"
2020-09-26,"HOSPITAL GENERAL ECATEPEC ""LAS AMÉRICAS""",EDOMEX,Buena,Buena,"19.594136, -99.018679"
2020-09-26,"HOSPITAL GENERAL DE NAUCALPAN ""DR. MAXIMILIANO RUIZ CASTAÑEDA"" ",EDOMEX,Buena,Buena,"19.468662, -99.234348"
2020-09-26,"HOSPITAL GENERAL ATIZAPAN DE ZARAGOZA ""DR. SALVADOR GONZALEZ HERREJÓN""",EDOMEX,Buena,Buena,"19.546322, -99.237491"
2020-09-26,"HOSPITAL GENERAL CUAUTITLAN ""GRAL. JOSE VICENTE VILLADA""",EDOMEX,Buena,Buena,"19.664586, -99.178557"
2020-09-26,"HOSPITAL GENERAL DE NEZAHUALCOYOTL ""GUSTAVO BAZ PRADA""",EDOMEX,Buena,Buena,"19.422253, -99.014892"
2020-09-26,"HOSPITAL GENERAL DE ECATEPEC ""JOSÉ MARÍA RODRÍGUEZ""",EDOMEX,Buena,Buena,"19.514412, -99.038087"
2020-09-26,"HOSPITAL GENERAL NEZAHUALCOYOTL ""LA PERLA"" ",EDOMEX,Buena,Buena,"19.387963, -98.989442"
2020-09-26,HOSPITAL GENERAL DE CHIMALHUACAN,EDOMEX,Buena,Buena,"19.419753, -98.975140"
2020-09-26,"HOSPITAL GENERAL DE IXTAPALUCA ""PEDRO LOPEZ""",EDOMEX,Buena,Buena,"19.318829, -98.855366"
2020-09-26,HOSPITAL GENERAL DE CHALCO ,EDOMEX,Buena,Buena,"19.268265, -98.893965"
2020-09-26,"HOSPITAL GENERAL TEXCOCO ""GUADALUPE VICTORIA"" BICENTENARIO ",EDOMEX,Media,Buena,"19.514309, -98.871750"
2020-09-26,"HOSPITAL GENERAL VALLE DE CHALCO ""DR. FERNANDO QUIROZ GUTIERREZ"" ",EDOMEX,Buena,Buena,"19.273775, -98.941609"
2020-09-26,"HOSPITAL GENERAL AMECAMECA ""VALENTIN GOMEZ FARIAS"" ",EDOMEX,Buena,Buena,"19.144883, -98.785072"
2020-09-26,HOSPITAL GENERAL DE AXAPUSCO,EDOMEX,Buena,Buena,"19.732872, -98.769445"
2020-09-27,INSTITUTO NACIONAL DE NUTRICIÓN,SSA,Media,Media,"19.289599, -99.155441"
2020-09-27,INER,SSA,Crítica,Media,"19.291375, -99.158653"
2020-09-27,HOSPITAL GENERAL DE MÉXICO,SSA,Buena,Buena,"19.4129258, -99.1520225"
2020-09-27,HOSPITAL JUAREZ,SSA,Media,Media,"19.481829, -99.135576"
2020-09-27,HOSPITAL GENERAL DR. MANUEL GEA GONZÁLEZ,SSA,Media,Media,"19.290295, -99.160861"
2020-09-27,HOSPITAL INFANTIL DE MÉXICO FEDERICO GÓMEZ,SSA,Buena,Buena,"19.410839, -99.151941"
2020-09-27,INSTITUTO  NACIONAL DE CARDIOLOGÍA IGNACIO CHÁVEZ,SSA,Buena,Buena,"19.290598, -99.153838"
2020-09-27,CITIBANAMEX,SSA,Buena,Crítica,"19.439732, -99.224235"
2020-09-27,HOSPITAL REGIONAL DE ALTA ESPECIALIDAD DE IXTAPALUCA,SSA,Buena,Media,"19.318796, -98.855353"
2020-09-27,BELISARIO DOMINGUEZ,SEDESA,Buena,Buena,"19.307226, -99.065356"
2020-09-27,ENRIQUE CABRERA,SEDESA,Buena,Buena,"19.361675, -99.224432"
2020-09-27,GENERAL TLAHUAC,SEDESA,Buena,Buena,"19.287492, -99.052665"
2020-09-27,PEDIATRICO DE LA VILLA,SEDESA,Buena,Buena,"19.487355, -99.114316"
2020-09-27,HOSPITAL GENERAL AJUSCO MEDIO,SEDESA,Buena,Buena,"19.272165, -99.207846"
2020-09-27,HOSPITAL GENERAL IZTAPALAPA,SEDESA,Buena,Buena,"19.343426, -99.027236"
2020-09-27,HOSPITAL GENERAL XOCO,SEDESA,Buena,Buena,"19.360313, -99.162275"
2020-09-27,HOSPITAL GENERAL VILLA,SEDESA,Media,Buena,"19.480079, -99.103353"
2020-09-27,HOSPITAL GENERAL DR. RUBÉN LEÑERO,SEDESA,Media,Buena,"19.451398, -99.169565"
2020-09-27,HOSPITAL GENERAL MILPA ALTA,SEDESA,Buena,Buena,"19.200951, -99.011210"
2020-09-27,HOSPITAL GENERAL BALBUENA,SEDESA,Buena,Buena,"19.424195, -99.115412"
2020-09-27,HOSPITAL TEPEPAN,SEDESA,Sin Dato,Sin Dato,"19.275806, -99.144298"
2020-09-27,HOSPITAL DE ESPECIALIDADES 01 CMN SIGLO XXI (CDMX SUR),IMSS,Buena,Buena,"19.466549, -99.145102"
2020-09-27,HOSPITAL DE PEDIATRIA 01 CMN SIGLO XXI (CDMX SUR),IMSS,Buena,Buena,"19.407458, -99.152267"
2020-09-27,HOSPITAL GENERAL DE ZONA 01 CARLOS MC GREGOR (CDMX SUR),IMSS,Buena,Media,"19.395912, -99.161610"
2020-09-27,HOSPITAL GENERAL DE ZONA 1A PARQUE DE LOS VENADOS (CDMX SUR),IMSS,Media,Buena,"19.374431, -99.151203"
2020-09-27,HOSPITAL DE INFECTOLOGIA 01 LA RAZA (CDMX NORTE),IMSS,Media,Media,"19.464865, -99.144859"
2020-09-27,HOSPITAL GENERAL 01 (CDMX NORTE) LA RAZA,IMSS,Buena,Buena,"19.395740, -99.161677"
2020-09-27,HOSPITAL GENERAL DE ZONA 24 (CDMX NORTE),IMSS,Buena,Buena,"19.483221, -99.128448"
2020-09-27,HOSPITAL GENERAL DE ZONA 27 (CDMX NORTE),IMSS,Buena,Buena,"19.454776, -99.140007"
2020-09-27,HOSPITAL GENERAL DE ZONA 2A (CDMX SUR),IMSS,Media,Media,"19.405495, -99.112200"
2020-09-27,HOSPITAL GENERAL DE ZONA 30 (CDMX SUR),IMSS,Media,Buena,"19.398836, -99.116913"
2020-09-27,HOSPITAL GENERAL DE ZONA 32 (CDMX SUR),IMSS,Buena,Buena,"19.307964, -99.130677"
2020-09-27,HOSPITAL GENERAL DE ZONA C/MF 08 (CDMX SUR),IMSS,Media,Buena,"19.337137, -99.200142"
2020-09-27,HOSPITAL GENERAL DE ZONA C/UMAA 48 (CDMX NORTE),IMSS,Media,Buena,"19.482375, -99.213046"
2020-09-27,HOSPITAL GENERAL 02 (CDMX SUR) VILLA COAPA (COY.),IMSS,Buena,Media,"19.309194, -99.129593"
2020-09-27,HOSPITAL DE ESPECIALIDADES 01 (CDMX NORTE) LA RAZA (AZC),IMSS,Media,Buena,"19.467169, -99.143785"
2020-09-27,HOSPITAL GENERAL DE ZONA C/MF 29 (S. JUAN ARAGÓN),IMSS,Buena,Buena,"19.465117, -99.085162"
2020-09-27,HOSPITAL GENERAL DE ZONA 47 (CDMX SUR) (IZP),IMSS,Buena,Media,"19.357566, -99.054269"
2020-09-27,UNIDAD MÓVIL TEMPORAL COVID,IMSS,Media,Crítica,"19.403082, -99.089177"
2020-09-27,CRIT IZTAPALAPA,IMSS,Buena,Buena,"19.328321, -99.068530"
2020-09-27,HOSPITAL GENERAL REGIONAL 72,IMSS,Media,Media,"19.356913, -98.990929"
2020-09-27,HOSPITAL GENERAL REGIONAL 196,IMSS,Buena,Buena,"19.515133, -98.891450"
2020-09-27,HOSPITAL GENERAL REGIONAL 200,IMSS,Buena,Buena,"19.470300, -99.234208"
2020-09-27,HOSPITAL GENERAL DE ZONA 53,IMSS,Buena,Media,"19.597387, -99.188426"
2020-09-27,HOSPITAL GENERAL DE ZONA 197,IMSS,Buena,Buena,"19.530797, -99.222446"
2020-09-27,HOSPITAL GENERAL DE ZONA 194,IMSS,Buena,Buena,"19.570070, -99.044009"
2020-09-27,HOSPITAL GENERAL DE ZONA 57 (LA QUEBRADA),IMSS,Buena,Buena,"19.542797, -99.205022"
2020-09-27,HOSPITAL GENERAL DE ZONA 58 (LAS MARGARITAS),IMSS,Media,Buena,"19.529016, -99.030983"
2020-09-27,HOSPITAL GENERAL DE ZONA 68 (TULPETLAC),IMSS,Buena,Buena,"19.742905, -98.972971"
2020-09-27,HOSPITAL GENERAL DE ZONA 71 (CHALCO),IMSS,Buena,Buena,"19.356913, -98.990929"
2020-09-27,HOSPITAL GENERAL DE ZONA 76 (XALOSTOC),IMSS,Buena,Media,"19.515133, -98.891450"
2020-09-27,HOSPITAL GENERAL DE ZONA 98 (COACALCO),IMSS,Buena,Buena,"19.470300, -99.234208"
2020-09-27,CRIT NEZAHUALCÓYOTL,IMSS,Buena,Buena,"19.425795, -99.029987"
2020-09-27,CENTRO MEDICO 20 DE NOVIEMBRE,ISSSTE,Buena,Buena,"19.372720, -99.171205"
2020-09-27,HG DARIO FERNANDEZ FIERRO,ISSSTE,Media,Media,"19.363602, -99.188608"
2020-09-27,HG JOSE MARIA MORELOS,ISSSTE,Buena,Media,"19.363918, -98.995393"
2020-09-27,HG TACUBA,ISSSTE,Crítica,Buena,"19.454384, -99.191231"
2020-09-27,HG DR FERNANDO QUIROZ,ISSSTE,Buena,Buena,"19.394242, -99.194187"
2020-09-27,HG IGNACIO ZARAGOZA,ISSSTE,Buena,Buena,"19.389472, -99.045019"
2020-09-27,HR PRIMERO DE OCTUBRE,ISSSTE,Media,Media,"19.486751, -99.133249"
2020-09-27,HR LIC. ADOLFO LÓPEZ MATEOS,ISSSTE,Buena,Buena,"19.358451, -99.172716"
2020-09-27,HR BICENTENARIO DE LA INDEPENDENCIA,ISSSTE,Media,Media,"19.628814, -99.163343"
2020-09-27,ALTA ESPECIALIDAD DE ZUMPANGO,EDOMEX,Buena,Buena,"19.815198, -99.089196"
2020-09-27,HOSPITAL REGIONAL TLALNEPANTLA ISSEMYM,EDOMEX,Buena,Buena,"19.521706, -99.187341"
2020-09-27,"HOSPITAL GENERAL ECATEPEC ""LAS AMÉRICAS""",EDOMEX,Buena,Buena,"19.594136, -99.018679"
2020-09-27,"HOSPITAL GENERAL DE NAUCALPAN ""DR. MAXIMILIANO RUIZ CASTAÑEDA"" ",EDOMEX,Buena,Buena,"19.468662, -99.234348"
2020-09-27,"HOSPITAL GENERAL ATIZAPAN DE ZARAGOZA ""DR. SALVADOR GONZALEZ HERREJÓN""",EDOMEX,Buena,Buena,"19.546322, -99.237491"
2020-09-27,"HOSPITAL GENERAL CUAUTITLAN ""GRAL. JOSE VICENTE VILLADA""",EDOMEX,Buena,Buena,"19.664586, -99.178557"
2020-09-27,"HOSPITAL GENERAL DE NEZAHUALCOYOTL ""GUSTAVO BAZ PRADA""",EDOMEX,Buena,Buena,"19.422253, -99.014892"
2020-09-27,"HOSPITAL GENERAL DE ECATEPEC ""JOSÉ MARÍA RODRÍGUEZ""",EDOMEX,Buena,Buena,"19.514412, -99.038087"
2020-09-27,"HOSPITAL GENERAL NEZAHUALCOYOTL ""LA PERLA"" ",EDOMEX,Buena,Buena,"19.387963, -98.989442"
2020-09-27,HOSPITAL GENERAL DE CHIMALHUACAN,EDOMEX,Buena,Buena,"19.419753, -98.975140"
2020-09-27,"HOSPITAL GENERAL DE IXTAPALUCA ""PEDRO LOPEZ""",EDOMEX,Buena,Buena,"19.318829, -98.855366"
2020-09-27,HOSPITAL GENERAL DE CHALCO ,EDOMEX,Buena,Buena,"19.268265, -98.893965"
2020-09-27,"HOSPITAL GENERAL TEXCOCO ""GUADALUPE VICTORIA"" BICENTENARIO ",EDOMEX,Buena,Buena,"19.514309, -98.871750"
2020-09-27,"HOSPITAL GENERAL VALLE DE CHALCO ""DR. FERNANDO QUIROZ GUTIERREZ"" ",EDOMEX,Buena,Buena,"19.273775, -98.941609"
2020-09-27,"HOSPITAL GENERAL AMECAMECA ""VALENTIN GOMEZ FARIAS"" ",EDOMEX,Buena,Buena,"19.144883, -98.785072"
2020-09-27,HOSPITAL GENERAL DE AXAPUSCO,EDOMEX,Buena,Buena,"19.732872, -98.769445"
2020-09-28,INSTITUTO NACIONAL DE NUTRICIÓN,SSA,Media,Media,"19.289599, -99.155441"
2020-09-28,INER,SSA,Crítica,Media,"19.291375, -99.158653"
2020-09-28,HOSPITAL GENERAL DE MÉXICO,SSA,Buena,Buena,"19.4129258, -99.1520225"
2020-09-28,HOSPITAL JUAREZ,SSA,Media,Media,"19.481829, -99.135576"
2020-09-28,HOSPITAL GENERAL DR. MANUEL GEA GONZÁLEZ,SSA,Media,Media,"19.290295, -99.160861"
2020-09-28,HOSPITAL INFANTIL DE MÉXICO FEDERICO GÓMEZ,SSA,Buena,Buena,"19.410839, -99.151941"
2020-09-28,INSTITUTO  NACIONAL DE CARDIOLOGÍA IGNACIO CHÁVEZ,SSA,Buena,Buena,"19.290598, -99.153838"
2020-09-28,CITIBANAMEX,SSA,Buena,Crítica,"19.439732, -99.224235"
2020-09-28,HOSPITAL REGIONAL DE ALTA ESPECIALIDAD DE IXTAPALUCA,SSA,Buena,Media,"19.318796, -98.855353"
2020-09-28,BELISARIO DOMINGUEZ,SEDESA,Media,Buena,"19.307226, -99.065356"
2020-09-28,ENRIQUE CABRERA,SEDESA,Buena,Buena,"19.361675, -99.224432"
2020-09-28,GENERAL TLAHUAC,SEDESA,Buena,Buena,"19.287492, -99.052665"
2020-09-28,PEDIATRICO DE LA VILLA,SEDESA,Buena,Buena,"19.487355, -99.114316"
2020-09-28,HOSPITAL GENERAL AJUSCO MEDIO,SEDESA,Buena,Buena,"19.272165, -99.207846"
2020-09-28,HOSPITAL GENERAL IZTAPALAPA,SEDESA,Buena,Buena,"19.343426, -99.027236"
2020-09-28,HOSPITAL GENERAL XOCO,SEDESA,Buena,Buena,"19.360313, -99.162275"
2020-09-28,HOSPITAL GENERAL VILLA,SEDESA,Media,Buena,"19.480079, -99.103353"
2020-09-28,HOSPITAL GENERAL DR. RUBÉN LEÑERO,SEDESA,Media,Buena,"19.451398, -99.169565"
2020-09-28,HOSPITAL GENERAL MILPA ALTA,SEDESA,Buena,Buena,"19.200951, -99.011210"
2020-09-28,HOSPITAL GENERAL BALBUENA,SEDESA,Buena,Buena,"19.424195, -99.115412"
2020-09-28,HOSPITAL TEPEPAN,SEDESA,Sin Dato,Sin Dato,"19.275806, -99.144298"
2020-09-28,HOSPITAL DE ESPECIALIDADES 01 CMN SIGLO XXI (CDMX SUR),IMSS,Buena,Buena,"19.466549, -99.145102"
2020-09-28,HOSPITAL DE PEDIATRIA 01 CMN SIGLO XXI (CDMX SUR),IMSS,Buena,Buena,"19.407458, -99.152267"
2020-09-28,HOSPITAL GENERAL DE ZONA 01 CARLOS MC GREGOR (CDMX SUR),IMSS,Buena,Media,"19.395912, -99.161610"
2020-09-28,HOSPITAL GENERAL DE ZONA 1A PARQUE DE LOS VENADOS (CDMX SUR),IMSS,Media,Buena,"19.374431, -99.151203"
2020-09-28,HOSPITAL DE INFECTOLOGIA 01 LA RAZA (CDMX NORTE),IMSS,Media,Buena,"19.464865, -99.144859"
2020-09-28,HOSPITAL GENERAL 01 (CDMX NORTE) LA RAZA,IMSS,Buena,Buena,"19.395740, -99.161677"
2020-09-28,HOSPITAL GENERAL DE ZONA 24 (CDMX NORTE),IMSS,Buena,Buena,"19.483221, -99.128448"
2020-09-28,HOSPITAL GENERAL DE ZONA 27 (CDMX NORTE),IMSS,Buena,Buena,"19.454776, -99.140007"
2020-09-28,HOSPITAL GENERAL DE ZONA 2A (CDMX SUR),IMSS,Buena,Buena,"19.405495, -99.112200"
2020-09-28,HOSPITAL GENERAL DE ZONA 30 (CDMX SUR),IMSS,Media,Buena,"19.398836, -99.116913"
2020-09-28,HOSPITAL GENERAL DE ZONA 32 (CDMX SUR),IMSS,Buena,Buena,"19.307964, -99.130677"
2020-09-28,HOSPITAL GENERAL DE ZONA C/MF 08 (CDMX SUR),IMSS,Media,Buena,"19.337137, -99.200142"
2020-09-28,HOSPITAL GENERAL DE ZONA C/UMAA 48 (CDMX NORTE),IMSS,Media,Buena,"19.482375, -99.213046"
2020-09-28,HOSPITAL GENERAL 02 (CDMX SUR) VILLA COAPA (COY.),IMSS,Buena,Media,"19.309194, -99.129593"
2020-09-28,HOSPITAL DE ESPECIALIDADES 01 (CDMX NORTE) LA RAZA (AZC),IMSS,Buena,Buena,"19.467169, -99.143785"
2020-09-28,HOSPITAL GENERAL DE ZONA C/MF 29 (S. JUAN ARAGÓN),IMSS,Buena,Buena,"19.465117, -99.085162"
2020-09-28,HOSPITAL GENERAL DE ZONA 47 (CDMX SUR) (IZP),IMSS,Buena,Media,"19.357566, -99.054269"
2020-09-28,UNIDAD MÓVIL TEMPORAL COVID,IMSS,Media,Crítica,"19.403082, -99.089177"
2020-09-28,CRIT IZTAPALAPA,IMSS,Buena,Buena,"19.328321, -99.068530"
2020-09-28,HOSPITAL GENERAL REGIONAL 72,IMSS,Media,Buena,"19.356913, -98.990929"
2020-09-28,HOSPITAL GENERAL REGIONAL 196,IMSS,Buena,Buena,"19.515133, -98.891450"
2020-09-28,HOSPITAL GENERAL REGIONAL 200,IMSS,Buena,Buena,"19.470300, -99.234208"
2020-09-28,HOSPITAL GENERAL DE ZONA 53,IMSS,Media,Buena,"19.597387, -99.188426"
2020-09-28,HOSPITAL GENERAL DE ZONA 197,IMSS,Buena,Buena,"19.530797, -99.222446"
2020-09-28,HOSPITAL GENERAL DE ZONA 194,IMSS,Buena,Buena,"19.570070, -99.044009"
2020-09-28,HOSPITAL GENERAL DE ZONA 57 (LA QUEBRADA),IMSS,Buena,Buena,"19.542797, -99.205022"
2020-09-28,HOSPITAL GENERAL DE ZONA 58 (LAS MARGARITAS),IMSS,Media,Buena,"19.529016, -99.030983"
2020-09-28,HOSPITAL GENERAL DE ZONA 68 (TULPETLAC),IMSS,Buena,Buena,"19.742905, -98.972971"
2020-09-28,HOSPITAL GENERAL DE ZONA 71 (CHALCO),IMSS,Buena,Buena,"19.356913, -98.990929"
2020-09-28,HOSPITAL GENERAL DE ZONA 76 (XALOSTOC),IMSS,Buena,Buena,"19.515133, -98.891450"
2020-09-28,HOSPITAL GENERAL DE ZONA 98 (COACALCO),IMSS,Buena,Buena,"19.470300, -99.234208"
2020-09-28,CRIT NEZAHUALCÓYOTL,IMSS,Buena,Buena,"19.425795, -99.029987"
2020-09-28,CENTRO MEDICO 20 DE NOVIEMBRE,ISSSTE,Buena,Buena,"19.372720, -99.171205"
2020-09-28,HG DARIO FERNANDEZ FIERRO,ISSSTE,Buena,Buena,"19.363602, -99.188608"
2020-09-28,HG JOSE MARIA MORELOS,ISSSTE,Buena,Media,"19.363918, -98.995393"
2020-09-28,HG TACUBA,ISSSTE,Crítica,Buena,"19.454384, -99.191231"
2020-09-28,HG DR FERNANDO QUIROZ,ISSSTE,Buena,Buena,"19.394242, -99.194187"
2020-09-28,HG IGNACIO ZARAGOZA,ISSSTE,Buena,Buena,"19.389472, -99.045019"
2020-09-28,HR PRIMERO DE OCTUBRE,ISSSTE,Media,Media,"19.486751, -99.133249"
2020-09-28,HR LIC. ADOLFO LÓPEZ MATEOS,ISSSTE,Buena,Buena,"19.358451, -99.172716"
2020-09-28,HR BICENTENARIO DE LA INDEPENDENCIA,ISSSTE,Media,Media,"19.628814, -99.163343"
2020-09-28,ALTA ESPECIALIDAD DE ZUMPANGO,EDOMEX,Buena,Buena,"19.815198, -99.089196"
2020-09-28,HOSPITAL REGIONAL TLALNEPANTLA ISSEMYM,EDOMEX,Buena,Buena,"19.521706, -99.187341"
2020-09-28,"HOSPITAL GENERAL ECATEPEC ""LAS AMÉRICAS""",EDOMEX,Buena,Buena,"19.594136, -99.018679"
2020-09-28,"HOSPITAL GENERAL DE NAUCALPAN ""DR. MAXIMILIANO RUIZ CASTAÑEDA"" ",EDOMEX,Buena,Buena,"19.468662, -99.234348"
2020-09-28,"HOSPITAL GENERAL ATIZAPAN DE ZARAGOZA ""DR. SALVADOR GONZALEZ HERREJÓN""",EDOMEX,Buena,Buena,"19.546322, -99.237491"
2020-09-28,"HOSPITAL GENERAL CUAUTITLAN ""GRAL. JOSE VICENTE VILLADA""",EDOMEX,Buena,Buena,"19.664586, -99.178557"
2020-09-28,"HOSPITAL GENERAL DE NEZAHUALCOYOTL ""GUSTAVO BAZ PRADA""",EDOMEX,Buena,Buena,"19.422253, -99.014892"
2020-09-28,"HOSPITAL GENERAL DE ECATEPEC ""JOSÉ MARÍA RODRÍGUEZ""",EDOMEX,Buena,Buena,"19.514412, -99.038087"
2020-09-28,"HOSPITAL GENERAL NEZAHUALCOYOTL ""LA PERLA"" ",EDOMEX,Buena,Buena,"19.387963, -98.989442"
2020-09-28,HOSPITAL GENERAL DE CHIMALHUACAN,EDOMEX,Buena,Buena,"19.419753, -98.975140"
2020-09-28,"HOSPITAL GENERAL DE IXTAPALUCA ""PEDRO LOPEZ""",EDOMEX,Buena,Buena,"19.318829, -98.855366"
2020-09-28,HOSPITAL GENERAL DE CHALCO ,EDOMEX,Buena,Buena,"19.268265, -98.893965"
2020-09-28,"HOSPITAL GENERAL TEXCOCO ""GUADALUPE VICTORIA"" BICENTENARIO ",EDOMEX,Buena,Buena,"19.514309, -98.871750"
2020-09-28,"HOSPITAL GENERAL VALLE DE CHALCO ""DR. FERNANDO QUIROZ GUTIERREZ"" ",EDOMEX,Buena,Buena,"19.273775, -98.941609"
2020-09-28,"HOSPITAL GENERAL AMECAMECA ""VALENTIN GOMEZ FARIAS"" ",EDOMEX,Buena,Buena,"19.144883, -98.785072"
2020-09-28,HOSPITAL GENERAL DE AXAPUSCO,EDOMEX,Buena,Buena,"19.732872, -98.769445"
2020-09-29,INSTITUTO NACIONAL DE NUTRICIÓN,SSA,Media,Media,"19.289599, -99.155441"
2020-09-29,INER,SSA,Crítica,Media,"19.291375, -99.158653"
2020-09-29,HOSPITAL GENERAL DE MÉXICO,SSA,Buena,Buena,"19.4129258, -99.1520225"
2020-09-29,HOSPITAL JUAREZ,SSA,Media,Media,"19.481829, -99.135576"
2020-09-29,HOSPITAL GENERAL DR. MANUEL GEA GONZÁLEZ,SSA,Media,Media,"19.290295, -99.160861"
2020-09-29,HOSPITAL INFANTIL DE MÉXICO FEDERICO GÓMEZ,SSA,Buena,Buena,"19.410839, -99.151941"
2020-09-29,INSTITUTO  NACIONAL DE CARDIOLOGÍA IGNACIO CHÁVEZ,SSA,Buena,Buena,"19.290598, -99.153838"
2020-09-29,CITIBANAMEX,SSA,Buena,Crítica,"19.439732, -99.224235"
2020-09-29,HOSPITAL REGIONAL DE ALTA ESPECIALIDAD DE IXTAPALUCA,SSA,Buena,Media,"19.318796, -98.855353"
2020-09-29,BELISARIO DOMINGUEZ,SEDESA,Media,Buena,"19.307226, -99.065356"
2020-09-29,ENRIQUE CABRERA,SEDESA,Buena,Buena,"19.361675, -99.224432"
2020-09-29,GENERAL TLAHUAC,SEDESA,Buena,Buena,"19.287492, -99.052665"
2020-09-29,PEDIATRICO DE LA VILLA,SEDESA,Buena,Buena,"19.487355, -99.114316"
2020-09-29,HOSPITAL GENERAL AJUSCO MEDIO,SEDESA,Buena,Buena,"19.272165, -99.207846"
2020-09-29,HOSPITAL GENERAL IZTAPALAPA,SEDESA,Buena,Buena,"19.343426, -99.027236"
2020-09-29,HOSPITAL GENERAL XOCO,SEDESA,Buena,Buena,"19.360313, -99.162275"
2020-09-29,HOSPITAL GENERAL VILLA,SEDESA,Media,Buena,"19.480079, -99.103353"
2020-09-29,HOSPITAL GENERAL DR. RUBÉN LEÑERO,SEDESA,Media,Buena,"19.451398, -99.169565"
2020-09-29,HOSPITAL GENERAL MILPA ALTA,SEDESA,Buena,Buena,"19.200951, -99.011210"
2020-09-29,HOSPITAL GENERAL BALBUENA,SEDESA,Buena,Buena,"19.424195, -99.115412"
2020-09-29,HOSPITAL TEPEPAN,SEDESA,Sin Dato,Sin Dato,"19.275806, -99.144298"
2020-09-29,HOSPITAL DE ESPECIALIDADES 01 CMN SIGLO XXI (CDMX SUR),IMSS,Buena,Buena,"19.466549, -99.145102"
2020-09-29,HOSPITAL DE PEDIATRIA 01 CMN SIGLO XXI (CDMX SUR),IMSS,Buena,Buena,"19.407458, -99.152267"
2020-09-29,HOSPITAL GENERAL DE ZONA 01 CARLOS MC GREGOR (CDMX SUR),IMSS,Media,Buena,"19.395912, -99.161610"
2020-09-29,HOSPITAL GENERAL DE ZONA 1A PARQUE DE LOS VENADOS (CDMX SUR),IMSS,Media,Buena,"19.374431, -99.151203"
2020-09-29,HOSPITAL DE INFECTOLOGIA 01 LA RAZA (CDMX NORTE),IMSS,Media,Media,"19.464865, -99.144859"
2020-09-29,HOSPITAL GENERAL 01 (CDMX NORTE) LA RAZA,IMSS,Buena,Buena,"19.395740, -99.161677"
2020-09-29,HOSPITAL GENERAL DE ZONA 24 (CDMX NORTE),IMSS,Buena,Buena,"19.483221, -99.128448"
2020-09-29,HOSPITAL GENERAL DE ZONA 27 (CDMX NORTE),IMSS,Buena,Buena,"19.454776, -99.140007"
2020-09-29,HOSPITAL GENERAL DE ZONA 2A (CDMX SUR),IMSS,Buena,Buena,"19.405495, -99.112200"
2020-09-29,HOSPITAL GENERAL DE ZONA 30 (CDMX SUR),IMSS,Buena,Buena,"19.398836, -99.116913"
2020-09-29,HOSPITAL GENERAL DE ZONA 32 (CDMX SUR),IMSS,Buena,Buena,"19.307964, -99.130677"
2020-09-29,HOSPITAL GENERAL DE ZONA C/MF 08 (CDMX SUR),IMSS,Media,Buena,"19.337137, -99.200142"
2020-09-29,HOSPITAL GENERAL DE ZONA C/UMAA 48 (CDMX NORTE),IMSS,Media,Buena,"19.482375, -99.213046"
2020-09-29,HOSPITAL GENERAL 02 (CDMX SUR) VILLA COAPA (COY.),IMSS,Buena,Media,"19.309194, -99.129593"
2020-09-29,HOSPITAL DE ESPECIALIDADES 01 (CDMX NORTE) LA RAZA (AZC),IMSS,Buena,Buena,"19.467169, -99.143785"
2020-09-29,HOSPITAL GENERAL DE ZONA C/MF 29 (S. JUAN ARAGÓN),IMSS,Buena,Buena,"19.465117, -99.085162"
2020-09-29,HOSPITAL GENERAL DE ZONA 47 (CDMX SUR) (IZP),IMSS,Buena,Media,"19.357566, -99.054269"
2020-09-29,UNIDAD MÓVIL TEMPORAL COVID,IMSS,Media,Crítica,"19.403082, -99.089177"
2020-09-29,CRIT IZTAPALAPA,IMSS,Buena,Buena,"19.328321, -99.068530"
2020-09-29,HOSPITAL GENERAL REGIONAL 72,IMSS,Media,Media,"19.356913, -98.990929"
2020-09-29,HOSPITAL GENERAL REGIONAL 196,IMSS,Buena,Buena,"19.515133, -98.891450"
2020-09-29,HOSPITAL GENERAL REGIONAL 200,IMSS,Buena,Buena,"19.470300, -99.234208"
2020-09-29,HOSPITAL GENERAL DE ZONA 53,IMSS,Media,Buena,"19.597387, -99.188426"
2020-09-29,HOSPITAL GENERAL DE ZONA 197,IMSS,Buena,Buena,"19.530797, -99.222446"
2020-09-29,HOSPITAL GENERAL DE ZONA 194,IMSS,Buena,Buena,"19.570070, -99.044009"
2020-09-29,HOSPITAL GENERAL DE ZONA 57 (LA QUEBRADA),IMSS,Buena,Buena,"19.542797, -99.205022"
2020-09-29,HOSPITAL GENERAL DE ZONA 58 (LAS MARGARITAS),IMSS,Media,Buena,"19.529016, -99.030983"
2020-09-29,HOSPITAL GENERAL DE ZONA 68 (TULPETLAC),IMSS,Buena,Buena,"19.742905, -98.972971"
2020-09-29,HOSPITAL GENERAL DE ZONA 71 (CHALCO),IMSS,Buena,Buena,"19.356913, -98.990929"
2020-09-29,HOSPITAL GENERAL DE ZONA 76 (XALOSTOC),IMSS,Buena,Buena,"19.515133, -98.891450"
2020-09-29,HOSPITAL GENERAL DE ZONA 98 (COACALCO),IMSS,Buena,Buena,"19.470300, -99.234208"
2020-09-29,CRIT NEZAHUALCÓYOTL,IMSS,Buena,Buena,"19.425795, -99.029987"
2020-09-29,CENTRO MEDICO 20 DE NOVIEMBRE,ISSSTE,Buena,Buena,"19.372720, -99.171205"
2020-09-29,HG DARIO FERNANDEZ FIERRO,ISSSTE,Buena,Buena,"19.363602, -99.188608"
2020-09-29,HG JOSE MARIA MORELOS,ISSSTE,Buena,Media,"19.363918, -98.995393"
2020-09-29,HG TACUBA,ISSSTE,Crítica,Buena,"19.454384, -99.191231"
2020-09-29,HG DR FERNANDO QUIROZ,ISSSTE,Buena,Buena,"19.394242, -99.194187"
2020-09-29,HG IGNACIO ZARAGOZA,ISSSTE,Buena,Buena,"19.389472, -99.045019"
2020-09-29,HR PRIMERO DE OCTUBRE,ISSSTE,Media,Media,"19.486751, -99.133249"
2020-09-29,HR LIC. ADOLFO LÓPEZ MATEOS,ISSSTE,Buena,Buena,"19.358451, -99.172716"
2020-09-29,HR BICENTENARIO DE LA INDEPENDENCIA,ISSSTE,Media,Media,"19.628814, -99.163343"
2020-09-29,ALTA ESPECIALIDAD DE ZUMPANGO,EDOMEX,Buena,Buena,"19.815198, -99.089196"
2020-09-29,HOSPITAL REGIONAL TLALNEPANTLA ISSEMYM,EDOMEX,Buena,Buena,"19.521706, -99.187341"
2020-09-29,"HOSPITAL GENERAL ECATEPEC ""LAS AMÉRICAS""",EDOMEX,Buena,Buena,"19.594136, -99.018679"
2020-09-29,"HOSPITAL GENERAL DE NAUCALPAN ""DR. MAXIMILIANO RUIZ CASTAÑEDA"" ",EDOMEX,Buena,Buena,"19.468662, -99.234348"
2020-09-29,"HOSPITAL GENERAL ATIZAPAN DE ZARAGOZA ""DR. SALVADOR GONZALEZ HERREJÓN""",EDOMEX,Buena,Buena,"19.546322, -99.237491"
2020-09-29,"HOSPITAL GENERAL CUAUTITLAN ""GRAL. JOSE VICENTE VILLADA""",EDOMEX,Buena,Buena,"19.664586, -99.178557"
2020-09-29,"HOSPITAL GENERAL DE NEZAHUALCOYOTL ""GUSTAVO BAZ PRADA""",EDOMEX,Buena,Buena,"19.422253, -99.014892"
2020-09-29,"HOSPITAL GENERAL DE ECATEPEC ""JOSÉ MARÍA RODRÍGUEZ""",EDOMEX,Buena,Buena,"19.514412, -99.038087"
2020-09-29,"HOSPITAL GENERAL NEZAHUALCOYOTL ""LA PERLA"" ",EDOMEX,Buena,Buena,"19.387963, -98.989442"
2020-09-29,HOSPITAL GENERAL DE CHIMALHUACAN,EDOMEX,Buena,Buena,"19.419753, -98.975140"
2020-09-29,"HOSPITAL GENERAL DE IXTAPALUCA ""PEDRO LOPEZ""",EDOMEX,Buena,Buena,"19.318829, -98.855366"
2020-09-29,HOSPITAL GENERAL DE CHALCO ,EDOMEX,Buena,Buena,"19.268265, -98.893965"
2020-09-29,"HOSPITAL GENERAL TEXCOCO ""GUADALUPE VICTORIA"" BICENTENARIO ",EDOMEX,Buena,Buena,"19.514309, -98.871750"
2020-09-29,"HOSPITAL GENERAL VALLE DE CHALCO ""DR. FERNANDO QUIROZ GUTIERREZ"" ",EDOMEX,Buena,Buena,"19.273775, -98.941609"
2020-09-29,"HOSPITAL GENERAL AMECAMECA ""VALENTIN GOMEZ FARIAS"" ",EDOMEX,Buena,Buena,"19.144883, -98.785072"
2020-09-29,HOSPITAL GENERAL DE AXAPUSCO,EDOMEX,Buena,Buena,"19.732872, -98.769445"
2020-09-30,INSTITUTO NACIONAL DE NUTRICIÓN,SSA,Media,Media,"19.289599, -99.155441"
2020-09-30,INER,SSA,Crítica,Media,"19.291375, -99.158653"
2020-09-30,HOSPITAL GENERAL DE MÉXICO,SSA,Buena,Buena,"19.4129258, -99.1520225"
2020-09-30,HOSPITAL JUAREZ,SSA,Media,Buena,"19.481829, -99.135576"
2020-09-30,HOSPITAL GENERAL DR. MANUEL GEA GONZÁLEZ,SSA,Media,Media,"19.290295, -99.160861"
2020-09-30,HOSPITAL INFANTIL DE MÉXICO FEDERICO GÓMEZ,SSA,Buena,Buena,"19.410839, -99.151941"
2020-09-30,INSTITUTO  NACIONAL DE CARDIOLOGÍA IGNACIO CHÁVEZ,SSA,Buena,Buena,"19.290598, -99.153838"
2020-09-30,CITIBANAMEX,SSA,Buena,Crítica,"19.439732, -99.224235"
2020-09-30,HOSPITAL REGIONAL DE ALTA ESPECIALIDAD DE IXTAPALUCA,SSA,Buena,Media,"19.318796, -98.855353"
2020-09-30,BELISARIO DOMINGUEZ,SEDESA,Media,Buena,"19.307226, -99.065356"
2020-09-30,ENRIQUE CABRERA,SEDESA,Buena,Buena,"19.361675, -99.224432"
2020-09-30,GENERAL TLAHUAC,SEDESA,Buena,Buena,"19.287492, -99.052665"
2020-09-30,PEDIATRICO DE LA VILLA,SEDESA,Buena,Buena,"19.487355, -99.114316"
2020-09-30,HOSPITAL GENERAL AJUSCO MEDIO,SEDESA,Buena,Buena,"19.272165, -99.207846"
2020-09-30,HOSPITAL GENERAL IZTAPALAPA,SEDESA,Buena,Buena,"19.343426, -99.027236"
2020-09-30,HOSPITAL GENERAL XOCO,SEDESA,Buena,Buena,"19.360313, -99.162275"
2020-09-30,HOSPITAL GENERAL VILLA,SEDESA,Buena,Buena,"19.480079, -99.103353"
2020-09-30,HOSPITAL GENERAL DR. RUBÉN LEÑERO,SEDESA,Buena,Buena,"19.451398, -99.169565"
2020-09-30,HOSPITAL GENERAL MILPA ALTA,SEDESA,Buena,Buena,"19.200951, -99.011210"
2020-09-30,HOSPITAL GENERAL BALBUENA,SEDESA,Buena,Buena,"19.424195, -99.115412"
2020-09-30,HOSPITAL TEPEPAN,SEDESA,Sin Dato,Sin Dato,"19.275806, -99.144298"
2020-09-30,HOSPITAL DE ESPECIALIDADES 01 CMN SIGLO XXI (CDMX SUR),IMSS,Buena,Buena,"19.466549, -99.145102"
2020-09-30,HOSPITAL DE PEDIATRIA 01 CMN SIGLO XXI (CDMX SUR),IMSS,Buena,Buena,"19.407458, -99.152267"
2020-09-30,HOSPITAL GENERAL DE ZONA 01 CARLOS MC GREGOR (CDMX SUR),IMSS,Media,Buena,"19.395912, -99.161610"
2020-09-30,HOSPITAL GENERAL DE ZONA 1A PARQUE DE LOS VENADOS (CDMX SUR),IMSS,Media,Buena,"19.374431, -99.151203"
2020-09-30,HOSPITAL DE INFECTOLOGIA 01 LA RAZA (CDMX NORTE),IMSS,Media,Buena,"19.464865, -99.144859"
2020-09-30,HOSPITAL GENERAL 01 (CDMX NORTE) LA RAZA,IMSS,Buena,Buena,"19.395740, -99.161677"
2020-09-30,HOSPITAL GENERAL DE ZONA 24 (CDMX NORTE),IMSS,Buena,Buena,"19.483221, -99.128448"
2020-09-30,HOSPITAL GENERAL DE ZONA 27 (CDMX NORTE),IMSS,Buena,Buena,"19.454776, -99.140007"
2020-09-30,HOSPITAL GENERAL DE ZONA 2A (CDMX SUR),IMSS,Media,Buena,"19.405495, -99.112200"
2020-09-30,HOSPITAL GENERAL DE ZONA 30 (CDMX SUR),IMSS,Media,Buena,"19.398836, -99.116913"
2020-09-30,HOSPITAL GENERAL DE ZONA 32 (CDMX SUR),IMSS,Buena,Buena,"19.307964, -99.130677"
2020-09-30,HOSPITAL GENERAL DE ZONA C/MF 08 (CDMX SUR),IMSS,Media,Buena,"19.337137, -99.200142"
2020-09-30,HOSPITAL GENERAL DE ZONA C/UMAA 48 (CDMX NORTE),IMSS,Media,Media,"19.482375, -99.213046"
2020-09-30,HOSPITAL GENERAL 02 (CDMX SUR) VILLA COAPA (COY.),IMSS,Buena,Media,"19.309194, -99.129593"
2020-09-30,HOSPITAL DE ESPECIALIDADES 01 (CDMX NORTE) LA RAZA (AZC),IMSS,Buena,Buena,"19.467169, -99.143785"
2020-09-30,HOSPITAL GENERAL DE ZONA C/MF 29 (S. JUAN ARAGÓN),IMSS,Buena,Buena,"19.465117, -99.085162"
2020-09-30,HOSPITAL GENERAL DE ZONA 47 (CDMX SUR) (IZP),IMSS,Buena,Media,"19.357566, -99.054269"
2020-09-30,UNIDAD MÓVIL TEMPORAL COVID,IMSS,Media,Crítica,"19.403082, -99.089177"
2020-09-30,CRIT IZTAPALAPA,IMSS,Buena,Buena,"19.328321, -99.068530"
2020-09-30,HOSPITAL GENERAL REGIONAL 72,IMSS,Media,Buena,"19.356913, -98.990929"
2020-09-30,HOSPITAL GENERAL REGIONAL 196,IMSS,Buena,Buena,"19.515133, -98.891450"
2020-09-30,HOSPITAL GENERAL REGIONAL 200,IMSS,Buena,Buena,"19.470300, -99.234208"
2020-09-30,HOSPITAL GENERAL DE ZONA 53,IMSS,Buena,Buena,"19.597387, -99.188426"
2020-09-30,HOSPITAL GENERAL DE ZONA 197,IMSS,Buena,Buena,"19.530797, -99.222446"
2020-09-30,HOSPITAL GENERAL DE ZONA 194,IMSS,Buena,Buena,"19.570070, -99.044009"
2020-09-30,HOSPITAL GENERAL DE ZONA 57 (LA QUEBRADA),IMSS,Buena,Buena,"19.542797, -99.205022"
2020-09-30,HOSPITAL GENERAL DE ZONA 58 (LAS MARGARITAS),IMSS,Media,Media,"19.529016, -99.030983"
2020-09-30,HOSPITAL GENERAL DE ZONA 68 (TULPETLAC),IMSS,Buena,Buena,"19.742905, -98.972971"
2020-09-30,HOSPITAL GENERAL DE ZONA 71 (CHALCO),IMSS,Buena,Buena,"19.356913, -98.990929"
2020-09-30,HOSPITAL GENERAL DE ZONA 76 (XALOSTOC),IMSS,Buena,Buena,"19.515133, -98.891450"
2020-09-30,HOSPITAL GENERAL DE ZONA 98 (COACALCO),IMSS,Buena,Buena,"19.470300, -99.234208"
2020-09-30,CRIT NEZAHUALCÓYOTL,IMSS,Buena,Buena,"19.425795, -99.029987"
2020-09-30,CENTRO MEDICO 20 DE NOVIEMBRE,ISSSTE,Buena,Buena,"19.372720, -99.171205"
2020-09-30,HG DARIO FERNANDEZ FIERRO,ISSSTE,Buena,Media,"19.363602, -99.188608"
2020-09-30,HG JOSE MARIA MORELOS,ISSSTE,Buena,Media,"19.363918, -98.995393"
2020-09-30,HG TACUBA,ISSSTE,Media,Buena,"19.454384, -99.191231"
2020-09-30,HG DR FERNANDO QUIROZ,ISSSTE,Buena,Buena,"19.394242, -99.194187"
2020-09-30,HG IGNACIO ZARAGOZA,ISSSTE,Buena,Buena,"19.389472, -99.045019"
2020-09-30,HR PRIMERO DE OCTUBRE,ISSSTE,Media,Media,"19.486751, -99.133249"
2020-09-30,HR LIC. ADOLFO LÓPEZ MATEOS,ISSSTE,Buena,Buena,"19.358451, -99.172716"
2020-09-30,HR BICENTENARIO DE LA INDEPENDENCIA,ISSSTE,Media,Buena,"19.628814, -99.163343"
2020-09-30,ALTA ESPECIALIDAD DE ZUMPANGO,EDOMEX,Buena,Buena,"19.815198, -99.089196"
2020-09-30,HOSPITAL REGIONAL TLALNEPANTLA ISSEMYM,EDOMEX,Buena,Buena,"19.521706, -99.187341"
2020-09-30,"HOSPITAL GENERAL ECATEPEC ""LAS AMÉRICAS""",EDOMEX,Buena,Buena,"19.594136, -99.018679"
2020-09-30,"HOSPITAL GENERAL DE NAUCALPAN ""DR. MAXIMILIANO RUIZ CASTAÑEDA"" ",EDOMEX,Buena,Buena,"19.468662, -99.234348"
2020-09-30,"HOSPITAL GENERAL ATIZAPAN DE ZARAGOZA ""DR. SALVADOR GONZALEZ HERREJÓN""",EDOMEX,Buena,Buena,"19.546322, -99.237491"
2020-09-30,"HOSPITAL GENERAL CUAUTITLAN ""GRAL. JOSE VICENTE VILLADA""",EDOMEX,Buena,Buena,"19.664586, -99.178557"
2020-09-30,"HOSPITAL GENERAL DE NEZAHUALCOYOTL ""GUSTAVO BAZ PRADA""",EDOMEX,Buena,Buena,"19.422253, -99.014892"
2020-09-30,"HOSPITAL GENERAL DE ECATEPEC ""JOSÉ MARÍA RODRÍGUEZ""",EDOMEX,Buena,Buena,"19.514412, -99.038087"
2020-09-30,"HOSPITAL GENERAL NEZAHUALCOYOTL ""LA PERLA"" ",EDOMEX,Buena,Buena,"19.387963, -98.989442"
2020-09-30,HOSPITAL GENERAL DE CHIMALHUACAN,EDOMEX,Buena,Buena,"19.419753, -98.975140"
2020-09-30,"HOSPITAL GENERAL DE IXTAPALUCA ""PEDRO LOPEZ""",EDOMEX,Buena,Buena,"19.318829, -98.855366"
2020-09-30,HOSPITAL GENERAL DE CHALCO ,EDOMEX,Buena,Buena,"19.268265, -98.893965"
2020-09-30,"HOSPITAL GENERAL TEXCOCO ""GUADALUPE VICTORIA"" BICENTENARIO ",EDOMEX,Buena,Media,"19.514309, -98.871750"
2020-09-30,"HOSPITAL GENERAL VALLE DE CHALCO ""DR. FERNANDO QUIROZ GUTIERREZ"" ",EDOMEX,Buena,Buena,"19.273775, -98.941609"
2020-09-30,"HOSPITAL GENERAL AMECAMECA ""VALENTIN GOMEZ FARIAS"" ",EDOMEX,Buena,Buena,"19.144883, -98.785072"
2020-09-30,HOSPITAL GENERAL DE AXAPUSCO,EDOMEX,Buena,Buena,"19.732872, -98.769445"
2020-10-01,INSTITUTO NACIONAL DE NUTRICIÓN,SSA,Media,Media,"19.289599, -99.155441"
2020-10-01,INER,SSA,Crítica,Media,"19.291375, -99.158653"
2020-10-01,HOSPITAL GENERAL DE MÉXICO,SSA,Buena,Buena,"19.4129258, -99.1520225"
2020-10-01,HOSPITAL JUAREZ,SSA,Media,Media,"19.481829, -99.135576"
2020-10-01,HOSPITAL GENERAL DR. MANUEL GEA GONZÁLEZ,SSA,Media,Media,"19.290295, -99.160861"
2020-10-01,HOSPITAL INFANTIL DE MÉXICO FEDERICO GÓMEZ,SSA,Buena,Buena,"19.410839, -99.151941"
2020-10-01,INSTITUTO  NACIONAL DE CARDIOLOGÍA IGNACIO CHÁVEZ,SSA,Buena,Buena,"19.290598, -99.153838"
2020-10-01,CITIBANAMEX,SSA,Buena,Media,"19.439732, -99.224235"
2020-10-01,HOSPITAL REGIONAL DE ALTA ESPECIALIDAD DE IXTAPALUCA,SSA,Buena,Media,"19.318796, -98.855353"
2020-10-01,BELISARIO DOMINGUEZ,SEDESA,Media,Buena,"19.307226, -99.065356"
2020-10-01,ENRIQUE CABRERA,SEDESA,Buena,Buena,"19.361675, -99.224432"
2020-10-01,GENERAL TLAHUAC,SEDESA,Buena,Buena,"19.287492, -99.052665"
2020-10-01,PEDIATRICO DE LA VILLA,SEDESA,Buena,Buena,"19.487355, -99.114316"
2020-10-01,HOSPITAL GENERAL AJUSCO MEDIO,SEDESA,Buena,Buena,"19.272165, -99.207846"
2020-10-01,HOSPITAL GENERAL IZTAPALAPA,SEDESA,Buena,Buena,"19.343426, -99.027236"
2020-10-01,HOSPITAL GENERAL XOCO,SEDESA,Buena,Buena,"19.360313, -99.162275"
2020-10-01,HOSPITAL GENERAL VILLA,SEDESA,Media,Buena,"19.480079, -99.103353"
2020-10-01,HOSPITAL GENERAL DR. RUBÉN LEÑERO,SEDESA,Buena,Buena,"19.451398, -99.169565"
2020-10-01,HOSPITAL GENERAL MILPA ALTA,SEDESA,Buena,Buena,"19.200951, -99.011210"
2020-10-01,HOSPITAL GENERAL BALBUENA,SEDESA,Buena,Buena,"19.424195, -99.115412"
2020-10-01,HOSPITAL TEPEPAN,SEDESA,Sin Dato,Sin Dato,"19.275806, -99.144298"
2020-10-01,HOSPITAL DE ESPECIALIDADES 01 CMN SIGLO XXI (CDMX SUR),IMSS,Buena,Buena,"19.466549, -99.145102"
2020-10-01,HOSPITAL DE PEDIATRIA 01 CMN SIGLO XXI (CDMX SUR),IMSS,Buena,Buena,"19.407458, -99.152267"
2020-10-01,HOSPITAL GENERAL DE ZONA 01 CARLOS MC GREGOR (CDMX SUR),IMSS,Media,Buena,"19.395912, -99.161610"
2020-10-01,HOSPITAL GENERAL DE ZONA 1A PARQUE DE LOS VENADOS (CDMX SUR),IMSS,Media,Buena,"19.374431, -99.151203"
2020-10-01,HOSPITAL DE INFECTOLOGIA 01 LA RAZA (CDMX NORTE),IMSS,Media,Buena,"19.464865, -99.144859"
2020-10-01,HOSPITAL GENERAL 01 (CDMX NORTE) LA RAZA,IMSS,Buena,Buena,"19.395740, -99.161677"
2020-10-01,HOSPITAL GENERAL DE ZONA 24 (CDMX NORTE),IMSS,Buena,Buena,"19.483221, -99.128448"
2020-10-01,HOSPITAL GENERAL DE ZONA 27 (CDMX NORTE),IMSS,Buena,Buena,"19.454776, -99.140007"
2020-10-01,HOSPITAL GENERAL DE ZONA 2A (CDMX SUR),IMSS,Media,Buena,"19.405495, -99.112200"
2020-10-01,HOSPITAL GENERAL DE ZONA 30 (CDMX SUR),IMSS,Buena,Buena,"19.398836, -99.116913"
2020-10-01,HOSPITAL GENERAL DE ZONA 32 (CDMX SUR),IMSS,Buena,Buena,"19.307964, -99.130677"
2020-10-01,HOSPITAL GENERAL DE ZONA C/MF 08 (CDMX SUR),IMSS,Media,Buena,"19.337137, -99.200142"
2020-10-01,HOSPITAL GENERAL DE ZONA C/UMAA 48 (CDMX NORTE),IMSS,Media,Media,"19.482375, -99.213046"
2020-10-01,HOSPITAL GENERAL 02 (CDMX SUR) VILLA COAPA (COY.),IMSS,Buena,Media,"19.309194, -99.129593"
2020-10-01,HOSPITAL DE ESPECIALIDADES 01 (CDMX NORTE) LA RAZA (AZC),IMSS,Buena,Buena,"19.467169, -99.143785"
2020-10-01,HOSPITAL GENERAL DE ZONA C/MF 29 (S. JUAN ARAGÓN),IMSS,Buena,Buena,"19.465117, -99.085162"
2020-10-01,HOSPITAL GENERAL DE ZONA 47 (CDMX SUR) (IZP),IMSS,Buena,Media,"19.357566, -99.054269"
2020-10-01,UNIDAD MÓVIL TEMPORAL COVID,IMSS,Media,Crítica,"19.403082, -99.089177"
2020-10-01,CRIT IZTAPALAPA,IMSS,Buena,Buena,"19.328321, -99.068530"
2020-10-01,HOSPITAL GENERAL REGIONAL 72,IMSS,Media,Media,"19.356913, -98.990929"
2020-10-01,HOSPITAL GENERAL REGIONAL 196,IMSS,Buena,Buena,"19.515133, -98.891450"
2020-10-01,HOSPITAL GENERAL REGIONAL 200,IMSS,Buena,Buena,"19.470300, -99.234208"
2020-10-01,HOSPITAL GENERAL DE ZONA 53,IMSS,Media,Buena,"19.597387, -99.188426"
2020-10-01,HOSPITAL GENERAL DE ZONA 197,IMSS,Buena,Buena,"19.530797, -99.222446"
2020-10-01,HOSPITAL GENERAL DE ZONA 194,IMSS,Buena,Buena,"19.570070, -99.044009"
2020-10-01,HOSPITAL GENERAL DE ZONA 57 (LA QUEBRADA),IMSS,Buena,Buena,"19.542797, -99.205022"
2020-10-01,HOSPITAL GENERAL DE ZONA 58 (LAS MARGARITAS),IMSS,Media,Media,"19.529016, -99.030983"
2020-10-01,HOSPITAL GENERAL DE ZONA 68 (TULPETLAC),IMSS,Buena,Buena,"19.742905, -98.972971"
2020-10-01,HOSPITAL GENERAL DE ZONA 71 (CHALCO),IMSS,Buena,Buena,"19.356913, -98.990929"
2020-10-01,HOSPITAL GENERAL DE ZONA 76 (XALOSTOC),IMSS,Buena,Buena,"19.515133, -98.891450"
2020-10-01,HOSPITAL GENERAL DE ZONA 98 (COACALCO),IMSS,Buena,Buena,"19.470300, -99.234208"
2020-10-01,CRIT NEZAHUALCÓYOTL,IMSS,Buena,Buena,"19.425795, -99.029987"
2020-10-01,CENTRO MEDICO 20 DE NOVIEMBRE,ISSSTE,Buena,Buena,"19.372720, -99.171205"
2020-10-01,HG DARIO FERNANDEZ FIERRO,ISSSTE,Media,Media,"19.363602, -99.188608"
2020-10-01,HG JOSE MARIA MORELOS,ISSSTE,Buena,Media,"19.363918, -98.995393"
2020-10-01,HG TACUBA,ISSSTE,Media,Buena,"19.454384, -99.191231"
2020-10-01,HG DR FERNANDO QUIROZ,ISSSTE,Buena,Buena,"19.394242, -99.194187"
2020-10-01,HG IGNACIO ZARAGOZA,ISSSTE,Buena,Buena,"19.389472, -99.045019"
2020-10-01,HR PRIMERO DE OCTUBRE,ISSSTE,Media,Media,"19.486751, -99.133249"
2020-10-01,HR LIC. ADOLFO LÓPEZ MATEOS,ISSSTE,Buena,Buena,"19.358451, -99.172716"
2020-10-01,HR BICENTENARIO DE LA INDEPENDENCIA,ISSSTE,Media,Media,"19.628814, -99.163343"
2020-10-01,ALTA ESPECIALIDAD DE ZUMPANGO,EDOMEX,Buena,Buena,"19.815198, -99.089196"
2020-10-01,HOSPITAL REGIONAL TLALNEPANTLA ISSEMYM,EDOMEX,Buena,Buena,"19.521706, -99.187341"
2020-10-01,"HOSPITAL GENERAL ECATEPEC ""LAS AMÉRICAS""",EDOMEX,Buena,Buena,"19.594136, -99.018679"
2020-10-01,"HOSPITAL GENERAL DE NAUCALPAN ""DR. MAXIMILIANO RUIZ CASTAÑEDA"" ",EDOMEX,Buena,Buena,"19.468662, -99.234348"
2020-10-01,"HOSPITAL GENERAL ATIZAPAN DE ZARAGOZA ""DR. SALVADOR GONZALEZ HERREJÓN""",EDOMEX,Buena,Buena,"19.546322, -99.237491"
2020-10-01,"HOSPITAL GENERAL CUAUTITLAN ""GRAL. JOSE VICENTE VILLADA""",EDOMEX,Buena,Buena,"19.664586, -99.178557"
2020-10-01,"HOSPITAL GENERAL DE NEZAHUALCOYOTL ""GUSTAVO BAZ PRADA""",EDOMEX,Buena,Buena,"19.422253, -99.014892"
2020-10-01,"HOSPITAL GENERAL DE ECATEPEC ""JOSÉ MARÍA RODRÍGUEZ""",EDOMEX,Buena,Buena,"19.514412, -99.038087"
2020-10-01,"HOSPITAL GENERAL NEZAHUALCOYOTL ""LA PERLA"" ",EDOMEX,Buena,Buena,"19.387963, -98.989442"
2020-10-01,HOSPITAL GENERAL DE CHIMALHUACAN,EDOMEX,Buena,Buena,"19.419753, -98.975140"
2020-10-01,"HOSPITAL GENERAL DE IXTAPALUCA ""PEDRO LOPEZ""",EDOMEX,Buena,Buena,"19.318829, -98.855366"
2020-10-01,HOSPITAL GENERAL DE CHALCO ,EDOMEX,Buena,Buena,"19.268265, -98.893965"
2020-10-01,"HOSPITAL GENERAL TEXCOCO ""GUADALUPE VICTORIA"" BICENTENARIO ",EDOMEX,Buena,Buena,"19.514309, -98.871750"
2020-10-01,"HOSPITAL GENERAL VALLE DE CHALCO ""DR. FERNANDO QUIROZ GUTIERREZ"" ",EDOMEX,Buena,Buena,"19.273775, -98.941609"
2020-10-01,"HOSPITAL GENERAL AMECAMECA ""VALENTIN GOMEZ FARIAS"" ",EDOMEX,Buena,Buena,"19.144883, -98.785072"
2020-10-01,HOSPITAL GENERAL DE AXAPUSCO,EDOMEX,Buena,Buena,"19.732872, -98.769445"
2020-10-02,INSTITUTO NACIONAL DE NUTRICIÓN,SSA,Media,Media,"19.289599, -99.155441"
2020-10-02,INER,SSA,Crítica,Media,"19.291375, -99.158653"
2020-10-02,HOSPITAL GENERAL DE MÉXICO,SSA,Buena,Buena,"19.4129258, -99.1520225"
2020-10-02,HOSPITAL JUAREZ,SSA,Media,Media,"19.481829, -99.135576"
2020-10-02,HOSPITAL GENERAL DR. MANUEL GEA GONZÁLEZ,SSA,Media,Media,"19.290295, -99.160861"
2020-10-02,HOSPITAL INFANTIL DE MÉXICO FEDERICO GÓMEZ,SSA,Buena,Buena,"19.410839, -99.151941"
2020-10-02,INSTITUTO  NACIONAL DE CARDIOLOGÍA IGNACIO CHÁVEZ,SSA,Buena,Buena,"19.290598, -99.153838"
2020-10-02,CITIBANAMEX,SSA,Buena,Media,"19.439732, -99.224235"
2020-10-02,HOSPITAL REGIONAL DE ALTA ESPECIALIDAD DE IXTAPALUCA,SSA,Buena,Media,"19.318796, -98.855353"
2020-10-02,BELISARIO DOMINGUEZ,SEDESA,Media,Buena,"19.307226, -99.065356"
2020-10-02,ENRIQUE CABRERA,SEDESA,Media,Buena,"19.361675, -99.224432"
2020-10-02,GENERAL TLAHUAC,SEDESA,Buena,Buena,"19.287492, -99.052665"
2020-10-02,PEDIATRICO DE LA VILLA,SEDESA,Buena,Buena,"19.487355, -99.114316"
2020-10-02,HOSPITAL GENERAL AJUSCO MEDIO,SEDESA,Buena,Buena,"19.272165, -99.207846"
2020-10-02,HOSPITAL GENERAL IZTAPALAPA,SEDESA,Buena,Buena,"19.343426, -99.027236"
2020-10-02,HOSPITAL GENERAL XOCO,SEDESA,Buena,Buena,"19.360313, -99.162275"
2020-10-02,HOSPITAL GENERAL VILLA,SEDESA,Media,Buena,"19.480079, -99.103353"
2020-10-02,HOSPITAL GENERAL DR. RUBÉN LEÑERO,SEDESA,Buena,Buena,"19.451398, -99.169565"
2020-10-02,HOSPITAL GENERAL MILPA ALTA,SEDESA,Buena,Media,"19.200951, -99.011210"
2020-10-02,HOSPITAL GENERAL BALBUENA,SEDESA,Buena,Buena,"19.424195, -99.115412"
2020-10-02,HOSPITAL TEPEPAN,SEDESA,Sin Dato,Sin Dato,"19.275806, -99.144298"
2020-10-02,HOSPITAL DE ESPECIALIDADES 01 CMN SIGLO XXI (CDMX SUR),IMSS,Buena,Buena,"19.466549, -99.145102"
2020-10-02,HOSPITAL DE PEDIATRIA 01 CMN SIGLO XXI (CDMX SUR),IMSS,Buena,Buena,"19.407458, -99.152267"
2020-10-02,HOSPITAL GENERAL DE ZONA 01 CARLOS MC GREGOR (CDMX SUR),IMSS,Media,Buena,"19.395912, -99.161610"
2020-10-02,HOSPITAL GENERAL DE ZONA 1A PARQUE DE LOS VENADOS (CDMX SUR),IMSS,Media,Buena,"19.374431, -99.151203"
2020-10-02,HOSPITAL DE INFECTOLOGIA 01 LA RAZA (CDMX NORTE),IMSS,Media,Media,"19.464865, -99.144859"
2020-10-02,HOSPITAL GENERAL 01 (CDMX NORTE) LA RAZA,IMSS,Buena,Buena,"19.395740, -99.161677"
2020-10-02,HOSPITAL GENERAL DE ZONA 24 (CDMX NORTE),IMSS,Buena,Buena,"19.483221, -99.128448"
2020-10-02,HOSPITAL GENERAL DE ZONA 27 (CDMX NORTE),IMSS,Buena,Buena,"19.454776, -99.140007"
2020-10-02,HOSPITAL GENERAL DE ZONA 2A (CDMX SUR),IMSS,Media,Buena,"19.405495, -99.112200"
2020-10-02,HOSPITAL GENERAL DE ZONA 30 (CDMX SUR),IMSS,Buena,Buena,"19.398836, -99.116913"
2020-10-02,HOSPITAL GENERAL DE ZONA 32 (CDMX SUR),IMSS,Buena,Buena,"19.307964, -99.130677"
2020-10-02,HOSPITAL GENERAL DE ZONA C/MF 08 (CDMX SUR),IMSS,Buena,Buena,"19.337137, -99.200142"
2020-10-02,HOSPITAL GENERAL DE ZONA C/UMAA 48 (CDMX NORTE),IMSS,Media,Buena,"19.482375, -99.213046"
2020-10-02,HOSPITAL GENERAL 02 (CDMX SUR) VILLA COAPA (COY.),IMSS,Buena,Media,"19.309194, -99.129593"
2020-10-02,HOSPITAL DE ESPECIALIDADES 01 (CDMX NORTE) LA RAZA (AZC),IMSS,Buena,Buena,"19.467169, -99.143785"
2020-10-02,HOSPITAL GENERAL DE ZONA C/MF 29 (S. JUAN ARAGÓN),IMSS,Buena,Buena,"19.465117, -99.085162"
2020-10-02,HOSPITAL GENERAL DE ZONA 47 (CDMX SUR) (IZP),IMSS,Buena,Media,"19.357566, -99.054269"
2020-10-02,UNIDAD MÓVIL TEMPORAL COVID,IMSS,Media,Crítica,"19.403082, -99.089177"
2020-10-02,CRIT IZTAPALAPA,IMSS,Buena,Buena,"19.328321, -99.068530"
2020-10-02,HOSPITAL GENERAL REGIONAL 72,IMSS,Media,Media,"19.356913, -98.990929"
2020-10-02,HOSPITAL GENERAL REGIONAL 196,IMSS,Buena,Buena,"19.515133, -98.891450"
2020-10-02,HOSPITAL GENERAL REGIONAL 200,IMSS,Buena,Buena,"19.470300, -99.234208"
2020-10-02,HOSPITAL GENERAL DE ZONA 53,IMSS,Media,Buena,"19.597387, -99.188426"
2020-10-02,HOSPITAL GENERAL DE ZONA 197,IMSS,Buena,Buena,"19.530797, -99.222446"
2020-10-02,HOSPITAL GENERAL DE ZONA 194,IMSS,Buena,Buena,"19.570070, -99.044009"
2020-10-02,HOSPITAL GENERAL DE ZONA 57 (LA QUEBRADA),IMSS,Buena,Buena,"19.542797, -99.205022"
2020-10-02,HOSPITAL GENERAL DE ZONA 58 (LAS MARGARITAS),IMSS,Media,Media,"19.529016, -99.030983"
2020-10-02,HOSPITAL GENERAL DE ZONA 68 (TULPETLAC),IMSS,Buena,Buena,"19.742905, -98.972971"
2020-10-02,HOSPITAL GENERAL DE ZONA 71 (CHALCO),IMSS,Buena,Buena,"19.356913, -98.990929"
2020-10-02,HOSPITAL GENERAL DE ZONA 76 (XALOSTOC),IMSS,Buena,Buena,"19.515133, -98.891450"
2020-10-02,HOSPITAL GENERAL DE ZONA 98 (COACALCO),IMSS,Buena,Buena,"19.470300, -99.234208"
2020-10-02,CRIT NEZAHUALCÓYOTL,IMSS,Buena,Buena,"19.425795, -99.029987"
2020-10-02,CENTRO MEDICO 20 DE NOVIEMBRE,ISSSTE,Buena,Buena,"19.372720, -99.171205"
2020-10-02,HG DARIO FERNANDEZ FIERRO,ISSSTE,Media,Media,"19.363602, -99.188608"
2020-10-02,HG JOSE MARIA MORELOS,ISSSTE,Buena,Media,"19.363918, -98.995393"
2020-10-02,HG TACUBA,ISSSTE,Media,Buena,"19.454384, -99.191231"
2020-10-02,HG DR FERNANDO QUIROZ,ISSSTE,Buena,Buena,"19.394242, -99.194187"
2020-10-02,HG IGNACIO ZARAGOZA,ISSSTE,Buena,Buena,"19.389472, -99.045019"
2020-10-02,HR PRIMERO DE OCTUBRE,ISSSTE,Media,Media,"19.486751, -99.133249"
2020-10-02,HR LIC. ADOLFO LÓPEZ MATEOS,ISSSTE,Buena,Buena,"19.358451, -99.172716"
2020-10-02,HR BICENTENARIO DE LA INDEPENDENCIA,ISSSTE,Media,Media,"19.628814, -99.163343"
2020-10-02,ALTA ESPECIALIDAD DE ZUMPANGO,EDOMEX,Buena,Buena,"19.815198, -99.089196"
2020-10-02,HOSPITAL REGIONAL TLALNEPANTLA ISSEMYM,EDOMEX,Buena,Buena,"19.521706, -99.187341"
2020-10-02,"HOSPITAL GENERAL ECATEPEC ""LAS AMÉRICAS""",EDOMEX,Buena,Buena,"19.594136, -99.018679"
2020-10-02,"HOSPITAL GENERAL DE NAUCALPAN ""DR. MAXIMILIANO RUIZ CASTAÑEDA"" ",EDOMEX,Buena,Buena,"19.468662, -99.234348"
2020-10-02,"HOSPITAL GENERAL ATIZAPAN DE ZARAGOZA ""DR. SALVADOR GONZALEZ HERREJÓN""",EDOMEX,Buena,Buena,"19.546322, -99.237491"
2020-10-02,"HOSPITAL GENERAL CUAUTITLAN ""GRAL. JOSE VICENTE VILLADA""",EDOMEX,Buena,Buena,"19.664586, -99.178557"
2020-10-02,"HOSPITAL GENERAL DE NEZAHUALCOYOTL ""GUSTAVO BAZ PRADA""",EDOMEX,Buena,Buena,"19.422253, -99.014892"
2020-10-02,"HOSPITAL GENERAL DE ECATEPEC ""JOSÉ MARÍA RODRÍGUEZ""",EDOMEX,Buena,Buena,"19.514412, -99.038087"
2020-10-02,"HOSPITAL GENERAL NEZAHUALCOYOTL ""LA PERLA"" ",EDOMEX,Buena,Buena,"19.387963, -98.989442"
2020-10-02,HOSPITAL GENERAL DE CHIMALHUACAN,EDOMEX,Buena,Buena,"19.419753, -98.975140"
2020-10-02,"HOSPITAL GENERAL DE IXTAPALUCA ""PEDRO LOPEZ""",EDOMEX,Buena,Buena,"19.318829, -98.855366"
2020-10-02,HOSPITAL GENERAL DE CHALCO ,EDOMEX,Buena,Buena,"19.268265, -98.893965"
2020-10-02,"HOSPITAL GENERAL TEXCOCO ""GUADALUPE VICTORIA"" BICENTENARIO ",EDOMEX,Buena,Buena,"19.514309, -98.871750"
2020-10-02,"HOSPITAL GENERAL VALLE DE CHALCO ""DR. FERNANDO QUIROZ GUTIERREZ"" ",EDOMEX,Buena,Buena,"19.273775, -98.941609"
2020-10-02,"HOSPITAL GENERAL AMECAMECA ""VALENTIN GOMEZ FARIAS"" ",EDOMEX,Buena,Buena,"19.144883, -98.785072"
2020-10-02,HOSPITAL GENERAL DE AXAPUSCO,EDOMEX,Media,Buena,"19.732872, -98.769445"
2020-10-03,INSTITUTO NACIONAL DE NUTRICIÓN,SSA,Media,Media,"19.289599, -99.155441"
2020-10-03,INER,SSA,Crítica,Media,"19.291375, -99.158653"
2020-10-03,HOSPITAL GENERAL DE MÉXICO,SSA,Buena,Buena,"19.4129258, -99.1520225"
2020-10-03,HOSPITAL JUAREZ,SSA,Media,Buena,"19.481829, -99.135576"
2020-10-03,HOSPITAL GENERAL DR. MANUEL GEA GONZÁLEZ,SSA,Media,Media,"19.290295, -99.160861"
2020-10-03,HOSPITAL INFANTIL DE MÉXICO FEDERICO GÓMEZ,SSA,Buena,Buena,"19.410839, -99.151941"
2020-10-03,INSTITUTO  NACIONAL DE CARDIOLOGÍA IGNACIO CHÁVEZ,SSA,Buena,Buena,"19.290598, -99.153838"
2020-10-03,CITIBANAMEX,SSA,Buena,Crítica,"19.439732, -99.224235"
2020-10-03,HOSPITAL REGIONAL DE ALTA ESPECIALIDAD DE IXTAPALUCA,SSA,Buena,Media,"19.318796, -98.855353"
2020-10-03,BELISARIO DOMINGUEZ,SEDESA,Media,Buena,"19.307226, -99.065356"
2020-10-03,ENRIQUE CABRERA,SEDESA,Media,Buena,"19.361675, -99.224432"
2020-10-03,GENERAL TLAHUAC,SEDESA,Buena,Buena,"19.287492, -99.052665"
2020-10-03,PEDIATRICO DE LA VILLA,SEDESA,Buena,Buena,"19.487355, -99.114316"
2020-10-03,HOSPITAL GENERAL AJUSCO MEDIO,SEDESA,Buena,Buena,"19.272165, -99.207846"
2020-10-03,HOSPITAL GENERAL IZTAPALAPA,SEDESA,Buena,Buena,"19.343426, -99.027236"
2020-10-03,HOSPITAL GENERAL XOCO,SEDESA,Buena,Buena,"19.360313, -99.162275"
2020-10-03,HOSPITAL GENERAL VILLA,SEDESA,Media,Buena,"19.480079, -99.103353"
2020-10-03,HOSPITAL GENERAL DR. RUBÉN LEÑERO,SEDESA,Buena,Buena,"19.451398, -99.169565"
2020-10-03,HOSPITAL GENERAL MILPA ALTA,SEDESA,Buena,Buena,"19.200951, -99.011210"
2020-10-03,HOSPITAL GENERAL BALBUENA,SEDESA,Buena,Buena,"19.424195, -99.115412"
2020-10-03,HOSPITAL TEPEPAN,SEDESA,Sin Dato,Sin Dato,"19.275806, -99.144298"
2020-10-03,HOSPITAL DE ESPECIALIDADES 01 CMN SIGLO XXI (CDMX SUR),IMSS,Buena,Buena,"19.466549, -99.145102"
2020-10-03,HOSPITAL DE PEDIATRIA 01 CMN SIGLO XXI (CDMX SUR),IMSS,Buena,Buena,"19.407458, -99.152267"
2020-10-03,HOSPITAL GENERAL DE ZONA 01 CARLOS MC GREGOR (CDMX SUR),IMSS,Buena,Media,"19.395912, -99.161610"
2020-10-03,HOSPITAL GENERAL DE ZONA 1A PARQUE DE LOS VENADOS (CDMX SUR),IMSS,Media,Buena,"19.374431, -99.151203"
2020-10-03,HOSPITAL DE INFECTOLOGIA 01 LA RAZA (CDMX NORTE),IMSS,Media,Media,"19.464865, -99.144859"
2020-10-03,HOSPITAL GENERAL 01 (CDMX NORTE) LA RAZA,IMSS,Buena,Buena,"19.395740, -99.161677"
2020-10-03,HOSPITAL GENERAL DE ZONA 24 (CDMX NORTE),IMSS,Buena,Buena,"19.483221, -99.128448"
2020-10-03,HOSPITAL GENERAL DE ZONA 27 (CDMX NORTE),IMSS,Buena,Buena,"19.454776, -99.140007"
2020-10-03,HOSPITAL GENERAL DE ZONA 2A (CDMX SUR),IMSS,Media,Buena,"19.405495, -99.112200"
2020-10-03,HOSPITAL GENERAL DE ZONA 30 (CDMX SUR),IMSS,Buena,Buena,"19.398836, -99.116913"
2020-10-03,HOSPITAL GENERAL DE ZONA 32 (CDMX SUR),IMSS,Buena,Buena,"19.307964, -99.130677"
2020-10-03,HOSPITAL GENERAL DE ZONA C/MF 08 (CDMX SUR),IMSS,Buena,Buena,"19.337137, -99.200142"
2020-10-03,HOSPITAL GENERAL DE ZONA C/UMAA 48 (CDMX NORTE),IMSS,Media,Buena,"19.482375, -99.213046"
2020-10-03,HOSPITAL GENERAL 02 (CDMX SUR) VILLA COAPA (COY.),IMSS,Buena,Media,"19.309194, -99.129593"
2020-10-03,HOSPITAL DE ESPECIALIDADES 01 (CDMX NORTE) LA RAZA (AZC),IMSS,Buena,Buena,"19.467169, -99.143785"
2020-10-03,HOSPITAL GENERAL DE ZONA C/MF 29 (S. JUAN ARAGÓN),IMSS,Buena,Buena,"19.465117, -99.085162"
2020-10-03,HOSPITAL GENERAL DE ZONA 47 (CDMX SUR) (IZP),IMSS,Buena,Media,"19.357566, -99.054269"
2020-10-03,UNIDAD MÓVIL TEMPORAL COVID,IMSS,Media,Crítica,"19.403082, -99.089177"
2020-10-03,CRIT IZTAPALAPA,IMSS,Buena,Buena,"19.328321, -99.068530"
2020-10-03,HOSPITAL GENERAL REGIONAL 72,IMSS,Media,Media,"19.356913, -98.990929"
2020-10-03,HOSPITAL GENERAL REGIONAL 196,IMSS,Buena,Buena,"19.515133, -98.891450"
2020-10-03,HOSPITAL GENERAL REGIONAL 200,IMSS,Buena,Buena,"19.470300, -99.234208"
2020-10-03,HOSPITAL GENERAL DE ZONA 53,IMSS,Buena,Buena,"19.597387, -99.188426"
2020-10-03,HOSPITAL GENERAL DE ZONA 197,IMSS,Buena,Buena,"19.530797, -99.222446"
2020-10-03,HOSPITAL GENERAL DE ZONA 194,IMSS,Buena,Buena,"19.570070, -99.044009"
2020-10-03,HOSPITAL GENERAL DE ZONA 57 (LA QUEBRADA),IMSS,Buena,Buena,"19.542797, -99.205022"
2020-10-03,HOSPITAL GENERAL DE ZONA 58 (LAS MARGARITAS),IMSS,Media,Buena,"19.529016, -99.030983"
2020-10-03,HOSPITAL GENERAL DE ZONA 68 (TULPETLAC),IMSS,Buena,Buena,"19.742905, -98.972971"
2020-10-03,HOSPITAL GENERAL DE ZONA 71 (CHALCO),IMSS,Buena,Buena,"19.356913, -98.990929"
2020-10-03,HOSPITAL GENERAL DE ZONA 76 (XALOSTOC),IMSS,Media,Buena,"19.515133, -98.891450"
2020-10-03,HOSPITAL GENERAL DE ZONA 98 (COACALCO),IMSS,Buena,Buena,"19.470300, -99.234208"
2020-10-03,CRIT NEZAHUALCÓYOTL,IMSS,Buena,Buena,"19.425795, -99.029987"
2020-10-03,CENTRO MEDICO 20 DE NOVIEMBRE,ISSSTE,Buena,Buena,"19.372720, -99.171205"
2020-10-03,HG DARIO FERNANDEZ FIERRO,ISSSTE,Media,Media,"19.363602, -99.188608"
2020-10-03,HG JOSE MARIA MORELOS,ISSSTE,Buena,Media,"19.363918, -98.995393"
2020-10-03,HG TACUBA,ISSSTE,Media,Buena,"19.454384, -99.191231"
2020-10-03,HG DR FERNANDO QUIROZ,ISSSTE,Buena,Buena,"19.394242, -99.194187"
2020-10-03,HG IGNACIO ZARAGOZA,ISSSTE,Buena,Buena,"19.389472, -99.045019"
2020-10-03,HR PRIMERO DE OCTUBRE,ISSSTE,Media,Media,"19.486751, -99.133249"
2020-10-03,HR LIC. ADOLFO LÓPEZ MATEOS,ISSSTE,Buena,Buena,"19.358451, -99.172716"
2020-10-03,HR BICENTENARIO DE LA INDEPENDENCIA,ISSSTE,Media,Media,"19.628814, -99.163343"
2020-10-03,ALTA ESPECIALIDAD DE ZUMPANGO,EDOMEX,Buena,Buena,"19.815198, -99.089196"
2020-10-03,HOSPITAL REGIONAL TLALNEPANTLA ISSEMYM,EDOMEX,Buena,Buena,"19.521706, -99.187341"
2020-10-03,"HOSPITAL GENERAL ECATEPEC ""LAS AMÉRICAS""",EDOMEX,Buena,Buena,"19.594136, -99.018679"
2020-10-03,"HOSPITAL GENERAL DE NAUCALPAN ""DR. MAXIMILIANO RUIZ CASTAÑEDA"" ",EDOMEX,Buena,Buena,"19.468662, -99.234348"
2020-10-03,"HOSPITAL GENERAL ATIZAPAN DE ZARAGOZA ""DR. SALVADOR GONZALEZ HERREJÓN""",EDOMEX,Buena,Buena,"19.546322, -99.237491"
2020-10-03,"HOSPITAL GENERAL CUAUTITLAN ""GRAL. JOSE VICENTE VILLADA""",EDOMEX,Buena,Buena,"19.664586, -99.178557"
2020-10-03,"HOSPITAL GENERAL DE NEZAHUALCOYOTL ""GUSTAVO BAZ PRADA""",EDOMEX,Buena,Buena,"19.422253, -99.014892"
2020-10-03,"HOSPITAL GENERAL DE ECATEPEC ""JOSÉ MARÍA RODRÍGUEZ""",EDOMEX,Buena,Buena,"19.514412, -99.038087"
2020-10-03,"HOSPITAL GENERAL NEZAHUALCOYOTL ""LA PERLA"" ",EDOMEX,Buena,Buena,"19.387963, -98.989442"
2020-10-03,HOSPITAL GENERAL DE CHIMALHUACAN,EDOMEX,Buena,Buena,"19.419753, -98.975140"
2020-10-03,"HOSPITAL GENERAL DE IXTAPALUCA ""PEDRO LOPEZ""",EDOMEX,Buena,Buena,"19.318829, -98.855366"
2020-10-03,HOSPITAL GENERAL DE CHALCO ,EDOMEX,Buena,Buena,"19.268265, -98.893965"
2020-10-03,"HOSPITAL GENERAL TEXCOCO ""GUADALUPE VICTORIA"" BICENTENARIO ",EDOMEX,Buena,Buena,"19.514309, -98.871750"
2020-10-03,"HOSPITAL GENERAL VALLE DE CHALCO ""DR. FERNANDO QUIROZ GUTIERREZ"" ",EDOMEX,Buena,Buena,"19.273775, -98.941609"
2020-10-03,"HOSPITAL GENERAL AMECAMECA ""VALENTIN GOMEZ FARIAS"" ",EDOMEX,Buena,Buena,"19.144883, -98.785072"
2020-10-03,HOSPITAL GENERAL DE AXAPUSCO,EDOMEX,Buena,Buena,"19.732872, -98.769445"
2020-10-04,INSTITUTO NACIONAL DE NUTRICIÓN,SSA,Media,Media,"19.289599, -99.155441"
2020-10-04,INER,SSA,Crítica,Media,"19.291375, -99.158653"
2020-10-04,HOSPITAL GENERAL DE MÉXICO,SSA,Buena,Buena,"19.4129258, -99.1520225"
2020-10-04,HOSPITAL JUAREZ,SSA,Media,Buena,"19.481829, -99.135576"
2020-10-04,HOSPITAL GENERAL DR. MANUEL GEA GONZÁLEZ,SSA,Media,Media,"19.290295, -99.160861"
2020-10-04,HOSPITAL INFANTIL DE MÉXICO FEDERICO GÓMEZ,SSA,Buena,Buena,"19.410839, -99.151941"
2020-10-04,INSTITUTO  NACIONAL DE CARDIOLOGÍA IGNACIO CHÁVEZ,SSA,Buena,Buena,"19.290598, -99.153838"
2020-10-04,CITIBANAMEX,SSA,Buena,Crítica,"19.439732, -99.224235"
2020-10-04,HOSPITAL REGIONAL DE ALTA ESPECIALIDAD DE IXTAPALUCA,SSA,Buena,Buena,"19.318796, -98.855353"
2020-10-04,BELISARIO DOMINGUEZ,SEDESA,Media,Buena,"19.307226, -99.065356"
2020-10-04,ENRIQUE CABRERA,SEDESA,Buena,Buena,"19.361675, -99.224432"
2020-10-04,GENERAL TLAHUAC,SEDESA,Buena,Buena,"19.287492, -99.052665"
2020-10-04,PEDIATRICO DE LA VILLA,SEDESA,Buena,Buena,"19.487355, -99.114316"
2020-10-04,HOSPITAL GENERAL AJUSCO MEDIO,SEDESA,Buena,Buena,"19.272165, -99.207846"
2020-10-04,HOSPITAL GENERAL IZTAPALAPA,SEDESA,Buena,Buena,"19.343426, -99.027236"
2020-10-04,HOSPITAL GENERAL XOCO,SEDESA,Buena,Buena,"19.360313, -99.162275"
2020-10-04,HOSPITAL GENERAL VILLA,SEDESA,Media,Buena,"19.480079, -99.103353"
2020-10-04,HOSPITAL GENERAL DR. RUBÉN LEÑERO,SEDESA,Buena,Buena,"19.451398, -99.169565"
2020-10-04,HOSPITAL GENERAL MILPA ALTA,SEDESA,Buena,Buena,"19.200951, -99.011210"
2020-10-04,HOSPITAL GENERAL BALBUENA,SEDESA,Buena,Buena,"19.424195, -99.115412"
2020-10-04,HOSPITAL TEPEPAN,SEDESA,Sin Dato,Sin Dato,"19.275806, -99.144298"
2020-10-04,HOSPITAL DE ESPECIALIDADES 01 CMN SIGLO XXI (CDMX SUR),IMSS,Buena,Buena,"19.466549, -99.145102"
2020-10-04,HOSPITAL DE PEDIATRIA 01 CMN SIGLO XXI (CDMX SUR),IMSS,Buena,Buena,"19.407458, -99.152267"
2020-10-04,HOSPITAL GENERAL DE ZONA 01 CARLOS MC GREGOR (CDMX SUR),IMSS,Buena,Media,"19.395912, -99.161610"
2020-10-04,HOSPITAL GENERAL DE ZONA 1A PARQUE DE LOS VENADOS (CDMX SUR),IMSS,Media,Buena,"19.374431, -99.151203"
2020-10-04,HOSPITAL DE INFECTOLOGIA 01 LA RAZA (CDMX NORTE),IMSS,Media,Media,"19.464865, -99.144859"
2020-10-04,HOSPITAL GENERAL 01 (CDMX NORTE) LA RAZA,IMSS,Buena,Buena,"19.395740, -99.161677"
2020-10-04,HOSPITAL GENERAL DE ZONA 24 (CDMX NORTE),IMSS,Buena,Buena,"19.483221, -99.128448"
2020-10-04,HOSPITAL GENERAL DE ZONA 27 (CDMX NORTE),IMSS,Buena,Buena,"19.454776, -99.140007"
2020-10-04,HOSPITAL GENERAL DE ZONA 2A (CDMX SUR),IMSS,Media,Buena,"19.405495, -99.112200"
2020-10-04,HOSPITAL GENERAL DE ZONA 30 (CDMX SUR),IMSS,Buena,Buena,"19.398836, -99.116913"
2020-10-04,HOSPITAL GENERAL DE ZONA 32 (CDMX SUR),IMSS,Buena,Buena,"19.307964, -99.130677"
2020-10-04,HOSPITAL GENERAL DE ZONA C/MF 08 (CDMX SUR),IMSS,Buena,Buena,"19.337137, -99.200142"
2020-10-04,HOSPITAL GENERAL DE ZONA C/UMAA 48 (CDMX NORTE),IMSS,Media,Buena,"19.482375, -99.213046"
2020-10-04,HOSPITAL GENERAL 02 (CDMX SUR) VILLA COAPA (COY.),IMSS,Buena,Media,"19.309194, -99.129593"
2020-10-04,HOSPITAL DE ESPECIALIDADES 01 (CDMX NORTE) LA RAZA (AZC),IMSS,Buena,Buena,"19.467169, -99.143785"
2020-10-04,HOSPITAL GENERAL DE ZONA C/MF 29 (S. JUAN ARAGÓN),IMSS,Buena,Buena,"19.465117, -99.085162"
2020-10-04,HOSPITAL GENERAL DE ZONA 47 (CDMX SUR) (IZP),IMSS,Buena,Media,"19.357566, -99.054269"
2020-10-04,UNIDAD MÓVIL TEMPORAL COVID,IMSS,Media,Crítica,"19.403082, -99.089177"
2020-10-04,CRIT IZTAPALAPA,IMSS,Buena,Buena,"19.328321, -99.068530"
2020-10-04,HOSPITAL GENERAL REGIONAL 72,IMSS,Media,Media,"19.356913, -98.990929"
2020-10-04,HOSPITAL GENERAL REGIONAL 196,IMSS,Buena,Buena,"19.515133, -98.891450"
2020-10-04,HOSPITAL GENERAL REGIONAL 200,IMSS,Buena,Buena,"19.470300, -99.234208"
2020-10-04,HOSPITAL GENERAL DE ZONA 53,IMSS,Buena,Buena,"19.597387, -99.188426"
2020-10-04,HOSPITAL GENERAL DE ZONA 197,IMSS,Buena,Buena,"19.530797, -99.222446"
2020-10-04,HOSPITAL GENERAL DE ZONA 194,IMSS,Buena,Buena,"19.570070, -99.044009"
2020-10-04,HOSPITAL GENERAL DE ZONA 57 (LA QUEBRADA),IMSS,Buena,Buena,"19.542797, -99.205022"
2020-10-04,HOSPITAL GENERAL DE ZONA 58 (LAS MARGARITAS),IMSS,Media,Buena,"19.529016, -99.030983"
2020-10-04,HOSPITAL GENERAL DE ZONA 68 (TULPETLAC),IMSS,Buena,Buena,"19.742905, -98.972971"
2020-10-04,HOSPITAL GENERAL DE ZONA 71 (CHALCO),IMSS,Buena,Buena,"19.356913, -98.990929"
2020-10-04,HOSPITAL GENERAL DE ZONA 76 (XALOSTOC),IMSS,Media,Buena,"19.515133, -98.891450"
2020-10-04,HOSPITAL GENERAL DE ZONA 98 (COACALCO),IMSS,Buena,Buena,"19.470300, -99.234208"
2020-10-04,CRIT NEZAHUALCÓYOTL,IMSS,Buena,Buena,"19.425795, -99.029987"
2020-10-04,CENTRO MEDICO 20 DE NOVIEMBRE,ISSSTE,Buena,Buena,"19.372720, -99.171205"
2020-10-04,HG DARIO FERNANDEZ FIERRO,ISSSTE,Media,Media,"19.363602, -99.188608"
2020-10-04,HG JOSE MARIA MORELOS,ISSSTE,Buena,Crítica,"19.363918, -98.995393"
2020-10-04,HG TACUBA,ISSSTE,Media,Buena,"19.454384, -99.191231"
2020-10-04,HG DR FERNANDO QUIROZ,ISSSTE,Buena,Buena,"19.394242, -99.194187"
2020-10-04,HG IGNACIO ZARAGOZA,ISSSTE,Buena,Media,"19.389472, -99.045019"
2020-10-04,HR PRIMERO DE OCTUBRE,ISSSTE,Media,Media,"19.486751, -99.133249"
2020-10-04,HR LIC. ADOLFO LÓPEZ MATEOS,ISSSTE,Buena,Buena,"19.358451, -99.172716"
2020-10-04,HR BICENTENARIO DE LA INDEPENDENCIA,ISSSTE,Media,Media,"19.628814, -99.163343"
2020-10-04,ALTA ESPECIALIDAD DE ZUMPANGO,EDOMEX,Buena,Buena,"19.815198, -99.089196"
2020-10-04,HOSPITAL REGIONAL TLALNEPANTLA ISSEMYM,EDOMEX,Buena,Buena,"19.521706, -99.187341"
2020-10-04,"HOSPITAL GENERAL ECATEPEC ""LAS AMÉRICAS""",EDOMEX,Buena,Buena,"19.594136, -99.018679"
2020-10-04,"HOSPITAL GENERAL DE NAUCALPAN ""DR. MAXIMILIANO RUIZ CASTAÑEDA"" ",EDOMEX,Buena,Buena,"19.468662, -99.234348"
2020-10-04,"HOSPITAL GENERAL ATIZAPAN DE ZARAGOZA ""DR. SALVADOR GONZALEZ HERREJÓN""",EDOMEX,Buena,Buena,"19.546322, -99.237491"
2020-10-04,"HOSPITAL GENERAL CUAUTITLAN ""GRAL. JOSE VICENTE VILLADA""",EDOMEX,Buena,Buena,"19.664586, -99.178557"
2020-10-04,"HOSPITAL GENERAL DE NEZAHUALCOYOTL ""GUSTAVO BAZ PRADA""",EDOMEX,Buena,Buena,"19.422253, -99.014892"
2020-10-04,"HOSPITAL GENERAL DE ECATEPEC ""JOSÉ MARÍA RODRÍGUEZ""",EDOMEX,Buena,Buena,"19.514412, -99.038087"
2020-10-04,"HOSPITAL GENERAL NEZAHUALCOYOTL ""LA PERLA"" ",EDOMEX,Buena,Buena,"19.387963, -98.989442"
2020-10-04,HOSPITAL GENERAL DE CHIMALHUACAN,EDOMEX,Buena,Buena,"19.419753, -98.975140"
2020-10-04,"HOSPITAL GENERAL DE IXTAPALUCA ""PEDRO LOPEZ""",EDOMEX,Buena,Buena,"19.318829, -98.855366"
2020-10-04,HOSPITAL GENERAL DE CHALCO ,EDOMEX,Buena,Buena,"19.268265, -98.893965"
2020-10-04,"HOSPITAL GENERAL TEXCOCO ""GUADALUPE VICTORIA"" BICENTENARIO ",EDOMEX,Buena,Buena,"19.514309, -98.871750"
2020-10-04,"HOSPITAL GENERAL VALLE DE CHALCO ""DR. FERNANDO QUIROZ GUTIERREZ"" ",EDOMEX,Buena,Buena,"19.273775, -98.941609"
2020-10-04,"HOSPITAL GENERAL AMECAMECA ""VALENTIN GOMEZ FARIAS"" ",EDOMEX,Buena,Buena,"19.144883, -98.785072"
2020-10-04,HOSPITAL GENERAL DE AXAPUSCO,EDOMEX,Buena,Buena,"19.732872, -98.769445"
2020-10-05,INSTITUTO NACIONAL DE NUTRICIÓN,SSA,Media,Media,"19.289599, -99.155441"
2020-10-05,INER,SSA,Crítica,Media,"19.291375, -99.158653"
2020-10-05,HOSPITAL GENERAL DE MÉXICO,SSA,Buena,Buena,"19.4129258, -99.1520225"
2020-10-05,HOSPITAL JUAREZ,SSA,Media,Buena,"19.481829, -99.135576"
2020-10-05,HOSPITAL GENERAL DR. MANUEL GEA GONZÁLEZ,SSA,Media,Media,"19.290295, -99.160861"
2020-10-05,HOSPITAL INFANTIL DE MÉXICO FEDERICO GÓMEZ,SSA,Buena,Buena,"19.410839, -99.151941"
2020-10-05,INSTITUTO  NACIONAL DE CARDIOLOGÍA IGNACIO CHÁVEZ,SSA,Buena,Buena,"19.290598, -99.153838"
2020-10-05,CITIBANAMEX,SSA,Buena,Crítica,"19.439732, -99.224235"
2020-10-05,HOSPITAL REGIONAL DE ALTA ESPECIALIDAD DE IXTAPALUCA,SSA,Buena,Buena,"19.318796, -98.855353"
2020-10-05,BELISARIO DOMINGUEZ,SEDESA,Media,Buena,"19.307226, -99.065356"
2020-10-05,ENRIQUE CABRERA,SEDESA,Media,Buena,"19.361675, -99.224432"
2020-10-05,GENERAL TLAHUAC,SEDESA,Buena,Buena,"19.287492, -99.052665"
2020-10-05,PEDIATRICO DE LA VILLA,SEDESA,Buena,Buena,"19.487355, -99.114316"
2020-10-05,HOSPITAL GENERAL AJUSCO MEDIO,SEDESA,Media,Buena,"19.272165, -99.207846"
2020-10-05,HOSPITAL GENERAL IZTAPALAPA,SEDESA,Buena,Buena,"19.343426, -99.027236"
2020-10-05,HOSPITAL GENERAL XOCO,SEDESA,Buena,Buena,"19.360313, -99.162275"
2020-10-05,HOSPITAL GENERAL VILLA,SEDESA,Media,Buena,"19.480079, -99.103353"
2020-10-05,HOSPITAL GENERAL DR. RUBÉN LEÑERO,SEDESA,Buena,Media,"19.451398, -99.169565"
2020-10-05,HOSPITAL GENERAL MILPA ALTA,SEDESA,Buena,Buena,"19.200951, -99.011210"
2020-10-05,HOSPITAL GENERAL BALBUENA,SEDESA,Buena,Buena,"19.424195, -99.115412"
2020-10-05,HOSPITAL TEPEPAN,SEDESA,Sin Dato,Sin Dato,"19.275806, -99.144298"
2020-10-05,HOSPITAL DE ESPECIALIDADES 01 CMN SIGLO XXI (CDMX SUR),IMSS,Buena,Buena,"19.466549, -99.145102"
2020-10-05,HOSPITAL DE PEDIATRIA 01 CMN SIGLO XXI (CDMX SUR),IMSS,Buena,Buena,"19.407458, -99.152267"
2020-10-05,HOSPITAL GENERAL DE ZONA 01 CARLOS MC GREGOR (CDMX SUR),IMSS,Buena,Media,"19.395912, -99.161610"
2020-10-05,HOSPITAL GENERAL DE ZONA 1A PARQUE DE LOS VENADOS (CDMX SUR),IMSS,Media,Buena,"19.374431, -99.151203"
2020-10-05,HOSPITAL DE INFECTOLOGIA 01 LA RAZA (CDMX NORTE),IMSS,Buena,Buena,"19.464865, -99.144859"
2020-10-05,HOSPITAL GENERAL 01 (CDMX NORTE) LA RAZA,IMSS,Buena,Buena,"19.395740, -99.161677"
2020-10-05,HOSPITAL GENERAL DE ZONA 24 (CDMX NORTE),IMSS,Buena,Buena,"19.483221, -99.128448"
2020-10-05,HOSPITAL GENERAL DE ZONA 27 (CDMX NORTE),IMSS,Buena,Buena,"19.454776, -99.140007"
2020-10-05,HOSPITAL GENERAL DE ZONA 2A (CDMX SUR),IMSS,Media,Buena,"19.405495, -99.112200"
2020-10-05,HOSPITAL GENERAL DE ZONA 30 (CDMX SUR),IMSS,Buena,Buena,"19.398836, -99.116913"
2020-10-05,HOSPITAL GENERAL DE ZONA 32 (CDMX SUR),IMSS,Buena,Buena,"19.307964, -99.130677"
2020-10-05,HOSPITAL GENERAL DE ZONA C/MF 08 (CDMX SUR),IMSS,Media,Buena,"19.337137, -99.200142"
2020-10-05,HOSPITAL GENERAL DE ZONA C/UMAA 48 (CDMX NORTE),IMSS,Buena,Buena,"19.482375, -99.213046"
2020-10-05,HOSPITAL GENERAL 02 (CDMX SUR) VILLA COAPA (COY.),IMSS,Buena,Buena,"19.309194, -99.129593"
2020-10-05,HOSPITAL DE ESPECIALIDADES 01 (CDMX NORTE) LA RAZA (AZC),IMSS,Buena,Buena,"19.467169, -99.143785"
2020-10-05,HOSPITAL GENERAL DE ZONA C/MF 29 (S. JUAN ARAGÓN),IMSS,Buena,Buena,"19.465117, -99.085162"
2020-10-05,HOSPITAL GENERAL DE ZONA 47 (CDMX SUR) (IZP),IMSS,Buena,Media,"19.357566, -99.054269"
2020-10-05,UNIDAD MÓVIL TEMPORAL COVID,IMSS,Media,Media,"19.403082, -99.089177"
2020-10-05,CRIT IZTAPALAPA,IMSS,Buena,Buena,"19.328321, -99.068530"
2020-10-05,HOSPITAL GENERAL REGIONAL 72,IMSS,Media,Media,"19.356913, -98.990929"
2020-10-05,HOSPITAL GENERAL REGIONAL 196,IMSS,Buena,Buena,"19.515133, -98.891450"
2020-10-05,HOSPITAL GENERAL REGIONAL 200,IMSS,Buena,Buena,"19.470300, -99.234208"
2020-10-05,HOSPITAL GENERAL DE ZONA 53,IMSS,Media,Buena,"19.597387, -99.188426"
2020-10-05,HOSPITAL GENERAL DE ZONA 197,IMSS,Buena,Buena,"19.530797, -99.222446"
2020-10-05,HOSPITAL GENERAL DE ZONA 194,IMSS,Buena,Buena,"19.570070, -99.044009"
2020-10-05,HOSPITAL GENERAL DE ZONA 57 (LA QUEBRADA),IMSS,Buena,Buena,"19.542797, -99.205022"
2020-10-05,HOSPITAL GENERAL DE ZONA 58 (LAS MARGARITAS),IMSS,Media,Buena,"19.529016, -99.030983"
2020-10-05,HOSPITAL GENERAL DE ZONA 68 (TULPETLAC),IMSS,Buena,Buena,"19.742905, -98.972971"
2020-10-05,HOSPITAL GENERAL DE ZONA 71 (CHALCO),IMSS,Buena,Buena,"19.356913, -98.990929"
2020-10-05,HOSPITAL GENERAL DE ZONA 76 (XALOSTOC),IMSS,Media,Buena,"19.515133, -98.891450"
2020-10-05,HOSPITAL GENERAL DE ZONA 98 (COACALCO),IMSS,Buena,Buena,"19.470300, -99.234208"
2020-10-05,CRIT NEZAHUALCÓYOTL,IMSS,Buena,Buena,"19.425795, -99.029987"
2020-10-05,CENTRO MEDICO 20 DE NOVIEMBRE,ISSSTE,Buena,Buena,"19.372720, -99.171205"
2020-10-05,HG DARIO FERNANDEZ FIERRO,ISSSTE,Buena,Media,"19.363602, -99.188608"
2020-10-05,HG JOSE MARIA MORELOS,ISSSTE,Buena,Crítica,"19.363918, -98.995393"
2020-10-05,HG TACUBA,ISSSTE,Media,Buena,"19.454384, -99.191231"
2020-10-05,HG DR FERNANDO QUIROZ,ISSSTE,Buena,Buena,"19.394242, -99.194187"
2020-10-05,HG IGNACIO ZARAGOZA,ISSSTE,Buena,Media,"19.389472, -99.045019"
2020-10-05,HR PRIMERO DE OCTUBRE,ISSSTE,Media,Media,"19.486751, -99.133249"
2020-10-05,HR LIC. ADOLFO LÓPEZ MATEOS,ISSSTE,Buena,Buena,"19.358451, -99.172716"
2020-10-05,HR BICENTENARIO DE LA INDEPENDENCIA,ISSSTE,Media,Media,"19.628814, -99.163343"
2020-10-05,ALTA ESPECIALIDAD DE ZUMPANGO,EDOMEX,Buena,Buena,"19.815198, -99.089196"
2020-10-05,HOSPITAL REGIONAL TLALNEPANTLA ISSEMYM,EDOMEX,Buena,Buena,"19.521706, -99.187341"
2020-10-05,"HOSPITAL GENERAL ECATEPEC ""LAS AMÉRICAS""",EDOMEX,Buena,Buena,"19.594136, -99.018679"
2020-10-05,"HOSPITAL GENERAL DE NAUCALPAN ""DR. MAXIMILIANO RUIZ CASTAÑEDA"" ",EDOMEX,Buena,Buena,"19.468662, -99.234348"
2020-10-05,"HOSPITAL GENERAL ATIZAPAN DE ZARAGOZA ""DR. SALVADOR GONZALEZ HERREJÓN""",EDOMEX,Buena,Buena,"19.546322, -99.237491"
2020-10-05,"HOSPITAL GENERAL CUAUTITLAN ""GRAL. JOSE VICENTE VILLADA""",EDOMEX,Buena,Buena,"19.664586, -99.178557"
2020-10-05,"HOSPITAL GENERAL DE NEZAHUALCOYOTL ""GUSTAVO BAZ PRADA""",EDOMEX,Buena,Buena,"19.422253, -99.014892"
2020-10-05,"HOSPITAL GENERAL DE ECATEPEC ""JOSÉ MARÍA RODRÍGUEZ""",EDOMEX,Buena,Buena,"19.514412, -99.038087"
2020-10-05,"HOSPITAL GENERAL NEZAHUALCOYOTL ""LA PERLA"" ",EDOMEX,Buena,Buena,"19.387963, -98.989442"
2020-10-05,HOSPITAL GENERAL DE CHIMALHUACAN,EDOMEX,Buena,Buena,"19.419753, -98.975140"
2020-10-05,"HOSPITAL GENERAL DE IXTAPALUCA ""PEDRO LOPEZ""",EDOMEX,Buena,Buena,"19.318829, -98.855366"
2020-10-05,HOSPITAL GENERAL DE CHALCO ,EDOMEX,Buena,Buena,"19.268265, -98.893965"
2020-10-05,"HOSPITAL GENERAL TEXCOCO ""GUADALUPE VICTORIA"" BICENTENARIO ",EDOMEX,Buena,Buena,"19.514309, -98.871750"
2020-10-05,"HOSPITAL GENERAL VALLE DE CHALCO ""DR. FERNANDO QUIROZ GUTIERREZ"" ",EDOMEX,Buena,Buena,"19.273775, -98.941609"
2020-10-05,"HOSPITAL GENERAL AMECAMECA ""VALENTIN GOMEZ FARIAS"" ",EDOMEX,Buena,Buena,"19.144883, -98.785072"
2020-10-05,HOSPITAL GENERAL DE AXAPUSCO,EDOMEX,Buena,Buena,"19.732872, -98.769445"
2020-10-06,INSTITUTO NACIONAL DE NUTRICIÓN,SSA,Media,Media,"19.289599, -99.155441"
2020-10-06,INER,SSA,Crítica,Media,"19.291375, -99.158653"
2020-10-06,HOSPITAL GENERAL DE MÉXICO,SSA,Buena,Buena,"19.4129258, -99.1520225"
2020-10-06,HOSPITAL JUAREZ,SSA,Media,Media,"19.481829, -99.135576"
2020-10-06,HOSPITAL GENERAL DR. MANUEL GEA GONZÁLEZ,SSA,Media,Media,"19.290295, -99.160861"
2020-10-06,HOSPITAL INFANTIL DE MÉXICO FEDERICO GÓMEZ,SSA,Buena,Buena,"19.410839, -99.151941"
2020-10-06,INSTITUTO  NACIONAL DE CARDIOLOGÍA IGNACIO CHÁVEZ,SSA,Buena,Buena,"19.290598, -99.153838"
2020-10-06,CITIBANAMEX,SSA,Buena,Crítica,"19.439732, -99.224235"
2020-10-06,HOSPITAL REGIONAL DE ALTA ESPECIALIDAD DE IXTAPALUCA,SSA,Buena,Buena,"19.318796, -98.855353"
2020-10-06,BELISARIO DOMINGUEZ,SEDESA,Media,Buena,"19.307226, -99.065356"
2020-10-06,ENRIQUE CABRERA,SEDESA,Media,Buena,"19.361675, -99.224432"
2020-10-06,GENERAL TLAHUAC,SEDESA,Buena,Buena,"19.287492, -99.052665"
2020-10-06,PEDIATRICO DE LA VILLA,SEDESA,Buena,Buena,"19.487355, -99.114316"
2020-10-06,HOSPITAL GENERAL AJUSCO MEDIO,SEDESA,Buena,Buena,"19.272165, -99.207846"
2020-10-06,HOSPITAL GENERAL IZTAPALAPA,SEDESA,Buena,Buena,"19.343426, -99.027236"
2020-10-06,HOSPITAL GENERAL XOCO,SEDESA,Buena,Buena,"19.360313, -99.162275"
2020-10-06,HOSPITAL GENERAL VILLA,SEDESA,Media,Buena,"19.480079, -99.103353"
2020-10-06,HOSPITAL GENERAL DR. RUBÉN LEÑERO,SEDESA,Media,Buena,"19.451398, -99.169565"
2020-10-06,HOSPITAL GENERAL MILPA ALTA,SEDESA,Buena,Buena,"19.200951, -99.011210"
2020-10-06,HOSPITAL GENERAL BALBUENA,SEDESA,Buena,Buena,"19.424195, -99.115412"
2020-10-06,HOSPITAL TEPEPAN,SEDESA,Sin Dato,Sin Dato,"19.275806, -99.144298"
2020-10-06,HOSPITAL DE ESPECIALIDADES 01 CMN SIGLO XXI (CDMX SUR),IMSS,Buena,Buena,"19.466549, -99.145102"
2020-10-06,HOSPITAL DE PEDIATRIA 01 CMN SIGLO XXI (CDMX SUR),IMSS,Buena,Buena,"19.407458, -99.152267"
2020-10-06,HOSPITAL GENERAL DE ZONA 01 CARLOS MC GREGOR (CDMX SUR),IMSS,Buena,Buena,"19.395912, -99.161610"
2020-10-06,HOSPITAL GENERAL DE ZONA 1A PARQUE DE LOS VENADOS (CDMX SUR),IMSS,Media,Buena,"19.374431, -99.151203"
2020-10-06,HOSPITAL DE INFECTOLOGIA 01 LA RAZA (CDMX NORTE),IMSS,Media,Media,"19.464865, -99.144859"
2020-10-06,HOSPITAL GENERAL 01 (CDMX NORTE) LA RAZA,IMSS,Buena,Buena,"19.395740, -99.161677"
2020-10-06,HOSPITAL GENERAL DE ZONA 24 (CDMX NORTE),IMSS,Buena,Buena,"19.483221, -99.128448"
2020-10-06,HOSPITAL GENERAL DE ZONA 27 (CDMX NORTE),IMSS,Buena,Buena,"19.454776, -99.140007"
2020-10-06,HOSPITAL GENERAL DE ZONA 2A (CDMX SUR),IMSS,Media,Buena,"19.405495, -99.112200"
2020-10-06,HOSPITAL GENERAL DE ZONA 30 (CDMX SUR),IMSS,Buena,Buena,"19.398836, -99.116913"
2020-10-06,HOSPITAL GENERAL DE ZONA 32 (CDMX SUR),IMSS,Buena,Buena,"19.307964, -99.130677"
2020-10-06,HOSPITAL GENERAL DE ZONA C/MF 08 (CDMX SUR),IMSS,Buena,Buena,"19.337137, -99.200142"
2020-10-06,HOSPITAL GENERAL DE ZONA C/UMAA 48 (CDMX NORTE),IMSS,Media,Buena,"19.482375, -99.213046"
2020-10-06,HOSPITAL GENERAL 02 (CDMX SUR) VILLA COAPA (COY.),IMSS,Buena,Media,"19.309194, -99.129593"
2020-10-06,HOSPITAL DE ESPECIALIDADES 01 (CDMX NORTE) LA RAZA (AZC),IMSS,Buena,Buena,"19.467169, -99.143785"
2020-10-06,HOSPITAL GENERAL DE ZONA C/MF 29 (S. JUAN ARAGÓN),IMSS,Buena,Buena,"19.465117, -99.085162"
2020-10-06,HOSPITAL GENERAL DE ZONA 47 (CDMX SUR) (IZP),IMSS,Buena,Media,"19.357566, -99.054269"
2020-10-06,UNIDAD MÓVIL TEMPORAL COVID,IMSS,Media,Media,"19.403082, -99.089177"
2020-10-06,CRIT IZTAPALAPA,IMSS,Buena,Buena,"19.328321, -99.068530"
2020-10-06,HOSPITAL GENERAL REGIONAL 72,IMSS,Media,Media,"19.356913, -98.990929"
2020-10-06,HOSPITAL GENERAL REGIONAL 196,IMSS,Buena,Buena,"19.515133, -98.891450"
2020-10-06,HOSPITAL GENERAL REGIONAL 200,IMSS,Buena,Buena,"19.470300, -99.234208"
2020-10-06,HOSPITAL GENERAL DE ZONA 53,IMSS,Media,Buena,"19.597387, -99.188426"
2020-10-06,HOSPITAL GENERAL DE ZONA 197,IMSS,Buena,Buena,"19.530797, -99.222446"
2020-10-06,HOSPITAL GENERAL DE ZONA 194,IMSS,Media,Buena,"19.570070, -99.044009"
2020-10-06,HOSPITAL GENERAL DE ZONA 57 (LA QUEBRADA),IMSS,Buena,Buena,"19.542797, -99.205022"
2020-10-06,HOSPITAL GENERAL DE ZONA 58 (LAS MARGARITAS),IMSS,Media,Buena,"19.529016, -99.030983"
2020-10-06,HOSPITAL GENERAL DE ZONA 68 (TULPETLAC),IMSS,Buena,Buena,"19.742905, -98.972971"
2020-10-06,HOSPITAL GENERAL DE ZONA 71 (CHALCO),IMSS,Buena,Buena,"19.356913, -98.990929"
2020-10-06,HOSPITAL GENERAL DE ZONA 76 (XALOSTOC),IMSS,Media,Buena,"19.515133, -98.891450"
2020-10-06,HOSPITAL GENERAL DE ZONA 98 (COACALCO),IMSS,Buena,Buena,"19.470300, -99.234208"
2020-10-06,CRIT NEZAHUALCÓYOTL,IMSS,Buena,Buena,"19.425795, -99.029987"
2020-10-06,CENTRO MEDICO 20 DE NOVIEMBRE,ISSSTE,Buena,Buena,"19.372720, -99.171205"
2020-10-06,HG DARIO FERNANDEZ FIERRO,ISSSTE,Buena,Media,"19.363602, -99.188608"
2020-10-06,HG JOSE MARIA MORELOS,ISSSTE,Buena,Crítica,"19.363918, -98.995393"
2020-10-06,HG TACUBA,ISSSTE,Media,Buena,"19.454384, -99.191231"
2020-10-06,HG DR FERNANDO QUIROZ,ISSSTE,Buena,Buena,"19.394242, -99.194187"
2020-10-06,HG IGNACIO ZARAGOZA,ISSSTE,Buena,Media,"19.389472, -99.045019"
2020-10-06,HR PRIMERO DE OCTUBRE,ISSSTE,Media,Media,"19.486751, -99.133249"
2020-10-06,HR LIC. ADOLFO LÓPEZ MATEOS,ISSSTE,Buena,Buena,"19.358451, -99.172716"
2020-10-06,HR BICENTENARIO DE LA INDEPENDENCIA,ISSSTE,Media,Media,"19.628814, -99.163343"
2020-10-06,ALTA ESPECIALIDAD DE ZUMPANGO,EDOMEX,Buena,Buena,"19.815198, -99.089196"
2020-10-06,HOSPITAL REGIONAL TLALNEPANTLA ISSEMYM,EDOMEX,Buena,Buena,"19.521706, -99.187341"
2020-10-06,"HOSPITAL GENERAL ECATEPEC ""LAS AMÉRICAS""",EDOMEX,Buena,Buena,"19.594136, -99.018679"
2020-10-06,"HOSPITAL GENERAL DE NAUCALPAN ""DR. MAXIMILIANO RUIZ CASTAÑEDA"" ",EDOMEX,Buena,Buena,"19.468662, -99.234348"
2020-10-06,"HOSPITAL GENERAL ATIZAPAN DE ZARAGOZA ""DR. SALVADOR GONZALEZ HERREJÓN""",EDOMEX,Buena,Buena,"19.546322, -99.237491"
2020-10-06,"HOSPITAL GENERAL CUAUTITLAN ""GRAL. JOSE VICENTE VILLADA""",EDOMEX,Buena,Buena,"19.664586, -99.178557"
2020-10-06,"HOSPITAL GENERAL DE NEZAHUALCOYOTL ""GUSTAVO BAZ PRADA""",EDOMEX,Buena,Buena,"19.422253, -99.014892"
2020-10-06,"HOSPITAL GENERAL DE ECATEPEC ""JOSÉ MARÍA RODRÍGUEZ""",EDOMEX,Buena,Buena,"19.514412, -99.038087"
2020-10-06,"HOSPITAL GENERAL NEZAHUALCOYOTL ""LA PERLA"" ",EDOMEX,Buena,Buena,"19.387963, -98.989442"
2020-10-06,HOSPITAL GENERAL DE CHIMALHUACAN,EDOMEX,Buena,Buena,"19.419753, -98.975140"
2020-10-06,"HOSPITAL GENERAL DE IXTAPALUCA ""PEDRO LOPEZ""",EDOMEX,Buena,Buena,"19.318829, -98.855366"
2020-10-06,HOSPITAL GENERAL DE CHALCO ,EDOMEX,Buena,Buena,"19.268265, -98.893965"
2020-10-06,"HOSPITAL GENERAL TEXCOCO ""GUADALUPE VICTORIA"" BICENTENARIO ",EDOMEX,Buena,Buena,"19.514309, -98.871750"
2020-10-06,"HOSPITAL GENERAL VALLE DE CHALCO ""DR. FERNANDO QUIROZ GUTIERREZ"" ",EDOMEX,Buena,Buena,"19.273775, -98.941609"
2020-10-06,"HOSPITAL GENERAL AMECAMECA ""VALENTIN GOMEZ FARIAS"" ",EDOMEX,Buena,Buena,"19.144883, -98.785072"
2020-10-06,HOSPITAL GENERAL DE AXAPUSCO,EDOMEX,Buena,Buena,"19.732872, -98.769445"
2020-10-07,INSTITUTO NACIONAL DE NUTRICIÓN,SSA,Buena,Media,"19.289599, -99.155441"
2020-10-07,INER,SSA,Crítica,Media,"19.291375, -99.158653"
2020-10-07,HOSPITAL GENERAL DE MÉXICO,SSA,Buena,Buena,"19.4129258, -99.1520225"
2020-10-07,HOSPITAL JUAREZ,SSA,Media,Media,"19.481829, -99.135576"
2020-10-07,HOSPITAL GENERAL DR. MANUEL GEA GONZÁLEZ,SSA,Media,Media,"19.290295, -99.160861"
2020-10-07,HOSPITAL INFANTIL DE MÉXICO FEDERICO GÓMEZ,SSA,Buena,Buena,"19.410839, -99.151941"
2020-10-07,INSTITUTO  NACIONAL DE CARDIOLOGÍA IGNACIO CHÁVEZ,SSA,Buena,Buena,"19.290598, -99.153838"
2020-10-07,CITIBANAMEX,SSA,Buena,Crítica,"19.439732, -99.224235"
2020-10-07,HOSPITAL REGIONAL DE ALTA ESPECIALIDAD DE IXTAPALUCA,SSA,Buena,Buena,"19.318796, -98.855353"
2020-10-07,BELISARIO DOMINGUEZ,SEDESA,Buena,Buena,"19.307226, -99.065356"
2020-10-07,ENRIQUE CABRERA,SEDESA,Media,Buena,"19.361675, -99.224432"
2020-10-07,GENERAL TLAHUAC,SEDESA,Buena,Buena,"19.287492, -99.052665"
2020-10-07,PEDIATRICO DE LA VILLA,SEDESA,Buena,Buena,"19.487355, -99.114316"
2020-10-07,HOSPITAL GENERAL AJUSCO MEDIO,SEDESA,Buena,Buena,"19.272165, -99.207846"
2020-10-07,HOSPITAL GENERAL IZTAPALAPA,SEDESA,Buena,Buena,"19.343426, -99.027236"
2020-10-07,HOSPITAL GENERAL XOCO,SEDESA,Buena,Buena,"19.360313, -99.162275"
2020-10-07,HOSPITAL GENERAL VILLA,SEDESA,Media,Buena,"19.480079, -99.103353"
2020-10-07,HOSPITAL GENERAL DR. RUBÉN LEÑERO,SEDESA,Media,Media,"19.451398, -99.169565"
2020-10-07,HOSPITAL GENERAL MILPA ALTA,SEDESA,Buena,Buena,"19.200951, -99.011210"
2020-10-07,HOSPITAL GENERAL BALBUENA,SEDESA,Buena,Buena,"19.424195, -99.115412"
2020-10-07,HOSPITAL TEPEPAN,SEDESA,Sin Dato,Sin Dato,"19.275806, -99.144298"
2020-10-07,HOSPITAL DE ESPECIALIDADES 01 CMN SIGLO XXI (CDMX SUR),IMSS,Buena,Buena,"19.466549, -99.145102"
2020-10-07,HOSPITAL DE PEDIATRIA 01 CMN SIGLO XXI (CDMX SUR),IMSS,Buena,Buena,"19.407458, -99.152267"
2020-10-07,HOSPITAL GENERAL DE ZONA 01 CARLOS MC GREGOR (CDMX SUR),IMSS,Buena,Buena,"19.395912, -99.161610"
2020-10-07,HOSPITAL GENERAL DE ZONA 1A PARQUE DE LOS VENADOS (CDMX SUR),IMSS,Media,Buena,"19.374431, -99.151203"
2020-10-07,HOSPITAL DE INFECTOLOGIA 01 LA RAZA (CDMX NORTE),IMSS,Buena,Media,"19.464865, -99.144859"
2020-10-07,HOSPITAL GENERAL 01 (CDMX NORTE) LA RAZA,IMSS,Buena,Buena,"19.395740, -99.161677"
2020-10-07,HOSPITAL GENERAL DE ZONA 24 (CDMX NORTE),IMSS,Buena,Buena,"19.483221, -99.128448"
2020-10-07,HOSPITAL GENERAL DE ZONA 27 (CDMX NORTE),IMSS,Buena,Buena,"19.454776, -99.140007"
2020-10-07,HOSPITAL GENERAL DE ZONA 2A (CDMX SUR),IMSS,Media,Buena,"19.405495, -99.112200"
2020-10-07,HOSPITAL GENERAL DE ZONA 30 (CDMX SUR),IMSS,Buena,Buena,"19.398836, -99.116913"
2020-10-07,HOSPITAL GENERAL DE ZONA 32 (CDMX SUR),IMSS,Buena,Buena,"19.307964, -99.130677"
2020-10-07,HOSPITAL GENERAL DE ZONA C/MF 08 (CDMX SUR),IMSS,Buena,Buena,"19.337137, -99.200142"
2020-10-07,HOSPITAL GENERAL DE ZONA C/UMAA 48 (CDMX NORTE),IMSS,Media,Buena,"19.482375, -99.213046"
2020-10-07,HOSPITAL GENERAL 02 (CDMX SUR) VILLA COAPA (COY.),IMSS,Buena,Media,"19.309194, -99.129593"
2020-10-07,HOSPITAL DE ESPECIALIDADES 01 (CDMX NORTE) LA RAZA (AZC),IMSS,Buena,Buena,"19.467169, -99.143785"
2020-10-07,HOSPITAL GENERAL DE ZONA C/MF 29 (S. JUAN ARAGÓN),IMSS,Buena,Buena,"19.465117, -99.085162"
2020-10-07,HOSPITAL GENERAL DE ZONA 47 (CDMX SUR) (IZP),IMSS,Buena,Media,"19.357566, -99.054269"
2020-10-07,UNIDAD MÓVIL TEMPORAL COVID,IMSS,Media,Buena,"19.403082, -99.089177"
2020-10-07,CRIT IZTAPALAPA,IMSS,Buena,Buena,"19.328321, -99.068530"
2020-10-07,HOSPITAL GENERAL REGIONAL 72,IMSS,Media,Media,"19.356913, -98.990929"
2020-10-07,HOSPITAL GENERAL REGIONAL 196,IMSS,Buena,Buena,"19.515133, -98.891450"
2020-10-07,HOSPITAL GENERAL REGIONAL 200,IMSS,Buena,Buena,"19.470300, -99.234208"
2020-10-07,HOSPITAL GENERAL DE ZONA 53,IMSS,Media,Buena,"19.597387, -99.188426"
2020-10-07,HOSPITAL GENERAL DE ZONA 197,IMSS,Buena,Buena,"19.530797, -99.222446"
2020-10-07,HOSPITAL GENERAL DE ZONA 194,IMSS,Media,Buena,"19.570070, -99.044009"
2020-10-07,HOSPITAL GENERAL DE ZONA 57 (LA QUEBRADA),IMSS,Buena,Buena,"19.542797, -99.205022"
2020-10-07,HOSPITAL GENERAL DE ZONA 58 (LAS MARGARITAS),IMSS,Media,Buena,"19.529016, -99.030983"
2020-10-07,HOSPITAL GENERAL DE ZONA 68 (TULPETLAC),IMSS,Buena,Buena,"19.742905, -98.972971"
2020-10-07,HOSPITAL GENERAL DE ZONA 71 (CHALCO),IMSS,Buena,Buena,"19.356913, -98.990929"
2020-10-07,HOSPITAL GENERAL DE ZONA 76 (XALOSTOC),IMSS,Media,Buena,"19.515133, -98.891450"
2020-10-07,HOSPITAL GENERAL DE ZONA 98 (COACALCO),IMSS,Buena,Buena,"19.470300, -99.234208"
2020-10-07,CRIT NEZAHUALCÓYOTL,IMSS,Buena,Buena,"19.425795, -99.029987"
2020-10-07,CENTRO MEDICO 20 DE NOVIEMBRE,ISSSTE,Buena,Buena,"19.372720, -99.171205"
2020-10-07,HG DARIO FERNANDEZ FIERRO,ISSSTE,Buena,Media,"19.363602, -99.188608"
2020-10-07,HG JOSE MARIA MORELOS,ISSSTE,Buena,Crítica,"19.363918, -98.995393"
2020-10-07,HG TACUBA,ISSSTE,Buena,Buena,"19.454384, -99.191231"
2020-10-07,HG DR FERNANDO QUIROZ,ISSSTE,Buena,Buena,"19.394242, -99.194187"
2020-10-07,HG IGNACIO ZARAGOZA,ISSSTE,Buena,Media,"19.389472, -99.045019"
2020-10-07,HR PRIMERO DE OCTUBRE,ISSSTE,Media,Media,"19.486751, -99.133249"
2020-10-07,HR LIC. ADOLFO LÓPEZ MATEOS,ISSSTE,Buena,Buena,"19.358451, -99.172716"
2020-10-07,HR BICENTENARIO DE LA INDEPENDENCIA,ISSSTE,Media,Media,"19.628814, -99.163343"
2020-10-07,ALTA ESPECIALIDAD DE ZUMPANGO,EDOMEX,Buena,Buena,"19.815198, -99.089196"
2020-10-07,HOSPITAL REGIONAL TLALNEPANTLA ISSEMYM,EDOMEX,Buena,Buena,"19.521706, -99.187341"
2020-10-07,"HOSPITAL GENERAL ECATEPEC ""LAS AMÉRICAS""",EDOMEX,Buena,Media,"19.594136, -99.018679"
2020-10-07,"HOSPITAL GENERAL DE NAUCALPAN ""DR. MAXIMILIANO RUIZ CASTAÑEDA"" ",EDOMEX,Buena,Buena,"19.468662, -99.234348"
2020-10-07,"HOSPITAL GENERAL ATIZAPAN DE ZARAGOZA ""DR. SALVADOR GONZALEZ HERREJÓN""",EDOMEX,Buena,Buena,"19.546322, -99.237491"
2020-10-07,"HOSPITAL GENERAL CUAUTITLAN ""GRAL. JOSE VICENTE VILLADA""",EDOMEX,Buena,Buena,"19.664586, -99.178557"
2020-10-07,"HOSPITAL GENERAL DE NEZAHUALCOYOTL ""GUSTAVO BAZ PRADA""",EDOMEX,Buena,Buena,"19.422253, -99.014892"
2020-10-07,"HOSPITAL GENERAL DE ECATEPEC ""JOSÉ MARÍA RODRÍGUEZ""",EDOMEX,Buena,Buena,"19.514412, -99.038087"
2020-10-07,"HOSPITAL GENERAL NEZAHUALCOYOTL ""LA PERLA"" ",EDOMEX,Buena,Buena,"19.387963, -98.989442"
2020-10-07,HOSPITAL GENERAL DE CHIMALHUACAN,EDOMEX,Buena,Buena,"19.419753, -98.975140"
2020-10-07,"HOSPITAL GENERAL DE IXTAPALUCA ""PEDRO LOPEZ""",EDOMEX,Buena,Buena,"19.318829, -98.855366"
2020-10-07,HOSPITAL GENERAL DE CHALCO ,EDOMEX,Buena,Buena,"19.268265, -98.893965"
2020-10-07,"HOSPITAL GENERAL TEXCOCO ""GUADALUPE VICTORIA"" BICENTENARIO ",EDOMEX,Buena,Buena,"19.514309, -98.871750"
2020-10-07,"HOSPITAL GENERAL VALLE DE CHALCO ""DR. FERNANDO QUIROZ GUTIERREZ"" ",EDOMEX,Buena,Buena,"19.273775, -98.941609"
2020-10-07,"HOSPITAL GENERAL AMECAMECA ""VALENTIN GOMEZ FARIAS"" ",EDOMEX,Buena,Buena,"19.144883, -98.785072"
2020-10-07,HOSPITAL GENERAL DE AXAPUSCO,EDOMEX,Buena,Buena,"19.732872, -98.769445"
2020-10-08,INSTITUTO NACIONAL DE NUTRICIÓN,SSA,Media,Media,"19.289599, -99.155441"
2020-10-08,INER,SSA,Media,Media,"19.291375, -99.158653"
2020-10-08,HOSPITAL GENERAL DE MÉXICO,SSA,Buena,Buena,"19.4129258, -99.1520225"
2020-10-08,HOSPITAL JUAREZ,SSA,Media,Media,"19.481829, -99.135576"
2020-10-08,HOSPITAL GENERAL DR. MANUEL GEA GONZÁLEZ,SSA,Media,Media,"19.290295, -99.160861"
2020-10-08,HOSPITAL INFANTIL DE MÉXICO FEDERICO GÓMEZ,SSA,Buena,Buena,"19.410839, -99.151941"
2020-10-08,INSTITUTO  NACIONAL DE CARDIOLOGÍA IGNACIO CHÁVEZ,SSA,Buena,Buena,"19.290598, -99.153838"
2020-10-08,CITIBANAMEX,SSA,Buena,Crítica,"19.439732, -99.224235"
2020-10-08,HOSPITAL REGIONAL DE ALTA ESPECIALIDAD DE IXTAPALUCA,SSA,Buena,Buena,"19.318796, -98.855353"
2020-10-08,BELISARIO DOMINGUEZ,SEDESA,Media,Buena,"19.307226, -99.065356"
2020-10-08,ENRIQUE CABRERA,SEDESA,Media,Buena,"19.361675, -99.224432"
2020-10-08,GENERAL TLAHUAC,SEDESA,Buena,Buena,"19.287492, -99.052665"
2020-10-08,PEDIATRICO DE LA VILLA,SEDESA,Buena,Buena,"19.487355, -99.114316"
2020-10-08,HOSPITAL GENERAL AJUSCO MEDIO,SEDESA,Buena,Buena,"19.272165, -99.207846"
2020-10-08,HOSPITAL GENERAL IZTAPALAPA,SEDESA,Buena,Buena,"19.343426, -99.027236"
2020-10-08,HOSPITAL GENERAL XOCO,SEDESA,Buena,Buena,"19.360313, -99.162275"
2020-10-08,HOSPITAL GENERAL VILLA,SEDESA,Buena,Buena,"19.480079, -99.103353"
2020-10-08,HOSPITAL GENERAL DR. RUBÉN LEÑERO,SEDESA,Media,Media,"19.451398, -99.169565"
2020-10-08,HOSPITAL GENERAL MILPA ALTA,SEDESA,Buena,Buena,"19.200951, -99.011210"
2020-10-08,HOSPITAL GENERAL BALBUENA,SEDESA,Buena,Buena,"19.424195, -99.115412"
2020-10-08,HOSPITAL TEPEPAN,SEDESA,Sin Dato,Sin Dato,"19.275806, -99.144298"
2020-10-08,HOSPITAL DE ESPECIALIDADES 01 CMN SIGLO XXI (CDMX SUR),IMSS,Buena,Buena,"19.466549, -99.145102"
2020-10-08,HOSPITAL DE PEDIATRIA 01 CMN SIGLO XXI (CDMX SUR),IMSS,Buena,Buena,"19.407458, -99.152267"
2020-10-08,HOSPITAL GENERAL DE ZONA 01 CARLOS MC GREGOR (CDMX SUR),IMSS,Buena,Media,"19.395912, -99.161610"
2020-10-08,HOSPITAL GENERAL DE ZONA 1A PARQUE DE LOS VENADOS (CDMX SUR),IMSS,Media,Buena,"19.374431, -99.151203"
2020-10-08,HOSPITAL DE INFECTOLOGIA 01 LA RAZA (CDMX NORTE),IMSS,Buena,Media,"19.464865, -99.144859"
2020-10-08,HOSPITAL GENERAL 01 (CDMX NORTE) LA RAZA,IMSS,Buena,Buena,"19.395740, -99.161677"
2020-10-08,HOSPITAL GENERAL DE ZONA 24 (CDMX NORTE),IMSS,Buena,Buena,"19.483221, -99.128448"
2020-10-08,HOSPITAL GENERAL DE ZONA 27 (CDMX NORTE),IMSS,Buena,Buena,"19.454776, -99.140007"
2020-10-08,HOSPITAL GENERAL DE ZONA 2A (CDMX SUR),IMSS,Media,Buena,"19.405495, -99.112200"
2020-10-08,HOSPITAL GENERAL DE ZONA 30 (CDMX SUR),IMSS,Buena,Buena,"19.398836, -99.116913"
2020-10-08,HOSPITAL GENERAL DE ZONA 32 (CDMX SUR),IMSS,Buena,Buena,"19.307964, -99.130677"
2020-10-08,HOSPITAL GENERAL DE ZONA C/MF 08 (CDMX SUR),IMSS,Media,Buena,"19.337137, -99.200142"
2020-10-08,HOSPITAL GENERAL DE ZONA C/UMAA 48 (CDMX NORTE),IMSS,Buena,Buena,"19.482375, -99.213046"
2020-10-08,HOSPITAL GENERAL 02 (CDMX SUR) VILLA COAPA (COY.),IMSS,Buena,Buena,"19.309194, -99.129593"
2020-10-08,HOSPITAL DE ESPECIALIDADES 01 (CDMX NORTE) LA RAZA (AZC),IMSS,Buena,Buena,"19.467169, -99.143785"
2020-10-08,HOSPITAL GENERAL DE ZONA C/MF 29 (S. JUAN ARAGÓN),IMSS,Buena,Buena,"19.465117, -99.085162"
2020-10-08,HOSPITAL GENERAL DE ZONA 47 (CDMX SUR) (IZP),IMSS,Buena,Media,"19.357566, -99.054269"
2020-10-08,UNIDAD MÓVIL TEMPORAL COVID,IMSS,Media,Media,"19.403082, -99.089177"
2020-10-08,CRIT IZTAPALAPA,IMSS,Buena,Buena,"19.328321, -99.068530"
2020-10-08,HOSPITAL GENERAL REGIONAL 72,IMSS,Media,Media,"19.356913, -98.990929"
2020-10-08,HOSPITAL GENERAL REGIONAL 196,IMSS,Buena,Buena,"19.515133, -98.891450"
2020-10-08,HOSPITAL GENERAL REGIONAL 200,IMSS,Buena,Buena,"19.470300, -99.234208"
2020-10-08,HOSPITAL GENERAL DE ZONA 53,IMSS,Buena,Buena,"19.597387, -99.188426"
2020-10-08,HOSPITAL GENERAL DE ZONA 197,IMSS,Buena,Buena,"19.530797, -99.222446"
2020-10-08,HOSPITAL GENERAL DE ZONA 194,IMSS,Media,Buena,"19.570070, -99.044009"
2020-10-08,HOSPITAL GENERAL DE ZONA 57 (LA QUEBRADA),IMSS,Buena,Buena,"19.542797, -99.205022"
2020-10-08,HOSPITAL GENERAL DE ZONA 58 (LAS MARGARITAS),IMSS,Media,Buena,"19.529016, -99.030983"
2020-10-08,HOSPITAL GENERAL DE ZONA 68 (TULPETLAC),IMSS,Buena,Buena,"19.742905, -98.972971"
2020-10-08,HOSPITAL GENERAL DE ZONA 71 (CHALCO),IMSS,Buena,Buena,"19.356913, -98.990929"
2020-10-08,HOSPITAL GENERAL DE ZONA 76 (XALOSTOC),IMSS,Media,Buena,"19.515133, -98.891450"
2020-10-08,HOSPITAL GENERAL DE ZONA 98 (COACALCO),IMSS,Buena,Buena,"19.470300, -99.234208"
2020-10-08,CRIT NEZAHUALCÓYOTL,IMSS,Buena,Buena,"19.425795, -99.029987"
2020-10-08,CENTRO MEDICO 20 DE NOVIEMBRE,ISSSTE,Buena,Buena,"19.372720, -99.171205"
2020-10-08,HG DARIO FERNANDEZ FIERRO,ISSSTE,Media,Crítica,"19.363602, -99.188608"
2020-10-08,HG JOSE MARIA MORELOS,ISSSTE,Buena,Crítica,"19.363918, -98.995393"
2020-10-08,HG TACUBA,ISSSTE,Buena,Buena,"19.454384, -99.191231"
2020-10-08,HG DR FERNANDO QUIROZ,ISSSTE,Buena,Buena,"19.394242, -99.194187"
2020-10-08,HG IGNACIO ZARAGOZA,ISSSTE,Buena,Media,"19.389472, -99.045019"
2020-10-08,HR PRIMERO DE OCTUBRE,ISSSTE,Media,Media,"19.486751, -99.133249"
2020-10-08,HR LIC. ADOLFO LÓPEZ MATEOS,ISSSTE,Buena,Buena,"19.358451, -99.172716"
2020-10-08,HR BICENTENARIO DE LA INDEPENDENCIA,ISSSTE,Buena,Buena,"19.628814, -99.163343"
2020-10-08,ALTA ESPECIALIDAD DE ZUMPANGO,EDOMEX,Buena,Buena,"19.815198, -99.089196"
2020-10-08,HOSPITAL REGIONAL TLALNEPANTLA ISSEMYM,EDOMEX,Buena,Buena,"19.521706, -99.187341"
2020-10-08,"HOSPITAL GENERAL ECATEPEC ""LAS AMÉRICAS""",EDOMEX,Buena,Buena,"19.594136, -99.018679"
2020-10-08,"HOSPITAL GENERAL DE NAUCALPAN ""DR. MAXIMILIANO RUIZ CASTAÑEDA"" ",EDOMEX,Buena,Buena,"19.468662, -99.234348"
2020-10-08,"HOSPITAL GENERAL ATIZAPAN DE ZARAGOZA ""DR. SALVADOR GONZALEZ HERREJÓN""",EDOMEX,Buena,Buena,"19.546322, -99.237491"
2020-10-08,"HOSPITAL GENERAL CUAUTITLAN ""GRAL. JOSE VICENTE VILLADA""",EDOMEX,Buena,Buena,"19.664586, -99.178557"
2020-10-08,"HOSPITAL GENERAL DE NEZAHUALCOYOTL ""GUSTAVO BAZ PRADA""",EDOMEX,Buena,Buena,"19.422253, -99.014892"
2020-10-08,"HOSPITAL GENERAL DE ECATEPEC ""JOSÉ MARÍA RODRÍGUEZ""",EDOMEX,Buena,Buena,"19.514412, -99.038087"
2020-10-08,"HOSPITAL GENERAL NEZAHUALCOYOTL ""LA PERLA"" ",EDOMEX,Buena,Buena,"19.387963, -98.989442"
2020-10-08,HOSPITAL GENERAL DE CHIMALHUACAN,EDOMEX,Buena,Buena,"19.419753, -98.975140"
2020-10-08,"HOSPITAL GENERAL DE IXTAPALUCA ""PEDRO LOPEZ""",EDOMEX,Buena,Buena,"19.318829, -98.855366"
2020-10-08,HOSPITAL GENERAL DE CHALCO ,EDOMEX,Buena,Buena,"19.268265, -98.893965"
2020-10-08,"HOSPITAL GENERAL TEXCOCO ""GUADALUPE VICTORIA"" BICENTENARIO ",EDOMEX,Buena,Buena,"19.514309, -98.871750"
2020-10-08,"HOSPITAL GENERAL VALLE DE CHALCO ""DR. FERNANDO QUIROZ GUTIERREZ"" ",EDOMEX,Buena,Buena,"19.273775, -98.941609"
2020-10-08,"HOSPITAL GENERAL AMECAMECA ""VALENTIN GOMEZ FARIAS"" ",EDOMEX,Buena,Buena,"19.144883, -98.785072"
2020-10-08,HOSPITAL GENERAL DE AXAPUSCO,EDOMEX,Buena,Buena,"19.732872, -98.769445"
2020-10-09,INSTITUTO NACIONAL DE NUTRICIÓN,SSA,Buena,Media,"19.289599, -99.155441"
2020-10-09,INER,SSA,Media,Media,"19.291375, -99.158653"
2020-10-09,HOSPITAL GENERAL DE MÉXICO,SSA,Buena,Buena,"19.4129258, -99.1520225"
2020-10-09,HOSPITAL JUAREZ,SSA,Media,Media,"19.481829, -99.135576"
2020-10-09,HOSPITAL GENERAL DR. MANUEL GEA GONZÁLEZ,SSA,Media,Media,"19.290295, -99.160861"
2020-10-09,HOSPITAL INFANTIL DE MÉXICO FEDERICO GÓMEZ,SSA,Buena,Buena,"19.410839, -99.151941"
2020-10-09,INSTITUTO  NACIONAL DE CARDIOLOGÍA IGNACIO CHÁVEZ,SSA,Buena,Buena,"19.290598, -99.153838"
2020-10-09,CITIBANAMEX,SSA,Buena,Crítica,"19.439732, -99.224235"
2020-10-09,HOSPITAL REGIONAL DE ALTA ESPECIALIDAD DE IXTAPALUCA,SSA,Buena,Buena,"19.318796, -98.855353"
2020-10-09,BELISARIO DOMINGUEZ,SEDESA,Buena,Buena,"19.307226, -99.065356"
2020-10-09,ENRIQUE CABRERA,SEDESA,Media,Buena,"19.361675, -99.224432"
2020-10-09,GENERAL TLAHUAC,SEDESA,Buena,Buena,"19.287492, -99.052665"
2020-10-09,PEDIATRICO DE LA VILLA,SEDESA,Buena,Buena,"19.487355, -99.114316"
2020-10-09,HOSPITAL GENERAL AJUSCO MEDIO,SEDESA,Buena,Buena,"19.272165, -99.207846"
2020-10-09,HOSPITAL GENERAL IZTAPALAPA,SEDESA,Buena,Buena,"19.343426, -99.027236"
2020-10-09,HOSPITAL GENERAL XOCO,SEDESA,Buena,Buena,"19.360313, -99.162275"
2020-10-09,HOSPITAL GENERAL VILLA,SEDESA,Buena,Buena,"19.480079, -99.103353"
2020-10-09,HOSPITAL GENERAL DR. RUBÉN LEÑERO,SEDESA,Crítica,Buena,"19.451398, -99.169565"
2020-10-09,HOSPITAL GENERAL MILPA ALTA,SEDESA,Buena,Buena,"19.200951, -99.011210"
2020-10-09,HOSPITAL GENERAL BALBUENA,SEDESA,Buena,Buena,"19.424195, -99.115412"
2020-10-09,HOSPITAL TEPEPAN,SEDESA,Sin Dato,Sin Dato,"19.275806, -99.144298"
2020-10-09,HOSPITAL DE ESPECIALIDADES 01 CMN SIGLO XXI (CDMX SUR),IMSS,Buena,Buena,"19.466549, -99.145102"
2020-10-09,HOSPITAL DE PEDIATRIA 01 CMN SIGLO XXI (CDMX SUR),IMSS,Buena,Buena,"19.407458, -99.152267"
2020-10-09,HOSPITAL GENERAL DE ZONA 01 CARLOS MC GREGOR (CDMX SUR),IMSS,Buena,Buena,"19.395912, -99.161610"
2020-10-09,HOSPITAL GENERAL DE ZONA 1A PARQUE DE LOS VENADOS (CDMX SUR),IMSS,Media,Buena,"19.374431, -99.151203"
2020-10-09,HOSPITAL DE INFECTOLOGIA 01 LA RAZA (CDMX NORTE),IMSS,Buena,Media,"19.464865, -99.144859"
2020-10-09,HOSPITAL GENERAL 01 (CDMX NORTE) LA RAZA,IMSS,Buena,Buena,"19.395740, -99.161677"
2020-10-09,HOSPITAL GENERAL DE ZONA 24 (CDMX NORTE),IMSS,Buena,Buena,"19.483221, -99.128448"
2020-10-09,HOSPITAL GENERAL DE ZONA 27 (CDMX NORTE),IMSS,Buena,Buena,"19.454776, -99.140007"
2020-10-09,HOSPITAL GENERAL DE ZONA 2A (CDMX SUR),IMSS,Media,Media,"19.405495, -99.112200"
2020-10-09,HOSPITAL GENERAL DE ZONA 30 (CDMX SUR),IMSS,Buena,Buena,"19.398836, -99.116913"
2020-10-09,HOSPITAL GENERAL DE ZONA 32 (CDMX SUR),IMSS,Buena,Buena,"19.307964, -99.130677"
2020-10-09,HOSPITAL GENERAL DE ZONA C/MF 08 (CDMX SUR),IMSS,Media,Buena,"19.337137, -99.200142"
2020-10-09,HOSPITAL GENERAL DE ZONA C/UMAA 48 (CDMX NORTE),IMSS,Buena,Buena,"19.482375, -99.213046"
2020-10-09,HOSPITAL GENERAL 02 (CDMX SUR) VILLA COAPA (COY.),IMSS,Buena,Buena,"19.309194, -99.129593"
2020-10-09,HOSPITAL DE ESPECIALIDADES 01 (CDMX NORTE) LA RAZA (AZC),IMSS,Media,Buena,"19.467169, -99.143785"
2020-10-09,HOSPITAL GENERAL DE ZONA C/MF 29 (S. JUAN ARAGÓN),IMSS,Buena,Buena,"19.465117, -99.085162"
2020-10-09,HOSPITAL GENERAL DE ZONA 47 (CDMX SUR) (IZP),IMSS,Buena,Media,"19.357566, -99.054269"
2020-10-09,UNIDAD MÓVIL TEMPORAL COVID,IMSS,Buena,Media,"19.403082, -99.089177"
2020-10-09,CRIT IZTAPALAPA,IMSS,Buena,Buena,"19.328321, -99.068530"
2020-10-09,HOSPITAL GENERAL REGIONAL 72,IMSS,Media,Media,"19.356913, -98.990929"
2020-10-09,HOSPITAL GENERAL REGIONAL 196,IMSS,Buena,Buena,"19.515133, -98.891450"
2020-10-09,HOSPITAL GENERAL REGIONAL 200,IMSS,Buena,Buena,"19.470300, -99.234208"
2020-10-09,HOSPITAL GENERAL DE ZONA 53,IMSS,Buena,Media,"19.597387, -99.188426"
2020-10-09,HOSPITAL GENERAL DE ZONA 197,IMSS,Buena,Buena,"19.530797, -99.222446"
2020-10-09,HOSPITAL GENERAL DE ZONA 194,IMSS,Media,Buena,"19.570070, -99.044009"
2020-10-09,HOSPITAL GENERAL DE ZONA 57 (LA QUEBRADA),IMSS,Buena,Buena,"19.542797, -99.205022"
2020-10-09,HOSPITAL GENERAL DE ZONA 58 (LAS MARGARITAS),IMSS,Media,Buena,"19.529016, -99.030983"
2020-10-09,HOSPITAL GENERAL DE ZONA 68 (TULPETLAC),IMSS,Buena,Buena,"19.742905, -98.972971"
2020-10-09,HOSPITAL GENERAL DE ZONA 71 (CHALCO),IMSS,Buena,Buena,"19.356913, -98.990929"
2020-10-09,HOSPITAL GENERAL DE ZONA 76 (XALOSTOC),IMSS,Media,Media,"19.515133, -98.891450"
2020-10-09,HOSPITAL GENERAL DE ZONA 98 (COACALCO),IMSS,Buena,Buena,"19.470300, -99.234208"
2020-10-09,CRIT NEZAHUALCÓYOTL,IMSS,Buena,Buena,"19.425795, -99.029987"
2020-10-09,CENTRO MEDICO 20 DE NOVIEMBRE,ISSSTE,Buena,Buena,"19.372720, -99.171205"
2020-10-09,HG DARIO FERNANDEZ FIERRO,ISSSTE,Media,Crítica,"19.363602, -99.188608"
2020-10-09,HG JOSE MARIA MORELOS,ISSSTE,Buena,Media,"19.363918, -98.995393"
2020-10-09,HG TACUBA,ISSSTE,Media,Buena,"19.454384, -99.191231"
2020-10-09,HG DR FERNANDO QUIROZ,ISSSTE,Buena,Buena,"19.394242, -99.194187"
2020-10-09,HG IGNACIO ZARAGOZA,ISSSTE,Buena,Media,"19.389472, -99.045019"
2020-10-09,HR PRIMERO DE OCTUBRE,ISSSTE,Media,Buena,"19.486751, -99.133249"
2020-10-09,HR LIC. ADOLFO LÓPEZ MATEOS,ISSSTE,Buena,Buena,"19.358451, -99.172716"
2020-10-09,HR BICENTENARIO DE LA INDEPENDENCIA,ISSSTE,Buena,Media,"19.628814, -99.163343"
2020-10-09,ALTA ESPECIALIDAD DE ZUMPANGO,EDOMEX,Buena,Buena,"19.815198, -99.089196"
2020-10-09,HOSPITAL REGIONAL TLALNEPANTLA ISSEMYM,EDOMEX,Buena,Buena,"19.521706, -99.187341"
2020-10-09,"HOSPITAL GENERAL ECATEPEC ""LAS AMÉRICAS""",EDOMEX,Buena,Buena,"19.594136, -99.018679"
2020-10-09,"HOSPITAL GENERAL DE NAUCALPAN ""DR. MAXIMILIANO RUIZ CASTAÑEDA"" ",EDOMEX,Buena,Buena,"19.468662, -99.234348"
2020-10-09,"HOSPITAL GENERAL ATIZAPAN DE ZARAGOZA ""DR. SALVADOR GONZALEZ HERREJÓN""",EDOMEX,Buena,Buena,"19.546322, -99.237491"
2020-10-09,"HOSPITAL GENERAL CUAUTITLAN ""GRAL. JOSE VICENTE VILLADA""",EDOMEX,Buena,Buena,"19.664586, -99.178557"
2020-10-09,"HOSPITAL GENERAL DE NEZAHUALCOYOTL ""GUSTAVO BAZ PRADA""",EDOMEX,Buena,Buena,"19.422253, -99.014892"
2020-10-09,"HOSPITAL GENERAL DE ECATEPEC ""JOSÉ MARÍA RODRÍGUEZ""",EDOMEX,Buena,Buena,"19.514412, -99.038087"
2020-10-09,"HOSPITAL GENERAL NEZAHUALCOYOTL ""LA PERLA"" ",EDOMEX,Buena,Buena,"19.387963, -98.989442"
2020-10-09,HOSPITAL GENERAL DE CHIMALHUACAN,EDOMEX,Buena,Buena,"19.419753, -98.975140"
2020-10-09,"HOSPITAL GENERAL DE IXTAPALUCA ""PEDRO LOPEZ""",EDOMEX,Buena,Buena,"19.318829, -98.855366"
2020-10-09,HOSPITAL GENERAL DE CHALCO ,EDOMEX,Buena,Buena,"19.268265, -98.893965"
2020-10-09,"HOSPITAL GENERAL TEXCOCO ""GUADALUPE VICTORIA"" BICENTENARIO ",EDOMEX,Buena,Buena,"19.514309, -98.871750"
2020-10-09,"HOSPITAL GENERAL VALLE DE CHALCO ""DR. FERNANDO QUIROZ GUTIERREZ"" ",EDOMEX,Buena,Buena,"19.273775, -98.941609"
2020-10-09,"HOSPITAL GENERAL AMECAMECA ""VALENTIN GOMEZ FARIAS"" ",EDOMEX,Buena,Buena,"19.144883, -98.785072"
2020-10-09,HOSPITAL GENERAL DE AXAPUSCO,EDOMEX,Buena,Buena,"19.732872, -98.769445"
2020-10-10,INSTITUTO NACIONAL DE NUTRICIÓN,SSA,Buena,Media,"19.289599, -99.155441"
2020-10-10,INER,SSA,Crítica,Media,"19.291375, -99.158653"
2020-10-10,HOSPITAL GENERAL DE MÉXICO,SSA,Buena,Buena,"19.4129258, -99.1520225"
2020-10-10,HOSPITAL JUAREZ,SSA,Media,Media,"19.481829, -99.135576"
2020-10-10,HOSPITAL GENERAL DR. MANUEL GEA GONZÁLEZ,SSA,Media,Buena,"19.290295, -99.160861"
2020-10-10,HOSPITAL INFANTIL DE MÉXICO FEDERICO GÓMEZ,SSA,Buena,Buena,"19.410839, -99.151941"
2020-10-10,INSTITUTO  NACIONAL DE CARDIOLOGÍA IGNACIO CHÁVEZ,SSA,Buena,Buena,"19.290598, -99.153838"
2020-10-10,CITIBANAMEX,SSA,Buena,Crítica,"19.439732, -99.224235"
2020-10-10,HOSPITAL REGIONAL DE ALTA ESPECIALIDAD DE IXTAPALUCA,SSA,Buena,Buena,"19.318796, -98.855353"
2020-10-10,BELISARIO DOMINGUEZ,SEDESA,Buena,Buena,"19.307226, -99.065356"
2020-10-10,ENRIQUE CABRERA,SEDESA,Media,Buena,"19.361675, -99.224432"
2020-10-10,GENERAL TLAHUAC,SEDESA,Buena,Buena,"19.287492, -99.052665"
2020-10-10,PEDIATRICO DE LA VILLA,SEDESA,Buena,Buena,"19.487355, -99.114316"
2020-10-10,HOSPITAL GENERAL AJUSCO MEDIO,SEDESA,Buena,Buena,"19.272165, -99.207846"
2020-10-10,HOSPITAL GENERAL IZTAPALAPA,SEDESA,Buena,Buena,"19.343426, -99.027236"
2020-10-10,HOSPITAL GENERAL XOCO,SEDESA,Buena,Buena,"19.360313, -99.162275"
2020-10-10,HOSPITAL GENERAL VILLA,SEDESA,Buena,Buena,"19.480079, -99.103353"
2020-10-10,HOSPITAL GENERAL DR. RUBÉN LEÑERO,SEDESA,Crítica,Buena,"19.451398, -99.169565"
2020-10-10,HOSPITAL GENERAL MILPA ALTA,SEDESA,Buena,Buena,"19.200951, -99.011210"
2020-10-10,HOSPITAL GENERAL BALBUENA,SEDESA,Buena,Buena,"19.424195, -99.115412"
2020-10-10,HOSPITAL TEPEPAN,SEDESA,Sin Dato,Sin Dato,"19.275806, -99.144298"
2020-10-10,HOSPITAL DE ESPECIALIDADES 01 CMN SIGLO XXI (CDMX SUR),IMSS,Buena,Buena,"19.466549, -99.145102"
2020-10-10,HOSPITAL DE PEDIATRIA 01 CMN SIGLO XXI (CDMX SUR),IMSS,Buena,Buena,"19.407458, -99.152267"
2020-10-10,HOSPITAL GENERAL DE ZONA 01 CARLOS MC GREGOR (CDMX SUR),IMSS,Buena,Buena,"19.395912, -99.161610"
2020-10-10,HOSPITAL GENERAL DE ZONA 1A PARQUE DE LOS VENADOS (CDMX SUR),IMSS,Media,Buena,"19.374431, -99.151203"
2020-10-10,HOSPITAL DE INFECTOLOGIA 01 LA RAZA (CDMX NORTE),IMSS,Buena,Media,"19.464865, -99.144859"
2020-10-10,HOSPITAL GENERAL 01 (CDMX NORTE) LA RAZA,IMSS,Buena,Buena,"19.395740, -99.161677"
2020-10-10,HOSPITAL GENERAL DE ZONA 24 (CDMX NORTE),IMSS,Buena,Buena,"19.483221, -99.128448"
2020-10-10,HOSPITAL GENERAL DE ZONA 27 (CDMX NORTE),IMSS,Buena,Buena,"19.454776, -99.140007"
2020-10-10,HOSPITAL GENERAL DE ZONA 2A (CDMX SUR),IMSS,Media,Buena,"19.405495, -99.112200"
2020-10-10,HOSPITAL GENERAL DE ZONA 30 (CDMX SUR),IMSS,Buena,Buena,"19.398836, -99.116913"
2020-10-10,HOSPITAL GENERAL DE ZONA 32 (CDMX SUR),IMSS,Buena,Buena,"19.307964, -99.130677"
2020-10-10,HOSPITAL GENERAL DE ZONA C/MF 08 (CDMX SUR),IMSS,Media,Buena,"19.337137, -99.200142"
2020-10-10,HOSPITAL GENERAL DE ZONA C/UMAA 48 (CDMX NORTE),IMSS,Buena,Buena,"19.482375, -99.213046"
2020-10-10,HOSPITAL GENERAL 02 (CDMX SUR) VILLA COAPA (COY.),IMSS,Buena,Buena,"19.309194, -99.129593"
2020-10-10,HOSPITAL DE ESPECIALIDADES 01 (CDMX NORTE) LA RAZA (AZC),IMSS,Buena,Buena,"19.467169, -99.143785"
2020-10-10,HOSPITAL GENERAL DE ZONA C/MF 29 (S. JUAN ARAGÓN),IMSS,Buena,Buena,"19.465117, -99.085162"
2020-10-10,HOSPITAL GENERAL DE ZONA 47 (CDMX SUR) (IZP),IMSS,Buena,Media,"19.357566, -99.054269"
2020-10-10,UNIDAD MÓVIL TEMPORAL COVID,IMSS,Media,Media,"19.403082, -99.089177"
2020-10-10,CRIT IZTAPALAPA,IMSS,Buena,Buena,"19.328321, -99.068530"
2020-10-10,HOSPITAL GENERAL REGIONAL 72,IMSS,Media,Media,"19.356913, -98.990929"
2020-10-10,HOSPITAL GENERAL REGIONAL 196,IMSS,Buena,Buena,"19.515133, -98.891450"
2020-10-10,HOSPITAL GENERAL REGIONAL 200,IMSS,Buena,Buena,"19.470300, -99.234208"
2020-10-10,HOSPITAL GENERAL DE ZONA 53,IMSS,Buena,Media,"19.597387, -99.188426"
2020-10-10,HOSPITAL GENERAL DE ZONA 197,IMSS,Buena,Buena,"19.530797, -99.222446"
2020-10-10,HOSPITAL GENERAL DE ZONA 194,IMSS,Media,Buena,"19.570070, -99.044009"
2020-10-10,HOSPITAL GENERAL DE ZONA 57 (LA QUEBRADA),IMSS,Buena,Buena,"19.542797, -99.205022"
2020-10-10,HOSPITAL GENERAL DE ZONA 58 (LAS MARGARITAS),IMSS,Media,Buena,"19.529016, -99.030983"
2020-10-10,HOSPITAL GENERAL DE ZONA 68 (TULPETLAC),IMSS,Buena,Buena,"19.742905, -98.972971"
2020-10-10,HOSPITAL GENERAL DE ZONA 71 (CHALCO),IMSS,Buena,Buena,"19.356913, -98.990929"
2020-10-10,HOSPITAL GENERAL DE ZONA 76 (XALOSTOC),IMSS,Media,Media,"19.515133, -98.891450"
2020-10-10,HOSPITAL GENERAL DE ZONA 98 (COACALCO),IMSS,Buena,Buena,"19.470300, -99.234208"
2020-10-10,CRIT NEZAHUALCÓYOTL,IMSS,Buena,Buena,"19.425795, -99.029987"
2020-10-10,CENTRO MEDICO 20 DE NOVIEMBRE,ISSSTE,Buena,Buena,"19.372720, -99.171205"
2020-10-10,HG DARIO FERNANDEZ FIERRO,ISSSTE,Media,Crítica,"19.363602, -99.188608"
2020-10-10,HG JOSE MARIA MORELOS,ISSSTE,Media,Media,"19.363918, -98.995393"
2020-10-10,HG TACUBA,ISSSTE,Buena,Buena,"19.454384, -99.191231"
2020-10-10,HG DR FERNANDO QUIROZ,ISSSTE,Buena,Buena,"19.394242, -99.194187"
2020-10-10,HG IGNACIO ZARAGOZA,ISSSTE,Buena,Media,"19.389472, -99.045019"
2020-10-10,HR PRIMERO DE OCTUBRE,ISSSTE,Media,Buena,"19.486751, -99.133249"
2020-10-10,HR LIC. ADOLFO LÓPEZ MATEOS,ISSSTE,Buena,Buena,"19.358451, -99.172716"
2020-10-10,HR BICENTENARIO DE LA INDEPENDENCIA,ISSSTE,Buena,Media,"19.628814, -99.163343"
2020-10-10,ALTA ESPECIALIDAD DE ZUMPANGO,EDOMEX,Buena,Buena,"19.815198, -99.089196"
2020-10-10,HOSPITAL REGIONAL TLALNEPANTLA ISSEMYM,EDOMEX,Buena,Buena,"19.521706, -99.187341"
2020-10-10,"HOSPITAL GENERAL ECATEPEC ""LAS AMÉRICAS""",EDOMEX,Buena,Media,"19.594136, -99.018679"
2020-10-10,"HOSPITAL GENERAL DE NAUCALPAN ""DR. MAXIMILIANO RUIZ CASTAÑEDA"" ",EDOMEX,Buena,Buena,"19.468662, -99.234348"
2020-10-10,"HOSPITAL GENERAL ATIZAPAN DE ZARAGOZA ""DR. SALVADOR GONZALEZ HERREJÓN""",EDOMEX,Buena,Buena,"19.546322, -99.237491"
2020-10-10,"HOSPITAL GENERAL CUAUTITLAN ""GRAL. JOSE VICENTE VILLADA""",EDOMEX,Buena,Buena,"19.664586, -99.178557"
2020-10-10,"HOSPITAL GENERAL DE NEZAHUALCOYOTL ""GUSTAVO BAZ PRADA""",EDOMEX,Buena,Buena,"19.422253, -99.014892"
2020-10-10,"HOSPITAL GENERAL DE ECATEPEC ""JOSÉ MARÍA RODRÍGUEZ""",EDOMEX,Buena,Buena,"19.514412, -99.038087"
2020-10-10,"HOSPITAL GENERAL NEZAHUALCOYOTL ""LA PERLA"" ",EDOMEX,Buena,Buena,"19.387963, -98.989442"
2020-10-10,HOSPITAL GENERAL DE CHIMALHUACAN,EDOMEX,Buena,Buena,"19.419753, -98.975140"
2020-10-10,"HOSPITAL GENERAL DE IXTAPALUCA ""PEDRO LOPEZ""",EDOMEX,Buena,Buena,"19.318829, -98.855366"
2020-10-10,HOSPITAL GENERAL DE CHALCO ,EDOMEX,Buena,Buena,"19.268265, -98.893965"
2020-10-10,"HOSPITAL GENERAL TEXCOCO ""GUADALUPE VICTORIA"" BICENTENARIO ",EDOMEX,Media,Buena,"19.514309, -98.871750"
2020-10-10,"HOSPITAL GENERAL VALLE DE CHALCO ""DR. FERNANDO QUIROZ GUTIERREZ"" ",EDOMEX,Buena,Buena,"19.273775, -98.941609"
2020-10-10,"HOSPITAL GENERAL AMECAMECA ""VALENTIN GOMEZ FARIAS"" ",EDOMEX,Buena,Buena,"19.144883, -98.785072"
2020-10-10,HOSPITAL GENERAL DE AXAPUSCO,EDOMEX,Buena,Buena,"19.732872, -98.769445"
2020-10-11,INSTITUTO NACIONAL DE NUTRICIÓN,SSA,Buena,Media,"19.289599, -99.155441"
2020-10-11,INER,SSA,Media,Media,"19.291375, -99.158653"
2020-10-11,HOSPITAL GENERAL DE MÉXICO,SSA,Buena,Buena,"19.4129258, -99.1520225"
2020-10-11,HOSPITAL JUAREZ,SSA,Media,Media,"19.481829, -99.135576"
2020-10-11,HOSPITAL GENERAL DR. MANUEL GEA GONZÁLEZ,SSA,Media,Buena,"19.290295, -99.160861"
2020-10-11,HOSPITAL INFANTIL DE MÉXICO FEDERICO GÓMEZ,SSA,Buena,Buena,"19.410839, -99.151941"
2020-10-11,INSTITUTO  NACIONAL DE CARDIOLOGÍA IGNACIO CHÁVEZ,SSA,Buena,Buena,"19.290598, -99.153838"
2020-10-11,CITIBANAMEX,SSA,Buena,Crítica,"19.439732, -99.224235"
2020-10-11,HOSPITAL REGIONAL DE ALTA ESPECIALIDAD DE IXTAPALUCA,SSA,Buena,Buena,"19.318796, -98.855353"
2020-10-11,BELISARIO DOMINGUEZ,SEDESA,Buena,Buena,"19.307226, -99.065356"
2020-10-11,ENRIQUE CABRERA,SEDESA,Media,Buena,"19.361675, -99.224432"
2020-10-11,GENERAL TLAHUAC,SEDESA,Buena,Buena,"19.287492, -99.052665"
2020-10-11,PEDIATRICO DE LA VILLA,SEDESA,Buena,Buena,"19.487355, -99.114316"
2020-10-11,HOSPITAL GENERAL AJUSCO MEDIO,SEDESA,Buena,Buena,"19.272165, -99.207846"
2020-10-11,HOSPITAL GENERAL IZTAPALAPA,SEDESA,Buena,Buena,"19.343426, -99.027236"
2020-10-11,HOSPITAL GENERAL XOCO,SEDESA,Buena,Buena,"19.360313, -99.162275"
2020-10-11,HOSPITAL GENERAL VILLA,SEDESA,Media,Buena,"19.480079, -99.103353"
2020-10-11,HOSPITAL GENERAL DR. RUBÉN LEÑERO,SEDESA,Crítica,Buena,"19.451398, -99.169565"
2020-10-11,HOSPITAL GENERAL MILPA ALTA,SEDESA,Buena,Buena,"19.200951, -99.011210"
2020-10-11,HOSPITAL GENERAL BALBUENA,SEDESA,Buena,Buena,"19.424195, -99.115412"
2020-10-11,HOSPITAL TEPEPAN,SEDESA,Sin Dato,Sin Dato,"19.275806, -99.144298"
2020-10-11,HOSPITAL DE ESPECIALIDADES 01 CMN SIGLO XXI (CDMX SUR),IMSS,Buena,Buena,"19.466549, -99.145102"
2020-10-11,HOSPITAL DE PEDIATRIA 01 CMN SIGLO XXI (CDMX SUR),IMSS,Buena,Buena,"19.407458, -99.152267"
2020-10-11,HOSPITAL GENERAL DE ZONA 01 CARLOS MC GREGOR (CDMX SUR),IMSS,Buena,Buena,"19.395912, -99.161610"
2020-10-11,HOSPITAL GENERAL DE ZONA 1A PARQUE DE LOS VENADOS (CDMX SUR),IMSS,Media,Buena,"19.374431, -99.151203"
2020-10-11,HOSPITAL DE INFECTOLOGIA 01 LA RAZA (CDMX NORTE),IMSS,Buena,Media,"19.464865, -99.144859"
2020-10-11,HOSPITAL GENERAL 01 (CDMX NORTE) LA RAZA,IMSS,Buena,Buena,"19.395740, -99.161677"
2020-10-11,HOSPITAL GENERAL DE ZONA 24 (CDMX NORTE),IMSS,Buena,Buena,"19.483221, -99.128448"
2020-10-11,HOSPITAL GENERAL DE ZONA 27 (CDMX NORTE),IMSS,Buena,Buena,"19.454776, -99.140007"
2020-10-11,HOSPITAL GENERAL DE ZONA 2A (CDMX SUR),IMSS,Media,Buena,"19.405495, -99.112200"
2020-10-11,HOSPITAL GENERAL DE ZONA 30 (CDMX SUR),IMSS,Buena,Buena,"19.398836, -99.116913"
2020-10-11,HOSPITAL GENERAL DE ZONA 32 (CDMX SUR),IMSS,Buena,Buena,"19.307964, -99.130677"
2020-10-11,HOSPITAL GENERAL DE ZONA C/MF 08 (CDMX SUR),IMSS,Buena,Buena,"19.337137, -99.200142"
2020-10-11,HOSPITAL GENERAL DE ZONA C/UMAA 48 (CDMX NORTE),IMSS,Buena,Buena,"19.482375, -99.213046"
2020-10-11,HOSPITAL GENERAL 02 (CDMX SUR) VILLA COAPA (COY.),IMSS,Buena,Buena,"19.309194, -99.129593"
2020-10-11,HOSPITAL DE ESPECIALIDADES 01 (CDMX NORTE) LA RAZA (AZC),IMSS,Buena,Buena,"19.467169, -99.143785"
2020-10-11,HOSPITAL GENERAL DE ZONA C/MF 29 (S. JUAN ARAGÓN),IMSS,Buena,Buena,"19.465117, -99.085162"
2020-10-11,HOSPITAL GENERAL DE ZONA 47 (CDMX SUR) (IZP),IMSS,Buena,Media,"19.357566, -99.054269"
2020-10-11,UNIDAD MÓVIL TEMPORAL COVID,IMSS,Media,Media,"19.403082, -99.089177"
2020-10-11,CRIT IZTAPALAPA,IMSS,Buena,Buena,"19.328321, -99.068530"
2020-10-11,HOSPITAL GENERAL REGIONAL 72,IMSS,Media,Media,"19.356913, -98.990929"
2020-10-11,HOSPITAL GENERAL REGIONAL 196,IMSS,Buena,Buena,"19.515133, -98.891450"
2020-10-11,HOSPITAL GENERAL REGIONAL 200,IMSS,Buena,Buena,"19.470300, -99.234208"
2020-10-11,HOSPITAL GENERAL DE ZONA 53,IMSS,Buena,Media,"19.597387, -99.188426"
2020-10-11,HOSPITAL GENERAL DE ZONA 197,IMSS,Buena,Buena,"19.530797, -99.222446"
2020-10-11,HOSPITAL GENERAL DE ZONA 194,IMSS,Buena,Buena,"19.570070, -99.044009"
2020-10-11,HOSPITAL GENERAL DE ZONA 57 (LA QUEBRADA),IMSS,Buena,Buena,"19.542797, -99.205022"
2020-10-11,HOSPITAL GENERAL DE ZONA 58 (LAS MARGARITAS),IMSS,Media,Buena,"19.529016, -99.030983"
2020-10-11,HOSPITAL GENERAL DE ZONA 68 (TULPETLAC),IMSS,Buena,Buena,"19.742905, -98.972971"
2020-10-11,HOSPITAL GENERAL DE ZONA 71 (CHALCO),IMSS,Buena,Buena,"19.356913, -98.990929"
2020-10-11,HOSPITAL GENERAL DE ZONA 76 (XALOSTOC),IMSS,Media,Buena,"19.515133, -98.891450"
2020-10-11,HOSPITAL GENERAL DE ZONA 98 (COACALCO),IMSS,Buena,Buena,"19.470300, -99.234208"
2020-10-11,CRIT NEZAHUALCÓYOTL,IMSS,Buena,Buena,"19.425795, -99.029987"
2020-10-11,CENTRO MEDICO 20 DE NOVIEMBRE,ISSSTE,Buena,Buena,"19.372720, -99.171205"
2020-10-11,HG DARIO FERNANDEZ FIERRO,ISSSTE,Media,Crítica,"19.363602, -99.188608"
2020-10-11,HG JOSE MARIA MORELOS,ISSSTE,Media,Media,"19.363918, -98.995393"
2020-10-11,HG TACUBA,ISSSTE,Media,Buena,"19.454384, -99.191231"
2020-10-11,HG DR FERNANDO QUIROZ,ISSSTE,Buena,Buena,"19.394242, -99.194187"
2020-10-11,HG IGNACIO ZARAGOZA,ISSSTE,Buena,Media,"19.389472, -99.045019"
2020-10-11,HR PRIMERO DE OCTUBRE,ISSSTE,Media,Buena,"19.486751, -99.133249"
2020-10-11,HR LIC. ADOLFO LÓPEZ MATEOS,ISSSTE,Buena,Buena,"19.358451, -99.172716"
2020-10-11,HR BICENTENARIO DE LA INDEPENDENCIA,ISSSTE,Buena,Media,"19.628814, -99.163343"
2020-10-11,ALTA ESPECIALIDAD DE ZUMPANGO,EDOMEX,Buena,Buena,"19.815198, -99.089196"
2020-10-11,HOSPITAL REGIONAL TLALNEPANTLA ISSEMYM,EDOMEX,Buena,Buena,"19.521706, -99.187341"
2020-10-11,"HOSPITAL GENERAL ECATEPEC ""LAS AMÉRICAS""",EDOMEX,Buena,Buena,"19.594136, -99.018679"
2020-10-11,"HOSPITAL GENERAL DE NAUCALPAN ""DR. MAXIMILIANO RUIZ CASTAÑEDA"" ",EDOMEX,Buena,Buena,"19.468662, -99.234348"
2020-10-11,"HOSPITAL GENERAL ATIZAPAN DE ZARAGOZA ""DR. SALVADOR GONZALEZ HERREJÓN""",EDOMEX,Buena,Buena,"19.546322, -99.237491"
2020-10-11,"HOSPITAL GENERAL CUAUTITLAN ""GRAL. JOSE VICENTE VILLADA""",EDOMEX,Buena,Buena,"19.664586, -99.178557"
2020-10-11,"HOSPITAL GENERAL DE NEZAHUALCOYOTL ""GUSTAVO BAZ PRADA""",EDOMEX,Buena,Buena,"19.422253, -99.014892"
2020-10-11,"HOSPITAL GENERAL DE ECATEPEC ""JOSÉ MARÍA RODRÍGUEZ""",EDOMEX,Buena,Buena,"19.514412, -99.038087"
2020-10-11,"HOSPITAL GENERAL NEZAHUALCOYOTL ""LA PERLA"" ",EDOMEX,Buena,Buena,"19.387963, -98.989442"
2020-10-11,HOSPITAL GENERAL DE CHIMALHUACAN,EDOMEX,Buena,Buena,"19.419753, -98.975140"
2020-10-11,"HOSPITAL GENERAL DE IXTAPALUCA ""PEDRO LOPEZ""",EDOMEX,Buena,Buena,"19.318829, -98.855366"
2020-10-11,HOSPITAL GENERAL DE CHALCO ,EDOMEX,Buena,Buena,"19.268265, -98.893965"
2020-10-11,"HOSPITAL GENERAL TEXCOCO ""GUADALUPE VICTORIA"" BICENTENARIO ",EDOMEX,Buena,Buena,"19.514309, -98.871750"
2020-10-11,"HOSPITAL GENERAL VALLE DE CHALCO ""DR. FERNANDO QUIROZ GUTIERREZ"" ",EDOMEX,Buena,Buena,"19.273775, -98.941609"
2020-10-11,"HOSPITAL GENERAL AMECAMECA ""VALENTIN GOMEZ FARIAS"" ",EDOMEX,Buena,Buena,"19.144883, -98.785072"
2020-10-11,HOSPITAL GENERAL DE AXAPUSCO,EDOMEX,Buena,Buena,"19.732872, -98.769445"
2020-10-12,INSTITUTO NACIONAL DE NUTRICIÓN,SSA,Buena,Media,"19.289599, -99.155441"
2020-10-12,INER,SSA,Media,Media,"19.291375, -99.158653"
2020-10-12,HOSPITAL GENERAL DE MÉXICO,SSA,Buena,Buena,"19.4129258, -99.1520225"
2020-10-12,HOSPITAL JUAREZ,SSA,Media,Media,"19.481829, -99.135576"
2020-10-12,HOSPITAL GENERAL DR. MANUEL GEA GONZÁLEZ,SSA,Media,Buena,"19.290295, -99.160861"
2020-10-12,HOSPITAL INFANTIL DE MÉXICO FEDERICO GÓMEZ,SSA,Buena,Buena,"19.410839, -99.151941"
2020-10-12,INSTITUTO  NACIONAL DE CARDIOLOGÍA IGNACIO CHÁVEZ,SSA,Buena,Buena,"19.290598, -99.153838"
2020-10-12,CITIBANAMEX,SSA,Buena,Crítica,"19.439732, -99.224235"
2020-10-12,HOSPITAL REGIONAL DE ALTA ESPECIALIDAD DE IXTAPALUCA,SSA,Buena,Buena,"19.318796, -98.855353"
2020-10-12,BELISARIO DOMINGUEZ,SEDESA,Buena,Buena,"19.307226, -99.065356"
2020-10-12,ENRIQUE CABRERA,SEDESA,Media,Buena,"19.361675, -99.224432"
2020-10-12,GENERAL TLAHUAC,SEDESA,Buena,Buena,"19.287492, -99.052665"
2020-10-12,PEDIATRICO DE LA VILLA,SEDESA,Buena,Buena,"19.487355, -99.114316"
2020-10-12,HOSPITAL GENERAL AJUSCO MEDIO,SEDESA,Buena,Buena,"19.272165, -99.207846"
2020-10-12,HOSPITAL GENERAL IZTAPALAPA,SEDESA,Buena,Buena,"19.343426, -99.027236"
2020-10-12,HOSPITAL GENERAL XOCO,SEDESA,Buena,Buena,"19.360313, -99.162275"
2020-10-12,HOSPITAL GENERAL VILLA,SEDESA,Media,Buena,"19.480079, -99.103353"
2020-10-12,HOSPITAL GENERAL DR. RUBÉN LEÑERO,SEDESA,Media,Buena,"19.451398, -99.169565"
2020-10-12,HOSPITAL GENERAL MILPA ALTA,SEDESA,Buena,Buena,"19.200951, -99.011210"
2020-10-12,HOSPITAL GENERAL BALBUENA,SEDESA,Buena,Buena,"19.424195, -99.115412"
2020-10-12,HOSPITAL TEPEPAN,SEDESA,Sin Dato,Sin Dato,"19.275806, -99.144298"
2020-10-12,HOSPITAL DE ESPECIALIDADES 01 CMN SIGLO XXI (CDMX SUR),IMSS,Buena,Buena,"19.466549, -99.145102"
2020-10-12,HOSPITAL DE PEDIATRIA 01 CMN SIGLO XXI (CDMX SUR),IMSS,Buena,Buena,"19.407458, -99.152267"
2020-10-12,HOSPITAL GENERAL DE ZONA 01 CARLOS MC GREGOR (CDMX SUR),IMSS,Buena,Buena,"19.395912, -99.161610"
2020-10-12,HOSPITAL GENERAL DE ZONA 1A PARQUE DE LOS VENADOS (CDMX SUR),IMSS,Media,Buena,"19.374431, -99.151203"
2020-10-12,HOSPITAL DE INFECTOLOGIA 01 LA RAZA (CDMX NORTE),IMSS,Buena,Media,"19.464865, -99.144859"
2020-10-12,HOSPITAL GENERAL 01 (CDMX NORTE) LA RAZA,IMSS,Buena,Buena,"19.395740, -99.161677"
2020-10-12,HOSPITAL GENERAL DE ZONA 24 (CDMX NORTE),IMSS,Buena,Buena,"19.483221, -99.128448"
2020-10-12,HOSPITAL GENERAL DE ZONA 27 (CDMX NORTE),IMSS,Buena,Buena,"19.454776, -99.140007"
2020-10-12,HOSPITAL GENERAL DE ZONA 2A (CDMX SUR),IMSS,Media,Buena,"19.405495, -99.112200"
2020-10-12,HOSPITAL GENERAL DE ZONA 30 (CDMX SUR),IMSS,Buena,Buena,"19.398836, -99.116913"
2020-10-12,HOSPITAL GENERAL DE ZONA 32 (CDMX SUR),IMSS,Buena,Buena,"19.307964, -99.130677"
2020-10-12,HOSPITAL GENERAL DE ZONA C/MF 08 (CDMX SUR),IMSS,Buena,Buena,"19.337137, -99.200142"
2020-10-12,HOSPITAL GENERAL DE ZONA C/UMAA 48 (CDMX NORTE),IMSS,Buena,Buena,"19.482375, -99.213046"
2020-10-12,HOSPITAL GENERAL 02 (CDMX SUR) VILLA COAPA (COY.),IMSS,Buena,Media,"19.309194, -99.129593"
2020-10-12,HOSPITAL DE ESPECIALIDADES 01 (CDMX NORTE) LA RAZA (AZC),IMSS,Media,Buena,"19.467169, -99.143785"
2020-10-12,HOSPITAL GENERAL DE ZONA C/MF 29 (S. JUAN ARAGÓN),IMSS,Buena,Buena,"19.465117, -99.085162"
2020-10-12,HOSPITAL GENERAL DE ZONA 47 (CDMX SUR) (IZP),IMSS,Buena,Media,"19.357566, -99.054269"
2020-10-12,UNIDAD MÓVIL TEMPORAL COVID,IMSS,Buena,Media,"19.403082, -99.089177"
2020-10-12,CRIT IZTAPALAPA,IMSS,Buena,Buena,"19.328321, -99.068530"
2020-10-12,HOSPITAL GENERAL REGIONAL 72,IMSS,Media,Buena,"19.356913, -98.990929"
2020-10-12,HOSPITAL GENERAL REGIONAL 196,IMSS,Buena,Buena,"19.515133, -98.891450"
2020-10-12,HOSPITAL GENERAL REGIONAL 200,IMSS,Buena,Buena,"19.470300, -99.234208"
2020-10-12,HOSPITAL GENERAL DE ZONA 53,IMSS,Buena,Media,"19.597387, -99.188426"
2020-10-12,HOSPITAL GENERAL DE ZONA 197,IMSS,Buena,Buena,"19.530797, -99.222446"
2020-10-12,HOSPITAL GENERAL DE ZONA 194,IMSS,Media,Buena,"19.570070, -99.044009"
2020-10-12,HOSPITAL GENERAL DE ZONA 57 (LA QUEBRADA),IMSS,Buena,Buena,"19.542797, -99.205022"
2020-10-12,HOSPITAL GENERAL DE ZONA 58 (LAS MARGARITAS),IMSS,Media,Buena,"19.529016, -99.030983"
2020-10-12,HOSPITAL GENERAL DE ZONA 68 (TULPETLAC),IMSS,Buena,Buena,"19.742905, -98.972971"
2020-10-12,HOSPITAL GENERAL DE ZONA 71 (CHALCO),IMSS,Buena,Buena,"19.356913, -98.990929"
2020-10-12,HOSPITAL GENERAL DE ZONA 76 (XALOSTOC),IMSS,Media,Buena,"19.515133, -98.891450"
2020-10-12,HOSPITAL GENERAL DE ZONA 98 (COACALCO),IMSS,Buena,Buena,"19.470300, -99.234208"
2020-10-12,CRIT NEZAHUALCÓYOTL,IMSS,Buena,Buena,"19.425795, -99.029987"
2020-10-12,CENTRO MEDICO 20 DE NOVIEMBRE,ISSSTE,Buena,Buena,"19.372720, -99.171205"
2020-10-12,HG DARIO FERNANDEZ FIERRO,ISSSTE,Media,Crítica,"19.363602, -99.188608"
2020-10-12,HG JOSE MARIA MORELOS,ISSSTE,Buena,Media,"19.363918, -98.995393"
2020-10-12,HG TACUBA,ISSSTE,Media,Buena,"19.454384, -99.191231"
2020-10-12,HG DR FERNANDO QUIROZ,ISSSTE,Buena,Buena,"19.394242, -99.194187"
2020-10-12,HG IGNACIO ZARAGOZA,ISSSTE,Buena,Buena,"19.389472, -99.045019"
2020-10-12,HR PRIMERO DE OCTUBRE,ISSSTE,Media,Media,"19.486751, -99.133249"
2020-10-12,HR LIC. ADOLFO LÓPEZ MATEOS,ISSSTE,Buena,Buena,"19.358451, -99.172716"
2020-10-12,HR BICENTENARIO DE LA INDEPENDENCIA,ISSSTE,Buena,Media,"19.628814, -99.163343"
2020-10-12,ALTA ESPECIALIDAD DE ZUMPANGO,EDOMEX,Buena,Buena,"19.815198, -99.089196"
2020-10-12,HOSPITAL REGIONAL TLALNEPANTLA ISSEMYM,EDOMEX,Buena,Buena,"19.521706, -99.187341"
2020-10-12,"HOSPITAL GENERAL ECATEPEC ""LAS AMÉRICAS""",EDOMEX,Buena,Buena,"19.594136, -99.018679"
2020-10-12,"HOSPITAL GENERAL DE NAUCALPAN ""DR. MAXIMILIANO RUIZ CASTAÑEDA"" ",EDOMEX,Buena,Buena,"19.468662, -99.234348"
2020-10-12,"HOSPITAL GENERAL ATIZAPAN DE ZARAGOZA ""DR. SALVADOR GONZALEZ HERREJÓN""",EDOMEX,Buena,Buena,"19.546322, -99.237491"
2020-10-12,"HOSPITAL GENERAL CUAUTITLAN ""GRAL. JOSE VICENTE VILLADA""",EDOMEX,Buena,Buena,"19.664586, -99.178557"
2020-10-12,"HOSPITAL GENERAL DE NEZAHUALCOYOTL ""GUSTAVO BAZ PRADA""",EDOMEX,Buena,Buena,"19.422253, -99.014892"
2020-10-12,"HOSPITAL GENERAL DE ECATEPEC ""JOSÉ MARÍA RODRÍGUEZ""",EDOMEX,Buena,Buena,"19.514412, -99.038087"
2020-10-12,"HOSPITAL GENERAL NEZAHUALCOYOTL ""LA PERLA"" ",EDOMEX,Buena,Buena,"19.387963, -98.989442"
2020-10-12,HOSPITAL GENERAL DE CHIMALHUACAN,EDOMEX,Buena,Buena,"19.419753, -98.975140"
2020-10-12,"HOSPITAL GENERAL DE IXTAPALUCA ""PEDRO LOPEZ""",EDOMEX,Buena,Buena,"19.318829, -98.855366"
2020-10-12,HOSPITAL GENERAL DE CHALCO ,EDOMEX,Buena,Buena,"19.268265, -98.893965"
2020-10-12,"HOSPITAL GENERAL TEXCOCO ""GUADALUPE VICTORIA"" BICENTENARIO ",EDOMEX,Buena,Buena,"19.514309, -98.871750"
2020-10-12,"HOSPITAL GENERAL VALLE DE CHALCO ""DR. FERNANDO QUIROZ GUTIERREZ"" ",EDOMEX,Buena,Buena,"19.273775, -98.941609"
2020-10-12,"HOSPITAL GENERAL AMECAMECA ""VALENTIN GOMEZ FARIAS"" ",EDOMEX,Buena,Buena,"19.144883, -98.785072"
2020-10-12,HOSPITAL GENERAL DE AXAPUSCO,EDOMEX,Buena,Buena,"19.732872, -98.769445"
2020-10-13,INSTITUTO NACIONAL DE NUTRICIÓN,SSA,Buena,Media,"19.289599, -99.155441"
2020-10-13,INER,SSA,Crítica,Media,"19.291375, -99.158653"
2020-10-13,HOSPITAL GENERAL DE MÉXICO,SSA,Buena,Buena,"19.4129258, -99.1520225"
2020-10-13,HOSPITAL JUAREZ,SSA,Media,Media,"19.481829, -99.135576"
2020-10-13,HOSPITAL GENERAL DR. MANUEL GEA GONZÁLEZ,SSA,Media,Media,"19.290295, -99.160861"
2020-10-13,HOSPITAL INFANTIL DE MÉXICO FEDERICO GÓMEZ,SSA,Buena,Buena,"19.410839, -99.151941"
2020-10-13,INSTITUTO  NACIONAL DE CARDIOLOGÍA IGNACIO CHÁVEZ,SSA,Buena,Buena,"19.290598, -99.153838"
2020-10-13,CITIBANAMEX,SSA,Buena,Crítica,"19.439732, -99.224235"
2020-10-13,HOSPITAL REGIONAL DE ALTA ESPECIALIDAD DE IXTAPALUCA,SSA,Buena,Buena,"19.318796, -98.855353"
2020-10-13,BELISARIO DOMINGUEZ,SEDESA,Media,Buena,"19.307226, -99.065356"
2020-10-13,ENRIQUE CABRERA,SEDESA,Media,Buena,"19.361675, -99.224432"
2020-10-13,GENERAL TLAHUAC,SEDESA,Buena,Buena,"19.287492, -99.052665"
2020-10-13,PEDIATRICO DE LA VILLA,SEDESA,Buena,Buena,"19.487355, -99.114316"
2020-10-13,HOSPITAL GENERAL AJUSCO MEDIO,SEDESA,Buena,Buena,"19.272165, -99.207846"
2020-10-13,HOSPITAL GENERAL IZTAPALAPA,SEDESA,Buena,Buena,"19.343426, -99.027236"
2020-10-13,HOSPITAL GENERAL XOCO,SEDESA,Buena,Buena,"19.360313, -99.162275"
2020-10-13,HOSPITAL GENERAL VILLA,SEDESA,Media,Buena,"19.480079, -99.103353"
2020-10-13,HOSPITAL GENERAL DR. RUBÉN LEÑERO,SEDESA,Media,Media,"19.451398, -99.169565"
2020-10-13,HOSPITAL GENERAL MILPA ALTA,SEDESA,Buena,Buena,"19.200951, -99.011210"
2020-10-13,HOSPITAL GENERAL BALBUENA,SEDESA,Buena,Buena,"19.424195, -99.115412"
2020-10-13,HOSPITAL TEPEPAN,SEDESA,Sin Dato,Sin Dato,"19.275806, -99.144298"
2020-10-13,HOSPITAL DE ESPECIALIDADES 01 CMN SIGLO XXI (CDMX SUR),IMSS,Buena,Buena,"19.466549, -99.145102"
2020-10-13,HOSPITAL DE PEDIATRIA 01 CMN SIGLO XXI (CDMX SUR),IMSS,Buena,Buena,"19.407458, -99.152267"
2020-10-13,HOSPITAL GENERAL DE ZONA 01 CARLOS MC GREGOR (CDMX SUR),IMSS,Buena,Buena,"19.395912, -99.161610"
2020-10-13,HOSPITAL GENERAL DE ZONA 1A PARQUE DE LOS VENADOS (CDMX SUR),IMSS,Media,Buena,"19.374431, -99.151203"
2020-10-13,HOSPITAL DE INFECTOLOGIA 01 LA RAZA (CDMX NORTE),IMSS,Buena,Media,"19.464865, -99.144859"
2020-10-13,HOSPITAL GENERAL 01 (CDMX NORTE) LA RAZA,IMSS,Buena,Buena,"19.395740, -99.161677"
2020-10-13,HOSPITAL GENERAL DE ZONA 24 (CDMX NORTE),IMSS,Buena,Buena,"19.483221, -99.128448"
2020-10-13,HOSPITAL GENERAL DE ZONA 27 (CDMX NORTE),IMSS,Buena,Buena,"19.454776, -99.140007"
2020-10-13,HOSPITAL GENERAL DE ZONA 2A (CDMX SUR),IMSS,Media,Buena,"19.405495, -99.112200"
2020-10-13,HOSPITAL GENERAL DE ZONA 30 (CDMX SUR),IMSS,Buena,Buena,"19.398836, -99.116913"
2020-10-13,HOSPITAL GENERAL DE ZONA 32 (CDMX SUR),IMSS,Buena,Buena,"19.307964, -99.130677"
2020-10-13,HOSPITAL GENERAL DE ZONA C/MF 08 (CDMX SUR),IMSS,Buena,Media,"19.337137, -99.200142"
2020-10-13,HOSPITAL GENERAL DE ZONA C/UMAA 48 (CDMX NORTE),IMSS,Buena,Buena,"19.482375, -99.213046"
2020-10-13,HOSPITAL GENERAL 02 (CDMX SUR) VILLA COAPA (COY.),IMSS,Buena,Media,"19.309194, -99.129593"
2020-10-13,HOSPITAL DE ESPECIALIDADES 01 (CDMX NORTE) LA RAZA (AZC),IMSS,Media,Buena,"19.467169, -99.143785"
2020-10-13,HOSPITAL GENERAL DE ZONA C/MF 29 (S. JUAN ARAGÓN),IMSS,Buena,Buena,"19.465117, -99.085162"
2020-10-13,HOSPITAL GENERAL DE ZONA 47 (CDMX SUR) (IZP),IMSS,Buena,Buena,"19.357566, -99.054269"
2020-10-13,UNIDAD MÓVIL TEMPORAL COVID,IMSS,Buena,Media,"19.403082, -99.089177"
2020-10-13,CRIT IZTAPALAPA,IMSS,Buena,Buena,"19.328321, -99.068530"
2020-10-13,HOSPITAL GENERAL REGIONAL 72,IMSS,Media,Buena,"19.356913, -98.990929"
2020-10-13,HOSPITAL GENERAL REGIONAL 196,IMSS,Buena,Buena,"19.515133, -98.891450"
2020-10-13,HOSPITAL GENERAL REGIONAL 200,IMSS,Buena,Buena,"19.470300, -99.234208"
2020-10-13,HOSPITAL GENERAL DE ZONA 53,IMSS,Buena,Media,"19.597387, -99.188426"
2020-10-13,HOSPITAL GENERAL DE ZONA 197,IMSS,Buena,Buena,"19.530797, -99.222446"
2020-10-13,HOSPITAL GENERAL DE ZONA 194,IMSS,Media,Buena,"19.570070, -99.044009"
2020-10-13,HOSPITAL GENERAL DE ZONA 57 (LA QUEBRADA),IMSS,Buena,Buena,"19.542797, -99.205022"
2020-10-13,HOSPITAL GENERAL DE ZONA 58 (LAS MARGARITAS),IMSS,Media,Buena,"19.529016, -99.030983"
2020-10-13,HOSPITAL GENERAL DE ZONA 68 (TULPETLAC),IMSS,Buena,Buena,"19.742905, -98.972971"
2020-10-13,HOSPITAL GENERAL DE ZONA 71 (CHALCO),IMSS,Buena,Buena,"19.356913, -98.990929"
2020-10-13,HOSPITAL GENERAL DE ZONA 76 (XALOSTOC),IMSS,Media,Buena,"19.515133, -98.891450"
2020-10-13,HOSPITAL GENERAL DE ZONA 98 (COACALCO),IMSS,Buena,Buena,"19.470300, -99.234208"
2020-10-13,CRIT NEZAHUALCÓYOTL,IMSS,Buena,Buena,"19.425795, -99.029987"
2020-10-13,CENTRO MEDICO 20 DE NOVIEMBRE,ISSSTE,Buena,Buena,"19.372720, -99.171205"
2020-10-13,HG DARIO FERNANDEZ FIERRO,ISSSTE,Buena,Crítica,"19.363602, -99.188608"
2020-10-13,HG JOSE MARIA MORELOS,ISSSTE,Buena,Crítica,"19.363918, -98.995393"
2020-10-13,HG TACUBA,ISSSTE,Buena,Buena,"19.454384, -99.191231"
2020-10-13,HG DR FERNANDO QUIROZ,ISSSTE,Buena,Buena,"19.394242, -99.194187"
2020-10-13,HG IGNACIO ZARAGOZA,ISSSTE,Buena,Buena,"19.389472, -99.045019"
2020-10-13,HR PRIMERO DE OCTUBRE,ISSSTE,Media,Buena,"19.486751, -99.133249"
2020-10-13,HR LIC. ADOLFO LÓPEZ MATEOS,ISSSTE,Buena,Buena,"19.358451, -99.172716"
2020-10-13,HR BICENTENARIO DE LA INDEPENDENCIA,ISSSTE,Buena,Media,"19.628814, -99.163343"
2020-10-13,ALTA ESPECIALIDAD DE ZUMPANGO,EDOMEX,Buena,Buena,"19.815198, -99.089196"
2020-10-13,HOSPITAL REGIONAL TLALNEPANTLA ISSEMYM,EDOMEX,Buena,Buena,"19.521706, -99.187341"
2020-10-13,"HOSPITAL GENERAL ECATEPEC ""LAS AMÉRICAS""",EDOMEX,Buena,Buena,"19.594136, -99.018679"
2020-10-13,"HOSPITAL GENERAL DE NAUCALPAN ""DR. MAXIMILIANO RUIZ CASTAÑEDA"" ",EDOMEX,Buena,Buena,"19.468662, -99.234348"
2020-10-13,"HOSPITAL GENERAL ATIZAPAN DE ZARAGOZA ""DR. SALVADOR GONZALEZ HERREJÓN""",EDOMEX,Buena,Buena,"19.546322, -99.237491"
2020-10-13,"HOSPITAL GENERAL CUAUTITLAN ""GRAL. JOSE VICENTE VILLADA""",EDOMEX,Buena,Buena,"19.664586, -99.178557"
2020-10-13,"HOSPITAL GENERAL DE NEZAHUALCOYOTL ""GUSTAVO BAZ PRADA""",EDOMEX,Buena,Media,"19.422253, -99.014892"
2020-10-13,"HOSPITAL GENERAL DE ECATEPEC ""JOSÉ MARÍA RODRÍGUEZ""",EDOMEX,Buena,Buena,"19.514412, -99.038087"
2020-10-13,"HOSPITAL GENERAL NEZAHUALCOYOTL ""LA PERLA"" ",EDOMEX,Buena,Buena,"19.387963, -98.989442"
2020-10-13,HOSPITAL GENERAL DE CHIMALHUACAN,EDOMEX,Buena,Buena,"19.419753, -98.975140"
2020-10-13,"HOSPITAL GENERAL DE IXTAPALUCA ""PEDRO LOPEZ""",EDOMEX,Buena,Buena,"19.318829, -98.855366"
2020-10-13,HOSPITAL GENERAL DE CHALCO ,EDOMEX,Buena,Buena,"19.268265, -98.893965"
2020-10-13,"HOSPITAL GENERAL TEXCOCO ""GUADALUPE VICTORIA"" BICENTENARIO ",EDOMEX,Buena,Buena,"19.514309, -98.871750"
2020-10-13,"HOSPITAL GENERAL VALLE DE CHALCO ""DR. FERNANDO QUIROZ GUTIERREZ"" ",EDOMEX,Buena,Buena,"19.273775, -98.941609"
2020-10-13,"HOSPITAL GENERAL AMECAMECA ""VALENTIN GOMEZ FARIAS"" ",EDOMEX,Buena,Buena,"19.144883, -98.785072"
2020-10-13,HOSPITAL GENERAL DE AXAPUSCO,EDOMEX,Buena,Buena,"19.732872, -98.769445"
2020-10-14,INSTITUTO NACIONAL DE NUTRICIÓN,SSA,Buena,Media,"19.289599, -99.155441"
2020-10-14,INER,SSA,Crítica,Media,"19.291375, -99.158653"
2020-10-14,HOSPITAL GENERAL DE MÉXICO,SSA,Buena,Buena,"19.4129258, -99.1520225"
2020-10-14,HOSPITAL JUAREZ,SSA,Media,Buena,"19.481829, -99.135576"
2020-10-14,HOSPITAL GENERAL DR. MANUEL GEA GONZÁLEZ,SSA,Media,Media,"19.290295, -99.160861"
2020-10-14,HOSPITAL INFANTIL DE MÉXICO FEDERICO GÓMEZ,SSA,Buena,Buena,"19.410839, -99.151941"
2020-10-14,INSTITUTO  NACIONAL DE CARDIOLOGÍA IGNACIO CHÁVEZ,SSA,Buena,Buena,"19.290598, -99.153838"
2020-10-14,CITIBANAMEX,SSA,Buena,Crítica,"19.439732, -99.224235"
2020-10-14,HOSPITAL REGIONAL DE ALTA ESPECIALIDAD DE IXTAPALUCA,SSA,Buena,Buena,"19.318796, -98.855353"
2020-10-14,BELISARIO DOMINGUEZ,SEDESA,Media,Buena,"19.307226, -99.065356"
2020-10-14,ENRIQUE CABRERA,SEDESA,Buena,Buena,"19.361675, -99.224432"
2020-10-14,GENERAL TLAHUAC,SEDESA,Buena,Buena,"19.287492, -99.052665"
2020-10-14,PEDIATRICO DE LA VILLA,SEDESA,Buena,Buena,"19.487355, -99.114316"
2020-10-14,HOSPITAL GENERAL AJUSCO MEDIO,SEDESA,Buena,Buena,"19.272165, -99.207846"
2020-10-14,HOSPITAL GENERAL IZTAPALAPA,SEDESA,Buena,Buena,"19.343426, -99.027236"
2020-10-14,HOSPITAL GENERAL XOCO,SEDESA,Buena,Buena,"19.360313, -99.162275"
2020-10-14,HOSPITAL GENERAL VILLA,SEDESA,Media,Buena,"19.480079, -99.103353"
2020-10-14,HOSPITAL GENERAL DR. RUBÉN LEÑERO,SEDESA,Crítica,Buena,"19.451398, -99.169565"
2020-10-14,HOSPITAL GENERAL MILPA ALTA,SEDESA,Buena,Buena,"19.200951, -99.011210"
2020-10-14,HOSPITAL GENERAL BALBUENA,SEDESA,Buena,Buena,"19.424195, -99.115412"
2020-10-14,HOSPITAL TEPEPAN,SEDESA,Sin Dato,Sin Dato,"19.275806, -99.144298"
2020-10-14,HOSPITAL DE ESPECIALIDADES 01 CMN SIGLO XXI (CDMX SUR),IMSS,Buena,Buena,"19.466549, -99.145102"
2020-10-14,HOSPITAL DE PEDIATRIA 01 CMN SIGLO XXI (CDMX SUR),IMSS,Buena,Buena,"19.407458, -99.152267"
2020-10-14,HOSPITAL GENERAL DE ZONA 01 CARLOS MC GREGOR (CDMX SUR),IMSS,Buena,Buena,"19.395912, -99.161610"
2020-10-14,HOSPITAL GENERAL DE ZONA 1A PARQUE DE LOS VENADOS (CDMX SUR),IMSS,Media,Buena,"19.374431, -99.151203"
2020-10-14,HOSPITAL DE INFECTOLOGIA 01 LA RAZA (CDMX NORTE),IMSS,Media,Buena,"19.464865, -99.144859"
2020-10-14,HOSPITAL GENERAL 01 (CDMX NORTE) LA RAZA,IMSS,Buena,Buena,"19.395740, -99.161677"
2020-10-14,HOSPITAL GENERAL DE ZONA 24 (CDMX NORTE),IMSS,Buena,Buena,"19.483221, -99.128448"
2020-10-14,HOSPITAL GENERAL DE ZONA 27 (CDMX NORTE),IMSS,Buena,Buena,"19.454776, -99.140007"
2020-10-14,HOSPITAL GENERAL DE ZONA 2A (CDMX SUR),IMSS,Media,Media,"19.405495, -99.112200"
2020-10-14,HOSPITAL GENERAL DE ZONA 30 (CDMX SUR),IMSS,Buena,Buena,"19.398836, -99.116913"
2020-10-14,HOSPITAL GENERAL DE ZONA 32 (CDMX SUR),IMSS,Buena,Buena,"19.307964, -99.130677"
2020-10-14,HOSPITAL GENERAL DE ZONA C/MF 08 (CDMX SUR),IMSS,Buena,Media,"19.337137, -99.200142"
2020-10-14,HOSPITAL GENERAL DE ZONA C/UMAA 48 (CDMX NORTE),IMSS,Buena,Buena,"19.482375, -99.213046"
2020-10-14,HOSPITAL GENERAL 02 (CDMX SUR) VILLA COAPA (COY.),IMSS,Buena,Media,"19.309194, -99.129593"
2020-10-14,HOSPITAL DE ESPECIALIDADES 01 (CDMX NORTE) LA RAZA (AZC),IMSS,Media,Buena,"19.467169, -99.143785"
2020-10-14,HOSPITAL GENERAL DE ZONA C/MF 29 (S. JUAN ARAGÓN),IMSS,Buena,Buena,"19.465117, -99.085162"
2020-10-14,HOSPITAL GENERAL DE ZONA 47 (CDMX SUR) (IZP),IMSS,Buena,Buena,"19.357566, -99.054269"
2020-10-14,UNIDAD MÓVIL TEMPORAL COVID,IMSS,Buena,Media,"19.403082, -99.089177"
2020-10-14,CRIT IZTAPALAPA,IMSS,Buena,Buena,"19.328321, -99.068530"
2020-10-14,HOSPITAL GENERAL REGIONAL 72,IMSS,Crítica,Buena,"19.356913, -98.990929"
2020-10-14,HOSPITAL GENERAL REGIONAL 196,IMSS,Buena,Buena,"19.515133, -98.891450"
2020-10-14,HOSPITAL GENERAL REGIONAL 200,IMSS,Buena,Buena,"19.470300, -99.234208"
2020-10-14,HOSPITAL GENERAL DE ZONA 53,IMSS,Media,Media,"19.597387, -99.188426"
2020-10-14,HOSPITAL GENERAL DE ZONA 197,IMSS,Buena,Buena,"19.530797, -99.222446"
2020-10-14,HOSPITAL GENERAL DE ZONA 194,IMSS,Media,Buena,"19.570070, -99.044009"
2020-10-14,HOSPITAL GENERAL DE ZONA 57 (LA QUEBRADA),IMSS,Buena,Buena,"19.542797, -99.205022"
2020-10-14,HOSPITAL GENERAL DE ZONA 58 (LAS MARGARITAS),IMSS,Media,Buena,"19.529016, -99.030983"
2020-10-14,HOSPITAL GENERAL DE ZONA 68 (TULPETLAC),IMSS,Buena,Buena,"19.742905, -98.972971"
2020-10-14,HOSPITAL GENERAL DE ZONA 71 (CHALCO),IMSS,Buena,Buena,"19.356913, -98.990929"
2020-10-14,HOSPITAL GENERAL DE ZONA 76 (XALOSTOC),IMSS,Media,Buena,"19.515133, -98.891450"
2020-10-14,HOSPITAL GENERAL DE ZONA 98 (COACALCO),IMSS,Buena,Buena,"19.470300, -99.234208"
2020-10-14,CRIT NEZAHUALCÓYOTL,IMSS,Buena,Buena,"19.425795, -99.029987"
2020-10-14,CENTRO MEDICO 20 DE NOVIEMBRE,ISSSTE,Buena,Buena,"19.372720, -99.171205"
2020-10-14,HG DARIO FERNANDEZ FIERRO,ISSSTE,Buena,Crítica,"19.363602, -99.188608"
2020-10-14,HG JOSE MARIA MORELOS,ISSSTE,Buena,Crítica,"19.363918, -98.995393"
2020-10-14,HG TACUBA,ISSSTE,Buena,Media,"19.454384, -99.191231"
2020-10-14,HG DR FERNANDO QUIROZ,ISSSTE,Buena,Buena,"19.394242, -99.194187"
2020-10-14,HG IGNACIO ZARAGOZA,ISSSTE,Buena,Buena,"19.389472, -99.045019"
2020-10-14,HR PRIMERO DE OCTUBRE,ISSSTE,Media,Buena,"19.486751, -99.133249"
2020-10-14,HR LIC. ADOLFO LÓPEZ MATEOS,ISSSTE,Buena,Buena,"19.358451, -99.172716"
2020-10-14,HR BICENTENARIO DE LA INDEPENDENCIA,ISSSTE,Buena,Media,"19.628814, -99.163343"
2020-10-14,ALTA ESPECIALIDAD DE ZUMPANGO,EDOMEX,Buena,Buena,"19.815198, -99.089196"
2020-10-14,HOSPITAL REGIONAL TLALNEPANTLA ISSEMYM,EDOMEX,Buena,Buena,"19.521706, -99.187341"
2020-10-14,"HOSPITAL GENERAL ECATEPEC ""LAS AMÉRICAS""",EDOMEX,Buena,Buena,"19.594136, -99.018679"
2020-10-14,"HOSPITAL GENERAL DE NAUCALPAN ""DR. MAXIMILIANO RUIZ CASTAÑEDA"" ",EDOMEX,Buena,Buena,"19.468662, -99.234348"
2020-10-14,"HOSPITAL GENERAL ATIZAPAN DE ZARAGOZA ""DR. SALVADOR GONZALEZ HERREJÓN""",EDOMEX,Buena,Buena,"19.546322, -99.237491"
2020-10-14,"HOSPITAL GENERAL CUAUTITLAN ""GRAL. JOSE VICENTE VILLADA""",EDOMEX,Buena,Buena,"19.664586, -99.178557"
2020-10-14,"HOSPITAL GENERAL DE NEZAHUALCOYOTL ""GUSTAVO BAZ PRADA""",EDOMEX,Buena,Media,"19.422253, -99.014892"
2020-10-14,"HOSPITAL GENERAL DE ECATEPEC ""JOSÉ MARÍA RODRÍGUEZ""",EDOMEX,Buena,Buena,"19.514412, -99.038087"
2020-10-14,"HOSPITAL GENERAL NEZAHUALCOYOTL ""LA PERLA"" ",EDOMEX,Buena,Buena,"19.387963, -98.989442"
2020-10-14,HOSPITAL GENERAL DE CHIMALHUACAN,EDOMEX,Buena,Buena,"19.419753, -98.975140"
2020-10-14,"HOSPITAL GENERAL DE IXTAPALUCA ""PEDRO LOPEZ""",EDOMEX,Buena,Buena,"19.318829, -98.855366"
2020-10-14,HOSPITAL GENERAL DE CHALCO ,EDOMEX,Buena,Buena,"19.268265, -98.893965"
2020-10-14,"HOSPITAL GENERAL TEXCOCO ""GUADALUPE VICTORIA"" BICENTENARIO ",EDOMEX,Buena,Buena,"19.514309, -98.871750"
2020-10-14,"HOSPITAL GENERAL VALLE DE CHALCO ""DR. FERNANDO QUIROZ GUTIERREZ"" ",EDOMEX,Buena,Buena,"19.273775, -98.941609"
2020-10-14,"HOSPITAL GENERAL AMECAMECA ""VALENTIN GOMEZ FARIAS"" ",EDOMEX,Buena,Buena,"19.144883, -98.785072"
2020-10-14,HOSPITAL GENERAL DE AXAPUSCO,EDOMEX,Buena,Buena,"19.732872, -98.769445"
2020-10-15,INSTITUTO NACIONAL DE NUTRICIÓN,SSA,Buena,Media,"19.289599, -99.155441"
2020-10-15,INER,SSA,Media,Media,"19.291375, -99.158653"
2020-10-15,HOSPITAL GENERAL DE MÉXICO,SSA,Buena,Buena,"19.4129258, -99.1520225"
2020-10-15,HOSPITAL JUAREZ,SSA,Buena,Media,"19.481829, -99.135576"
2020-10-15,HOSPITAL GENERAL DR. MANUEL GEA GONZÁLEZ,SSA,Media,Media,"19.290295, -99.160861"
2020-10-15,HOSPITAL INFANTIL DE MÉXICO FEDERICO GÓMEZ,SSA,Buena,Buena,"19.410839, -99.151941"
2020-10-15,INSTITUTO  NACIONAL DE CARDIOLOGÍA IGNACIO CHÁVEZ,SSA,Buena,Buena,"19.290598, -99.153838"
2020-10-15,CITIBANAMEX,SSA,Buena,Crítica,"19.439732, -99.224235"
2020-10-15,HOSPITAL REGIONAL DE ALTA ESPECIALIDAD DE IXTAPALUCA,SSA,Buena,Buena,"19.318796, -98.855353"
2020-10-15,BELISARIO DOMINGUEZ,SEDESA,Media,Buena,"19.307226, -99.065356"
2020-10-15,ENRIQUE CABRERA,SEDESA,Buena,Buena,"19.361675, -99.224432"
2020-10-15,GENERAL TLAHUAC,SEDESA,Buena,Buena,"19.287492, -99.052665"
2020-10-15,PEDIATRICO DE LA VILLA,SEDESA,Buena,Buena,"19.487355, -99.114316"
2020-10-15,HOSPITAL GENERAL AJUSCO MEDIO,SEDESA,Buena,Buena,"19.272165, -99.207846"
2020-10-15,HOSPITAL GENERAL IZTAPALAPA,SEDESA,Buena,Buena,"19.343426, -99.027236"
2020-10-15,HOSPITAL GENERAL XOCO,SEDESA,Buena,Buena,"19.360313, -99.162275"
2020-10-15,HOSPITAL GENERAL VILLA,SEDESA,Media,Buena,"19.480079, -99.103353"
2020-10-15,HOSPITAL GENERAL DR. RUBÉN LEÑERO,SEDESA,Crítica,Buena,"19.451398, -99.169565"
2020-10-15,HOSPITAL GENERAL MILPA ALTA,SEDESA,Buena,Buena,"19.200951, -99.011210"
2020-10-15,HOSPITAL GENERAL BALBUENA,SEDESA,Buena,Buena,"19.424195, -99.115412"
2020-10-15,HOSPITAL TEPEPAN,SEDESA,Sin Dato,Sin Dato,"19.275806, -99.144298"
2020-10-15,HOSPITAL DE ESPECIALIDADES 01 CMN SIGLO XXI (CDMX SUR),IMSS,Buena,Buena,"19.466549, -99.145102"
2020-10-15,HOSPITAL DE PEDIATRIA 01 CMN SIGLO XXI (CDMX SUR),IMSS,Buena,Buena,"19.407458, -99.152267"
2020-10-15,HOSPITAL GENERAL DE ZONA 01 CARLOS MC GREGOR (CDMX SUR),IMSS,Buena,Buena,"19.395912, -99.161610"
2020-10-15,HOSPITAL GENERAL DE ZONA 1A PARQUE DE LOS VENADOS (CDMX SUR),IMSS,Media,Buena,"19.374431, -99.151203"
2020-10-15,HOSPITAL DE INFECTOLOGIA 01 LA RAZA (CDMX NORTE),IMSS,Media,Media,"19.464865, -99.144859"
2020-10-15,HOSPITAL GENERAL 01 (CDMX NORTE) LA RAZA,IMSS,Buena,Buena,"19.395740, -99.161677"
2020-10-15,HOSPITAL GENERAL DE ZONA 24 (CDMX NORTE),IMSS,Buena,Buena,"19.483221, -99.128448"
2020-10-15,HOSPITAL GENERAL DE ZONA 27 (CDMX NORTE),IMSS,Buena,Buena,"19.454776, -99.140007"
2020-10-15,HOSPITAL GENERAL DE ZONA 2A (CDMX SUR),IMSS,Media,Buena,"19.405495, -99.112200"
2020-10-15,HOSPITAL GENERAL DE ZONA 30 (CDMX SUR),IMSS,Buena,Buena,"19.398836, -99.116913"
2020-10-15,HOSPITAL GENERAL DE ZONA 32 (CDMX SUR),IMSS,Buena,Buena,"19.307964, -99.130677"
2020-10-15,HOSPITAL GENERAL DE ZONA C/MF 08 (CDMX SUR),IMSS,Buena,Media,"19.337137, -99.200142"
2020-10-15,HOSPITAL GENERAL DE ZONA C/UMAA 48 (CDMX NORTE),IMSS,Buena,Media,"19.482375, -99.213046"
2020-10-15,HOSPITAL GENERAL 02 (CDMX SUR) VILLA COAPA (COY.),IMSS,Buena,Media,"19.309194, -99.129593"
2020-10-15,HOSPITAL DE ESPECIALIDADES 01 (CDMX NORTE) LA RAZA (AZC),IMSS,Media,Buena,"19.467169, -99.143785"
2020-10-15,HOSPITAL GENERAL DE ZONA C/MF 29 (S. JUAN ARAGÓN),IMSS,Buena,Buena,"19.465117, -99.085162"
2020-10-15,HOSPITAL GENERAL DE ZONA 47 (CDMX SUR) (IZP),IMSS,Buena,Buena,"19.357566, -99.054269"
2020-10-15,UNIDAD MÓVIL TEMPORAL COVID,IMSS,Buena,Media,"19.403082, -99.089177"
2020-10-15,CRIT IZTAPALAPA,IMSS,Buena,Buena,"19.328321, -99.068530"
2020-10-15,HOSPITAL GENERAL REGIONAL 72,IMSS,Media,Buena,"19.356913, -98.990929"
2020-10-15,HOSPITAL GENERAL REGIONAL 196,IMSS,Buena,Buena,"19.515133, -98.891450"
2020-10-15,HOSPITAL GENERAL REGIONAL 200,IMSS,Buena,Buena,"19.470300, -99.234208"
2020-10-15,HOSPITAL GENERAL DE ZONA 53,IMSS,Media,Buena,"19.597387, -99.188426"
2020-10-15,HOSPITAL GENERAL DE ZONA 197,IMSS,Buena,Buena,"19.530797, -99.222446"
2020-10-15,HOSPITAL GENERAL DE ZONA 194,IMSS,Media,Buena,"19.570070, -99.044009"
2020-10-15,HOSPITAL GENERAL DE ZONA 57 (LA QUEBRADA),IMSS,Buena,Buena,"19.542797, -99.205022"
2020-10-15,HOSPITAL GENERAL DE ZONA 58 (LAS MARGARITAS),IMSS,Media,Buena,"19.529016, -99.030983"
2020-10-15,HOSPITAL GENERAL DE ZONA 68 (TULPETLAC),IMSS,Buena,Buena,"19.742905, -98.972971"
2020-10-15,HOSPITAL GENERAL DE ZONA 71 (CHALCO),IMSS,Buena,Buena,"19.356913, -98.990929"
2020-10-15,HOSPITAL GENERAL DE ZONA 76 (XALOSTOC),IMSS,Media,Buena,"19.515133, -98.891450"
2020-10-15,HOSPITAL GENERAL DE ZONA 98 (COACALCO),IMSS,Buena,Buena,"19.470300, -99.234208"
2020-10-15,CRIT NEZAHUALCÓYOTL,IMSS,Buena,Buena,"19.425795, -99.029987"
2020-10-15,CENTRO MEDICO 20 DE NOVIEMBRE,ISSSTE,Buena,Buena,"19.372720, -99.171205"
2020-10-15,HG DARIO FERNANDEZ FIERRO,ISSSTE,Buena,Media,"19.363602, -99.188608"
2020-10-15,HG JOSE MARIA MORELOS,ISSSTE,Buena,Crítica,"19.363918, -98.995393"
2020-10-15,HG TACUBA,ISSSTE,Buena,Buena,"19.454384, -99.191231"
2020-10-15,HG DR FERNANDO QUIROZ,ISSSTE,Buena,Buena,"19.394242, -99.194187"
2020-10-15,HG IGNACIO ZARAGOZA,ISSSTE,Media,Buena,"19.389472, -99.045019"
2020-10-15,HR PRIMERO DE OCTUBRE,ISSSTE,Media,Media,"19.486751, -99.133249"
2020-10-15,HR LIC. ADOLFO LÓPEZ MATEOS,ISSSTE,Buena,Media,"19.358451, -99.172716"
2020-10-15,HR BICENTENARIO DE LA INDEPENDENCIA,ISSSTE,Buena,Media,"19.628814, -99.163343"
2020-10-15,ALTA ESPECIALIDAD DE ZUMPANGO,EDOMEX,Buena,Buena,"19.815198, -99.089196"
2020-10-15,HOSPITAL REGIONAL TLALNEPANTLA ISSEMYM,EDOMEX,Buena,Buena,"19.521706, -99.187341"
2020-10-15,"HOSPITAL GENERAL ECATEPEC ""LAS AMÉRICAS""",EDOMEX,Buena,Buena,"19.594136, -99.018679"
2020-10-15,"HOSPITAL GENERAL DE NAUCALPAN ""DR. MAXIMILIANO RUIZ CASTAÑEDA"" ",EDOMEX,Buena,Buena,"19.468662, -99.234348"
2020-10-15,"HOSPITAL GENERAL ATIZAPAN DE ZARAGOZA ""DR. SALVADOR GONZALEZ HERREJÓN""",EDOMEX,Buena,Buena,"19.546322, -99.237491"
2020-10-15,"HOSPITAL GENERAL CUAUTITLAN ""GRAL. JOSE VICENTE VILLADA""",EDOMEX,Buena,Buena,"19.664586, -99.178557"
2020-10-15,"HOSPITAL GENERAL DE NEZAHUALCOYOTL ""GUSTAVO BAZ PRADA""",EDOMEX,Buena,Media,"19.422253, -99.014892"
2020-10-15,"HOSPITAL GENERAL DE ECATEPEC ""JOSÉ MARÍA RODRÍGUEZ""",EDOMEX,Buena,Buena,"19.514412, -99.038087"
2020-10-15,"HOSPITAL GENERAL NEZAHUALCOYOTL ""LA PERLA"" ",EDOMEX,Buena,Buena,"19.387963, -98.989442"
2020-10-15,HOSPITAL GENERAL DE CHIMALHUACAN,EDOMEX,Buena,Buena,"19.419753, -98.975140"
2020-10-15,"HOSPITAL GENERAL DE IXTAPALUCA ""PEDRO LOPEZ""",EDOMEX,Buena,Buena,"19.318829, -98.855366"
2020-10-15,HOSPITAL GENERAL DE CHALCO ,EDOMEX,Buena,Buena,"19.268265, -98.893965"
2020-10-15,"HOSPITAL GENERAL TEXCOCO ""GUADALUPE VICTORIA"" BICENTENARIO ",EDOMEX,Buena,Buena,"19.514309, -98.871750"
2020-10-15,"HOSPITAL GENERAL VALLE DE CHALCO ""DR. FERNANDO QUIROZ GUTIERREZ"" ",EDOMEX,Buena,Buena,"19.273775, -98.941609"
2020-10-15,"HOSPITAL GENERAL AMECAMECA ""VALENTIN GOMEZ FARIAS"" ",EDOMEX,Buena,Buena,"19.144883, -98.785072"
2020-10-15,HOSPITAL GENERAL DE AXAPUSCO,EDOMEX,Buena,Buena,"19.732872, -98.769445"
2020-10-16,INSTITUTO NACIONAL DE NUTRICIÓN,SSA,Buena,Media,"19.289599, -99.155441"
2020-10-16,INER,SSA,Crítica,Media,"19.291375, -99.158653"
2020-10-16,HOSPITAL GENERAL DE MÉXICO,SSA,Buena,Buena,"19.4129258, -99.1520225"
2020-10-16,HOSPITAL JUAREZ,SSA,Buena,Buena,"19.481829, -99.135576"
2020-10-16,HOSPITAL GENERAL DR. MANUEL GEA GONZÁLEZ,SSA,Buena,Media,"19.290295, -99.160861"
2020-10-16,HOSPITAL INFANTIL DE MÉXICO FEDERICO GÓMEZ,SSA,Buena,Buena,"19.410839, -99.151941"
2020-10-16,INSTITUTO  NACIONAL DE CARDIOLOGÍA IGNACIO CHÁVEZ,SSA,Buena,Buena,"19.290598, -99.153838"
2020-10-16,CITIBANAMEX,SSA,Buena,Crítica,"19.439732, -99.224235"
2020-10-16,HOSPITAL REGIONAL DE ALTA ESPECIALIDAD DE IXTAPALUCA,SSA,Media,Buena,"19.318796, -98.855353"
2020-10-16,BELISARIO DOMINGUEZ,SEDESA,Media,Buena,"19.307226, -99.065356"
2020-10-16,ENRIQUE CABRERA,SEDESA,Buena,Buena,"19.361675, -99.224432"
2020-10-16,GENERAL TLAHUAC,SEDESA,Buena,Buena,"19.287492, -99.052665"
2020-10-16,PEDIATRICO DE LA VILLA,SEDESA,Buena,Buena,"19.487355, -99.114316"
2020-10-16,HOSPITAL GENERAL AJUSCO MEDIO,SEDESA,Buena,Buena,"19.272165, -99.207846"
2020-10-16,HOSPITAL GENERAL IZTAPALAPA,SEDESA,Buena,Buena,"19.343426, -99.027236"
2020-10-16,HOSPITAL GENERAL XOCO,SEDESA,Buena,Buena,"19.360313, -99.162275"
2020-10-16,HOSPITAL GENERAL VILLA,SEDESA,Media,Buena,"19.480079, -99.103353"
2020-10-16,HOSPITAL GENERAL DR. RUBÉN LEÑERO,SEDESA,Crítica,Buena,"19.451398, -99.169565"
2020-10-16,HOSPITAL GENERAL MILPA ALTA,SEDESA,Buena,Buena,"19.200951, -99.011210"
2020-10-16,HOSPITAL GENERAL BALBUENA,SEDESA,Buena,Buena,"19.424195, -99.115412"
2020-10-16,HOSPITAL TEPEPAN,SEDESA,Sin Dato,Sin Dato,"19.275806, -99.144298"
2020-10-16,HOSPITAL DE ESPECIALIDADES 01 CMN SIGLO XXI (CDMX SUR),IMSS,Buena,Buena,"19.466549, -99.145102"
2020-10-16,HOSPITAL DE PEDIATRIA 01 CMN SIGLO XXI (CDMX SUR),IMSS,Buena,Buena,"19.407458, -99.152267"
2020-10-16,HOSPITAL GENERAL DE ZONA 01 CARLOS MC GREGOR (CDMX SUR),IMSS,Buena,Buena,"19.395912, -99.161610"
2020-10-16,HOSPITAL GENERAL DE ZONA 1A PARQUE DE LOS VENADOS (CDMX SUR),IMSS,Media,Buena,"19.374431, -99.151203"
2020-10-16,HOSPITAL DE INFECTOLOGIA 01 LA RAZA (CDMX NORTE),IMSS,Media,Buena,"19.464865, -99.144859"
2020-10-16,HOSPITAL GENERAL 01 (CDMX NORTE) LA RAZA,IMSS,Buena,Buena,"19.395740, -99.161677"
2020-10-16,HOSPITAL GENERAL DE ZONA 24 (CDMX NORTE),IMSS,Buena,Buena,"19.483221, -99.128448"
2020-10-16,HOSPITAL GENERAL DE ZONA 27 (CDMX NORTE),IMSS,Buena,Buena,"19.454776, -99.140007"
2020-10-16,HOSPITAL GENERAL DE ZONA 2A (CDMX SUR),IMSS,Media,Buena,"19.405495, -99.112200"
2020-10-16,HOSPITAL GENERAL DE ZONA 30 (CDMX SUR),IMSS,Buena,Buena,"19.398836, -99.116913"
2020-10-16,HOSPITAL GENERAL DE ZONA 32 (CDMX SUR),IMSS,Buena,Buena,"19.307964, -99.130677"
2020-10-16,HOSPITAL GENERAL DE ZONA C/MF 08 (CDMX SUR),IMSS,Buena,Media,"19.337137, -99.200142"
2020-10-16,HOSPITAL GENERAL DE ZONA C/UMAA 48 (CDMX NORTE),IMSS,Buena,Buena,"19.482375, -99.213046"
2020-10-16,HOSPITAL GENERAL 02 (CDMX SUR) VILLA COAPA (COY.),IMSS,Buena,Media,"19.309194, -99.129593"
2020-10-16,HOSPITAL DE ESPECIALIDADES 01 (CDMX NORTE) LA RAZA (AZC),IMSS,Media,Buena,"19.467169, -99.143785"
2020-10-16,HOSPITAL GENERAL DE ZONA C/MF 29 (S. JUAN ARAGÓN),IMSS,Buena,Buena,"19.465117, -99.085162"
2020-10-16,HOSPITAL GENERAL DE ZONA 47 (CDMX SUR) (IZP),IMSS,Buena,Buena,"19.357566, -99.054269"
2020-10-16,UNIDAD MÓVIL TEMPORAL COVID,IMSS,Buena,Media,"19.403082, -99.089177"
2020-10-16,CRIT IZTAPALAPA,IMSS,Buena,Buena,"19.328321, -99.068530"
2020-10-16,HOSPITAL GENERAL REGIONAL 72,IMSS,Media,Media,"19.356913, -98.990929"
2020-10-16,HOSPITAL GENERAL REGIONAL 196,IMSS,Buena,Buena,"19.515133, -98.891450"
2020-10-16,HOSPITAL GENERAL REGIONAL 200,IMSS,Buena,Buena,"19.470300, -99.234208"
2020-10-16,HOSPITAL GENERAL DE ZONA 53,IMSS,Media,Media,"19.597387, -99.188426"
2020-10-16,HOSPITAL GENERAL DE ZONA 197,IMSS,Buena,Buena,"19.530797, -99.222446"
2020-10-16,HOSPITAL GENERAL DE ZONA 194,IMSS,Media,Buena,"19.570070, -99.044009"
2020-10-16,HOSPITAL GENERAL DE ZONA 57 (LA QUEBRADA),IMSS,Buena,Buena,"19.542797, -99.205022"
2020-10-16,HOSPITAL GENERAL DE ZONA 58 (LAS MARGARITAS),IMSS,Media,Buena,"19.529016, -99.030983"
2020-10-16,HOSPITAL GENERAL DE ZONA 68 (TULPETLAC),IMSS,Buena,Buena,"19.742905, -98.972971"
2020-10-16,HOSPITAL GENERAL DE ZONA 71 (CHALCO),IMSS,Buena,Buena,"19.356913, -98.990929"
2020-10-16,HOSPITAL GENERAL DE ZONA 76 (XALOSTOC),IMSS,Media,Media,"19.515133, -98.891450"
2020-10-16,HOSPITAL GENERAL DE ZONA 98 (COACALCO),IMSS,Buena,Buena,"19.470300, -99.234208"
2020-10-16,CRIT NEZAHUALCÓYOTL,IMSS,Buena,Buena,"19.425795, -99.029987"
2020-10-16,CENTRO MEDICO 20 DE NOVIEMBRE,ISSSTE,Buena,Buena,"19.372720, -99.171205"
2020-10-16,HG DARIO FERNANDEZ FIERRO,ISSSTE,Buena,Media,"19.363602, -99.188608"
2020-10-16,HG JOSE MARIA MORELOS,ISSSTE,Buena,Crítica,"19.363918, -98.995393"
2020-10-16,HG TACUBA,ISSSTE,Media,Media,"19.454384, -99.191231"
2020-10-16,HG DR FERNANDO QUIROZ,ISSSTE,Buena,Buena,"19.394242, -99.194187"
2020-10-16,HG IGNACIO ZARAGOZA,ISSSTE,Media,Buena,"19.389472, -99.045019"
2020-10-16,HR PRIMERO DE OCTUBRE,ISSSTE,Media,Buena,"19.486751, -99.133249"
2020-10-16,HR LIC. ADOLFO LÓPEZ MATEOS,ISSSTE,Buena,Media,"19.358451, -99.172716"
2020-10-16,HR BICENTENARIO DE LA INDEPENDENCIA,ISSSTE,Buena,Media,"19.628814, -99.163343"
2020-10-16,ALTA ESPECIALIDAD DE ZUMPANGO,EDOMEX,Buena,Buena,"19.815198, -99.089196"
2020-10-16,HOSPITAL REGIONAL TLALNEPANTLA ISSEMYM,EDOMEX,Buena,Buena,"19.521706, -99.187341"
2020-10-16,"HOSPITAL GENERAL ECATEPEC ""LAS AMÉRICAS""",EDOMEX,Buena,Buena,"19.594136, -99.018679"
2020-10-16,"HOSPITAL GENERAL DE NAUCALPAN ""DR. MAXIMILIANO RUIZ CASTAÑEDA"" ",EDOMEX,Buena,Buena,"19.468662, -99.234348"
2020-10-16,"HOSPITAL GENERAL ATIZAPAN DE ZARAGOZA ""DR. SALVADOR GONZALEZ HERREJÓN""",EDOMEX,Buena,Buena,"19.546322, -99.237491"
2020-10-16,"HOSPITAL GENERAL CUAUTITLAN ""GRAL. JOSE VICENTE VILLADA""",EDOMEX,Buena,Buena,"19.664586, -99.178557"
2020-10-16,"HOSPITAL GENERAL DE NEZAHUALCOYOTL ""GUSTAVO BAZ PRADA""",EDOMEX,Buena,Media,"19.422253, -99.014892"
2020-10-16,"HOSPITAL GENERAL DE ECATEPEC ""JOSÉ MARÍA RODRÍGUEZ""",EDOMEX,Buena,Buena,"19.514412, -99.038087"
2020-10-16,"HOSPITAL GENERAL NEZAHUALCOYOTL ""LA PERLA"" ",EDOMEX,Buena,Buena,"19.387963, -98.989442"
2020-10-16,HOSPITAL GENERAL DE CHIMALHUACAN,EDOMEX,Buena,Buena,"19.419753, -98.975140"
2020-10-16,"HOSPITAL GENERAL DE IXTAPALUCA ""PEDRO LOPEZ""",EDOMEX,Buena,Buena,"19.318829, -98.855366"
2020-10-16,HOSPITAL GENERAL DE CHALCO ,EDOMEX,Buena,Buena,"19.268265, -98.893965"
2020-10-16,"HOSPITAL GENERAL TEXCOCO ""GUADALUPE VICTORIA"" BICENTENARIO ",EDOMEX,Media,Buena,"19.514309, -98.871750"
2020-10-16,"HOSPITAL GENERAL VALLE DE CHALCO ""DR. FERNANDO QUIROZ GUTIERREZ"" ",EDOMEX,Buena,Buena,"19.273775, -98.941609"
2020-10-16,"HOSPITAL GENERAL AMECAMECA ""VALENTIN GOMEZ FARIAS"" ",EDOMEX,Buena,Buena,"19.144883, -98.785072"
2020-10-16,HOSPITAL GENERAL DE AXAPUSCO,EDOMEX,Buena,Media,"19.732872, -98.769445"
2020-10-17,INSTITUTO NACIONAL DE NUTRICIÓN,SSA,Buena,Media,"19.289599, -99.155441"
2020-10-17,INER,SSA,Crítica,Media,"19.291375, -99.158653"
2020-10-17,HOSPITAL GENERAL DE MÉXICO,SSA,Buena,Buena,"19.4129258, -99.1520225"
2020-10-17,HOSPITAL JUAREZ,SSA,Buena,Buena,"19.481829, -99.135576"
2020-10-17,HOSPITAL GENERAL DR. MANUEL GEA GONZÁLEZ,SSA,Buena,Media,"19.290295, -99.160861"
2020-10-17,HOSPITAL INFANTIL DE MÉXICO FEDERICO GÓMEZ,SSA,Buena,Buena,"19.410839, -99.151941"
2020-10-17,INSTITUTO  NACIONAL DE CARDIOLOGÍA IGNACIO CHÁVEZ,SSA,Buena,Buena,"19.290598, -99.153838"
2020-10-17,CITIBANAMEX,SSA,Buena,Crítica,"19.439732, -99.224235"
2020-10-17,HOSPITAL REGIONAL DE ALTA ESPECIALIDAD DE IXTAPALUCA,SSA,Buena,Buena,"19.318796, -98.855353"
2020-10-17,BELISARIO DOMINGUEZ,SEDESA,Media,Buena,"19.307226, -99.065356"
2020-10-17,ENRIQUE CABRERA,SEDESA,Buena,Buena,"19.361675, -99.224432"
2020-10-17,GENERAL TLAHUAC,SEDESA,Buena,Buena,"19.287492, -99.052665"
2020-10-17,PEDIATRICO DE LA VILLA,SEDESA,Buena,Buena,"19.487355, -99.114316"
2020-10-17,HOSPITAL GENERAL AJUSCO MEDIO,SEDESA,Buena,Buena,"19.272165, -99.207846"
2020-10-17,HOSPITAL GENERAL IZTAPALAPA,SEDESA,Buena,Buena,"19.343426, -99.027236"
2020-10-17,HOSPITAL GENERAL XOCO,SEDESA,Buena,Buena,"19.360313, -99.162275"
2020-10-17,HOSPITAL GENERAL VILLA,SEDESA,Media,Buena,"19.480079, -99.103353"
2020-10-17,HOSPITAL GENERAL DR. RUBÉN LEÑERO,SEDESA,Crítica,Buena,"19.451398, -99.169565"
2020-10-17,HOSPITAL GENERAL MILPA ALTA,SEDESA,Media,Buena,"19.200951, -99.011210"
2020-10-17,HOSPITAL GENERAL BALBUENA,SEDESA,Buena,Buena,"19.424195, -99.115412"
2020-10-17,HOSPITAL TEPEPAN,SEDESA,Sin Dato,Sin Dato,"19.275806, -99.144298"
2020-10-17,HOSPITAL DE ESPECIALIDADES 01 CMN SIGLO XXI (CDMX SUR),IMSS,Buena,Buena,"19.466549, -99.145102"
2020-10-17,HOSPITAL DE PEDIATRIA 01 CMN SIGLO XXI (CDMX SUR),IMSS,Buena,Buena,"19.407458, -99.152267"
2020-10-17,HOSPITAL GENERAL DE ZONA 01 CARLOS MC GREGOR (CDMX SUR),IMSS,Buena,Buena,"19.395912, -99.161610"
2020-10-17,HOSPITAL GENERAL DE ZONA 1A PARQUE DE LOS VENADOS (CDMX SUR),IMSS,Media,Buena,"19.374431, -99.151203"
2020-10-17,HOSPITAL DE INFECTOLOGIA 01 LA RAZA (CDMX NORTE),IMSS,Media,Buena,"19.464865, -99.144859"
2020-10-17,HOSPITAL GENERAL 01 (CDMX NORTE) LA RAZA,IMSS,Buena,Buena,"19.395740, -99.161677"
2020-10-17,HOSPITAL GENERAL DE ZONA 24 (CDMX NORTE),IMSS,Buena,Buena,"19.483221, -99.128448"
2020-10-17,HOSPITAL GENERAL DE ZONA 27 (CDMX NORTE),IMSS,Buena,Buena,"19.454776, -99.140007"
2020-10-17,HOSPITAL GENERAL DE ZONA 2A (CDMX SUR),IMSS,Media,Buena,"19.405495, -99.112200"
2020-10-17,HOSPITAL GENERAL DE ZONA 30 (CDMX SUR),IMSS,Buena,Buena,"19.398836, -99.116913"
2020-10-17,HOSPITAL GENERAL DE ZONA 32 (CDMX SUR),IMSS,Buena,Buena,"19.307964, -99.130677"
2020-10-17,HOSPITAL GENERAL DE ZONA C/MF 08 (CDMX SUR),IMSS,Media,Buena,"19.337137, -99.200142"
2020-10-17,HOSPITAL GENERAL DE ZONA C/UMAA 48 (CDMX NORTE),IMSS,Buena,Buena,"19.482375, -99.213046"
2020-10-17,HOSPITAL GENERAL 02 (CDMX SUR) VILLA COAPA (COY.),IMSS,Buena,Buena,"19.309194, -99.129593"
2020-10-17,HOSPITAL DE ESPECIALIDADES 01 (CDMX NORTE) LA RAZA (AZC),IMSS,Media,Buena,"19.467169, -99.143785"
2020-10-17,HOSPITAL GENERAL DE ZONA C/MF 29 (S. JUAN ARAGÓN),IMSS,Buena,Buena,"19.465117, -99.085162"
2020-10-17,HOSPITAL GENERAL DE ZONA 47 (CDMX SUR) (IZP),IMSS,Media,Buena,"19.357566, -99.054269"
2020-10-17,UNIDAD MÓVIL TEMPORAL COVID,IMSS,Buena,Media,"19.403082, -99.089177"
2020-10-17,CRIT IZTAPALAPA,IMSS,Buena,Buena,"19.328321, -99.068530"
2020-10-17,HOSPITAL GENERAL REGIONAL 72,IMSS,Media,Media,"19.356913, -98.990929"
2020-10-17,HOSPITAL GENERAL REGIONAL 196,IMSS,Buena,Buena,"19.515133, -98.891450"
2020-10-17,HOSPITAL GENERAL REGIONAL 200,IMSS,Buena,Buena,"19.470300, -99.234208"
2020-10-17,HOSPITAL GENERAL DE ZONA 53,IMSS,Media,Media,"19.597387, -99.188426"
2020-10-17,HOSPITAL GENERAL DE ZONA 197,IMSS,Buena,Buena,"19.530797, -99.222446"
2020-10-17,HOSPITAL GENERAL DE ZONA 194,IMSS,Media,Buena,"19.570070, -99.044009"
2020-10-17,HOSPITAL GENERAL DE ZONA 57 (LA QUEBRADA),IMSS,Buena,Buena,"19.542797, -99.205022"
2020-10-17,HOSPITAL GENERAL DE ZONA 58 (LAS MARGARITAS),IMSS,Media,Buena,"19.529016, -99.030983"
2020-10-17,HOSPITAL GENERAL DE ZONA 68 (TULPETLAC),IMSS,Buena,Buena,"19.742905, -98.972971"
2020-10-17,HOSPITAL GENERAL DE ZONA 71 (CHALCO),IMSS,Buena,Buena,"19.356913, -98.990929"
2020-10-17,HOSPITAL GENERAL DE ZONA 76 (XALOSTOC),IMSS,Media,Buena,"19.515133, -98.891450"
2020-10-17,HOSPITAL GENERAL DE ZONA 98 (COACALCO),IMSS,Buena,Buena,"19.470300, -99.234208"
2020-10-17,CRIT NEZAHUALCÓYOTL,IMSS,Buena,Buena,"19.425795, -99.029987"
2020-10-17,CENTRO MEDICO 20 DE NOVIEMBRE,ISSSTE,Buena,Buena,"19.372720, -99.171205"
2020-10-17,HG DARIO FERNANDEZ FIERRO,ISSSTE,Buena,Media,"19.363602, -99.188608"
2020-10-17,HG JOSE MARIA MORELOS,ISSSTE,Buena,Crítica,"19.363918, -98.995393"
2020-10-17,HG TACUBA,ISSSTE,Media,Buena,"19.454384, -99.191231"
2020-10-17,HG DR FERNANDO QUIROZ,ISSSTE,Buena,Buena,"19.394242, -99.194187"
2020-10-17,HG IGNACIO ZARAGOZA,ISSSTE,Media,Buena,"19.389472, -99.045019"
2020-10-17,HR PRIMERO DE OCTUBRE,ISSSTE,Media,Buena,"19.486751, -99.133249"
2020-10-17,HR LIC. ADOLFO LÓPEZ MATEOS,ISSSTE,Buena,Media,"19.358451, -99.172716"
2020-10-17,HR BICENTENARIO DE LA INDEPENDENCIA,ISSSTE,Buena,Buena,"19.628814, -99.163343"
2020-10-17,ALTA ESPECIALIDAD DE ZUMPANGO,EDOMEX,Buena,Buena,"19.815198, -99.089196"
2020-10-17,HOSPITAL REGIONAL TLALNEPANTLA ISSEMYM,EDOMEX,Buena,Buena,"19.521706, -99.187341"
2020-10-17,"HOSPITAL GENERAL ECATEPEC ""LAS AMÉRICAS""",EDOMEX,Buena,Media,"19.594136, -99.018679"
2020-10-17,"HOSPITAL GENERAL DE NAUCALPAN ""DR. MAXIMILIANO RUIZ CASTAÑEDA"" ",EDOMEX,Buena,Buena,"19.468662, -99.234348"
2020-10-17,"HOSPITAL GENERAL ATIZAPAN DE ZARAGOZA ""DR. SALVADOR GONZALEZ HERREJÓN""",EDOMEX,Buena,Buena,"19.546322, -99.237491"
2020-10-17,"HOSPITAL GENERAL CUAUTITLAN ""GRAL. JOSE VICENTE VILLADA""",EDOMEX,Buena,Buena,"19.664586, -99.178557"
2020-10-17,"HOSPITAL GENERAL DE NEZAHUALCOYOTL ""GUSTAVO BAZ PRADA""",EDOMEX,Buena,Media,"19.422253, -99.014892"
2020-10-17,"HOSPITAL GENERAL DE ECATEPEC ""JOSÉ MARÍA RODRÍGUEZ""",EDOMEX,Buena,Buena,"19.514412, -99.038087"
2020-10-17,"HOSPITAL GENERAL NEZAHUALCOYOTL ""LA PERLA"" ",EDOMEX,Buena,Buena,"19.387963, -98.989442"
2020-10-17,HOSPITAL GENERAL DE CHIMALHUACAN,EDOMEX,Buena,Buena,"19.419753, -98.975140"
2020-10-17,"HOSPITAL GENERAL DE IXTAPALUCA ""PEDRO LOPEZ""",EDOMEX,Buena,Buena,"19.318829, -98.855366"
2020-10-17,HOSPITAL GENERAL DE CHALCO ,EDOMEX,Buena,Buena,"19.268265, -98.893965"
2020-10-17,"HOSPITAL GENERAL TEXCOCO ""GUADALUPE VICTORIA"" BICENTENARIO ",EDOMEX,Media,Buena,"19.514309, -98.871750"
2020-10-17,"HOSPITAL GENERAL VALLE DE CHALCO ""DR. FERNANDO QUIROZ GUTIERREZ"" ",EDOMEX,Buena,Buena,"19.273775, -98.941609"
2020-10-17,"HOSPITAL GENERAL AMECAMECA ""VALENTIN GOMEZ FARIAS"" ",EDOMEX,Buena,Buena,"19.144883, -98.785072"
2020-10-17,HOSPITAL GENERAL DE AXAPUSCO,EDOMEX,Buena,Buena,"19.732872, -98.769445"
2020-10-18,INSTITUTO NACIONAL DE NUTRICIÓN,SSA,Media,Media,"19.289599, -99.155441"
2020-10-18,INER,SSA,Crítica,Media,"19.291375, -99.158653"
2020-10-18,HOSPITAL GENERAL DE MÉXICO,SSA,Media,Buena,"19.4129258, -99.1520225"
2020-10-18,HOSPITAL JUAREZ,SSA,Buena,Buena,"19.481829, -99.135576"
2020-10-18,HOSPITAL GENERAL DR. MANUEL GEA GONZÁLEZ,SSA,Media,Media,"19.290295, -99.160861"
2020-10-18,HOSPITAL INFANTIL DE MÉXICO FEDERICO GÓMEZ,SSA,Buena,Buena,"19.410839, -99.151941"
2020-10-18,INSTITUTO  NACIONAL DE CARDIOLOGÍA IGNACIO CHÁVEZ,SSA,Buena,Buena,"19.290598, -99.153838"
2020-10-18,CITIBANAMEX,SSA,Buena,Crítica,"19.439732, -99.224235"
2020-10-18,HOSPITAL REGIONAL DE ALTA ESPECIALIDAD DE IXTAPALUCA,SSA,Buena,Buena,"19.318796, -98.855353"
2020-10-18,BELISARIO DOMINGUEZ,SEDESA,Media,Buena,"19.307226, -99.065356"
2020-10-18,ENRIQUE CABRERA,SEDESA,Buena,Buena,"19.361675, -99.224432"
2020-10-18,GENERAL TLAHUAC,SEDESA,Buena,Buena,"19.287492, -99.052665"
2020-10-18,PEDIATRICO DE LA VILLA,SEDESA,Buena,Buena,"19.487355, -99.114316"
2020-10-18,HOSPITAL GENERAL AJUSCO MEDIO,SEDESA,Buena,Buena,"19.272165, -99.207846"
2020-10-18,HOSPITAL GENERAL IZTAPALAPA,SEDESA,Buena,Buena,"19.343426, -99.027236"
2020-10-18,HOSPITAL GENERAL XOCO,SEDESA,Buena,Buena,"19.360313, -99.162275"
2020-10-18,HOSPITAL GENERAL VILLA,SEDESA,Media,Buena,"19.480079, -99.103353"
2020-10-18,HOSPITAL GENERAL DR. RUBÉN LEÑERO,SEDESA,Crítica,Buena,"19.451398, -99.169565"
2020-10-18,HOSPITAL GENERAL MILPA ALTA,SEDESA,Media,Buena,"19.200951, -99.011210"
2020-10-18,HOSPITAL GENERAL BALBUENA,SEDESA,Buena,Buena,"19.424195, -99.115412"
2020-10-18,HOSPITAL TEPEPAN,SEDESA,Sin Dato,Sin Dato,"19.275806, -99.144298"
2020-10-18,HOSPITAL DE ESPECIALIDADES 01 CMN SIGLO XXI (CDMX SUR),IMSS,Buena,Buena,"19.466549, -99.145102"
2020-10-18,HOSPITAL DE PEDIATRIA 01 CMN SIGLO XXI (CDMX SUR),IMSS,Buena,Buena,"19.407458, -99.152267"
2020-10-18,HOSPITAL GENERAL DE ZONA 01 CARLOS MC GREGOR (CDMX SUR),IMSS,Buena,Buena,"19.395912, -99.161610"
2020-10-18,HOSPITAL GENERAL DE ZONA 1A PARQUE DE LOS VENADOS (CDMX SUR),IMSS,Media,Buena,"19.374431, -99.151203"
2020-10-18,HOSPITAL DE INFECTOLOGIA 01 LA RAZA (CDMX NORTE),IMSS,Media,Buena,"19.464865, -99.144859"
2020-10-18,HOSPITAL GENERAL 01 (CDMX NORTE) LA RAZA,IMSS,Buena,Buena,"19.395740, -99.161677"
2020-10-18,HOSPITAL GENERAL DE ZONA 24 (CDMX NORTE),IMSS,Buena,Buena,"19.483221, -99.128448"
2020-10-18,HOSPITAL GENERAL DE ZONA 27 (CDMX NORTE),IMSS,Buena,Buena,"19.454776, -99.140007"
2020-10-18,HOSPITAL GENERAL DE ZONA 2A (CDMX SUR),IMSS,Media,Buena,"19.405495, -99.112200"
2020-10-18,HOSPITAL GENERAL DE ZONA 30 (CDMX SUR),IMSS,Buena,Buena,"19.398836, -99.116913"
2020-10-18,HOSPITAL GENERAL DE ZONA 32 (CDMX SUR),IMSS,Buena,Buena,"19.307964, -99.130677"
2020-10-18,HOSPITAL GENERAL DE ZONA C/MF 08 (CDMX SUR),IMSS,Media,Buena,"19.337137, -99.200142"
2020-10-18,HOSPITAL GENERAL DE ZONA C/UMAA 48 (CDMX NORTE),IMSS,Buena,Media,"19.482375, -99.213046"
2020-10-18,HOSPITAL GENERAL 02 (CDMX SUR) VILLA COAPA (COY.),IMSS,Buena,Buena,"19.309194, -99.129593"
2020-10-18,HOSPITAL DE ESPECIALIDADES 01 (CDMX NORTE) LA RAZA (AZC),IMSS,Buena,Buena,"19.467169, -99.143785"
2020-10-18,HOSPITAL GENERAL DE ZONA C/MF 29 (S. JUAN ARAGÓN),IMSS,Buena,Buena,"19.465117, -99.085162"
2020-10-18,HOSPITAL GENERAL DE ZONA 47 (CDMX SUR) (IZP),IMSS,Media,Buena,"19.357566, -99.054269"
2020-10-18,UNIDAD MÓVIL TEMPORAL COVID,IMSS,Buena,Media,"19.403082, -99.089177"
2020-10-18,CRIT IZTAPALAPA,IMSS,Buena,Buena,"19.328321, -99.068530"
2020-10-18,HOSPITAL GENERAL REGIONAL 72,IMSS,Media,Media,"19.356913, -98.990929"
2020-10-18,HOSPITAL GENERAL REGIONAL 196,IMSS,Buena,Buena,"19.515133, -98.891450"
2020-10-18,HOSPITAL GENERAL REGIONAL 200,IMSS,Buena,Buena,"19.470300, -99.234208"
2020-10-18,HOSPITAL GENERAL DE ZONA 53,IMSS,Media,Media,"19.597387, -99.188426"
2020-10-18,HOSPITAL GENERAL DE ZONA 197,IMSS,Buena,Buena,"19.530797, -99.222446"
2020-10-18,HOSPITAL GENERAL DE ZONA 194,IMSS,Media,Buena,"19.570070, -99.044009"
2020-10-18,HOSPITAL GENERAL DE ZONA 57 (LA QUEBRADA),IMSS,Buena,Buena,"19.542797, -99.205022"
2020-10-18,HOSPITAL GENERAL DE ZONA 58 (LAS MARGARITAS),IMSS,Media,Buena,"19.529016, -99.030983"
2020-10-18,HOSPITAL GENERAL DE ZONA 68 (TULPETLAC),IMSS,Buena,Buena,"19.742905, -98.972971"
2020-10-18,HOSPITAL GENERAL DE ZONA 71 (CHALCO),IMSS,Buena,Buena,"19.356913, -98.990929"
2020-10-18,HOSPITAL GENERAL DE ZONA 76 (XALOSTOC),IMSS,Media,Media,"19.515133, -98.891450"
2020-10-18,HOSPITAL GENERAL DE ZONA 98 (COACALCO),IMSS,Buena,Buena,"19.470300, -99.234208"
2020-10-18,CRIT NEZAHUALCÓYOTL,IMSS,Buena,Buena,"19.425795, -99.029987"
2020-10-18,CENTRO MEDICO 20 DE NOVIEMBRE,ISSSTE,Buena,Buena,"19.372720, -99.171205"
2020-10-18,HG DARIO FERNANDEZ FIERRO,ISSSTE,Buena,Media,"19.363602, -99.188608"
2020-10-18,HG JOSE MARIA MORELOS,ISSSTE,Buena,Crítica,"19.363918, -98.995393"
2020-10-18,HG TACUBA,ISSSTE,Media,Media,"19.454384, -99.191231"
2020-10-18,HG DR FERNANDO QUIROZ,ISSSTE,Buena,Buena,"19.394242, -99.194187"
2020-10-18,HG IGNACIO ZARAGOZA,ISSSTE,Media,Buena,"19.389472, -99.045019"
2020-10-18,HR PRIMERO DE OCTUBRE,ISSSTE,Media,Media,"19.486751, -99.133249"
2020-10-18,HR LIC. ADOLFO LÓPEZ MATEOS,ISSSTE,Buena,Media,"19.358451, -99.172716"
2020-10-18,HR BICENTENARIO DE LA INDEPENDENCIA,ISSSTE,Buena,Buena,"19.628814, -99.163343"
2020-10-18,ALTA ESPECIALIDAD DE ZUMPANGO,EDOMEX,Buena,Buena,"19.815198, -99.089196"
2020-10-18,HOSPITAL REGIONAL TLALNEPANTLA ISSEMYM,EDOMEX,Media,Buena,"19.521706, -99.187341"
2020-10-18,"HOSPITAL GENERAL ECATEPEC ""LAS AMÉRICAS""",EDOMEX,Buena,Media,"19.594136, -99.018679"
2020-10-18,"HOSPITAL GENERAL DE NAUCALPAN ""DR. MAXIMILIANO RUIZ CASTAÑEDA"" ",EDOMEX,Buena,Buena,"19.468662, -99.234348"
2020-10-18,"HOSPITAL GENERAL ATIZAPAN DE ZARAGOZA ""DR. SALVADOR GONZALEZ HERREJÓN""",EDOMEX,Buena,Buena,"19.546322, -99.237491"
2020-10-18,"HOSPITAL GENERAL CUAUTITLAN ""GRAL. JOSE VICENTE VILLADA""",EDOMEX,Buena,Buena,"19.664586, -99.178557"
2020-10-18,"HOSPITAL GENERAL DE NEZAHUALCOYOTL ""GUSTAVO BAZ PRADA""",EDOMEX,Buena,Media,"19.422253, -99.014892"
2020-10-18,"HOSPITAL GENERAL DE ECATEPEC ""JOSÉ MARÍA RODRÍGUEZ""",EDOMEX,Buena,Buena,"19.514412, -99.038087"
2020-10-18,"HOSPITAL GENERAL NEZAHUALCOYOTL ""LA PERLA"" ",EDOMEX,Buena,Buena,"19.387963, -98.989442"
2020-10-18,HOSPITAL GENERAL DE CHIMALHUACAN,EDOMEX,Buena,Buena,"19.419753, -98.975140"
2020-10-18,"HOSPITAL GENERAL DE IXTAPALUCA ""PEDRO LOPEZ""",EDOMEX,Buena,Buena,"19.318829, -98.855366"
2020-10-18,HOSPITAL GENERAL DE CHALCO ,EDOMEX,Buena,Buena,"19.268265, -98.893965"
2020-10-18,"HOSPITAL GENERAL TEXCOCO ""GUADALUPE VICTORIA"" BICENTENARIO ",EDOMEX,Media,Buena,"19.514309, -98.871750"
2020-10-18,"HOSPITAL GENERAL VALLE DE CHALCO ""DR. FERNANDO QUIROZ GUTIERREZ"" ",EDOMEX,Buena,Buena,"19.273775, -98.941609"
2020-10-18,"HOSPITAL GENERAL AMECAMECA ""VALENTIN GOMEZ FARIAS"" ",EDOMEX,Buena,Buena,"19.144883, -98.785072"
2020-10-18,HOSPITAL GENERAL DE AXAPUSCO,EDOMEX,Buena,Media,"19.732872, -98.769445"
2020-10-19,INSTITUTO NACIONAL DE NUTRICIÓN,SSA,Buena,Media,"19.289599, -99.155441"
2020-10-19,INER,SSA,Crítica,Media,"19.291375, -99.158653"
2020-10-19,HOSPITAL GENERAL DE MÉXICO,SSA,Media,Buena,"19.4129258, -99.1520225"
2020-10-19,HOSPITAL JUAREZ,SSA,Buena,Buena,"19.481829, -99.135576"
2020-10-19,HOSPITAL GENERAL DR. MANUEL GEA GONZÁLEZ,SSA,Media,Media,"19.290295, -99.160861"
2020-10-19,HOSPITAL INFANTIL DE MÉXICO FEDERICO GÓMEZ,SSA,Buena,Buena,"19.410839, -99.151941"
2020-10-19,INSTITUTO  NACIONAL DE CARDIOLOGÍA IGNACIO CHÁVEZ,SSA,Buena,Buena,"19.290598, -99.153838"
2020-10-19,CITIBANAMEX,SSA,Buena,Crítica,"19.439732, -99.224235"
2020-10-19,HOSPITAL REGIONAL DE ALTA ESPECIALIDAD DE IXTAPALUCA,SSA,Buena,Buena,"19.318796, -98.855353"
2020-10-19,BELISARIO DOMINGUEZ,SEDESA,Media,Buena,"19.307226, -99.065356"
2020-10-19,ENRIQUE CABRERA,SEDESA,Buena,Buena,"19.361675, -99.224432"
2020-10-19,GENERAL TLAHUAC,SEDESA,Buena,Buena,"19.287492, -99.052665"
2020-10-19,PEDIATRICO DE LA VILLA,SEDESA,Buena,Buena,"19.487355, -99.114316"
2020-10-19,HOSPITAL GENERAL AJUSCO MEDIO,SEDESA,Buena,Buena,"19.272165, -99.207846"
2020-10-19,HOSPITAL GENERAL IZTAPALAPA,SEDESA,Buena,Buena,"19.343426, -99.027236"
2020-10-19,HOSPITAL GENERAL XOCO,SEDESA,Buena,Buena,"19.360313, -99.162275"
2020-10-19,HOSPITAL GENERAL VILLA,SEDESA,Media,Buena,"19.480079, -99.103353"
2020-10-19,HOSPITAL GENERAL DR. RUBÉN LEÑERO,SEDESA,Media,Buena,"19.451398, -99.169565"
2020-10-19,HOSPITAL GENERAL MILPA ALTA,SEDESA,Media,Buena,"19.200951, -99.011210"
2020-10-19,HOSPITAL GENERAL BALBUENA,SEDESA,Buena,Buena,"19.424195, -99.115412"
2020-10-19,HOSPITAL TEPEPAN,SEDESA,Sin Dato,Sin Dato,"19.275806, -99.144298"
2020-10-19,HOSPITAL DE ESPECIALIDADES 01 CMN SIGLO XXI (CDMX SUR),IMSS,Buena,Buena,"19.466549, -99.145102"
2020-10-19,HOSPITAL DE PEDIATRIA 01 CMN SIGLO XXI (CDMX SUR),IMSS,Buena,Buena,"19.407458, -99.152267"
2020-10-19,HOSPITAL GENERAL DE ZONA 01 CARLOS MC GREGOR (CDMX SUR),IMSS,Buena,Buena,"19.395912, -99.161610"
2020-10-19,HOSPITAL GENERAL DE ZONA 1A PARQUE DE LOS VENADOS (CDMX SUR),IMSS,Media,Buena,"19.374431, -99.151203"
2020-10-19,HOSPITAL DE INFECTOLOGIA 01 LA RAZA (CDMX NORTE),IMSS,Media,Buena,"19.464865, -99.144859"
2020-10-19,HOSPITAL GENERAL 01 (CDMX NORTE) LA RAZA,IMSS,Buena,Buena,"19.395740, -99.161677"
2020-10-19,HOSPITAL GENERAL DE ZONA 24 (CDMX NORTE),IMSS,Buena,Buena,"19.483221, -99.128448"
2020-10-19,HOSPITAL GENERAL DE ZONA 27 (CDMX NORTE),IMSS,Buena,Buena,"19.454776, -99.140007"
2020-10-19,HOSPITAL GENERAL DE ZONA 2A (CDMX SUR),IMSS,Media,Buena,"19.405495, -99.112200"
2020-10-19,HOSPITAL GENERAL DE ZONA 30 (CDMX SUR),IMSS,Buena,Buena,"19.398836, -99.116913"
2020-10-19,HOSPITAL GENERAL DE ZONA 32 (CDMX SUR),IMSS,Media,Buena,"19.307964, -99.130677"
2020-10-19,HOSPITAL GENERAL DE ZONA C/MF 08 (CDMX SUR),IMSS,Media,Buena,"19.337137, -99.200142"
2020-10-19,HOSPITAL GENERAL DE ZONA C/UMAA 48 (CDMX NORTE),IMSS,Media,Media,"19.482375, -99.213046"
2020-10-19,HOSPITAL GENERAL 02 (CDMX SUR) VILLA COAPA (COY.),IMSS,Buena,Buena,"19.309194, -99.129593"
2020-10-19,HOSPITAL DE ESPECIALIDADES 01 (CDMX NORTE) LA RAZA (AZC),IMSS,Media,Buena,"19.467169, -99.143785"
2020-10-19,HOSPITAL GENERAL DE ZONA C/MF 29 (S. JUAN ARAGÓN),IMSS,Buena,Buena,"19.465117, -99.085162"
2020-10-19,HOSPITAL GENERAL DE ZONA 47 (CDMX SUR) (IZP),IMSS,Buena,Buena,"19.357566, -99.054269"
2020-10-19,UNIDAD MÓVIL TEMPORAL COVID,IMSS,Buena,Media,"19.403082, -99.089177"
2020-10-19,CRIT IZTAPALAPA,IMSS,Buena,Buena,"19.328321, -99.068530"
2020-10-19,HOSPITAL GENERAL REGIONAL 72,IMSS,Media,Media,"19.356913, -98.990929"
2020-10-19,HOSPITAL GENERAL REGIONAL 196,IMSS,Buena,Buena,"19.515133, -98.891450"
2020-10-19,HOSPITAL GENERAL REGIONAL 200,IMSS,Buena,Buena,"19.470300, -99.234208"
2020-10-19,HOSPITAL GENERAL DE ZONA 53,IMSS,Media,Media,"19.597387, -99.188426"
2020-10-19,HOSPITAL GENERAL DE ZONA 197,IMSS,Buena,Buena,"19.530797, -99.222446"
2020-10-19,HOSPITAL GENERAL DE ZONA 194,IMSS,Media,Buena,"19.570070, -99.044009"
2020-10-19,HOSPITAL GENERAL DE ZONA 57 (LA QUEBRADA),IMSS,Buena,Buena,"19.542797, -99.205022"
2020-10-19,HOSPITAL GENERAL DE ZONA 58 (LAS MARGARITAS),IMSS,Media,Buena,"19.529016, -99.030983"
2020-10-19,HOSPITAL GENERAL DE ZONA 68 (TULPETLAC),IMSS,Buena,Buena,"19.742905, -98.972971"
2020-10-19,HOSPITAL GENERAL DE ZONA 71 (CHALCO),IMSS,Buena,Buena,"19.356913, -98.990929"
2020-10-19,HOSPITAL GENERAL DE ZONA 76 (XALOSTOC),IMSS,Media,Buena,"19.515133, -98.891450"
2020-10-19,HOSPITAL GENERAL DE ZONA 98 (COACALCO),IMSS,Buena,Buena,"19.470300, -99.234208"
2020-10-19,CRIT NEZAHUALCÓYOTL,IMSS,Buena,Buena,"19.425795, -99.029987"
2020-10-19,CENTRO MEDICO 20 DE NOVIEMBRE,ISSSTE,Buena,Buena,"19.372720, -99.171205"
2020-10-19,HG DARIO FERNANDEZ FIERRO,ISSSTE,Buena,Media,"19.363602, -99.188608"
2020-10-19,HG JOSE MARIA MORELOS,ISSSTE,Buena,Crítica,"19.363918, -98.995393"
2020-10-19,HG TACUBA,ISSSTE,Media,Buena,"19.454384, -99.191231"
2020-10-19,HG DR FERNANDO QUIROZ,ISSSTE,Buena,Buena,"19.394242, -99.194187"
2020-10-19,HG IGNACIO ZARAGOZA,ISSSTE,Media,Buena,"19.389472, -99.045019"
2020-10-19,HR PRIMERO DE OCTUBRE,ISSSTE,Media,Media,"19.486751, -99.133249"
2020-10-19,HR LIC. ADOLFO LÓPEZ MATEOS,ISSSTE,Buena,Buena,"19.358451, -99.172716"
2020-10-19,HR BICENTENARIO DE LA INDEPENDENCIA,ISSSTE,Buena,Buena,"19.628814, -99.163343"
2020-10-19,ALTA ESPECIALIDAD DE ZUMPANGO,EDOMEX,Buena,Buena,"19.815198, -99.089196"
2020-10-19,HOSPITAL REGIONAL TLALNEPANTLA ISSEMYM,EDOMEX,Buena,Buena,"19.521706, -99.187341"
2020-10-19,"HOSPITAL GENERAL ECATEPEC ""LAS AMÉRICAS""",EDOMEX,Buena,Media,"19.594136, -99.018679"
2020-10-19,"HOSPITAL GENERAL DE NAUCALPAN ""DR. MAXIMILIANO RUIZ CASTAÑEDA"" ",EDOMEX,Buena,Buena,"19.468662, -99.234348"
2020-10-19,"HOSPITAL GENERAL ATIZAPAN DE ZARAGOZA ""DR. SALVADOR GONZALEZ HERREJÓN""",EDOMEX,Buena,Buena,"19.546322, -99.237491"
2020-10-19,"HOSPITAL GENERAL CUAUTITLAN ""GRAL. JOSE VICENTE VILLADA""",EDOMEX,Buena,Buena,"19.664586, -99.178557"
2020-10-19,"HOSPITAL GENERAL DE NEZAHUALCOYOTL ""GUSTAVO BAZ PRADA""",EDOMEX,Buena,Media,"19.422253, -99.014892"
2020-10-19,"HOSPITAL GENERAL DE ECATEPEC ""JOSÉ MARÍA RODRÍGUEZ""",EDOMEX,Buena,Buena,"19.514412, -99.038087"
2020-10-19,"HOSPITAL GENERAL NEZAHUALCOYOTL ""LA PERLA"" ",EDOMEX,Buena,Media,"19.387963, -98.989442"
2020-10-19,HOSPITAL GENERAL DE CHIMALHUACAN,EDOMEX,Buena,Buena,"19.419753, -98.975140"
2020-10-19,"HOSPITAL GENERAL DE IXTAPALUCA ""PEDRO LOPEZ""",EDOMEX,Buena,Buena,"19.318829, -98.855366"
2020-10-19,HOSPITAL GENERAL DE CHALCO ,EDOMEX,Buena,Buena,"19.268265, -98.893965"
2020-10-19,"HOSPITAL GENERAL TEXCOCO ""GUADALUPE VICTORIA"" BICENTENARIO ",EDOMEX,Media,Buena,"19.514309, -98.871750"
2020-10-19,"HOSPITAL GENERAL VALLE DE CHALCO ""DR. FERNANDO QUIROZ GUTIERREZ"" ",EDOMEX,Buena,Buena,"19.273775, -98.941609"
2020-10-19,"HOSPITAL GENERAL AMECAMECA ""VALENTIN GOMEZ FARIAS"" ",EDOMEX,Buena,Buena,"19.144883, -98.785072"
2020-10-19,HOSPITAL GENERAL DE AXAPUSCO,EDOMEX,Buena,Buena,"19.732872, -98.769445"
2020-10-20,INSTITUTO NACIONAL DE NUTRICIÓN,SSA,Buena,Media,"19.289599, -99.155441"
2020-10-20,INER,SSA,Crítica,Media,"19.291375, -99.158653"
2020-10-20,HOSPITAL GENERAL DE MÉXICO,SSA,Media,Buena,"19.4129258, -99.1520225"
2020-10-20,HOSPITAL JUAREZ,SSA,Media,Buena,"19.481829, -99.135576"
2020-10-20,HOSPITAL GENERAL DR. MANUEL GEA GONZÁLEZ,SSA,Media,Media,"19.290295, -99.160861"
2020-10-20,HOSPITAL INFANTIL DE MÉXICO FEDERICO GÓMEZ,SSA,Buena,Buena,"19.410839, -99.151941"
2020-10-20,INSTITUTO  NACIONAL DE CARDIOLOGÍA IGNACIO CHÁVEZ,SSA,Buena,Buena,"19.290598, -99.153838"
2020-10-20,CITIBANAMEX,SSA,Buena,Crítica,"19.439732, -99.224235"
2020-10-20,HOSPITAL REGIONAL DE ALTA ESPECIALIDAD DE IXTAPALUCA,SSA,Buena,Media,"19.318796, -98.855353"
2020-10-20,BELISARIO DOMINGUEZ,SEDESA,Media,Buena,"19.307226, -99.065356"
2020-10-20,ENRIQUE CABRERA,SEDESA,Buena,Buena,"19.361675, -99.224432"
2020-10-20,GENERAL TLAHUAC,SEDESA,Buena,Buena,"19.287492, -99.052665"
2020-10-20,PEDIATRICO DE LA VILLA,SEDESA,Buena,Buena,"19.487355, -99.114316"
2020-10-20,HOSPITAL GENERAL AJUSCO MEDIO,SEDESA,Buena,Buena,"19.272165, -99.207846"
2020-10-20,HOSPITAL GENERAL IZTAPALAPA,SEDESA,Buena,Buena,"19.343426, -99.027236"
2020-10-20,HOSPITAL GENERAL XOCO,SEDESA,Buena,Buena,"19.360313, -99.162275"
2020-10-20,HOSPITAL GENERAL VILLA,SEDESA,Buena,Buena,"19.480079, -99.103353"
2020-10-20,HOSPITAL GENERAL DR. RUBÉN LEÑERO,SEDESA,Crítica,Buena,"19.451398, -99.169565"
2020-10-20,HOSPITAL GENERAL MILPA ALTA,SEDESA,Media,Buena,"19.200951, -99.011210"
2020-10-20,HOSPITAL GENERAL BALBUENA,SEDESA,Buena,Buena,"19.424195, -99.115412"
2020-10-20,HOSPITAL TEPEPAN,SEDESA,Sin Dato,Sin Dato,"19.275806, -99.144298"
2020-10-20,HOSPITAL DE ESPECIALIDADES 01 CMN SIGLO XXI (CDMX SUR),IMSS,Buena,Buena,"19.466549, -99.145102"
2020-10-20,HOSPITAL DE PEDIATRIA 01 CMN SIGLO XXI (CDMX SUR),IMSS,Buena,Buena,"19.407458, -99.152267"
2020-10-20,HOSPITAL GENERAL DE ZONA 01 CARLOS MC GREGOR (CDMX SUR),IMSS,Buena,Buena,"19.395912, -99.161610"
2020-10-20,HOSPITAL GENERAL DE ZONA 1A PARQUE DE LOS VENADOS (CDMX SUR),IMSS,Media,Buena,"19.374431, -99.151203"
2020-10-20,HOSPITAL DE INFECTOLOGIA 01 LA RAZA (CDMX NORTE),IMSS,Media,Media,"19.464865, -99.144859"
2020-10-20,HOSPITAL GENERAL 01 (CDMX NORTE) LA RAZA,IMSS,Buena,Buena,"19.395740, -99.161677"
2020-10-20,HOSPITAL GENERAL DE ZONA 24 (CDMX NORTE),IMSS,Buena,Buena,"19.483221, -99.128448"
2020-10-20,HOSPITAL GENERAL DE ZONA 27 (CDMX NORTE),IMSS,Buena,Buena,"19.454776, -99.140007"
2020-10-20,HOSPITAL GENERAL DE ZONA 2A (CDMX SUR),IMSS,Media,Buena,"19.405495, -99.112200"
2020-10-20,HOSPITAL GENERAL DE ZONA 30 (CDMX SUR),IMSS,Buena,Buena,"19.398836, -99.116913"
2020-10-20,HOSPITAL GENERAL DE ZONA 32 (CDMX SUR),IMSS,Buena,Buena,"19.307964, -99.130677"
2020-10-20,HOSPITAL GENERAL DE ZONA C/MF 08 (CDMX SUR),IMSS,Media,Buena,"19.337137, -99.200142"
2020-10-20,HOSPITAL GENERAL DE ZONA C/UMAA 48 (CDMX NORTE),IMSS,Media,Buena,"19.482375, -99.213046"
2020-10-20,HOSPITAL GENERAL 02 (CDMX SUR) VILLA COAPA (COY.),IMSS,Buena,Buena,"19.309194, -99.129593"
2020-10-20,HOSPITAL DE ESPECIALIDADES 01 (CDMX NORTE) LA RAZA (AZC),IMSS,Media,Buena,"19.467169, -99.143785"
2020-10-20,HOSPITAL GENERAL DE ZONA C/MF 29 (S. JUAN ARAGÓN),IMSS,Buena,Buena,"19.465117, -99.085162"
2020-10-20,HOSPITAL GENERAL DE ZONA 47 (CDMX SUR) (IZP),IMSS,Buena,Media,"19.357566, -99.054269"
2020-10-20,UNIDAD MÓVIL TEMPORAL COVID,IMSS,Buena,Media,"19.403082, -99.089177"
2020-10-20,CRIT IZTAPALAPA,IMSS,Buena,Buena,"19.328321, -99.068530"
2020-10-20,HOSPITAL GENERAL REGIONAL 72,IMSS,Media,Media,"19.356913, -98.990929"
2020-10-20,HOSPITAL GENERAL REGIONAL 196,IMSS,Buena,Buena,"19.515133, -98.891450"
2020-10-20,HOSPITAL GENERAL REGIONAL 200,IMSS,Buena,Buena,"19.470300, -99.234208"
2020-10-20,HOSPITAL GENERAL DE ZONA 53,IMSS,Media,Buena,"19.597387, -99.188426"
2020-10-20,HOSPITAL GENERAL DE ZONA 197,IMSS,Buena,Buena,"19.530797, -99.222446"
2020-10-20,HOSPITAL GENERAL DE ZONA 194,IMSS,Media,Buena,"19.570070, -99.044009"
2020-10-20,HOSPITAL GENERAL DE ZONA 57 (LA QUEBRADA),IMSS,Buena,Buena,"19.542797, -99.205022"
2020-10-20,HOSPITAL GENERAL DE ZONA 58 (LAS MARGARITAS),IMSS,Media,Buena,"19.529016, -99.030983"
2020-10-20,HOSPITAL GENERAL DE ZONA 68 (TULPETLAC),IMSS,Buena,Buena,"19.742905, -98.972971"
2020-10-20,HOSPITAL GENERAL DE ZONA 71 (CHALCO),IMSS,Buena,Buena,"19.356913, -98.990929"
2020-10-20,HOSPITAL GENERAL DE ZONA 76 (XALOSTOC),IMSS,Media,Buena,"19.515133, -98.891450"
2020-10-20,HOSPITAL GENERAL DE ZONA 98 (COACALCO),IMSS,Buena,Buena,"19.470300, -99.234208"
2020-10-20,CRIT NEZAHUALCÓYOTL,IMSS,Buena,Buena,"19.425795, -99.029987"
2020-10-20,CENTRO MEDICO 20 DE NOVIEMBRE,ISSSTE,Buena,Buena,"19.372720, -99.171205"
2020-10-20,HG DARIO FERNANDEZ FIERRO,ISSSTE,Media,Media,"19.363602, -99.188608"
2020-10-20,HG JOSE MARIA MORELOS,ISSSTE,Buena,Crítica,"19.363918, -98.995393"
2020-10-20,HG TACUBA,ISSSTE,Media,Buena,"19.454384, -99.191231"
2020-10-20,HG DR FERNANDO QUIROZ,ISSSTE,Buena,Buena,"19.394242, -99.194187"
2020-10-20,HG IGNACIO ZARAGOZA,ISSSTE,Media,Buena,"19.389472, -99.045019"
2020-10-20,HR PRIMERO DE OCTUBRE,ISSSTE,Media,Buena,"19.486751, -99.133249"
2020-10-20,HR LIC. ADOLFO LÓPEZ MATEOS,ISSSTE,Buena,Media,"19.358451, -99.172716"
2020-10-20,HR BICENTENARIO DE LA INDEPENDENCIA,ISSSTE,Buena,Buena,"19.628814, -99.163343"
2020-10-20,ALTA ESPECIALIDAD DE ZUMPANGO,EDOMEX,Buena,Buena,"19.815198, -99.089196"
2020-10-20,HOSPITAL REGIONAL TLALNEPANTLA ISSEMYM,EDOMEX,Buena,Buena,"19.521706, -99.187341"
2020-10-20,"HOSPITAL GENERAL ECATEPEC ""LAS AMÉRICAS""",EDOMEX,Buena,Media,"19.594136, -99.018679"
2020-10-20,"HOSPITAL GENERAL DE NAUCALPAN ""DR. MAXIMILIANO RUIZ CASTAÑEDA"" ",EDOMEX,Buena,Buena,"19.468662, -99.234348"
2020-10-20,"HOSPITAL GENERAL ATIZAPAN DE ZARAGOZA ""DR. SALVADOR GONZALEZ HERREJÓN""",EDOMEX,Buena,Buena,"19.546322, -99.237491"
2020-10-20,"HOSPITAL GENERAL CUAUTITLAN ""GRAL. JOSE VICENTE VILLADA""",EDOMEX,Buena,Buena,"19.664586, -99.178557"
2020-10-20,"HOSPITAL GENERAL DE NEZAHUALCOYOTL ""GUSTAVO BAZ PRADA""",EDOMEX,Buena,Media,"19.422253, -99.014892"
2020-10-20,"HOSPITAL GENERAL DE ECATEPEC ""JOSÉ MARÍA RODRÍGUEZ""",EDOMEX,Buena,Buena,"19.514412, -99.038087"
2020-10-20,"HOSPITAL GENERAL NEZAHUALCOYOTL ""LA PERLA"" ",EDOMEX,Buena,Media,"19.387963, -98.989442"
2020-10-20,HOSPITAL GENERAL DE CHIMALHUACAN,EDOMEX,Buena,Buena,"19.419753, -98.975140"
2020-10-20,"HOSPITAL GENERAL DE IXTAPALUCA ""PEDRO LOPEZ""",EDOMEX,Buena,Buena,"19.318829, -98.855366"
2020-10-20,HOSPITAL GENERAL DE CHALCO ,EDOMEX,Buena,Buena,"19.268265, -98.893965"
2020-10-20,"HOSPITAL GENERAL TEXCOCO ""GUADALUPE VICTORIA"" BICENTENARIO ",EDOMEX,Media,Buena,"19.514309, -98.871750"
2020-10-20,"HOSPITAL GENERAL VALLE DE CHALCO ""DR. FERNANDO QUIROZ GUTIERREZ"" ",EDOMEX,Buena,Buena,"19.273775, -98.941609"
2020-10-20,"HOSPITAL GENERAL AMECAMECA ""VALENTIN GOMEZ FARIAS"" ",EDOMEX,Buena,Buena,"19.144883, -98.785072"
2020-10-20,HOSPITAL GENERAL DE AXAPUSCO,EDOMEX,Buena,Buena,"19.732872, -98.769445"
2020-10-21,INSTITUTO NACIONAL DE NUTRICIÓN,SSA,Buena,Media,"19.289599, -99.155441"
2020-10-21,INER,SSA,Crítica,Media,"19.291375, -99.158653"
2020-10-21,HOSPITAL GENERAL DE MÉXICO,SSA,Media,Buena,"19.4129258, -99.1520225"
2020-10-21,HOSPITAL JUAREZ,SSA,Media,Buena,"19.481829, -99.135576"
2020-10-21,HOSPITAL GENERAL DR. MANUEL GEA GONZÁLEZ,SSA,Media,Media,"19.290295, -99.160861"
2020-10-21,HOSPITAL INFANTIL DE MÉXICO FEDERICO GÓMEZ,SSA,Buena,Buena,"19.410839, -99.151941"
2020-10-21,INSTITUTO  NACIONAL DE CARDIOLOGÍA IGNACIO CHÁVEZ,SSA,Buena,Buena,"19.290598, -99.153838"
2020-10-21,CITIBANAMEX,SSA,Buena,Crítica,"19.439732, -99.224235"
2020-10-21,HOSPITAL REGIONAL DE ALTA ESPECIALIDAD DE IXTAPALUCA,SSA,Media,Media,"19.318796, -98.855353"
2020-10-21,BELISARIO DOMINGUEZ,SEDESA,Media,Buena,"19.307226, -99.065356"
2020-10-21,ENRIQUE CABRERA,SEDESA,Buena,Buena,"19.361675, -99.224432"
2020-10-21,GENERAL TLAHUAC,SEDESA,Buena,Buena,"19.287492, -99.052665"
2020-10-21,PEDIATRICO DE LA VILLA,SEDESA,Buena,Buena,"19.487355, -99.114316"
2020-10-21,HOSPITAL GENERAL AJUSCO MEDIO,SEDESA,Buena,Buena,"19.272165, -99.207846"
2020-10-21,HOSPITAL GENERAL IZTAPALAPA,SEDESA,Buena,Buena,"19.343426, -99.027236"
2020-10-21,HOSPITAL GENERAL XOCO,SEDESA,Buena,Buena,"19.360313, -99.162275"
2020-10-21,HOSPITAL GENERAL VILLA,SEDESA,Buena,Buena,"19.480079, -99.103353"
2020-10-21,HOSPITAL GENERAL DR. RUBÉN LEÑERO,SEDESA,Media,Buena,"19.451398, -99.169565"
2020-10-21,HOSPITAL GENERAL MILPA ALTA,SEDESA,Media,Buena,"19.200951, -99.011210"
2020-10-21,HOSPITAL GENERAL BALBUENA,SEDESA,Buena,Buena,"19.424195, -99.115412"
2020-10-21,HOSPITAL TEPEPAN,SEDESA,Sin Dato,Sin Dato,"19.275806, -99.144298"
2020-10-21,HOSPITAL DE ESPECIALIDADES 01 CMN SIGLO XXI (CDMX SUR),IMSS,Buena,Buena,"19.466549, -99.145102"
2020-10-21,HOSPITAL DE PEDIATRIA 01 CMN SIGLO XXI (CDMX SUR),IMSS,Buena,Buena,"19.407458, -99.152267"
2020-10-21,HOSPITAL GENERAL DE ZONA 01 CARLOS MC GREGOR (CDMX SUR),IMSS,Media,Media,"19.395912, -99.161610"
2020-10-21,HOSPITAL GENERAL DE ZONA 1A PARQUE DE LOS VENADOS (CDMX SUR),IMSS,Media,Buena,"19.374431, -99.151203"
2020-10-21,HOSPITAL DE INFECTOLOGIA 01 LA RAZA (CDMX NORTE),IMSS,Media,Buena,"19.464865, -99.144859"
2020-10-21,HOSPITAL GENERAL 01 (CDMX NORTE) LA RAZA,IMSS,Buena,Buena,"19.395740, -99.161677"
2020-10-21,HOSPITAL GENERAL DE ZONA 24 (CDMX NORTE),IMSS,Buena,Buena,"19.483221, -99.128448"
2020-10-21,HOSPITAL GENERAL DE ZONA 27 (CDMX NORTE),IMSS,Buena,Buena,"19.454776, -99.140007"
2020-10-21,HOSPITAL GENERAL DE ZONA 2A (CDMX SUR),IMSS,Media,Buena,"19.405495, -99.112200"
2020-10-21,HOSPITAL GENERAL DE ZONA 30 (CDMX SUR),IMSS,Buena,Buena,"19.398836, -99.116913"
2020-10-21,HOSPITAL GENERAL DE ZONA 32 (CDMX SUR),IMSS,Media,Buena,"19.307964, -99.130677"
2020-10-21,HOSPITAL GENERAL DE ZONA C/MF 08 (CDMX SUR),IMSS,Media,Buena,"19.337137, -99.200142"
2020-10-21,HOSPITAL GENERAL DE ZONA C/UMAA 48 (CDMX NORTE),IMSS,Media,Buena,"19.482375, -99.213046"
2020-10-21,HOSPITAL GENERAL 02 (CDMX SUR) VILLA COAPA (COY.),IMSS,Buena,Buena,"19.309194, -99.129593"
2020-10-21,HOSPITAL DE ESPECIALIDADES 01 (CDMX NORTE) LA RAZA (AZC),IMSS,Media,Buena,"19.467169, -99.143785"
2020-10-21,HOSPITAL GENERAL DE ZONA C/MF 29 (S. JUAN ARAGÓN),IMSS,Buena,Buena,"19.465117, -99.085162"
2020-10-21,HOSPITAL GENERAL DE ZONA 47 (CDMX SUR) (IZP),IMSS,Buena,Media,"19.357566, -99.054269"
2020-10-21,UNIDAD MÓVIL TEMPORAL COVID,IMSS,Buena,Media,"19.403082, -99.089177"
2020-10-21,CRIT IZTAPALAPA,IMSS,Buena,Buena,"19.328321, -99.068530"
2020-10-21,HOSPITAL GENERAL REGIONAL 72,IMSS,Media,Media,"19.356913, -98.990929"
2020-10-21,HOSPITAL GENERAL REGIONAL 196,IMSS,Buena,Buena,"19.515133, -98.891450"
2020-10-21,HOSPITAL GENERAL REGIONAL 200,IMSS,Buena,Buena,"19.470300, -99.234208"
2020-10-21,HOSPITAL GENERAL DE ZONA 53,IMSS,Media,Media,"19.597387, -99.188426"
2020-10-21,HOSPITAL GENERAL DE ZONA 197,IMSS,Buena,Buena,"19.530797, -99.222446"
2020-10-21,HOSPITAL GENERAL DE ZONA 194,IMSS,Media,Buena,"19.570070, -99.044009"
2020-10-21,HOSPITAL GENERAL DE ZONA 57 (LA QUEBRADA),IMSS,Buena,Buena,"19.542797, -99.205022"
2020-10-21,HOSPITAL GENERAL DE ZONA 58 (LAS MARGARITAS),IMSS,Media,Buena,"19.529016, -99.030983"
2020-10-21,HOSPITAL GENERAL DE ZONA 68 (TULPETLAC),IMSS,Buena,Buena,"19.742905, -98.972971"
2020-10-21,HOSPITAL GENERAL DE ZONA 71 (CHALCO),IMSS,Buena,Buena,"19.356913, -98.990929"
2020-10-21,HOSPITAL GENERAL DE ZONA 76 (XALOSTOC),IMSS,Media,Buena,"19.515133, -98.891450"
2020-10-21,HOSPITAL GENERAL DE ZONA 98 (COACALCO),IMSS,Buena,Buena,"19.470300, -99.234208"
2020-10-21,CRIT NEZAHUALCÓYOTL,IMSS,Buena,Buena,"19.425795, -99.029987"
2020-10-21,CENTRO MEDICO 20 DE NOVIEMBRE,ISSSTE,Buena,Buena,"19.372720, -99.171205"
2020-10-21,HG DARIO FERNANDEZ FIERRO,ISSSTE,Media,Media,"19.363602, -99.188608"
2020-10-21,HG JOSE MARIA MORELOS,ISSSTE,Buena,Crítica,"19.363918, -98.995393"
2020-10-21,HG TACUBA,ISSSTE,Media,Media,"19.454384, -99.191231"
2020-10-21,HG DR FERNANDO QUIROZ,ISSSTE,Buena,Buena,"19.394242, -99.194187"
2020-10-21,HG IGNACIO ZARAGOZA,ISSSTE,Media,Buena,"19.389472, -99.045019"
2020-10-21,HR PRIMERO DE OCTUBRE,ISSSTE,Media,Buena,"19.486751, -99.133249"
2020-10-21,HR LIC. ADOLFO LÓPEZ MATEOS,ISSSTE,Buena,Media,"19.358451, -99.172716"
2020-10-21,HR BICENTENARIO DE LA INDEPENDENCIA,ISSSTE,Media,Buena,"19.628814, -99.163343"
2020-10-21,ALTA ESPECIALIDAD DE ZUMPANGO,EDOMEX,Buena,Buena,"19.815198, -99.089196"
2020-10-21,HOSPITAL REGIONAL TLALNEPANTLA ISSEMYM,EDOMEX,Media,Buena,"19.521706, -99.187341"
2020-10-21,"HOSPITAL GENERAL ECATEPEC ""LAS AMÉRICAS""",EDOMEX,Buena,Media,"19.594136, -99.018679"
2020-10-21,"HOSPITAL GENERAL DE NAUCALPAN ""DR. MAXIMILIANO RUIZ CASTAÑEDA"" ",EDOMEX,Buena,Buena,"19.468662, -99.234348"
2020-10-21,"HOSPITAL GENERAL ATIZAPAN DE ZARAGOZA ""DR. SALVADOR GONZALEZ HERREJÓN""",EDOMEX,Buena,Buena,"19.546322, -99.237491"
2020-10-21,"HOSPITAL GENERAL CUAUTITLAN ""GRAL. JOSE VICENTE VILLADA""",EDOMEX,Buena,Buena,"19.664586, -99.178557"
2020-10-21,"HOSPITAL GENERAL DE NEZAHUALCOYOTL ""GUSTAVO BAZ PRADA""",EDOMEX,Buena,Media,"19.422253, -99.014892"
2020-10-21,"HOSPITAL GENERAL DE ECATEPEC ""JOSÉ MARÍA RODRÍGUEZ""",EDOMEX,Buena,Buena,"19.514412, -99.038087"
2020-10-21,"HOSPITAL GENERAL NEZAHUALCOYOTL ""LA PERLA"" ",EDOMEX,Buena,Media,"19.387963, -98.989442"
2020-10-21,HOSPITAL GENERAL DE CHIMALHUACAN,EDOMEX,Buena,Buena,"19.419753, -98.975140"
2020-10-21,"HOSPITAL GENERAL DE IXTAPALUCA ""PEDRO LOPEZ""",EDOMEX,Buena,Buena,"19.318829, -98.855366"
2020-10-21,HOSPITAL GENERAL DE CHALCO ,EDOMEX,Buena,Buena,"19.268265, -98.893965"
2020-10-21,"HOSPITAL GENERAL TEXCOCO ""GUADALUPE VICTORIA"" BICENTENARIO ",EDOMEX,Buena,Buena,"19.514309, -98.871750"
2020-10-21,"HOSPITAL GENERAL VALLE DE CHALCO ""DR. FERNANDO QUIROZ GUTIERREZ"" ",EDOMEX,Buena,Buena,"19.273775, -98.941609"
2020-10-21,"HOSPITAL GENERAL AMECAMECA ""VALENTIN GOMEZ FARIAS"" ",EDOMEX,Buena,Buena,"19.144883, -98.785072"
2020-10-21,HOSPITAL GENERAL DE AXAPUSCO,EDOMEX,Buena,Buena,"19.732872, -98.769445"
2020-10-22,INSTITUTO NACIONAL DE NUTRICIÓN,SSA,Buena,Media,"19.289599, -99.155441"
2020-10-22,INER,SSA,Crítica,Media,"19.291375, -99.158653"
2020-10-22,HOSPITAL GENERAL DE MÉXICO,SSA,Buena,Media,"19.4129258, -99.1520225"
2020-10-22,HOSPITAL JUAREZ,SSA,Media,Buena,"19.481829, -99.135576"
2020-10-22,HOSPITAL GENERAL DR. MANUEL GEA GONZÁLEZ,SSA,Media,Media,"19.290295, -99.160861"
2020-10-22,HOSPITAL INFANTIL DE MÉXICO FEDERICO GÓMEZ,SSA,Buena,Buena,"19.410839, -99.151941"
2020-10-22,INSTITUTO  NACIONAL DE CARDIOLOGÍA IGNACIO CHÁVEZ,SSA,Buena,Buena,"19.290598, -99.153838"
2020-10-22,CITIBANAMEX,SSA,Buena,Crítica,"19.439732, -99.224235"
2020-10-22,HOSPITAL REGIONAL DE ALTA ESPECIALIDAD DE IXTAPALUCA,SSA,Buena,Media,"19.318796, -98.855353"
2020-10-22,BELISARIO DOMINGUEZ,SEDESA,Media,Buena,"19.307226, -99.065356"
2020-10-22,ENRIQUE CABRERA,SEDESA,Buena,Buena,"19.361675, -99.224432"
2020-10-22,GENERAL TLAHUAC,SEDESA,Buena,Buena,"19.287492, -99.052665"
2020-10-22,PEDIATRICO DE LA VILLA,SEDESA,Buena,Buena,"19.487355, -99.114316"
2020-10-22,HOSPITAL GENERAL AJUSCO MEDIO,SEDESA,Media,Buena,"19.272165, -99.207846"
2020-10-22,HOSPITAL GENERAL IZTAPALAPA,SEDESA,Buena,Buena,"19.343426, -99.027236"
2020-10-22,HOSPITAL GENERAL XOCO,SEDESA,Buena,Buena,"19.360313, -99.162275"
2020-10-22,HOSPITAL GENERAL VILLA,SEDESA,Media,Buena,"19.480079, -99.103353"
2020-10-22,HOSPITAL GENERAL DR. RUBÉN LEÑERO,SEDESA,Media,Buena,"19.451398, -99.169565"
2020-10-22,HOSPITAL GENERAL MILPA ALTA,SEDESA,Buena,Buena,"19.200951, -99.011210"
2020-10-22,HOSPITAL GENERAL BALBUENA,SEDESA,Buena,Buena,"19.424195, -99.115412"
2020-10-22,HOSPITAL TEPEPAN,SEDESA,Sin Dato,Sin Dato,"19.275806, -99.144298"
2020-10-22,HOSPITAL DE ESPECIALIDADES 01 CMN SIGLO XXI (CDMX SUR),IMSS,Buena,Buena,"19.466549, -99.145102"
2020-10-22,HOSPITAL DE PEDIATRIA 01 CMN SIGLO XXI (CDMX SUR),IMSS,Buena,Buena,"19.407458, -99.152267"
2020-10-22,HOSPITAL GENERAL DE ZONA 01 CARLOS MC GREGOR (CDMX SUR),IMSS,Media,Media,"19.395912, -99.161610"
2020-10-22,HOSPITAL GENERAL DE ZONA 1A PARQUE DE LOS VENADOS (CDMX SUR),IMSS,Media,Buena,"19.374431, -99.151203"
2020-10-22,HOSPITAL DE INFECTOLOGIA 01 LA RAZA (CDMX NORTE),IMSS,Media,Buena,"19.464865, -99.144859"
2020-10-22,HOSPITAL GENERAL 01 (CDMX NORTE) LA RAZA,IMSS,Buena,Buena,"19.395740, -99.161677"
2020-10-22,HOSPITAL GENERAL DE ZONA 24 (CDMX NORTE),IMSS,Buena,Buena,"19.483221, -99.128448"
2020-10-22,HOSPITAL GENERAL DE ZONA 27 (CDMX NORTE),IMSS,Buena,Buena,"19.454776, -99.140007"
2020-10-22,HOSPITAL GENERAL DE ZONA 2A (CDMX SUR),IMSS,Media,Buena,"19.405495, -99.112200"
2020-10-22,HOSPITAL GENERAL DE ZONA 30 (CDMX SUR),IMSS,Buena,Buena,"19.398836, -99.116913"
2020-10-22,HOSPITAL GENERAL DE ZONA 32 (CDMX SUR),IMSS,Media,Buena,"19.307964, -99.130677"
2020-10-22,HOSPITAL GENERAL DE ZONA C/MF 08 (CDMX SUR),IMSS,Media,Buena,"19.337137, -99.200142"
2020-10-22,HOSPITAL GENERAL DE ZONA C/UMAA 48 (CDMX NORTE),IMSS,Media,Buena,"19.482375, -99.213046"
2020-10-22,HOSPITAL GENERAL 02 (CDMX SUR) VILLA COAPA (COY.),IMSS,Buena,Buena,"19.309194, -99.129593"
2020-10-22,HOSPITAL DE ESPECIALIDADES 01 (CDMX NORTE) LA RAZA (AZC),IMSS,Media,Buena,"19.467169, -99.143785"
2020-10-22,HOSPITAL GENERAL DE ZONA C/MF 29 (S. JUAN ARAGÓN),IMSS,Buena,Buena,"19.465117, -99.085162"
2020-10-22,HOSPITAL GENERAL DE ZONA 47 (CDMX SUR) (IZP),IMSS,Buena,Media,"19.357566, -99.054269"
2020-10-22,UNIDAD MÓVIL TEMPORAL COVID,IMSS,Buena,Media,"19.403082, -99.089177"
2020-10-22,CRIT IZTAPALAPA,IMSS,Buena,Buena,"19.328321, -99.068530"
2020-10-22,HOSPITAL GENERAL REGIONAL 72,IMSS,Media,Media,"19.356913, -98.990929"
2020-10-22,HOSPITAL GENERAL REGIONAL 196,IMSS,Buena,Buena,"19.515133, -98.891450"
2020-10-22,HOSPITAL GENERAL REGIONAL 200,IMSS,Buena,Buena,"19.470300, -99.234208"
2020-10-22,HOSPITAL GENERAL DE ZONA 53,IMSS,Media,Media,"19.597387, -99.188426"
2020-10-22,HOSPITAL GENERAL DE ZONA 197,IMSS,Buena,Buena,"19.530797, -99.222446"
2020-10-22,HOSPITAL GENERAL DE ZONA 194,IMSS,Media,Buena,"19.570070, -99.044009"
2020-10-22,HOSPITAL GENERAL DE ZONA 57 (LA QUEBRADA),IMSS,Buena,Buena,"19.542797, -99.205022"
2020-10-22,HOSPITAL GENERAL DE ZONA 58 (LAS MARGARITAS),IMSS,Media,Media,"19.529016, -99.030983"
2020-10-22,HOSPITAL GENERAL DE ZONA 68 (TULPETLAC),IMSS,Buena,Buena,"19.742905, -98.972971"
2020-10-22,HOSPITAL GENERAL DE ZONA 71 (CHALCO),IMSS,Buena,Buena,"19.356913, -98.990929"
2020-10-22,HOSPITAL GENERAL DE ZONA 76 (XALOSTOC),IMSS,Media,Buena,"19.515133, -98.891450"
2020-10-22,HOSPITAL GENERAL DE ZONA 98 (COACALCO),IMSS,Buena,Buena,"19.470300, -99.234208"
2020-10-22,CRIT NEZAHUALCÓYOTL,IMSS,Buena,Buena,"19.425795, -99.029987"
2020-10-22,CENTRO MEDICO 20 DE NOVIEMBRE,ISSSTE,Buena,Buena,"19.372720, -99.171205"
2020-10-22,HG DARIO FERNANDEZ FIERRO,ISSSTE,Media,Media,"19.363602, -99.188608"
2020-10-22,HG JOSE MARIA MORELOS,ISSSTE,Buena,Crítica,"19.363918, -98.995393"
2020-10-22,HG TACUBA,ISSSTE,Media,Media,"19.454384, -99.191231"
2020-10-22,HG DR FERNANDO QUIROZ,ISSSTE,Buena,Buena,"19.394242, -99.194187"
2020-10-22,HG IGNACIO ZARAGOZA,ISSSTE,Buena,Buena,"19.389472, -99.045019"
2020-10-22,HR PRIMERO DE OCTUBRE,ISSSTE,Media,Media,"19.486751, -99.133249"
2020-10-22,HR LIC. ADOLFO LÓPEZ MATEOS,ISSSTE,Buena,Buena,"19.358451, -99.172716"
2020-10-22,HR BICENTENARIO DE LA INDEPENDENCIA,ISSSTE,Media,Buena,"19.628814, -99.163343"
2020-10-22,ALTA ESPECIALIDAD DE ZUMPANGO,EDOMEX,Buena,Buena,"19.815198, -99.089196"
2020-10-22,HOSPITAL REGIONAL TLALNEPANTLA ISSEMYM,EDOMEX,Media,Buena,"19.521706, -99.187341"
2020-10-22,"HOSPITAL GENERAL ECATEPEC ""LAS AMÉRICAS""",EDOMEX,Buena,Buena,"19.594136, -99.018679"
2020-10-22,"HOSPITAL GENERAL DE NAUCALPAN ""DR. MAXIMILIANO RUIZ CASTAÑEDA"" ",EDOMEX,Buena,Buena,"19.468662, -99.234348"
2020-10-22,"HOSPITAL GENERAL ATIZAPAN DE ZARAGOZA ""DR. SALVADOR GONZALEZ HERREJÓN""",EDOMEX,Buena,Buena,"19.546322, -99.237491"
2020-10-22,"HOSPITAL GENERAL CUAUTITLAN ""GRAL. JOSE VICENTE VILLADA""",EDOMEX,Buena,Buena,"19.664586, -99.178557"
2020-10-22,"HOSPITAL GENERAL DE NEZAHUALCOYOTL ""GUSTAVO BAZ PRADA""",EDOMEX,Buena,Media,"19.422253, -99.014892"
2020-10-22,"HOSPITAL GENERAL DE ECATEPEC ""JOSÉ MARÍA RODRÍGUEZ""",EDOMEX,Buena,Media,"19.514412, -99.038087"
2020-10-22,"HOSPITAL GENERAL NEZAHUALCOYOTL ""LA PERLA"" ",EDOMEX,Buena,Media,"19.387963, -98.989442"
2020-10-22,HOSPITAL GENERAL DE CHIMALHUACAN,EDOMEX,Buena,Buena,"19.419753, -98.975140"
2020-10-22,"HOSPITAL GENERAL DE IXTAPALUCA ""PEDRO LOPEZ""",EDOMEX,Buena,Buena,"19.318829, -98.855366"
2020-10-22,HOSPITAL GENERAL DE CHALCO ,EDOMEX,Buena,Buena,"19.268265, -98.893965"
2020-10-22,"HOSPITAL GENERAL TEXCOCO ""GUADALUPE VICTORIA"" BICENTENARIO ",EDOMEX,Media,Buena,"19.514309, -98.871750"
2020-10-22,"HOSPITAL GENERAL VALLE DE CHALCO ""DR. FERNANDO QUIROZ GUTIERREZ"" ",EDOMEX,Buena,Buena,"19.273775, -98.941609"
2020-10-22,"HOSPITAL GENERAL AMECAMECA ""VALENTIN GOMEZ FARIAS"" ",EDOMEX,Buena,Buena,"19.144883, -98.785072"
2020-10-22,HOSPITAL GENERAL DE AXAPUSCO,EDOMEX,Buena,Buena,"19.732872, -98.769445"
2020-10-23,INSTITUTO NACIONAL DE NUTRICIÓN,SSA,Buena,Media,"19.289599, -99.155441"
2020-10-23,INER,SSA,Crítica,Media,"19.291375, -99.158653"
2020-10-23,HOSPITAL GENERAL DE MÉXICO,SSA,Buena,Media,"19.4129258, -99.1520225"
2020-10-23,HOSPITAL JUAREZ,SSA,Media,Buena,"19.481829, -99.135576"
2020-10-23,HOSPITAL GENERAL DR. MANUEL GEA GONZÁLEZ,SSA,Media,Media,"19.290295, -99.160861"
2020-10-23,HOSPITAL INFANTIL DE MÉXICO FEDERICO GÓMEZ,SSA,Buena,Buena,"19.410839, -99.151941"
2020-10-23,INSTITUTO  NACIONAL DE CARDIOLOGÍA IGNACIO CHÁVEZ,SSA,Buena,Buena,"19.290598, -99.153838"
2020-10-23,CITIBANAMEX,SSA,Buena,Crítica,"19.439732, -99.224235"
2020-10-23,HOSPITAL REGIONAL DE ALTA ESPECIALIDAD DE IXTAPALUCA,SSA,Buena,Media,"19.318796, -98.855353"
2020-10-23,BELISARIO DOMINGUEZ,SEDESA,Media,Buena,"19.307226, -99.065356"
2020-10-23,ENRIQUE CABRERA,SEDESA,Buena,Buena,"19.361675, -99.224432"
2020-10-23,GENERAL TLAHUAC,SEDESA,Buena,Buena,"19.287492, -99.052665"
2020-10-23,PEDIATRICO DE LA VILLA,SEDESA,Buena,Buena,"19.487355, -99.114316"
2020-10-23,HOSPITAL GENERAL AJUSCO MEDIO,SEDESA,Buena,Buena,"19.272165, -99.207846"
2020-10-23,HOSPITAL GENERAL IZTAPALAPA,SEDESA,Buena,Buena,"19.343426, -99.027236"
2020-10-23,HOSPITAL GENERAL XOCO,SEDESA,Buena,Buena,"19.360313, -99.162275"
2020-10-23,HOSPITAL GENERAL VILLA,SEDESA,Buena,Buena,"19.480079, -99.103353"
2020-10-23,HOSPITAL GENERAL DR. RUBÉN LEÑERO,SEDESA,Crítica,Buena,"19.451398, -99.169565"
2020-10-23,HOSPITAL GENERAL MILPA ALTA,SEDESA,Buena,Buena,"19.200951, -99.011210"
2020-10-23,HOSPITAL GENERAL BALBUENA,SEDESA,Buena,Buena,"19.424195, -99.115412"
2020-10-23,HOSPITAL TEPEPAN,SEDESA,Sin Dato,Sin Dato,"19.275806, -99.144298"
2020-10-23,HOSPITAL DE ESPECIALIDADES 01 CMN SIGLO XXI (CDMX SUR),IMSS,Buena,Buena,"19.466549, -99.145102"
2020-10-23,HOSPITAL DE PEDIATRIA 01 CMN SIGLO XXI (CDMX SUR),IMSS,Buena,Buena,"19.407458, -99.152267"
2020-10-23,HOSPITAL GENERAL DE ZONA 01 CARLOS MC GREGOR (CDMX SUR),IMSS,Media,Media,"19.395912, -99.161610"
2020-10-23,HOSPITAL GENERAL DE ZONA 1A PARQUE DE LOS VENADOS (CDMX SUR),IMSS,Media,Buena,"19.374431, -99.151203"
2020-10-23,HOSPITAL DE INFECTOLOGIA 01 LA RAZA (CDMX NORTE),IMSS,Media,Buena,"19.464865, -99.144859"
2020-10-23,HOSPITAL GENERAL 01 (CDMX NORTE) LA RAZA,IMSS,Buena,Buena,"19.395740, -99.161677"
2020-10-23,HOSPITAL GENERAL DE ZONA 24 (CDMX NORTE),IMSS,Buena,Buena,"19.483221, -99.128448"
2020-10-23,HOSPITAL GENERAL DE ZONA 27 (CDMX NORTE),IMSS,Buena,Buena,"19.454776, -99.140007"
2020-10-23,HOSPITAL GENERAL DE ZONA 2A (CDMX SUR),IMSS,Media,Buena,"19.405495, -99.112200"
2020-10-23,HOSPITAL GENERAL DE ZONA 30 (CDMX SUR),IMSS,Buena,Buena,"19.398836, -99.116913"
2020-10-23,HOSPITAL GENERAL DE ZONA 32 (CDMX SUR),IMSS,Media,Buena,"19.307964, -99.130677"
2020-10-23,HOSPITAL GENERAL DE ZONA C/MF 08 (CDMX SUR),IMSS,Media,Buena,"19.337137, -99.200142"
2020-10-23,HOSPITAL GENERAL DE ZONA C/UMAA 48 (CDMX NORTE),IMSS,Media,Media,"19.482375, -99.213046"
2020-10-23,HOSPITAL GENERAL 02 (CDMX SUR) VILLA COAPA (COY.),IMSS,Buena,Buena,"19.309194, -99.129593"
2020-10-23,HOSPITAL DE ESPECIALIDADES 01 (CDMX NORTE) LA RAZA (AZC),IMSS,Buena,Buena,"19.467169, -99.143785"
2020-10-23,HOSPITAL GENERAL DE ZONA C/MF 29 (S. JUAN ARAGÓN),IMSS,Buena,Buena,"19.465117, -99.085162"
2020-10-23,HOSPITAL GENERAL DE ZONA 47 (CDMX SUR) (IZP),IMSS,Buena,Media,"19.357566, -99.054269"
2020-10-23,UNIDAD MÓVIL TEMPORAL COVID,IMSS,Buena,Crítica,"19.403082, -99.089177"
2020-10-23,CRIT IZTAPALAPA,IMSS,Buena,Buena,"19.328321, -99.068530"
2020-10-23,HOSPITAL GENERAL REGIONAL 72,IMSS,Media,Media,"19.356913, -98.990929"
2020-10-23,HOSPITAL GENERAL REGIONAL 196,IMSS,Buena,Buena,"19.515133, -98.891450"
2020-10-23,HOSPITAL GENERAL REGIONAL 200,IMSS,Buena,Buena,"19.470300, -99.234208"
2020-10-23,HOSPITAL GENERAL DE ZONA 53,IMSS,Media,Media,"19.597387, -99.188426"
2020-10-23,HOSPITAL GENERAL DE ZONA 197,IMSS,Buena,Buena,"19.530797, -99.222446"
2020-10-23,HOSPITAL GENERAL DE ZONA 194,IMSS,Buena,Buena,"19.570070, -99.044009"
2020-10-23,HOSPITAL GENERAL DE ZONA 57 (LA QUEBRADA),IMSS,Buena,Buena,"19.542797, -99.205022"
2020-10-23,HOSPITAL GENERAL DE ZONA 58 (LAS MARGARITAS),IMSS,Media,Buena,"19.529016, -99.030983"
2020-10-23,HOSPITAL GENERAL DE ZONA 68 (TULPETLAC),IMSS,Buena,Buena,"19.742905, -98.972971"
2020-10-23,HOSPITAL GENERAL DE ZONA 71 (CHALCO),IMSS,Buena,Buena,"19.356913, -98.990929"
2020-10-23,HOSPITAL GENERAL DE ZONA 76 (XALOSTOC),IMSS,Media,Buena,"19.515133, -98.891450"
2020-10-23,HOSPITAL GENERAL DE ZONA 98 (COACALCO),IMSS,Buena,Buena,"19.470300, -99.234208"
2020-10-23,CRIT NEZAHUALCÓYOTL,IMSS,Buena,Buena,"19.425795, -99.029987"
2020-10-23,CENTRO MEDICO 20 DE NOVIEMBRE,ISSSTE,Buena,Buena,"19.372720, -99.171205"
2020-10-23,HG DARIO FERNANDEZ FIERRO,ISSSTE,Media,Media,"19.363602, -99.188608"
2020-10-23,HG JOSE MARIA MORELOS,ISSSTE,Buena,Crítica,"19.363918, -98.995393"
2020-10-23,HG TACUBA,ISSSTE,Media,Media,"19.454384, -99.191231"
2020-10-23,HG DR FERNANDO QUIROZ,ISSSTE,Buena,Buena,"19.394242, -99.194187"
2020-10-23,HG IGNACIO ZARAGOZA,ISSSTE,Buena,Media,"19.389472, -99.045019"
2020-10-23,HR PRIMERO DE OCTUBRE,ISSSTE,Media,Media,"19.486751, -99.133249"
2020-10-23,HR LIC. ADOLFO LÓPEZ MATEOS,ISSSTE,Buena,Buena,"19.358451, -99.172716"
2020-10-23,HR BICENTENARIO DE LA INDEPENDENCIA,ISSSTE,Media,Buena,"19.628814, -99.163343"
2020-10-23,ALTA ESPECIALIDAD DE ZUMPANGO,EDOMEX,Buena,Buena,"19.815198, -99.089196"
2020-10-23,HOSPITAL REGIONAL TLALNEPANTLA ISSEMYM,EDOMEX,Media,Buena,"19.521706, -99.187341"
2020-10-23,"HOSPITAL GENERAL ECATEPEC ""LAS AMÉRICAS""",EDOMEX,Buena,Buena,"19.594136, -99.018679"
2020-10-23,"HOSPITAL GENERAL DE NAUCALPAN ""DR. MAXIMILIANO RUIZ CASTAÑEDA"" ",EDOMEX,Buena,Buena,"19.468662, -99.234348"
2020-10-23,"HOSPITAL GENERAL ATIZAPAN DE ZARAGOZA ""DR. SALVADOR GONZALEZ HERREJÓN""",EDOMEX,Buena,Buena,"19.546322, -99.237491"
2020-10-23,"HOSPITAL GENERAL CUAUTITLAN ""GRAL. JOSE VICENTE VILLADA""",EDOMEX,Buena,Buena,"19.664586, -99.178557"
2020-10-23,"HOSPITAL GENERAL DE NEZAHUALCOYOTL ""GUSTAVO BAZ PRADA""",EDOMEX,Buena,Media,"19.422253, -99.014892"
2020-10-23,"HOSPITAL GENERAL DE ECATEPEC ""JOSÉ MARÍA RODRÍGUEZ""",EDOMEX,Buena,Media,"19.514412, -99.038087"
2020-10-23,"HOSPITAL GENERAL NEZAHUALCOYOTL ""LA PERLA"" ",EDOMEX,Buena,Crítica,"19.387963, -98.989442"
2020-10-23,HOSPITAL GENERAL DE CHIMALHUACAN,EDOMEX,Buena,Buena,"19.419753, -98.975140"
2020-10-23,"HOSPITAL GENERAL DE IXTAPALUCA ""PEDRO LOPEZ""",EDOMEX,Buena,Buena,"19.318829, -98.855366"
2020-10-23,HOSPITAL GENERAL DE CHALCO ,EDOMEX,Buena,Buena,"19.268265, -98.893965"
2020-10-23,"HOSPITAL GENERAL TEXCOCO ""GUADALUPE VICTORIA"" BICENTENARIO ",EDOMEX,Buena,Buena,"19.514309, -98.871750"
2020-10-23,"HOSPITAL GENERAL VALLE DE CHALCO ""DR. FERNANDO QUIROZ GUTIERREZ"" ",EDOMEX,Buena,Buena,"19.273775, -98.941609"
2020-10-23,"HOSPITAL GENERAL AMECAMECA ""VALENTIN GOMEZ FARIAS"" ",EDOMEX,Buena,Buena,"19.144883, -98.785072"
2020-10-23,HOSPITAL GENERAL DE AXAPUSCO,EDOMEX,Buena,Buena,"19.732872, -98.769445"
2020-10-24,INSTITUTO NACIONAL DE NUTRICIÓN,SSA,Buena,Media,"19.289599, -99.155441"
2020-10-24,INER,SSA,Media,Media,"19.291375, -99.158653"
2020-10-24,HOSPITAL GENERAL DE MÉXICO,SSA,Buena,Buena,"19.4129258, -99.1520225"
2020-10-24,HOSPITAL JUAREZ,SSA,Media,Buena,"19.481829, -99.135576"
2020-10-24,HOSPITAL GENERAL DR. MANUEL GEA GONZÁLEZ,SSA,Media,Media,"19.290295, -99.160861"
2020-10-24,HOSPITAL INFANTIL DE MÉXICO FEDERICO GÓMEZ,SSA,Buena,Buena,"19.410839, -99.151941"
2020-10-24,INSTITUTO  NACIONAL DE CARDIOLOGÍA IGNACIO CHÁVEZ,SSA,Buena,Buena,"19.290598, -99.153838"
2020-10-24,CITIBANAMEX,SSA,Buena,Crítica,"19.439732, -99.224235"
2020-10-24,HOSPITAL REGIONAL DE ALTA ESPECIALIDAD DE IXTAPALUCA,SSA,Media,Media,"19.318796, -98.855353"
2020-10-24,BELISARIO DOMINGUEZ,SEDESA,Media,Buena,"19.307226, -99.065356"
2020-10-24,ENRIQUE CABRERA,SEDESA,Buena,Buena,"19.361675, -99.224432"
2020-10-24,GENERAL TLAHUAC,SEDESA,Buena,Buena,"19.287492, -99.052665"
2020-10-24,PEDIATRICO DE LA VILLA,SEDESA,Buena,Buena,"19.487355, -99.114316"
2020-10-24,HOSPITAL GENERAL AJUSCO MEDIO,SEDESA,Buena,Buena,"19.272165, -99.207846"
2020-10-24,HOSPITAL GENERAL IZTAPALAPA,SEDESA,Buena,Buena,"19.343426, -99.027236"
2020-10-24,HOSPITAL GENERAL XOCO,SEDESA,Buena,Buena,"19.360313, -99.162275"
2020-10-24,HOSPITAL GENERAL VILLA,SEDESA,Buena,Buena,"19.480079, -99.103353"
2020-10-24,HOSPITAL GENERAL DR. RUBÉN LEÑERO,SEDESA,Media,Buena,"19.451398, -99.169565"
2020-10-24,HOSPITAL GENERAL MILPA ALTA,SEDESA,Buena,Buena,"19.200951, -99.011210"
2020-10-24,HOSPITAL GENERAL BALBUENA,SEDESA,Buena,Buena,"19.424195, -99.115412"
2020-10-24,HOSPITAL TEPEPAN,SEDESA,Sin Dato,Sin Dato,"19.275806, -99.144298"
2020-10-24,HOSPITAL DE ESPECIALIDADES 01 CMN SIGLO XXI (CDMX SUR),IMSS,Buena,Buena,"19.466549, -99.145102"
2020-10-24,HOSPITAL DE PEDIATRIA 01 CMN SIGLO XXI (CDMX SUR),IMSS,Buena,Buena,"19.407458, -99.152267"
2020-10-24,HOSPITAL GENERAL DE ZONA 01 CARLOS MC GREGOR (CDMX SUR),IMSS,Media,Buena,"19.395912, -99.161610"
2020-10-24,HOSPITAL GENERAL DE ZONA 1A PARQUE DE LOS VENADOS (CDMX SUR),IMSS,Media,Buena,"19.374431, -99.151203"
2020-10-24,HOSPITAL DE INFECTOLOGIA 01 LA RAZA (CDMX NORTE),IMSS,Media,Buena,"19.464865, -99.144859"
2020-10-24,HOSPITAL GENERAL 01 (CDMX NORTE) LA RAZA,IMSS,Buena,Buena,"19.395740, -99.161677"
2020-10-24,HOSPITAL GENERAL DE ZONA 24 (CDMX NORTE),IMSS,Buena,Buena,"19.483221, -99.128448"
2020-10-24,HOSPITAL GENERAL DE ZONA 27 (CDMX NORTE),IMSS,Buena,Buena,"19.454776, -99.140007"
2020-10-24,HOSPITAL GENERAL DE ZONA 2A (CDMX SUR),IMSS,Buena,Buena,"19.405495, -99.112200"
2020-10-24,HOSPITAL GENERAL DE ZONA 30 (CDMX SUR),IMSS,Buena,Buena,"19.398836, -99.116913"
2020-10-24,HOSPITAL GENERAL DE ZONA 32 (CDMX SUR),IMSS,Media,Buena,"19.307964, -99.130677"
2020-10-24,HOSPITAL GENERAL DE ZONA C/MF 08 (CDMX SUR),IMSS,Media,Buena,"19.337137, -99.200142"
2020-10-24,HOSPITAL GENERAL DE ZONA C/UMAA 48 (CDMX NORTE),IMSS,Media,Buena,"19.482375, -99.213046"
2020-10-24,HOSPITAL GENERAL 02 (CDMX SUR) VILLA COAPA (COY.),IMSS,Buena,Buena,"19.309194, -99.129593"
2020-10-24,HOSPITAL DE ESPECIALIDADES 01 (CDMX NORTE) LA RAZA (AZC),IMSS,Media,Buena,"19.467169, -99.143785"
2020-10-24,HOSPITAL GENERAL DE ZONA C/MF 29 (S. JUAN ARAGÓN),IMSS,Buena,Buena,"19.465117, -99.085162"
2020-10-24,HOSPITAL GENERAL DE ZONA 47 (CDMX SUR) (IZP),IMSS,Buena,Buena,"19.357566, -99.054269"
2020-10-24,UNIDAD MÓVIL TEMPORAL COVID,IMSS,Media,Crítica,"19.403082, -99.089177"
2020-10-24,CRIT IZTAPALAPA,IMSS,Buena,Buena,"19.328321, -99.068530"
2020-10-24,HOSPITAL GENERAL REGIONAL 72,IMSS,Media,Media,"19.356913, -98.990929"
2020-10-24,HOSPITAL GENERAL REGIONAL 196,IMSS,Buena,Buena,"19.515133, -98.891450"
2020-10-24,HOSPITAL GENERAL REGIONAL 200,IMSS,Buena,Buena,"19.470300, -99.234208"
2020-10-24,HOSPITAL GENERAL DE ZONA 53,IMSS,Buena,Buena,"19.597387, -99.188426"
2020-10-24,HOSPITAL GENERAL DE ZONA 197,IMSS,Buena,Buena,"19.530797, -99.222446"
2020-10-24,HOSPITAL GENERAL DE ZONA 194,IMSS,Media,Buena,"19.570070, -99.044009"
2020-10-24,HOSPITAL GENERAL DE ZONA 57 (LA QUEBRADA),IMSS,Buena,Buena,"19.542797, -99.205022"
2020-10-24,HOSPITAL GENERAL DE ZONA 58 (LAS MARGARITAS),IMSS,Media,Buena,"19.529016, -99.030983"
2020-10-24,HOSPITAL GENERAL DE ZONA 68 (TULPETLAC),IMSS,Buena,Buena,"19.742905, -98.972971"
2020-10-24,HOSPITAL GENERAL DE ZONA 71 (CHALCO),IMSS,Buena,Buena,"19.356913, -98.990929"
2020-10-24,HOSPITAL GENERAL DE ZONA 76 (XALOSTOC),IMSS,Media,Buena,"19.515133, -98.891450"
2020-10-24,HOSPITAL GENERAL DE ZONA 98 (COACALCO),IMSS,Buena,Buena,"19.470300, -99.234208"
2020-10-24,CRIT NEZAHUALCÓYOTL,IMSS,Buena,Buena,"19.425795, -99.029987"
2020-10-24,CENTRO MEDICO 20 DE NOVIEMBRE,ISSSTE,Buena,Buena,"19.372720, -99.171205"
2020-10-24,HG DARIO FERNANDEZ FIERRO,ISSSTE,Media,Crítica,"19.363602, -99.188608"
2020-10-24,HG JOSE MARIA MORELOS,ISSSTE,Buena,Crítica,"19.363918, -98.995393"
2020-10-24,HG TACUBA,ISSSTE,Media,Media,"19.454384, -99.191231"
2020-10-24,HG DR FERNANDO QUIROZ,ISSSTE,Buena,Buena,"19.394242, -99.194187"
2020-10-24,HG IGNACIO ZARAGOZA,ISSSTE,Buena,Media,"19.389472, -99.045019"
2020-10-24,HR PRIMERO DE OCTUBRE,ISSSTE,Media,Media,"19.486751, -99.133249"
2020-10-24,HR LIC. ADOLFO LÓPEZ MATEOS,ISSSTE,Buena,Buena,"19.358451, -99.172716"
2020-10-24,HR BICENTENARIO DE LA INDEPENDENCIA,ISSSTE,Media,Buena,"19.628814, -99.163343"
2020-10-24,ALTA ESPECIALIDAD DE ZUMPANGO,EDOMEX,Buena,Buena,"19.815198, -99.089196"
2020-10-24,HOSPITAL REGIONAL TLALNEPANTLA ISSEMYM,EDOMEX,Media,Buena,"19.521706, -99.187341"
2020-10-24,"HOSPITAL GENERAL ECATEPEC ""LAS AMÉRICAS""",EDOMEX,Buena,Buena,"19.594136, -99.018679"
2020-10-24,"HOSPITAL GENERAL DE NAUCALPAN ""DR. MAXIMILIANO RUIZ CASTAÑEDA"" ",EDOMEX,Buena,Buena,"19.468662, -99.234348"
2020-10-24,"HOSPITAL GENERAL ATIZAPAN DE ZARAGOZA ""DR. SALVADOR GONZALEZ HERREJÓN""",EDOMEX,Buena,Buena,"19.546322, -99.237491"
2020-10-24,"HOSPITAL GENERAL CUAUTITLAN ""GRAL. JOSE VICENTE VILLADA""",EDOMEX,Buena,Buena,"19.664586, -99.178557"
2020-10-24,"HOSPITAL GENERAL DE NEZAHUALCOYOTL ""GUSTAVO BAZ PRADA""",EDOMEX,Buena,Media,"19.422253, -99.014892"
2020-10-24,"HOSPITAL GENERAL DE ECATEPEC ""JOSÉ MARÍA RODRÍGUEZ""",EDOMEX,Buena,Buena,"19.514412, -99.038087"
2020-10-24,"HOSPITAL GENERAL NEZAHUALCOYOTL ""LA PERLA"" ",EDOMEX,Buena,Media,"19.387963, -98.989442"
2020-10-24,HOSPITAL GENERAL DE CHIMALHUACAN,EDOMEX,Buena,Buena,"19.419753, -98.975140"
2020-10-24,"HOSPITAL GENERAL DE IXTAPALUCA ""PEDRO LOPEZ""",EDOMEX,Buena,Buena,"19.318829, -98.855366"
2020-10-24,HOSPITAL GENERAL DE CHALCO ,EDOMEX,Buena,Buena,"19.268265, -98.893965"
2020-10-24,"HOSPITAL GENERAL TEXCOCO ""GUADALUPE VICTORIA"" BICENTENARIO ",EDOMEX,Buena,Buena,"19.514309, -98.871750"
2020-10-24,"HOSPITAL GENERAL VALLE DE CHALCO ""DR. FERNANDO QUIROZ GUTIERREZ"" ",EDOMEX,Buena,Buena,"19.273775, -98.941609"
2020-10-24,"HOSPITAL GENERAL AMECAMECA ""VALENTIN GOMEZ FARIAS"" ",EDOMEX,Buena,Buena,"19.144883, -98.785072"
2020-10-24,HOSPITAL GENERAL DE AXAPUSCO,EDOMEX,Buena,Buena,"19.732872, -98.769445"
2020-10-25,INSTITUTO NACIONAL DE NUTRICIÓN,SSA,Buena,Media,"19.289599, -99.155441"
2020-10-25,INER,SSA,Crítica,Media,"19.291375, -99.158653"
2020-10-25,HOSPITAL GENERAL DE MÉXICO,SSA,Buena,Buena,"19.4129258, -99.1520225"
2020-10-25,HOSPITAL JUAREZ,SSA,Media,Buena,"19.481829, -99.135576"
2020-10-25,HOSPITAL GENERAL DR. MANUEL GEA GONZÁLEZ,SSA,Media,Media,"19.290295, -99.160861"
2020-10-25,HOSPITAL INFANTIL DE MÉXICO FEDERICO GÓMEZ,SSA,Buena,Buena,"19.410839, -99.151941"
2020-10-25,INSTITUTO  NACIONAL DE CARDIOLOGÍA IGNACIO CHÁVEZ,SSA,Buena,Buena,"19.290598, -99.153838"
2020-10-25,CITIBANAMEX,SSA,Buena,Crítica,"19.439732, -99.224235"
2020-10-25,HOSPITAL REGIONAL DE ALTA ESPECIALIDAD DE IXTAPALUCA,SSA,Buena,Media,"19.318796, -98.855353"
2020-10-25,BELISARIO DOMINGUEZ,SEDESA,Media,Buena,"19.307226, -99.065356"
2020-10-25,ENRIQUE CABRERA,SEDESA,Buena,Buena,"19.361675, -99.224432"
2020-10-25,GENERAL TLAHUAC,SEDESA,Buena,Buena,"19.287492, -99.052665"
2020-10-25,PEDIATRICO DE LA VILLA,SEDESA,Buena,Buena,"19.487355, -99.114316"
2020-10-25,HOSPITAL GENERAL AJUSCO MEDIO,SEDESA,Buena,Buena,"19.272165, -99.207846"
2020-10-25,HOSPITAL GENERAL IZTAPALAPA,SEDESA,Buena,Buena,"19.343426, -99.027236"
2020-10-25,HOSPITAL GENERAL XOCO,SEDESA,Buena,Buena,"19.360313, -99.162275"
2020-10-25,HOSPITAL GENERAL VILLA,SEDESA,Media,Buena,"19.480079, -99.103353"
2020-10-25,HOSPITAL GENERAL DR. RUBÉN LEÑERO,SEDESA,Crítica,Buena,"19.451398, -99.169565"
2020-10-25,HOSPITAL GENERAL MILPA ALTA,SEDESA,Buena,Buena,"19.200951, -99.011210"
2020-10-25,HOSPITAL GENERAL BALBUENA,SEDESA,Buena,Buena,"19.424195, -99.115412"
2020-10-25,HOSPITAL TEPEPAN,SEDESA,Sin Dato,Sin Dato,"19.275806, -99.144298"
2020-10-25,HOSPITAL DE ESPECIALIDADES 01 CMN SIGLO XXI (CDMX SUR),IMSS,Buena,Buena,"19.466549, -99.145102"
2020-10-25,HOSPITAL DE PEDIATRIA 01 CMN SIGLO XXI (CDMX SUR),IMSS,Buena,Buena,"19.407458, -99.152267"
2020-10-25,HOSPITAL GENERAL DE ZONA 01 CARLOS MC GREGOR (CDMX SUR),IMSS,Media,Buena,"19.395912, -99.161610"
2020-10-25,HOSPITAL GENERAL DE ZONA 1A PARQUE DE LOS VENADOS (CDMX SUR),IMSS,Media,Buena,"19.374431, -99.151203"
2020-10-25,HOSPITAL DE INFECTOLOGIA 01 LA RAZA (CDMX NORTE),IMSS,Media,Buena,"19.464865, -99.144859"
2020-10-25,HOSPITAL GENERAL 01 (CDMX NORTE) LA RAZA,IMSS,Buena,Buena,"19.395740, -99.161677"
2020-10-25,HOSPITAL GENERAL DE ZONA 24 (CDMX NORTE),IMSS,Buena,Buena,"19.483221, -99.128448"
2020-10-25,HOSPITAL GENERAL DE ZONA 27 (CDMX NORTE),IMSS,Buena,Buena,"19.454776, -99.140007"
2020-10-25,HOSPITAL GENERAL DE ZONA 2A (CDMX SUR),IMSS,Buena,Buena,"19.405495, -99.112200"
2020-10-25,HOSPITAL GENERAL DE ZONA 30 (CDMX SUR),IMSS,Buena,Buena,"19.398836, -99.116913"
2020-10-25,HOSPITAL GENERAL DE ZONA 32 (CDMX SUR),IMSS,Media,Buena,"19.307964, -99.130677"
2020-10-25,HOSPITAL GENERAL DE ZONA C/MF 08 (CDMX SUR),IMSS,Media,Buena,"19.337137, -99.200142"
2020-10-25,HOSPITAL GENERAL DE ZONA C/UMAA 48 (CDMX NORTE),IMSS,Media,Buena,"19.482375, -99.213046"
2020-10-25,HOSPITAL GENERAL 02 (CDMX SUR) VILLA COAPA (COY.),IMSS,Buena,Buena,"19.309194, -99.129593"
2020-10-25,HOSPITAL DE ESPECIALIDADES 01 (CDMX NORTE) LA RAZA (AZC),IMSS,Media,Buena,"19.467169, -99.143785"
2020-10-25,HOSPITAL GENERAL DE ZONA C/MF 29 (S. JUAN ARAGÓN),IMSS,Buena,Buena,"19.465117, -99.085162"
2020-10-25,HOSPITAL GENERAL DE ZONA 47 (CDMX SUR) (IZP),IMSS,Buena,Buena,"19.357566, -99.054269"
2020-10-25,UNIDAD MÓVIL TEMPORAL COVID,IMSS,Media,Crítica,"19.403082, -99.089177"
2020-10-25,CRIT IZTAPALAPA,IMSS,Buena,Buena,"19.328321, -99.068530"
2020-10-25,HOSPITAL GENERAL REGIONAL 72,IMSS,Media,Media,"19.356913, -98.990929"
2020-10-25,HOSPITAL GENERAL REGIONAL 196,IMSS,Buena,Buena,"19.515133, -98.891450"
2020-10-25,HOSPITAL GENERAL REGIONAL 200,IMSS,Buena,Buena,"19.470300, -99.234208"
2020-10-25,HOSPITAL GENERAL DE ZONA 53,IMSS,Buena,Buena,"19.597387, -99.188426"
2020-10-25,HOSPITAL GENERAL DE ZONA 197,IMSS,Buena,Buena,"19.530797, -99.222446"
2020-10-25,HOSPITAL GENERAL DE ZONA 194,IMSS,Media,Buena,"19.570070, -99.044009"
2020-10-25,HOSPITAL GENERAL DE ZONA 57 (LA QUEBRADA),IMSS,Buena,Buena,"19.542797, -99.205022"
2020-10-25,HOSPITAL GENERAL DE ZONA 58 (LAS MARGARITAS),IMSS,Media,Buena,"19.529016, -99.030983"
2020-10-25,HOSPITAL GENERAL DE ZONA 68 (TULPETLAC),IMSS,Buena,Buena,"19.742905, -98.972971"
2020-10-25,HOSPITAL GENERAL DE ZONA 71 (CHALCO),IMSS,Buena,Buena,"19.356913, -98.990929"
2020-10-25,HOSPITAL GENERAL DE ZONA 76 (XALOSTOC),IMSS,Media,Buena,"19.515133, -98.891450"
2020-10-25,HOSPITAL GENERAL DE ZONA 98 (COACALCO),IMSS,Buena,Buena,"19.470300, -99.234208"
2020-10-25,CRIT NEZAHUALCÓYOTL,IMSS,Buena,Buena,"19.425795, -99.029987"
2020-10-25,CENTRO MEDICO 20 DE NOVIEMBRE,ISSSTE,Buena,Buena,"19.372720, -99.171205"
2020-10-25,HG DARIO FERNANDEZ FIERRO,ISSSTE,Media,Crítica,"19.363602, -99.188608"
2020-10-25,HG JOSE MARIA MORELOS,ISSSTE,Buena,Media,"19.363918, -98.995393"
2020-10-25,HG TACUBA,ISSSTE,Crítica,Buena,"19.454384, -99.191231"
2020-10-25,HG DR FERNANDO QUIROZ,ISSSTE,Buena,Buena,"19.394242, -99.194187"
2020-10-25,HG IGNACIO ZARAGOZA,ISSSTE,Buena,Media,"19.389472, -99.045019"
2020-10-25,HR PRIMERO DE OCTUBRE,ISSSTE,Media,Media,"19.486751, -99.133249"
2020-10-25,HR LIC. ADOLFO LÓPEZ MATEOS,ISSSTE,Buena,Buena,"19.358451, -99.172716"
2020-10-25,HR BICENTENARIO DE LA INDEPENDENCIA,ISSSTE,Media,Buena,"19.628814, -99.163343"
2020-10-25,ALTA ESPECIALIDAD DE ZUMPANGO,EDOMEX,Buena,Buena,"19.815198, -99.089196"
2020-10-25,HOSPITAL REGIONAL TLALNEPANTLA ISSEMYM,EDOMEX,Media,Buena,"19.521706, -99.187341"
2020-10-25,"HOSPITAL GENERAL ECATEPEC ""LAS AMÉRICAS""",EDOMEX,Buena,Buena,"19.594136, -99.018679"
2020-10-25,"HOSPITAL GENERAL DE NAUCALPAN ""DR. MAXIMILIANO RUIZ CASTAÑEDA"" ",EDOMEX,Buena,Buena,"19.468662, -99.234348"
2020-10-25,"HOSPITAL GENERAL ATIZAPAN DE ZARAGOZA ""DR. SALVADOR GONZALEZ HERREJÓN""",EDOMEX,Buena,Buena,"19.546322, -99.237491"
2020-10-25,"HOSPITAL GENERAL CUAUTITLAN ""GRAL. JOSE VICENTE VILLADA""",EDOMEX,Buena,Buena,"19.664586, -99.178557"
2020-10-25,"HOSPITAL GENERAL DE NEZAHUALCOYOTL ""GUSTAVO BAZ PRADA""",EDOMEX,Buena,Crítica,"19.422253, -99.014892"
2020-10-25,"HOSPITAL GENERAL DE ECATEPEC ""JOSÉ MARÍA RODRÍGUEZ""",EDOMEX,Buena,Buena,"19.514412, -99.038087"
2020-10-25,"HOSPITAL GENERAL NEZAHUALCOYOTL ""LA PERLA"" ",EDOMEX,Buena,Media,"19.387963, -98.989442"
2020-10-25,HOSPITAL GENERAL DE CHIMALHUACAN,EDOMEX,Buena,Buena,"19.419753, -98.975140"
2020-10-25,"HOSPITAL GENERAL DE IXTAPALUCA ""PEDRO LOPEZ""",EDOMEX,Buena,Buena,"19.318829, -98.855366"
2020-10-25,HOSPITAL GENERAL DE CHALCO ,EDOMEX,Buena,Buena,"19.268265, -98.893965"
2020-10-25,"HOSPITAL GENERAL TEXCOCO ""GUADALUPE VICTORIA"" BICENTENARIO ",EDOMEX,Buena,Buena,"19.514309, -98.871750"
2020-10-25,"HOSPITAL GENERAL VALLE DE CHALCO ""DR. FERNANDO QUIROZ GUTIERREZ"" ",EDOMEX,Buena,Buena,"19.273775, -98.941609"
2020-10-25,"HOSPITAL GENERAL AMECAMECA ""VALENTIN GOMEZ FARIAS"" ",EDOMEX,Buena,Buena,"19.144883, -98.785072"
2020-10-25,HOSPITAL GENERAL DE AXAPUSCO,EDOMEX,Buena,Buena,"19.732872, -98.769445"
2020-10-26,INSTITUTO NACIONAL DE NUTRICIÓN,SSA,Media,Media,"19.289599, -99.155441"
2020-10-26,INER,SSA,Media,Media,"19.291375, -99.158653"
2020-10-26,HOSPITAL GENERAL DE MÉXICO,SSA,Buena,Media,"19.4129258, -99.1520225"
2020-10-26,HOSPITAL JUAREZ,SSA,Media,Buena,"19.481829, -99.135576"
2020-10-26,HOSPITAL GENERAL DR. MANUEL GEA GONZÁLEZ,SSA,Buena,Media,"19.290295, -99.160861"
2020-10-26,HOSPITAL INFANTIL DE MÉXICO FEDERICO GÓMEZ,SSA,Buena,Buena,"19.410839, -99.151941"
2020-10-26,INSTITUTO  NACIONAL DE CARDIOLOGÍA IGNACIO CHÁVEZ,SSA,Buena,Buena,"19.290598, -99.153838"
2020-10-26,CITIBANAMEX,SSA,Buena,Crítica,"19.439732, -99.224235"
2020-10-26,HOSPITAL REGIONAL DE ALTA ESPECIALIDAD DE IXTAPALUCA,SSA,Buena,Media,"19.318796, -98.855353"
2020-10-26,BELISARIO DOMINGUEZ,SEDESA,Media,Buena,"19.307226, -99.065356"
2020-10-26,ENRIQUE CABRERA,SEDESA,Buena,Buena,"19.361675, -99.224432"
2020-10-26,GENERAL TLAHUAC,SEDESA,Buena,Buena,"19.287492, -99.052665"
2020-10-26,PEDIATRICO DE LA VILLA,SEDESA,Buena,Buena,"19.487355, -99.114316"
2020-10-26,HOSPITAL GENERAL AJUSCO MEDIO,SEDESA,Buena,Buena,"19.272165, -99.207846"
2020-10-26,HOSPITAL GENERAL IZTAPALAPA,SEDESA,Buena,Buena,"19.343426, -99.027236"
2020-10-26,HOSPITAL GENERAL XOCO,SEDESA,Buena,Buena,"19.360313, -99.162275"
2020-10-26,HOSPITAL GENERAL VILLA,SEDESA,Buena,Buena,"19.480079, -99.103353"
2020-10-26,HOSPITAL GENERAL DR. RUBÉN LEÑERO,SEDESA,Crítica,Buena,"19.451398, -99.169565"
2020-10-26,HOSPITAL GENERAL MILPA ALTA,SEDESA,Media,Buena,"19.200951, -99.011210"
2020-10-26,HOSPITAL GENERAL BALBUENA,SEDESA,Buena,Buena,"19.424195, -99.115412"
2020-10-26,HOSPITAL TEPEPAN,SEDESA,Sin Dato,Sin Dato,"19.275806, -99.144298"
2020-10-26,HOSPITAL DE ESPECIALIDADES 01 CMN SIGLO XXI (CDMX SUR),IMSS,Buena,Buena,"19.466549, -99.145102"
2020-10-26,HOSPITAL DE PEDIATRIA 01 CMN SIGLO XXI (CDMX SUR),IMSS,Buena,Buena,"19.407458, -99.152267"
2020-10-26,HOSPITAL GENERAL DE ZONA 01 CARLOS MC GREGOR (CDMX SUR),IMSS,Media,Buena,"19.395912, -99.161610"
2020-10-26,HOSPITAL GENERAL DE ZONA 1A PARQUE DE LOS VENADOS (CDMX SUR),IMSS,Media,Buena,"19.374431, -99.151203"
2020-10-26,HOSPITAL DE INFECTOLOGIA 01 LA RAZA (CDMX NORTE),IMSS,Media,Buena,"19.464865, -99.144859"
2020-10-26,HOSPITAL GENERAL 01 (CDMX NORTE) LA RAZA,IMSS,Buena,Buena,"19.395740, -99.161677"
2020-10-26,HOSPITAL GENERAL DE ZONA 24 (CDMX NORTE),IMSS,Buena,Buena,"19.483221, -99.128448"
2020-10-26,HOSPITAL GENERAL DE ZONA 27 (CDMX NORTE),IMSS,Buena,Buena,"19.454776, -99.140007"
2020-10-26,HOSPITAL GENERAL DE ZONA 2A (CDMX SUR),IMSS,Buena,Buena,"19.405495, -99.112200"
2020-10-26,HOSPITAL GENERAL DE ZONA 30 (CDMX SUR),IMSS,Buena,Buena,"19.398836, -99.116913"
2020-10-26,HOSPITAL GENERAL DE ZONA 32 (CDMX SUR),IMSS,Media,Buena,"19.307964, -99.130677"
2020-10-26,HOSPITAL GENERAL DE ZONA C/MF 08 (CDMX SUR),IMSS,Media,Buena,"19.337137, -99.200142"
2020-10-26,HOSPITAL GENERAL DE ZONA C/UMAA 48 (CDMX NORTE),IMSS,Media,Buena,"19.482375, -99.213046"
2020-10-26,HOSPITAL GENERAL 02 (CDMX SUR) VILLA COAPA (COY.),IMSS,Buena,Buena,"19.309194, -99.129593"
2020-10-26,HOSPITAL DE ESPECIALIDADES 01 (CDMX NORTE) LA RAZA (AZC),IMSS,Media,Buena,"19.467169, -99.143785"
2020-10-26,HOSPITAL GENERAL DE ZONA C/MF 29 (S. JUAN ARAGÓN),IMSS,Buena,Buena,"19.465117, -99.085162"
2020-10-26,HOSPITAL GENERAL DE ZONA 47 (CDMX SUR) (IZP),IMSS,Buena,Media,"19.357566, -99.054269"
2020-10-26,UNIDAD MÓVIL TEMPORAL COVID,IMSS,Media,Crítica,"19.403082, -99.089177"
2020-10-26,CRIT IZTAPALAPA,IMSS,Buena,Buena,"19.328321, -99.068530"
2020-10-26,HOSPITAL GENERAL REGIONAL 72,IMSS,Crítica,Media,"19.356913, -98.990929"
2020-10-26,HOSPITAL GENERAL REGIONAL 196,IMSS,Buena,Buena,"19.515133, -98.891450"
2020-10-26,HOSPITAL GENERAL REGIONAL 200,IMSS,Buena,Buena,"19.470300, -99.234208"
2020-10-26,HOSPITAL GENERAL DE ZONA 53,IMSS,Buena,Buena,"19.597387, -99.188426"
2020-10-26,HOSPITAL GENERAL DE ZONA 197,IMSS,Buena,Buena,"19.530797, -99.222446"
2020-10-26,HOSPITAL GENERAL DE ZONA 194,IMSS,Media,Buena,"19.570070, -99.044009"
2020-10-26,HOSPITAL GENERAL DE ZONA 57 (LA QUEBRADA),IMSS,Buena,Buena,"19.542797, -99.205022"
2020-10-26,HOSPITAL GENERAL DE ZONA 58 (LAS MARGARITAS),IMSS,Media,Buena,"19.529016, -99.030983"
2020-10-26,HOSPITAL GENERAL DE ZONA 68 (TULPETLAC),IMSS,Buena,Buena,"19.742905, -98.972971"
2020-10-26,HOSPITAL GENERAL DE ZONA 71 (CHALCO),IMSS,Buena,Buena,"19.356913, -98.990929"
2020-10-26,HOSPITAL GENERAL DE ZONA 76 (XALOSTOC),IMSS,Media,Buena,"19.515133, -98.891450"
2020-10-26,HOSPITAL GENERAL DE ZONA 98 (COACALCO),IMSS,Buena,Buena,"19.470300, -99.234208"
2020-10-26,CRIT NEZAHUALCÓYOTL,IMSS,Buena,Buena,"19.425795, -99.029987"
2020-10-26,CENTRO MEDICO 20 DE NOVIEMBRE,ISSSTE,Buena,Buena,"19.372720, -99.171205"
2020-10-26,HG DARIO FERNANDEZ FIERRO,ISSSTE,Media,Media,"19.363602, -99.188608"
2020-10-26,HG JOSE MARIA MORELOS,ISSSTE,Buena,Media,"19.363918, -98.995393"
2020-10-26,HG TACUBA,ISSSTE,Crítica,Buena,"19.454384, -99.191231"
2020-10-26,HG DR FERNANDO QUIROZ,ISSSTE,Buena,Buena,"19.394242, -99.194187"
2020-10-26,HG IGNACIO ZARAGOZA,ISSSTE,Buena,Media,"19.389472, -99.045019"
2020-10-26,HR PRIMERO DE OCTUBRE,ISSSTE,Media,Media,"19.486751, -99.133249"
2020-10-26,HR LIC. ADOLFO LÓPEZ MATEOS,ISSSTE,Buena,Buena,"19.358451, -99.172716"
2020-10-26,HR BICENTENARIO DE LA INDEPENDENCIA,ISSSTE,Media,Buena,"19.628814, -99.163343"
2020-10-26,ALTA ESPECIALIDAD DE ZUMPANGO,EDOMEX,Buena,Buena,"19.815198, -99.089196"
2020-10-26,HOSPITAL REGIONAL TLALNEPANTLA ISSEMYM,EDOMEX,Media,Buena,"19.521706, -99.187341"
2020-10-26,"HOSPITAL GENERAL ECATEPEC ""LAS AMÉRICAS""",EDOMEX,Buena,Buena,"19.594136, -99.018679"
2020-10-26,"HOSPITAL GENERAL DE NAUCALPAN ""DR. MAXIMILIANO RUIZ CASTAÑEDA"" ",EDOMEX,Buena,Buena,"19.468662, -99.234348"
2020-10-26,"HOSPITAL GENERAL ATIZAPAN DE ZARAGOZA ""DR. SALVADOR GONZALEZ HERREJÓN""",EDOMEX,Buena,Buena,"19.546322, -99.237491"
2020-10-26,"HOSPITAL GENERAL CUAUTITLAN ""GRAL. JOSE VICENTE VILLADA""",EDOMEX,Buena,Buena,"19.664586, -99.178557"
2020-10-26,"HOSPITAL GENERAL DE NEZAHUALCOYOTL ""GUSTAVO BAZ PRADA""",EDOMEX,Buena,Media,"19.422253, -99.014892"
2020-10-26,"HOSPITAL GENERAL DE ECATEPEC ""JOSÉ MARÍA RODRÍGUEZ""",EDOMEX,Buena,Buena,"19.514412, -99.038087"
2020-10-26,"HOSPITAL GENERAL NEZAHUALCOYOTL ""LA PERLA"" ",EDOMEX,Buena,Media,"19.387963, -98.989442"
2020-10-26,HOSPITAL GENERAL DE CHIMALHUACAN,EDOMEX,Buena,Buena,"19.419753, -98.975140"
2020-10-26,"HOSPITAL GENERAL DE IXTAPALUCA ""PEDRO LOPEZ""",EDOMEX,Buena,Buena,"19.318829, -98.855366"
2020-10-26,HOSPITAL GENERAL DE CHALCO ,EDOMEX,Buena,Buena,"19.268265, -98.893965"
2020-10-26,"HOSPITAL GENERAL TEXCOCO ""GUADALUPE VICTORIA"" BICENTENARIO ",EDOMEX,Buena,Buena,"19.514309, -98.871750"
2020-10-26,"HOSPITAL GENERAL VALLE DE CHALCO ""DR. FERNANDO QUIROZ GUTIERREZ"" ",EDOMEX,Buena,Buena,"19.273775, -98.941609"
2020-10-26,"HOSPITAL GENERAL AMECAMECA ""VALENTIN GOMEZ FARIAS"" ",EDOMEX,Buena,Buena,"19.144883, -98.785072"
2020-10-26,HOSPITAL GENERAL DE AXAPUSCO,EDOMEX,Buena,Media,"19.732872, -98.769445"
2020-10-27,INSTITUTO NACIONAL DE NUTRICIÓN,SSA,Buena,Media,"19.289599, -99.155441"
2020-10-27,INER,SSA,Media,Media,"19.291375, -99.158653"
2020-10-27,HOSPITAL GENERAL DE MÉXICO,SSA,Buena,Media,"19.4129258, -99.1520225"
2020-10-27,HOSPITAL JUAREZ,SSA,Media,Buena,"19.481829, -99.135576"
2020-10-27,HOSPITAL GENERAL DR. MANUEL GEA GONZÁLEZ,SSA,Buena,Media,"19.290295, -99.160861"
2020-10-27,HOSPITAL INFANTIL DE MÉXICO FEDERICO GÓMEZ,SSA,Buena,Buena,"19.410839, -99.151941"
2020-10-27,INSTITUTO  NACIONAL DE CARDIOLOGÍA IGNACIO CHÁVEZ,SSA,Buena,Buena,"19.290598, -99.153838"
2020-10-27,CITIBANAMEX,SSA,Buena,Crítica,"19.439732, -99.224235"
2020-10-27,HOSPITAL REGIONAL DE ALTA ESPECIALIDAD DE IXTAPALUCA,SSA,Buena,Media,"19.318796, -98.855353"
2020-10-27,BELISARIO DOMINGUEZ,SEDESA,Media,Buena,"19.307226, -99.065356"
2020-10-27,ENRIQUE CABRERA,SEDESA,Buena,Buena,"19.361675, -99.224432"
2020-10-27,GENERAL TLAHUAC,SEDESA,Buena,Buena,"19.287492, -99.052665"
2020-10-27,PEDIATRICO DE LA VILLA,SEDESA,Buena,Buena,"19.487355, -99.114316"
2020-10-27,HOSPITAL GENERAL AJUSCO MEDIO,SEDESA,Buena,Buena,"19.272165, -99.207846"
2020-10-27,HOSPITAL GENERAL IZTAPALAPA,SEDESA,Buena,Buena,"19.343426, -99.027236"
2020-10-27,HOSPITAL GENERAL XOCO,SEDESA,Buena,Buena,"19.360313, -99.162275"
2020-10-27,HOSPITAL GENERAL VILLA,SEDESA,Buena,Buena,"19.480079, -99.103353"
2020-10-27,HOSPITAL GENERAL DR. RUBÉN LEÑERO,SEDESA,Media,Buena,"19.451398, -99.169565"
2020-10-27,HOSPITAL GENERAL MILPA ALTA,SEDESA,Buena,Buena,"19.200951, -99.011210"
2020-10-27,HOSPITAL GENERAL BALBUENA,SEDESA,Buena,Buena,"19.424195, -99.115412"
2020-10-27,HOSPITAL TEPEPAN,SEDESA,Sin Dato,Sin Dato,"19.275806, -99.144298"
2020-10-27,HOSPITAL DE ESPECIALIDADES 01 CMN SIGLO XXI (CDMX SUR),IMSS,Buena,Buena,"19.466549, -99.145102"
2020-10-27,HOSPITAL DE PEDIATRIA 01 CMN SIGLO XXI (CDMX SUR),IMSS,Buena,Buena,"19.407458, -99.152267"
2020-10-27,HOSPITAL GENERAL DE ZONA 01 CARLOS MC GREGOR (CDMX SUR),IMSS,Media,Buena,"19.395912, -99.161610"
2020-10-27,HOSPITAL GENERAL DE ZONA 1A PARQUE DE LOS VENADOS (CDMX SUR),IMSS,Media,Buena,"19.374431, -99.151203"
2020-10-27,HOSPITAL DE INFECTOLOGIA 01 LA RAZA (CDMX NORTE),IMSS,Media,Buena,"19.464865, -99.144859"
2020-10-27,HOSPITAL GENERAL 01 (CDMX NORTE) LA RAZA,IMSS,Buena,Buena,"19.395740, -99.161677"
2020-10-27,HOSPITAL GENERAL DE ZONA 24 (CDMX NORTE),IMSS,Buena,Buena,"19.483221, -99.128448"
2020-10-27,HOSPITAL GENERAL DE ZONA 27 (CDMX NORTE),IMSS,Buena,Buena,"19.454776, -99.140007"
2020-10-27,HOSPITAL GENERAL DE ZONA 2A (CDMX SUR),IMSS,Buena,Media,"19.405495, -99.112200"
2020-10-27,HOSPITAL GENERAL DE ZONA 30 (CDMX SUR),IMSS,Buena,Buena,"19.398836, -99.116913"
2020-10-27,HOSPITAL GENERAL DE ZONA 32 (CDMX SUR),IMSS,Media,Buena,"19.307964, -99.130677"
2020-10-27,HOSPITAL GENERAL DE ZONA C/MF 08 (CDMX SUR),IMSS,Media,Buena,"19.337137, -99.200142"
2020-10-27,HOSPITAL GENERAL DE ZONA C/UMAA 48 (CDMX NORTE),IMSS,Media,Buena,"19.482375, -99.213046"
2020-10-27,HOSPITAL GENERAL 02 (CDMX SUR) VILLA COAPA (COY.),IMSS,Buena,Buena,"19.309194, -99.129593"
2020-10-27,HOSPITAL DE ESPECIALIDADES 01 (CDMX NORTE) LA RAZA (AZC),IMSS,Media,Buena,"19.467169, -99.143785"
2020-10-27,HOSPITAL GENERAL DE ZONA C/MF 29 (S. JUAN ARAGÓN),IMSS,Buena,Buena,"19.465117, -99.085162"
2020-10-27,HOSPITAL GENERAL DE ZONA 47 (CDMX SUR) (IZP),IMSS,Buena,Buena,"19.357566, -99.054269"
2020-10-27,UNIDAD MÓVIL TEMPORAL COVID,IMSS,Media,Crítica,"19.403082, -99.089177"
2020-10-27,CRIT IZTAPALAPA,IMSS,Buena,Buena,"19.328321, -99.068530"
2020-10-27,HOSPITAL GENERAL REGIONAL 72,IMSS,Crítica,Media,"19.356913, -98.990929"
2020-10-27,HOSPITAL GENERAL REGIONAL 196,IMSS,Buena,Buena,"19.515133, -98.891450"
2020-10-27,HOSPITAL GENERAL REGIONAL 200,IMSS,Buena,Buena,"19.470300, -99.234208"
2020-10-27,HOSPITAL GENERAL DE ZONA 53,IMSS,Buena,Buena,"19.597387, -99.188426"
2020-10-27,HOSPITAL GENERAL DE ZONA 197,IMSS,Buena,Buena,"19.530797, -99.222446"
2020-10-27,HOSPITAL GENERAL DE ZONA 194,IMSS,Media,Buena,"19.570070, -99.044009"
2020-10-27,HOSPITAL GENERAL DE ZONA 57 (LA QUEBRADA),IMSS,Buena,Buena,"19.542797, -99.205022"
2020-10-27,HOSPITAL GENERAL DE ZONA 58 (LAS MARGARITAS),IMSS,Media,Media,"19.529016, -99.030983"
2020-10-27,HOSPITAL GENERAL DE ZONA 68 (TULPETLAC),IMSS,Buena,Buena,"19.742905, -98.972971"
2020-10-27,HOSPITAL GENERAL DE ZONA 71 (CHALCO),IMSS,Buena,Buena,"19.356913, -98.990929"
2020-10-27,HOSPITAL GENERAL DE ZONA 76 (XALOSTOC),IMSS,Media,Buena,"19.515133, -98.891450"
2020-10-27,HOSPITAL GENERAL DE ZONA 98 (COACALCO),IMSS,Buena,Buena,"19.470300, -99.234208"
2020-10-27,CRIT NEZAHUALCÓYOTL,IMSS,Buena,Buena,"19.425795, -99.029987"
2020-10-27,CENTRO MEDICO 20 DE NOVIEMBRE,ISSSTE,Buena,Buena,"19.372720, -99.171205"
2020-10-27,HG DARIO FERNANDEZ FIERRO,ISSSTE,Media,Media,"19.363602, -99.188608"
2020-10-27,HG JOSE MARIA MORELOS,ISSSTE,Buena,Media,"19.363918, -98.995393"
2020-10-27,HG TACUBA,ISSSTE,Crítica,Media,"19.454384, -99.191231"
2020-10-27,HG DR FERNANDO QUIROZ,ISSSTE,Buena,Buena,"19.394242, -99.194187"
2020-10-27,HG IGNACIO ZARAGOZA,ISSSTE,Buena,Media,"19.389472, -99.045019"
2020-10-27,HR PRIMERO DE OCTUBRE,ISSSTE,Media,Media,"19.486751, -99.133249"
2020-10-27,HR LIC. ADOLFO LÓPEZ MATEOS,ISSSTE,Buena,Buena,"19.358451, -99.172716"
2020-10-27,HR BICENTENARIO DE LA INDEPENDENCIA,ISSSTE,Media,Media,"19.628814, -99.163343"
2020-10-27,ALTA ESPECIALIDAD DE ZUMPANGO,EDOMEX,Buena,Buena,"19.815198, -99.089196"
2020-10-27,HOSPITAL REGIONAL TLALNEPANTLA ISSEMYM,EDOMEX,Media,Buena,"19.521706, -99.187341"
2020-10-27,"HOSPITAL GENERAL ECATEPEC ""LAS AMÉRICAS""",EDOMEX,Buena,Buena,"19.594136, -99.018679"
2020-10-27,"HOSPITAL GENERAL DE NAUCALPAN ""DR. MAXIMILIANO RUIZ CASTAÑEDA"" ",EDOMEX,Buena,Buena,"19.468662, -99.234348"
2020-10-27,"HOSPITAL GENERAL ATIZAPAN DE ZARAGOZA ""DR. SALVADOR GONZALEZ HERREJÓN""",EDOMEX,Buena,Buena,"19.546322, -99.237491"
2020-10-27,"HOSPITAL GENERAL CUAUTITLAN ""GRAL. JOSE VICENTE VILLADA""",EDOMEX,Buena,Buena,"19.664586, -99.178557"
2020-10-27,"HOSPITAL GENERAL DE NEZAHUALCOYOTL ""GUSTAVO BAZ PRADA""",EDOMEX,Buena,Media,"19.422253, -99.014892"
2020-10-27,"HOSPITAL GENERAL DE ECATEPEC ""JOSÉ MARÍA RODRÍGUEZ""",EDOMEX,Buena,Buena,"19.514412, -99.038087"
2020-10-27,"HOSPITAL GENERAL NEZAHUALCOYOTL ""LA PERLA"" ",EDOMEX,Buena,Media,"19.387963, -98.989442"
2020-10-27,HOSPITAL GENERAL DE CHIMALHUACAN,EDOMEX,Buena,Buena,"19.419753, -98.975140"
2020-10-27,"HOSPITAL GENERAL DE IXTAPALUCA ""PEDRO LOPEZ""",EDOMEX,Buena,Buena,"19.318829, -98.855366"
2020-10-27,HOSPITAL GENERAL DE CHALCO ,EDOMEX,Buena,Buena,"19.268265, -98.893965"
2020-10-27,"HOSPITAL GENERAL TEXCOCO ""GUADALUPE VICTORIA"" BICENTENARIO ",EDOMEX,Buena,Buena,"19.514309, -98.871750"
2020-10-27,"HOSPITAL GENERAL VALLE DE CHALCO ""DR. FERNANDO QUIROZ GUTIERREZ"" ",EDOMEX,Buena,Buena,"19.273775, -98.941609"
2020-10-27,"HOSPITAL GENERAL AMECAMECA ""VALENTIN GOMEZ FARIAS"" ",EDOMEX,Buena,Buena,"19.144883, -98.785072"
2020-10-27,HOSPITAL GENERAL DE AXAPUSCO,EDOMEX,Buena,Media,"19.732872, -98.769445"
2020-10-28,INSTITUTO NACIONAL DE NUTRICIÓN,SSA,Buena,Media,"19.289599, -99.155441"
2020-10-28,INER,SSA,Media,Media,"19.291375, -99.158653"
2020-10-28,HOSPITAL GENERAL DE MÉXICO,SSA,Buena,Buena,"19.4129258, -99.1520225"
2020-10-28,HOSPITAL JUAREZ,SSA,Media,Buena,"19.481829, -99.135576"
2020-10-28,HOSPITAL GENERAL DR. MANUEL GEA GONZÁLEZ,SSA,Buena,Buena,"19.290295, -99.160861"
2020-10-28,HOSPITAL INFANTIL DE MÉXICO FEDERICO GÓMEZ,SSA,Buena,Buena,"19.410839, -99.151941"
2020-10-28,INSTITUTO  NACIONAL DE CARDIOLOGÍA IGNACIO CHÁVEZ,SSA,Buena,Buena,"19.290598, -99.153838"
2020-10-28,CITIBANAMEX,SSA,Buena,Crítica,"19.439732, -99.224235"
2020-10-28,HOSPITAL REGIONAL DE ALTA ESPECIALIDAD DE IXTAPALUCA,SSA,Buena,Media,"19.318796, -98.855353"
2020-10-28,BELISARIO DOMINGUEZ,SEDESA,Media,Buena,"19.307226, -99.065356"
2020-10-28,ENRIQUE CABRERA,SEDESA,Media,Buena,"19.361675, -99.224432"
2020-10-28,GENERAL TLAHUAC,SEDESA,Buena,Buena,"19.287492, -99.052665"
2020-10-28,PEDIATRICO DE LA VILLA,SEDESA,Buena,Buena,"19.487355, -99.114316"
2020-10-28,HOSPITAL GENERAL AJUSCO MEDIO,SEDESA,Buena,Buena,"19.272165, -99.207846"
2020-10-28,HOSPITAL GENERAL IZTAPALAPA,SEDESA,Buena,Buena,"19.343426, -99.027236"
2020-10-28,HOSPITAL GENERAL XOCO,SEDESA,Buena,Buena,"19.360313, -99.162275"
2020-10-28,HOSPITAL GENERAL VILLA,SEDESA,Buena,Buena,"19.480079, -99.103353"
2020-10-28,HOSPITAL GENERAL DR. RUBÉN LEÑERO,SEDESA,Media,Buena,"19.451398, -99.169565"
2020-10-28,HOSPITAL GENERAL MILPA ALTA,SEDESA,Media,Buena,"19.200951, -99.011210"
2020-10-28,HOSPITAL GENERAL BALBUENA,SEDESA,Buena,Buena,"19.424195, -99.115412"
2020-10-28,HOSPITAL TEPEPAN,SEDESA,Sin Dato,Sin Dato,"19.275806, -99.144298"
2020-10-28,HOSPITAL DE ESPECIALIDADES 01 CMN SIGLO XXI (CDMX SUR),IMSS,Buena,Buena,"19.466549, -99.145102"
2020-10-28,HOSPITAL DE PEDIATRIA 01 CMN SIGLO XXI (CDMX SUR),IMSS,Buena,Buena,"19.407458, -99.152267"
2020-10-28,HOSPITAL GENERAL DE ZONA 01 CARLOS MC GREGOR (CDMX SUR),IMSS,Media,Buena,"19.395912, -99.161610"
2020-10-28,HOSPITAL GENERAL DE ZONA 1A PARQUE DE LOS VENADOS (CDMX SUR),IMSS,Media,Buena,"19.374431, -99.151203"
2020-10-28,HOSPITAL DE INFECTOLOGIA 01 LA RAZA (CDMX NORTE),IMSS,Media,Buena,"19.464865, -99.144859"
2020-10-28,HOSPITAL GENERAL 01 (CDMX NORTE) LA RAZA,IMSS,Buena,Buena,"19.395740, -99.161677"
2020-10-28,HOSPITAL GENERAL DE ZONA 24 (CDMX NORTE),IMSS,Buena,Buena,"19.483221, -99.128448"
2020-10-28,HOSPITAL GENERAL DE ZONA 27 (CDMX NORTE),IMSS,Buena,Buena,"19.454776, -99.140007"
2020-10-28,HOSPITAL GENERAL DE ZONA 2A (CDMX SUR),IMSS,Buena,Media,"19.405495, -99.112200"
2020-10-28,HOSPITAL GENERAL DE ZONA 30 (CDMX SUR),IMSS,Buena,Buena,"19.398836, -99.116913"
2020-10-28,HOSPITAL GENERAL DE ZONA 32 (CDMX SUR),IMSS,Media,Buena,"19.307964, -99.130677"
2020-10-28,HOSPITAL GENERAL DE ZONA C/MF 08 (CDMX SUR),IMSS,Media,Buena,"19.337137, -99.200142"
2020-10-28,HOSPITAL GENERAL DE ZONA C/UMAA 48 (CDMX NORTE),IMSS,Media,Buena,"19.482375, -99.213046"
2020-10-28,HOSPITAL GENERAL 02 (CDMX SUR) VILLA COAPA (COY.),IMSS,Buena,Buena,"19.309194, -99.129593"
2020-10-28,HOSPITAL DE ESPECIALIDADES 01 (CDMX NORTE) LA RAZA (AZC),IMSS,Media,Buena,"19.467169, -99.143785"
2020-10-28,HOSPITAL GENERAL DE ZONA C/MF 29 (S. JUAN ARAGÓN),IMSS,Buena,Buena,"19.465117, -99.085162"
2020-10-28,HOSPITAL GENERAL DE ZONA 47 (CDMX SUR) (IZP),IMSS,Buena,Media,"19.357566, -99.054269"
2020-10-28,UNIDAD MÓVIL TEMPORAL COVID,IMSS,Crítica,Crítica,"19.403082, -99.089177"
2020-10-28,CRIT IZTAPALAPA,IMSS,Buena,Buena,"19.328321, -99.068530"
2020-10-28,HOSPITAL GENERAL REGIONAL 72,IMSS,Crítica,Media,"19.356913, -98.990929"
2020-10-28,HOSPITAL GENERAL REGIONAL 196,IMSS,Buena,Buena,"19.515133, -98.891450"
2020-10-28,HOSPITAL GENERAL REGIONAL 200,IMSS,Buena,Buena,"19.470300, -99.234208"
2020-10-28,HOSPITAL GENERAL DE ZONA 53,IMSS,Buena,Buena,"19.597387, -99.188426"
2020-10-28,HOSPITAL GENERAL DE ZONA 197,IMSS,Buena,Buena,"19.530797, -99.222446"
2020-10-28,HOSPITAL GENERAL DE ZONA 194,IMSS,Media,Buena,"19.570070, -99.044009"
2020-10-28,HOSPITAL GENERAL DE ZONA 57 (LA QUEBRADA),IMSS,Buena,Buena,"19.542797, -99.205022"
2020-10-28,HOSPITAL GENERAL DE ZONA 58 (LAS MARGARITAS),IMSS,Media,Buena,"19.529016, -99.030983"
2020-10-28,HOSPITAL GENERAL DE ZONA 68 (TULPETLAC),IMSS,Buena,Buena,"19.742905, -98.972971"
2020-10-28,HOSPITAL GENERAL DE ZONA 71 (CHALCO),IMSS,Buena,Buena,"19.356913, -98.990929"
2020-10-28,HOSPITAL GENERAL DE ZONA 76 (XALOSTOC),IMSS,Media,Buena,"19.515133, -98.891450"
2020-10-28,HOSPITAL GENERAL DE ZONA 98 (COACALCO),IMSS,Buena,Buena,"19.470300, -99.234208"
2020-10-28,CRIT NEZAHUALCÓYOTL,IMSS,Buena,Buena,"19.425795, -99.029987"
2020-10-28,CENTRO MEDICO 20 DE NOVIEMBRE,ISSSTE,Buena,Buena,"19.372720, -99.171205"
2020-10-28,HG DARIO FERNANDEZ FIERRO,ISSSTE,Media,Media,"19.363602, -99.188608"
2020-10-28,HG JOSE MARIA MORELOS,ISSSTE,Buena,Media,"19.363918, -98.995393"
2020-10-28,HG TACUBA,ISSSTE,Crítica,Media,"19.454384, -99.191231"
2020-10-28,HG DR FERNANDO QUIROZ,ISSSTE,Buena,Buena,"19.394242, -99.194187"
2020-10-28,HG IGNACIO ZARAGOZA,ISSSTE,Buena,Media,"19.389472, -99.045019"
2020-10-28,HR PRIMERO DE OCTUBRE,ISSSTE,Media,Media,"19.486751, -99.133249"
2020-10-28,HR LIC. ADOLFO LÓPEZ MATEOS,ISSSTE,Buena,Buena,"19.358451, -99.172716"
2020-10-28,HR BICENTENARIO DE LA INDEPENDENCIA,ISSSTE,Media,Media,"19.628814, -99.163343"
2020-10-28,ALTA ESPECIALIDAD DE ZUMPANGO,EDOMEX,Buena,Buena,"19.815198, -99.089196"
2020-10-28,HOSPITAL REGIONAL TLALNEPANTLA ISSEMYM,EDOMEX,Media,Buena,"19.521706, -99.187341"
2020-10-28,"HOSPITAL GENERAL ECATEPEC ""LAS AMÉRICAS""",EDOMEX,Buena,Media,"19.594136, -99.018679"
2020-10-28,"HOSPITAL GENERAL DE NAUCALPAN ""DR. MAXIMILIANO RUIZ CASTAÑEDA"" ",EDOMEX,Buena,Buena,"19.468662, -99.234348"
2020-10-28,"HOSPITAL GENERAL ATIZAPAN DE ZARAGOZA ""DR. SALVADOR GONZALEZ HERREJÓN""",EDOMEX,Buena,Buena,"19.546322, -99.237491"
2020-10-28,"HOSPITAL GENERAL CUAUTITLAN ""GRAL. JOSE VICENTE VILLADA""",EDOMEX,Buena,Buena,"19.664586, -99.178557"
2020-10-28,"HOSPITAL GENERAL DE NEZAHUALCOYOTL ""GUSTAVO BAZ PRADA""",EDOMEX,Buena,Media,"19.422253, -99.014892"
2020-10-28,"HOSPITAL GENERAL DE ECATEPEC ""JOSÉ MARÍA RODRÍGUEZ""",EDOMEX,Buena,Buena,"19.514412, -99.038087"
2020-10-28,"HOSPITAL GENERAL NEZAHUALCOYOTL ""LA PERLA"" ",EDOMEX,Buena,Buena,"19.387963, -98.989442"
2020-10-28,HOSPITAL GENERAL DE CHIMALHUACAN,EDOMEX,Buena,Buena,"19.419753, -98.975140"
2020-10-28,"HOSPITAL GENERAL DE IXTAPALUCA ""PEDRO LOPEZ""",EDOMEX,Buena,Buena,"19.318829, -98.855366"
2020-10-28,HOSPITAL GENERAL DE CHALCO ,EDOMEX,Buena,Buena,"19.268265, -98.893965"
2020-10-28,"HOSPITAL GENERAL TEXCOCO ""GUADALUPE VICTORIA"" BICENTENARIO ",EDOMEX,Buena,Buena,"19.514309, -98.871750"
2020-10-28,"HOSPITAL GENERAL VALLE DE CHALCO ""DR. FERNANDO QUIROZ GUTIERREZ"" ",EDOMEX,Buena,Buena,"19.273775, -98.941609"
2020-10-28,"HOSPITAL GENERAL AMECAMECA ""VALENTIN GOMEZ FARIAS"" ",EDOMEX,Buena,Buena,"19.144883, -98.785072"
2020-10-28,HOSPITAL GENERAL DE AXAPUSCO,EDOMEX,Buena,Media,"19.732872, -98.769445"
2020-10-29,INSTITUTO NACIONAL DE NUTRICIÓN,SSA,Buena,Media,"19.289599, -99.155441"
2020-10-29,INER,SSA,Crítica,Media,"19.291375, -99.158653"
2020-10-29,HOSPITAL GENERAL DE MÉXICO,SSA,Buena,Media,"19.4129258, -99.1520225"
2020-10-29,HOSPITAL JUAREZ,SSA,Media,Buena,"19.481829, -99.135576"
2020-10-29,HOSPITAL GENERAL DR. MANUEL GEA GONZÁLEZ,SSA,Buena,Media,"19.290295, -99.160861"
2020-10-29,HOSPITAL INFANTIL DE MÉXICO FEDERICO GÓMEZ,SSA,Buena,Buena,"19.410839, -99.151941"
2020-10-29,INSTITUTO  NACIONAL DE CARDIOLOGÍA IGNACIO CHÁVEZ,SSA,Buena,Buena,"19.290598, -99.153838"
2020-10-29,CITIBANAMEX,SSA,Buena,Crítica,"19.439732, -99.224235"
2020-10-29,HOSPITAL REGIONAL DE ALTA ESPECIALIDAD DE IXTAPALUCA,SSA,Buena,Media,"19.318796, -98.855353"
2020-10-29,BELISARIO DOMINGUEZ,SEDESA,Media,Buena,"19.307226, -99.065356"
2020-10-29,ENRIQUE CABRERA,SEDESA,Buena,Buena,"19.361675, -99.224432"
2020-10-29,GENERAL TLAHUAC,SEDESA,Buena,Buena,"19.287492, -99.052665"
2020-10-29,PEDIATRICO DE LA VILLA,SEDESA,Buena,Buena,"19.487355, -99.114316"
2020-10-29,HOSPITAL GENERAL AJUSCO MEDIO,SEDESA,Buena,Buena,"19.272165, -99.207846"
2020-10-29,HOSPITAL GENERAL IZTAPALAPA,SEDESA,Buena,Buena,"19.343426, -99.027236"
2020-10-29,HOSPITAL GENERAL XOCO,SEDESA,Buena,Buena,"19.360313, -99.162275"
2020-10-29,HOSPITAL GENERAL VILLA,SEDESA,Buena,Buena,"19.480079, -99.103353"
2020-10-29,HOSPITAL GENERAL DR. RUBÉN LEÑERO,SEDESA,Crítica,Buena,"19.451398, -99.169565"
2020-10-29,HOSPITAL GENERAL MILPA ALTA,SEDESA,Buena,Buena,"19.200951, -99.011210"
2020-10-29,HOSPITAL GENERAL BALBUENA,SEDESA,Buena,Buena,"19.424195, -99.115412"
2020-10-29,HOSPITAL TEPEPAN,SEDESA,Sin Dato,Sin Dato,"19.275806, -99.144298"
2020-10-29,HOSPITAL DE ESPECIALIDADES 01 CMN SIGLO XXI (CDMX SUR),IMSS,Buena,Buena,"19.466549, -99.145102"
2020-10-29,HOSPITAL DE PEDIATRIA 01 CMN SIGLO XXI (CDMX SUR),IMSS,Buena,Buena,"19.407458, -99.152267"
2020-10-29,HOSPITAL GENERAL DE ZONA 01 CARLOS MC GREGOR (CDMX SUR),IMSS,Media,Buena,"19.395912, -99.161610"
2020-10-29,HOSPITAL GENERAL DE ZONA 1A PARQUE DE LOS VENADOS (CDMX SUR),IMSS,Media,Buena,"19.374431, -99.151203"
2020-10-29,HOSPITAL DE INFECTOLOGIA 01 LA RAZA (CDMX NORTE),IMSS,Media,Buena,"19.464865, -99.144859"
2020-10-29,HOSPITAL GENERAL 01 (CDMX NORTE) LA RAZA,IMSS,Buena,Buena,"19.395740, -99.161677"
2020-10-29,HOSPITAL GENERAL DE ZONA 24 (CDMX NORTE),IMSS,Buena,Buena,"19.483221, -99.128448"
2020-10-29,HOSPITAL GENERAL DE ZONA 27 (CDMX NORTE),IMSS,Buena,Buena,"19.454776, -99.140007"
2020-10-29,HOSPITAL GENERAL DE ZONA 2A (CDMX SUR),IMSS,Buena,Media,"19.405495, -99.112200"
2020-10-29,HOSPITAL GENERAL DE ZONA 30 (CDMX SUR),IMSS,Buena,Buena,"19.398836, -99.116913"
2020-10-29,HOSPITAL GENERAL DE ZONA 32 (CDMX SUR),IMSS,Media,Buena,"19.307964, -99.130677"
2020-10-29,HOSPITAL GENERAL DE ZONA C/MF 08 (CDMX SUR),IMSS,Media,Buena,"19.337137, -99.200142"
2020-10-29,HOSPITAL GENERAL DE ZONA C/UMAA 48 (CDMX NORTE),IMSS,Media,Buena,"19.482375, -99.213046"
2020-10-29,HOSPITAL GENERAL 02 (CDMX SUR) VILLA COAPA (COY.),IMSS,Buena,Buena,"19.309194, -99.129593"
2020-10-29,HOSPITAL DE ESPECIALIDADES 01 (CDMX NORTE) LA RAZA (AZC),IMSS,Media,Buena,"19.467169, -99.143785"
2020-10-29,HOSPITAL GENERAL DE ZONA C/MF 29 (S. JUAN ARAGÓN),IMSS,Buena,Buena,"19.465117, -99.085162"
2020-10-29,HOSPITAL GENERAL DE ZONA 47 (CDMX SUR) (IZP),IMSS,Buena,Media,"19.357566, -99.054269"
2020-10-29,UNIDAD MÓVIL TEMPORAL COVID,IMSS,Crítica,Crítica,"19.403082, -99.089177"
2020-10-29,CRIT IZTAPALAPA,IMSS,Buena,Buena,"19.328321, -99.068530"
2020-10-29,HOSPITAL GENERAL REGIONAL 72,IMSS,Crítica,Media,"19.356913, -98.990929"
2020-10-29,HOSPITAL GENERAL REGIONAL 196,IMSS,Buena,Buena,"19.515133, -98.891450"
2020-10-29,HOSPITAL GENERAL REGIONAL 200,IMSS,Buena,Buena,"19.470300, -99.234208"
2020-10-29,HOSPITAL GENERAL DE ZONA 53,IMSS,Buena,Buena,"19.597387, -99.188426"
2020-10-29,HOSPITAL GENERAL DE ZONA 197,IMSS,Buena,Buena,"19.530797, -99.222446"
2020-10-29,HOSPITAL GENERAL DE ZONA 194,IMSS,Media,Buena,"19.570070, -99.044009"
2020-10-29,HOSPITAL GENERAL DE ZONA 57 (LA QUEBRADA),IMSS,Buena,Buena,"19.542797, -99.205022"
2020-10-29,HOSPITAL GENERAL DE ZONA 58 (LAS MARGARITAS),IMSS,Media,Buena,"19.529016, -99.030983"
2020-10-29,HOSPITAL GENERAL DE ZONA 68 (TULPETLAC),IMSS,Buena,Buena,"19.742905, -98.972971"
2020-10-29,HOSPITAL GENERAL DE ZONA 71 (CHALCO),IMSS,Buena,Buena,"19.356913, -98.990929"
2020-10-29,HOSPITAL GENERAL DE ZONA 76 (XALOSTOC),IMSS,Media,Buena,"19.515133, -98.891450"
2020-10-29,HOSPITAL GENERAL DE ZONA 98 (COACALCO),IMSS,Buena,Buena,"19.470300, -99.234208"
2020-10-29,CRIT NEZAHUALCÓYOTL,IMSS,Buena,Buena,"19.425795, -99.029987"
2020-10-29,CENTRO MEDICO 20 DE NOVIEMBRE,ISSSTE,Buena,Buena,"19.372720, -99.171205"
2020-10-29,HG DARIO FERNANDEZ FIERRO,ISSSTE,Media,Crítica,"19.363602, -99.188608"
2020-10-29,HG JOSE MARIA MORELOS,ISSSTE,Buena,Media,"19.363918, -98.995393"
2020-10-29,HG TACUBA,ISSSTE,Media,Media,"19.454384, -99.191231"
2020-10-29,HG DR FERNANDO QUIROZ,ISSSTE,Media,Buena,"19.394242, -99.194187"
2020-10-29,HG IGNACIO ZARAGOZA,ISSSTE,Buena,Media,"19.389472, -99.045019"
2020-10-29,HR PRIMERO DE OCTUBRE,ISSSTE,Media,Media,"19.486751, -99.133249"
2020-10-29,HR LIC. ADOLFO LÓPEZ MATEOS,ISSSTE,Buena,Buena,"19.358451, -99.172716"
2020-10-29,HR BICENTENARIO DE LA INDEPENDENCIA,ISSSTE,Media,Media,"19.628814, -99.163343"
2020-10-29,ALTA ESPECIALIDAD DE ZUMPANGO,EDOMEX,Buena,Buena,"19.815198, -99.089196"
2020-10-29,HOSPITAL REGIONAL TLALNEPANTLA ISSEMYM,EDOMEX,Media,Buena,"19.521706, -99.187341"
2020-10-29,"HOSPITAL GENERAL ECATEPEC ""LAS AMÉRICAS""",EDOMEX,Buena,Buena,"19.594136, -99.018679"
2020-10-29,"HOSPITAL GENERAL DE NAUCALPAN ""DR. MAXIMILIANO RUIZ CASTAÑEDA"" ",EDOMEX,Buena,Buena,"19.468662, -99.234348"
2020-10-29,"HOSPITAL GENERAL ATIZAPAN DE ZARAGOZA ""DR. SALVADOR GONZALEZ HERREJÓN""",EDOMEX,Buena,Buena,"19.546322, -99.237491"
2020-10-29,"HOSPITAL GENERAL CUAUTITLAN ""GRAL. JOSE VICENTE VILLADA""",EDOMEX,Buena,Buena,"19.664586, -99.178557"
2020-10-29,"HOSPITAL GENERAL DE NEZAHUALCOYOTL ""GUSTAVO BAZ PRADA""",EDOMEX,Buena,Media,"19.422253, -99.014892"
2020-10-29,"HOSPITAL GENERAL DE ECATEPEC ""JOSÉ MARÍA RODRÍGUEZ""",EDOMEX,Buena,Buena,"19.514412, -99.038087"
2020-10-29,"HOSPITAL GENERAL NEZAHUALCOYOTL ""LA PERLA"" ",EDOMEX,Buena,Buena,"19.387963, -98.989442"
2020-10-29,HOSPITAL GENERAL DE CHIMALHUACAN,EDOMEX,Buena,Buena,"19.419753, -98.975140"
2020-10-29,"HOSPITAL GENERAL DE IXTAPALUCA ""PEDRO LOPEZ""",EDOMEX,Buena,Buena,"19.318829, -98.855366"
2020-10-29,HOSPITAL GENERAL DE CHALCO ,EDOMEX,Buena,Buena,"19.268265, -98.893965"
2020-10-29,"HOSPITAL GENERAL TEXCOCO ""GUADALUPE VICTORIA"" BICENTENARIO ",EDOMEX,Media,Buena,"19.514309, -98.871750"
2020-10-29,"HOSPITAL GENERAL VALLE DE CHALCO ""DR. FERNANDO QUIROZ GUTIERREZ"" ",EDOMEX,Buena,Buena,"19.273775, -98.941609"
2020-10-29,"HOSPITAL GENERAL AMECAMECA ""VALENTIN GOMEZ FARIAS"" ",EDOMEX,Buena,Buena,"19.144883, -98.785072"
2020-10-29,HOSPITAL GENERAL DE AXAPUSCO,EDOMEX,Buena,Buena,"19.732872, -98.769445"
2020-10-30,INSTITUTO NACIONAL DE NUTRICIÓN,SSA,Buena,Media,"19.289599, -99.155441"
2020-10-30,INER,SSA,Crítica,Media,"19.291375, -99.158653"
2020-10-30,HOSPITAL GENERAL DE MÉXICO,SSA,Buena,Buena,"19.4129258, -99.1520225"
2020-10-30,HOSPITAL JUAREZ,SSA,Media,Buena,"19.481829, -99.135576"
2020-10-30,HOSPITAL GENERAL DR. MANUEL GEA GONZÁLEZ,SSA,Buena,Media,"19.290295, -99.160861"
2020-10-30,HOSPITAL INFANTIL DE MÉXICO FEDERICO GÓMEZ,SSA,Buena,Buena,"19.410839, -99.151941"
2020-10-30,INSTITUTO  NACIONAL DE CARDIOLOGÍA IGNACIO CHÁVEZ,SSA,Buena,Buena,"19.290598, -99.153838"
2020-10-30,CITIBANAMEX,SSA,Buena,Crítica,"19.439732, -99.224235"
2020-10-30,HOSPITAL REGIONAL DE ALTA ESPECIALIDAD DE IXTAPALUCA,SSA,Buena,Media,"19.318796, -98.855353"
2020-10-30,BELISARIO DOMINGUEZ,SEDESA,Media,Buena,"19.307226, -99.065356"
2020-10-30,ENRIQUE CABRERA,SEDESA,Media,Buena,"19.361675, -99.224432"
2020-10-30,GENERAL TLAHUAC,SEDESA,Buena,Buena,"19.287492, -99.052665"
2020-10-30,PEDIATRICO DE LA VILLA,SEDESA,Buena,Buena,"19.487355, -99.114316"
2020-10-30,HOSPITAL GENERAL AJUSCO MEDIO,SEDESA,Buena,Buena,"19.272165, -99.207846"
2020-10-30,HOSPITAL GENERAL IZTAPALAPA,SEDESA,Buena,Buena,"19.343426, -99.027236"
2020-10-30,HOSPITAL GENERAL XOCO,SEDESA,Buena,Buena,"19.360313, -99.162275"
2020-10-30,HOSPITAL GENERAL VILLA,SEDESA,Buena,Buena,"19.480079, -99.103353"
2020-10-30,HOSPITAL GENERAL DR. RUBÉN LEÑERO,SEDESA,Media,Buena,"19.451398, -99.169565"
2020-10-30,HOSPITAL GENERAL MILPA ALTA,SEDESA,Media,Buena,"19.200951, -99.011210"
2020-10-30,HOSPITAL GENERAL BALBUENA,SEDESA,Buena,Buena,"19.424195, -99.115412"
2020-10-30,HOSPITAL TEPEPAN,SEDESA,Sin Dato,Sin Dato,"19.275806, -99.144298"
2020-10-30,HOSPITAL DE ESPECIALIDADES 01 CMN SIGLO XXI (CDMX SUR),IMSS,Buena,Buena,"19.466549, -99.145102"
2020-10-30,HOSPITAL DE PEDIATRIA 01 CMN SIGLO XXI (CDMX SUR),IMSS,Buena,Buena,"19.407458, -99.152267"
2020-10-30,HOSPITAL GENERAL DE ZONA 01 CARLOS MC GREGOR (CDMX SUR),IMSS,Media,Buena,"19.395912, -99.161610"
2020-10-30,HOSPITAL GENERAL DE ZONA 1A PARQUE DE LOS VENADOS (CDMX SUR),IMSS,Media,Buena,"19.374431, -99.151203"
2020-10-30,HOSPITAL DE INFECTOLOGIA 01 LA RAZA (CDMX NORTE),IMSS,Media,Buena,"19.464865, -99.144859"
2020-10-30,HOSPITAL GENERAL 01 (CDMX NORTE) LA RAZA,IMSS,Buena,Buena,"19.395740, -99.161677"
2020-10-30,HOSPITAL GENERAL DE ZONA 24 (CDMX NORTE),IMSS,Buena,Buena,"19.483221, -99.128448"
2020-10-30,HOSPITAL GENERAL DE ZONA 27 (CDMX NORTE),IMSS,Buena,Buena,"19.454776, -99.140007"
2020-10-30,HOSPITAL GENERAL DE ZONA 2A (CDMX SUR),IMSS,Buena,Media,"19.405495, -99.112200"
2020-10-30,HOSPITAL GENERAL DE ZONA 30 (CDMX SUR),IMSS,Buena,Buena,"19.398836, -99.116913"
2020-10-30,HOSPITAL GENERAL DE ZONA 32 (CDMX SUR),IMSS,Media,Buena,"19.307964, -99.130677"
2020-10-30,HOSPITAL GENERAL DE ZONA C/MF 08 (CDMX SUR),IMSS,Media,Buena,"19.337137, -99.200142"
2020-10-30,HOSPITAL GENERAL DE ZONA C/UMAA 48 (CDMX NORTE),IMSS,Media,Buena,"19.482375, -99.213046"
2020-10-30,HOSPITAL GENERAL 02 (CDMX SUR) VILLA COAPA (COY.),IMSS,Buena,Buena,"19.309194, -99.129593"
2020-10-30,HOSPITAL DE ESPECIALIDADES 01 (CDMX NORTE) LA RAZA (AZC),IMSS,Media,Buena,"19.467169, -99.143785"
2020-10-30,HOSPITAL GENERAL DE ZONA C/MF 29 (S. JUAN ARAGÓN),IMSS,Buena,Buena,"19.465117, -99.085162"
2020-10-30,HOSPITAL GENERAL DE ZONA 47 (CDMX SUR) (IZP),IMSS,Buena,Buena,"19.357566, -99.054269"
2020-10-30,UNIDAD MÓVIL TEMPORAL COVID,IMSS,Crítica,Crítica,"19.403082, -99.089177"
2020-10-30,CRIT IZTAPALAPA,IMSS,Buena,Buena,"19.328321, -99.068530"
2020-10-30,HOSPITAL GENERAL REGIONAL 72,IMSS,Media,Media,"19.356913, -98.990929"
2020-10-30,HOSPITAL GENERAL REGIONAL 196,IMSS,Buena,Buena,"19.515133, -98.891450"
2020-10-30,HOSPITAL GENERAL REGIONAL 200,IMSS,Buena,Buena,"19.470300, -99.234208"
2020-10-30,HOSPITAL GENERAL DE ZONA 53,IMSS,Buena,Buena,"19.597387, -99.188426"
2020-10-30,HOSPITAL GENERAL DE ZONA 197,IMSS,Buena,Buena,"19.530797, -99.222446"
2020-10-30,HOSPITAL GENERAL DE ZONA 194,IMSS,Media,Buena,"19.570070, -99.044009"
2020-10-30,HOSPITAL GENERAL DE ZONA 57 (LA QUEBRADA),IMSS,Buena,Buena,"19.542797, -99.205022"
2020-10-30,HOSPITAL GENERAL DE ZONA 58 (LAS MARGARITAS),IMSS,Media,Buena,"19.529016, -99.030983"
2020-10-30,HOSPITAL GENERAL DE ZONA 68 (TULPETLAC),IMSS,Buena,Buena,"19.742905, -98.972971"
2020-10-30,HOSPITAL GENERAL DE ZONA 71 (CHALCO),IMSS,Buena,Buena,"19.356913, -98.990929"
2020-10-30,HOSPITAL GENERAL DE ZONA 76 (XALOSTOC),IMSS,Media,Buena,"19.515133, -98.891450"
2020-10-30,HOSPITAL GENERAL DE ZONA 98 (COACALCO),IMSS,Buena,Buena,"19.470300, -99.234208"
2020-10-30,CRIT NEZAHUALCÓYOTL,IMSS,Buena,Buena,"19.425795, -99.029987"
2020-10-30,CENTRO MEDICO 20 DE NOVIEMBRE,ISSSTE,Buena,Buena,"19.372720, -99.171205"
2020-10-30,HG DARIO FERNANDEZ FIERRO,ISSSTE,Media,Crítica,"19.363602, -99.188608"
2020-10-30,HG JOSE MARIA MORELOS,ISSSTE,Buena,Media,"19.363918, -98.995393"
2020-10-30,HG TACUBA,ISSSTE,Crítica,Media,"19.454384, -99.191231"
2020-10-30,HG DR FERNANDO QUIROZ,ISSSTE,Media,Buena,"19.394242, -99.194187"
2020-10-30,HG IGNACIO ZARAGOZA,ISSSTE,Buena,Media,"19.389472, -99.045019"
2020-10-30,HR PRIMERO DE OCTUBRE,ISSSTE,Media,Buena,"19.486751, -99.133249"
2020-10-30,HR LIC. ADOLFO LÓPEZ MATEOS,ISSSTE,Buena,Buena,"19.358451, -99.172716"
2020-10-30,HR BICENTENARIO DE LA INDEPENDENCIA,ISSSTE,Media,Media,"19.628814, -99.163343"
2020-10-30,ALTA ESPECIALIDAD DE ZUMPANGO,EDOMEX,Buena,Buena,"19.815198, -99.089196"
2020-10-30,HOSPITAL REGIONAL TLALNEPANTLA ISSEMYM,EDOMEX,Media,Buena,"19.521706, -99.187341"
2020-10-30,"HOSPITAL GENERAL ECATEPEC ""LAS AMÉRICAS""",EDOMEX,Buena,Buena,"19.594136, -99.018679"
2020-10-30,"HOSPITAL GENERAL DE NAUCALPAN ""DR. MAXIMILIANO RUIZ CASTAÑEDA"" ",EDOMEX,Buena,Buena,"19.468662, -99.234348"
2020-10-30,"HOSPITAL GENERAL ATIZAPAN DE ZARAGOZA ""DR. SALVADOR GONZALEZ HERREJÓN""",EDOMEX,Buena,Buena,"19.546322, -99.237491"
2020-10-30,"HOSPITAL GENERAL CUAUTITLAN ""GRAL. JOSE VICENTE VILLADA""",EDOMEX,Buena,Buena,"19.664586, -99.178557"
2020-10-30,"HOSPITAL GENERAL DE NEZAHUALCOYOTL ""GUSTAVO BAZ PRADA""",EDOMEX,Buena,Media,"19.422253, -99.014892"
2020-10-30,"HOSPITAL GENERAL DE ECATEPEC ""JOSÉ MARÍA RODRÍGUEZ""",EDOMEX,Buena,Buena,"19.514412, -99.038087"
2020-10-30,"HOSPITAL GENERAL NEZAHUALCOYOTL ""LA PERLA"" ",EDOMEX,Buena,Buena,"19.387963, -98.989442"
2020-10-30,HOSPITAL GENERAL DE CHIMALHUACAN,EDOMEX,Buena,Buena,"19.419753, -98.975140"
2020-10-30,"HOSPITAL GENERAL DE IXTAPALUCA ""PEDRO LOPEZ""",EDOMEX,Buena,Buena,"19.318829, -98.855366"
2020-10-30,HOSPITAL GENERAL DE CHALCO ,EDOMEX,Buena,Buena,"19.268265, -98.893965"
2020-10-30,"HOSPITAL GENERAL TEXCOCO ""GUADALUPE VICTORIA"" BICENTENARIO ",EDOMEX,Media,Buena,"19.514309, -98.871750"
2020-10-30,"HOSPITAL GENERAL VALLE DE CHALCO ""DR. FERNANDO QUIROZ GUTIERREZ"" ",EDOMEX,Buena,Buena,"19.273775, -98.941609"
2020-10-30,"HOSPITAL GENERAL AMECAMECA ""VALENTIN GOMEZ FARIAS"" ",EDOMEX,Buena,Buena,"19.144883, -98.785072"
2020-10-30,HOSPITAL GENERAL DE AXAPUSCO,EDOMEX,Buena,Media,"19.732872, -98.769445"
2020-10-31,INSTITUTO NACIONAL DE NUTRICIÓN,SSA,Buena,Media,"19.289599, -99.155441"
2020-10-31,INER,SSA,Media,Media,"19.291375, -99.158653"
2020-10-31,HOSPITAL GENERAL DE MÉXICO,SSA,Buena,Buena,"19.4129258, -99.1520225"
2020-10-31,HOSPITAL JUAREZ,SSA,Media,Buena,"19.481829, -99.135576"
2020-10-31,HOSPITAL GENERAL DR. MANUEL GEA GONZÁLEZ,SSA,Buena,Buena,"19.290295, -99.160861"
2020-10-31,HOSPITAL INFANTIL DE MÉXICO FEDERICO GÓMEZ,SSA,Buena,Buena,"19.410839, -99.151941"
2020-10-31,INSTITUTO  NACIONAL DE CARDIOLOGÍA IGNACIO CHÁVEZ,SSA,Buena,Buena,"19.290598, -99.153838"
2020-10-31,CITIBANAMEX,SSA,Buena,Crítica,"19.439732, -99.224235"
2020-10-31,HOSPITAL REGIONAL DE ALTA ESPECIALIDAD DE IXTAPALUCA,SSA,Buena,Media,"19.318796, -98.855353"
2020-10-31,BELISARIO DOMINGUEZ,SEDESA,Media,Buena,"19.307226, -99.065356"
2020-10-31,ENRIQUE CABRERA,SEDESA,Media,Buena,"19.361675, -99.224432"
2020-10-31,GENERAL TLAHUAC,SEDESA,Buena,Buena,"19.287492, -99.052665"
2020-10-31,PEDIATRICO DE LA VILLA,SEDESA,Buena,Buena,"19.487355, -99.114316"
2020-10-31,HOSPITAL GENERAL AJUSCO MEDIO,SEDESA,Buena,Buena,"19.272165, -99.207846"
2020-10-31,HOSPITAL GENERAL IZTAPALAPA,SEDESA,Buena,Buena,"19.343426, -99.027236"
2020-10-31,HOSPITAL GENERAL XOCO,SEDESA,Buena,Buena,"19.360313, -99.162275"
2020-10-31,HOSPITAL GENERAL VILLA,SEDESA,Buena,Buena,"19.480079, -99.103353"
2020-10-31,HOSPITAL GENERAL DR. RUBÉN LEÑERO,SEDESA,Media,Buena,"19.451398, -99.169565"
2020-10-31,HOSPITAL GENERAL MILPA ALTA,SEDESA,Buena,Buena,"19.200951, -99.011210"
2020-10-31,HOSPITAL GENERAL BALBUENA,SEDESA,Buena,Buena,"19.424195, -99.115412"
2020-10-31,HOSPITAL TEPEPAN,SEDESA,Sin Dato,Sin Dato,"19.275806, -99.144298"
2020-10-31,HOSPITAL DE ESPECIALIDADES 01 CMN SIGLO XXI (CDMX SUR),IMSS,Buena,Buena,"19.466549, -99.145102"
2020-10-31,HOSPITAL DE PEDIATRIA 01 CMN SIGLO XXI (CDMX SUR),IMSS,Buena,Buena,"19.407458, -99.152267"
2020-10-31,HOSPITAL GENERAL DE ZONA 01 CARLOS MC GREGOR (CDMX SUR),IMSS,Media,Buena,"19.395912, -99.161610"
2020-10-31,HOSPITAL GENERAL DE ZONA 1A PARQUE DE LOS VENADOS (CDMX SUR),IMSS,Media,Buena,"19.374431, -99.151203"
2020-10-31,HOSPITAL DE INFECTOLOGIA 01 LA RAZA (CDMX NORTE),IMSS,Media,Buena,"19.464865, -99.144859"
2020-10-31,HOSPITAL GENERAL 01 (CDMX NORTE) LA RAZA,IMSS,Buena,Buena,"19.395740, -99.161677"
2020-10-31,HOSPITAL GENERAL DE ZONA 24 (CDMX NORTE),IMSS,Buena,Buena,"19.483221, -99.128448"
2020-10-31,HOSPITAL GENERAL DE ZONA 27 (CDMX NORTE),IMSS,Buena,Buena,"19.454776, -99.140007"
2020-10-31,HOSPITAL GENERAL DE ZONA 2A (CDMX SUR),IMSS,Buena,Buena,"19.405495, -99.112200"
2020-10-31,HOSPITAL GENERAL DE ZONA 30 (CDMX SUR),IMSS,Buena,Buena,"19.398836, -99.116913"
2020-10-31,HOSPITAL GENERAL DE ZONA 32 (CDMX SUR),IMSS,Media,Buena,"19.307964, -99.130677"
2020-10-31,HOSPITAL GENERAL DE ZONA C/MF 08 (CDMX SUR),IMSS,Media,Buena,"19.337137, -99.200142"
2020-10-31,HOSPITAL GENERAL DE ZONA C/UMAA 48 (CDMX NORTE),IMSS,Media,Buena,"19.482375, -99.213046"
2020-10-31,HOSPITAL GENERAL 02 (CDMX SUR) VILLA COAPA (COY.),IMSS,Buena,Buena,"19.309194, -99.129593"
2020-10-31,HOSPITAL DE ESPECIALIDADES 01 (CDMX NORTE) LA RAZA (AZC),IMSS,Media,Buena,"19.467169, -99.143785"
2020-10-31,HOSPITAL GENERAL DE ZONA C/MF 29 (S. JUAN ARAGÓN),IMSS,Buena,Buena,"19.465117, -99.085162"
2020-10-31,HOSPITAL GENERAL DE ZONA 47 (CDMX SUR) (IZP),IMSS,Buena,Buena,"19.357566, -99.054269"
2020-10-31,UNIDAD MÓVIL TEMPORAL COVID,IMSS,Crítica,Crítica,"19.403082, -99.089177"
2020-10-31,CRIT IZTAPALAPA,IMSS,Buena,Buena,"19.328321, -99.068530"
2020-10-31,HOSPITAL GENERAL REGIONAL 72,IMSS,Media,Media,"19.356913, -98.990929"
2020-10-31,HOSPITAL GENERAL REGIONAL 196,IMSS,Buena,Buena,"19.515133, -98.891450"
2020-10-31,HOSPITAL GENERAL REGIONAL 200,IMSS,Buena,Buena,"19.470300, -99.234208"
2020-10-31,HOSPITAL GENERAL DE ZONA 53,IMSS,Buena,Buena,"19.597387, -99.188426"
2020-10-31,HOSPITAL GENERAL DE ZONA 197,IMSS,Buena,Buena,"19.530797, -99.222446"
2020-10-31,HOSPITAL GENERAL DE ZONA 194,IMSS,Media,Buena,"19.570070, -99.044009"
2020-10-31,HOSPITAL GENERAL DE ZONA 57 (LA QUEBRADA),IMSS,Buena,Buena,"19.542797, -99.205022"
2020-10-31,HOSPITAL GENERAL DE ZONA 58 (LAS MARGARITAS),IMSS,Media,Buena,"19.529016, -99.030983"
2020-10-31,HOSPITAL GENERAL DE ZONA 68 (TULPETLAC),IMSS,Buena,Buena,"19.742905, -98.972971"
2020-10-31,HOSPITAL GENERAL DE ZONA 71 (CHALCO),IMSS,Buena,Buena,"19.356913, -98.990929"
2020-10-31,HOSPITAL GENERAL DE ZONA 76 (XALOSTOC),IMSS,Media,Media,"19.515133, -98.891450"
2020-10-31,HOSPITAL GENERAL DE ZONA 98 (COACALCO),IMSS,Buena,Buena,"19.470300, -99.234208"
2020-10-31,CRIT NEZAHUALCÓYOTL,IMSS,Buena,Buena,"19.425795, -99.029987"
2020-10-31,CENTRO MEDICO 20 DE NOVIEMBRE,ISSSTE,Buena,Buena,"19.372720, -99.171205"
2020-10-31,HG DARIO FERNANDEZ FIERRO,ISSSTE,Media,Crítica,"19.363602, -99.188608"
2020-10-31,HG JOSE MARIA MORELOS,ISSSTE,Buena,Media,"19.363918, -98.995393"
2020-10-31,HG TACUBA,ISSSTE,Media,Crítica,"19.454384, -99.191231"
2020-10-31,HG DR FERNANDO QUIROZ,ISSSTE,Media,Buena,"19.394242, -99.194187"
2020-10-31,HG IGNACIO ZARAGOZA,ISSSTE,Buena,Media,"19.389472, -99.045019"
2020-10-31,HR PRIMERO DE OCTUBRE,ISSSTE,Media,Buena,"19.486751, -99.133249"
2020-10-31,HR LIC. ADOLFO LÓPEZ MATEOS,ISSSTE,Buena,Buena,"19.358451, -99.172716"
2020-10-31,HR BICENTENARIO DE LA INDEPENDENCIA,ISSSTE,Media,Media,"19.628814, -99.163343"
2020-10-31,ALTA ESPECIALIDAD DE ZUMPANGO,EDOMEX,Buena,Buena,"19.815198, -99.089196"
2020-10-31,HOSPITAL REGIONAL TLALNEPANTLA ISSEMYM,EDOMEX,Media,Buena,"19.521706, -99.187341"
2020-10-31,"HOSPITAL GENERAL ECATEPEC ""LAS AMÉRICAS""",EDOMEX,Buena,Buena,"19.594136, -99.018679"
2020-10-31,"HOSPITAL GENERAL DE NAUCALPAN ""DR. MAXIMILIANO RUIZ CASTAÑEDA"" ",EDOMEX,Buena,Buena,"19.468662, -99.234348"
2020-10-31,"HOSPITAL GENERAL ATIZAPAN DE ZARAGOZA ""DR. SALVADOR GONZALEZ HERREJÓN""",EDOMEX,Buena,Buena,"19.546322, -99.237491"
2020-10-31,"HOSPITAL GENERAL CUAUTITLAN ""GRAL. JOSE VICENTE VILLADA""",EDOMEX,Buena,Buena,"19.664586, -99.178557"
2020-10-31,"HOSPITAL GENERAL DE NEZAHUALCOYOTL ""GUSTAVO BAZ PRADA""",EDOMEX,Buena,Buena,"19.422253, -99.014892"
2020-10-31,"HOSPITAL GENERAL DE ECATEPEC ""JOSÉ MARÍA RODRÍGUEZ""",EDOMEX,Buena,Buena,"19.514412, -99.038087"
2020-10-31,"HOSPITAL GENERAL NEZAHUALCOYOTL ""LA PERLA"" ",EDOMEX,Buena,Buena,"19.387963, -98.989442"
2020-10-31,HOSPITAL GENERAL DE CHIMALHUACAN,EDOMEX,Buena,Buena,"19.419753, -98.975140"
2020-10-31,"HOSPITAL GENERAL DE IXTAPALUCA ""PEDRO LOPEZ""",EDOMEX,Buena,Buena,"19.318829, -98.855366"
2020-10-31,HOSPITAL GENERAL DE CHALCO ,EDOMEX,Buena,Buena,"19.268265, -98.893965"
2020-10-31,"HOSPITAL GENERAL TEXCOCO ""GUADALUPE VICTORIA"" BICENTENARIO ",EDOMEX,Buena,Buena,"19.514309, -98.871750"
2020-10-31,"HOSPITAL GENERAL VALLE DE CHALCO ""DR. FERNANDO QUIROZ GUTIERREZ"" ",EDOMEX,Buena,Buena,"19.273775, -98.941609"
2020-10-31,"HOSPITAL GENERAL AMECAMECA ""VALENTIN GOMEZ FARIAS"" ",EDOMEX,Buena,Buena,"19.144883, -98.785072"
2020-10-31,HOSPITAL GENERAL DE AXAPUSCO,EDOMEX,Buena,Media,"19.732872, -98.769445"
2020-11-01,INSTITUTO NACIONAL DE NUTRICIÓN,SSA,Buena,Media,"19.289599, -99.155441"
2020-11-01,INER,SSA,Media,Media,"19.291375, -99.158653"
2020-11-01,HOSPITAL GENERAL DE MÉXICO,SSA,Buena,Buena,"19.4129258, -99.1520225"
2020-11-01,HOSPITAL JUAREZ,SSA,Media,Buena,"19.481829, -99.135576"
2020-11-01,HOSPITAL GENERAL DR. MANUEL GEA GONZÁLEZ,SSA,Buena,Media,"19.290295, -99.160861"
2020-11-01,HOSPITAL INFANTIL DE MÉXICO FEDERICO GÓMEZ,SSA,Buena,Buena,"19.410839, -99.151941"
2020-11-01,INSTITUTO  NACIONAL DE CARDIOLOGÍA IGNACIO CHÁVEZ,SSA,Buena,Buena,"19.290598, -99.153838"
2020-11-01,CITIBANAMEX,SSA,Buena,Crítica,"19.439732, -99.224235"
2020-11-01,HOSPITAL REGIONAL DE ALTA ESPECIALIDAD DE IXTAPALUCA,SSA,Buena,Media,"19.318796, -98.855353"
2020-11-01,BELISARIO DOMINGUEZ,SEDESA,Media,Buena,"19.307226, -99.065356"
2020-11-01,ENRIQUE CABRERA,SEDESA,Media,Buena,"19.361675, -99.224432"
2020-11-01,GENERAL TLAHUAC,SEDESA,Buena,Buena,"19.287492, -99.052665"
2020-11-01,PEDIATRICO DE LA VILLA,SEDESA,Buena,Buena,"19.487355, -99.114316"
2020-11-01,HOSPITAL GENERAL AJUSCO MEDIO,SEDESA,Buena,Buena,"19.272165, -99.207846"
2020-11-01,HOSPITAL GENERAL IZTAPALAPA,SEDESA,Buena,Buena,"19.343426, -99.027236"
2020-11-01,HOSPITAL GENERAL XOCO,SEDESA,Buena,Buena,"19.360313, -99.162275"
2020-11-01,HOSPITAL GENERAL VILLA,SEDESA,Buena,Buena,"19.480079, -99.103353"
2020-11-01,HOSPITAL GENERAL DR. RUBÉN LEÑERO,SEDESA,Crítica,Buena,"19.451398, -99.169565"
2020-11-01,HOSPITAL GENERAL MILPA ALTA,SEDESA,Buena,Buena,"19.200951, -99.011210"
2020-11-01,HOSPITAL GENERAL BALBUENA,SEDESA,Buena,Buena,"19.424195, -99.115412"
2020-11-01,HOSPITAL TEPEPAN,SEDESA,Sin Dato,Sin Dato,"19.275806, -99.144298"
2020-11-01,HOSPITAL DE ESPECIALIDADES 01 CMN SIGLO XXI (CDMX SUR),IMSS,Buena,Buena,"19.466549, -99.145102"
2020-11-01,HOSPITAL DE PEDIATRIA 01 CMN SIGLO XXI (CDMX SUR),IMSS,Buena,Buena,"19.407458, -99.152267"
2020-11-01,HOSPITAL GENERAL DE ZONA 01 CARLOS MC GREGOR (CDMX SUR),IMSS,Media,Buena,"19.395912, -99.161610"
2020-11-01,HOSPITAL GENERAL DE ZONA 1A PARQUE DE LOS VENADOS (CDMX SUR),IMSS,Media,Buena,"19.374431, -99.151203"
2020-11-01,HOSPITAL DE INFECTOLOGIA 01 LA RAZA (CDMX NORTE),IMSS,Media,Buena,"19.464865, -99.144859"
2020-11-01,HOSPITAL GENERAL 01 (CDMX NORTE) LA RAZA,IMSS,Buena,Buena,"19.395740, -99.161677"
2020-11-01,HOSPITAL GENERAL DE ZONA 24 (CDMX NORTE),IMSS,Media,Buena,"19.483221, -99.128448"
2020-11-01,HOSPITAL GENERAL DE ZONA 27 (CDMX NORTE),IMSS,Buena,Buena,"19.454776, -99.140007"
2020-11-01,HOSPITAL GENERAL DE ZONA 2A (CDMX SUR),IMSS,Buena,Buena,"19.405495, -99.112200"
2020-11-01,HOSPITAL GENERAL DE ZONA 30 (CDMX SUR),IMSS,Media,Buena,"19.398836, -99.116913"
2020-11-01,HOSPITAL GENERAL DE ZONA 32 (CDMX SUR),IMSS,Media,Buena,"19.307964, -99.130677"
2020-11-01,HOSPITAL GENERAL DE ZONA C/MF 08 (CDMX SUR),IMSS,Media,Buena,"19.337137, -99.200142"
2020-11-01,HOSPITAL GENERAL DE ZONA C/UMAA 48 (CDMX NORTE),IMSS,Media,Media,"19.482375, -99.213046"
2020-11-01,HOSPITAL GENERAL 02 (CDMX SUR) VILLA COAPA (COY.),IMSS,Buena,Buena,"19.309194, -99.129593"
2020-11-01,HOSPITAL DE ESPECIALIDADES 01 (CDMX NORTE) LA RAZA (AZC),IMSS,Buena,Buena,"19.467169, -99.143785"
2020-11-01,HOSPITAL GENERAL DE ZONA C/MF 29 (S. JUAN ARAGÓN),IMSS,Buena,Buena,"19.465117, -99.085162"
2020-11-01,HOSPITAL GENERAL DE ZONA 47 (CDMX SUR) (IZP),IMSS,Buena,Media,"19.357566, -99.054269"
2020-11-01,UNIDAD MÓVIL TEMPORAL COVID,IMSS,Crítica,Crítica,"19.403082, -99.089177"
2020-11-01,CRIT IZTAPALAPA,IMSS,Buena,Buena,"19.328321, -99.068530"
2020-11-01,HOSPITAL GENERAL REGIONAL 72,IMSS,Media,Media,"19.356913, -98.990929"
2020-11-01,HOSPITAL GENERAL REGIONAL 196,IMSS,Buena,Buena,"19.515133, -98.891450"
2020-11-01,HOSPITAL GENERAL REGIONAL 200,IMSS,Buena,Media,"19.470300, -99.234208"
2020-11-01,HOSPITAL GENERAL DE ZONA 53,IMSS,Buena,Buena,"19.597387, -99.188426"
2020-11-01,HOSPITAL GENERAL DE ZONA 197,IMSS,Buena,Buena,"19.530797, -99.222446"
2020-11-01,HOSPITAL GENERAL DE ZONA 194,IMSS,Media,Buena,"19.570070, -99.044009"
2020-11-01,HOSPITAL GENERAL DE ZONA 57 (LA QUEBRADA),IMSS,Buena,Buena,"19.542797, -99.205022"
2020-11-01,HOSPITAL GENERAL DE ZONA 58 (LAS MARGARITAS),IMSS,Media,Buena,"19.529016, -99.030983"
2020-11-01,HOSPITAL GENERAL DE ZONA 68 (TULPETLAC),IMSS,Buena,Buena,"19.742905, -98.972971"
2020-11-01,HOSPITAL GENERAL DE ZONA 71 (CHALCO),IMSS,Buena,Buena,"19.356913, -98.990929"
2020-11-01,HOSPITAL GENERAL DE ZONA 76 (XALOSTOC),IMSS,Media,Media,"19.515133, -98.891450"
2020-11-01,HOSPITAL GENERAL DE ZONA 98 (COACALCO),IMSS,Buena,Buena,"19.470300, -99.234208"
2020-11-01,CRIT NEZAHUALCÓYOTL,IMSS,Buena,Buena,"19.425795, -99.029987"
2020-11-01,CENTRO MEDICO 20 DE NOVIEMBRE,ISSSTE,Buena,Media,"19.372720, -99.171205"
2020-11-01,HG DARIO FERNANDEZ FIERRO,ISSSTE,Media,Crítica,"19.363602, -99.188608"
2020-11-01,HG JOSE MARIA MORELOS,ISSSTE,Buena,Media,"19.363918, -98.995393"
2020-11-01,HG TACUBA,ISSSTE,Media,Media,"19.454384, -99.191231"
2020-11-01,HG DR FERNANDO QUIROZ,ISSSTE,Media,Buena,"19.394242, -99.194187"
2020-11-01,HG IGNACIO ZARAGOZA,ISSSTE,Buena,Media,"19.389472, -99.045019"
2020-11-01,HR PRIMERO DE OCTUBRE,ISSSTE,Media,Media,"19.486751, -99.133249"
2020-11-01,HR LIC. ADOLFO LÓPEZ MATEOS,ISSSTE,Buena,Buena,"19.358451, -99.172716"
2020-11-01,HR BICENTENARIO DE LA INDEPENDENCIA,ISSSTE,Media,Media,"19.628814, -99.163343"
2020-11-01,ALTA ESPECIALIDAD DE ZUMPANGO,EDOMEX,Buena,Buena,"19.815198, -99.089196"
2020-11-01,HOSPITAL REGIONAL TLALNEPANTLA ISSEMYM,EDOMEX,Media,Buena,"19.521706, -99.187341"
2020-11-01,"HOSPITAL GENERAL ECATEPEC ""LAS AMÉRICAS""",EDOMEX,Buena,Media,"19.594136, -99.018679"
2020-11-01,"HOSPITAL GENERAL DE NAUCALPAN ""DR. MAXIMILIANO RUIZ CASTAÑEDA"" ",EDOMEX,Buena,Buena,"19.468662, -99.234348"
2020-11-01,"HOSPITAL GENERAL ATIZAPAN DE ZARAGOZA ""DR. SALVADOR GONZALEZ HERREJÓN""",EDOMEX,Buena,Buena,"19.546322, -99.237491"
2020-11-01,"HOSPITAL GENERAL CUAUTITLAN ""GRAL. JOSE VICENTE VILLADA""",EDOMEX,Buena,Buena,"19.664586, -99.178557"
2020-11-01,"HOSPITAL GENERAL DE NEZAHUALCOYOTL ""GUSTAVO BAZ PRADA""",EDOMEX,Buena,Buena,"19.422253, -99.014892"
2020-11-01,"HOSPITAL GENERAL DE ECATEPEC ""JOSÉ MARÍA RODRÍGUEZ""",EDOMEX,Buena,Buena,"19.514412, -99.038087"
2020-11-01,"HOSPITAL GENERAL NEZAHUALCOYOTL ""LA PERLA"" ",EDOMEX,Buena,Buena,"19.387963, -98.989442"
2020-11-01,HOSPITAL GENERAL DE CHIMALHUACAN,EDOMEX,Buena,Buena,"19.419753, -98.975140"
2020-11-01,"HOSPITAL GENERAL DE IXTAPALUCA ""PEDRO LOPEZ""",EDOMEX,Buena,Buena,"19.318829, -98.855366"
2020-11-01,HOSPITAL GENERAL DE CHALCO ,EDOMEX,Buena,Buena,"19.268265, -98.893965"
2020-11-01,"HOSPITAL GENERAL TEXCOCO ""GUADALUPE VICTORIA"" BICENTENARIO ",EDOMEX,Buena,Buena,"19.514309, -98.871750"
2020-11-01,"HOSPITAL GENERAL VALLE DE CHALCO ""DR. FERNANDO QUIROZ GUTIERREZ"" ",EDOMEX,Buena,Buena,"19.273775, -98.941609"
2020-11-01,"HOSPITAL GENERAL AMECAMECA ""VALENTIN GOMEZ FARIAS"" ",EDOMEX,Buena,Buena,"19.144883, -98.785072"
2020-11-01,HOSPITAL GENERAL DE AXAPUSCO,EDOMEX,Buena,Buena,"19.732872, -98.769445"
2020-11-02,INSTITUTO NACIONAL DE NUTRICIÓN,SSA,Buena,Media,"19.289599, -99.155441"
2020-11-02,INER,SSA,Crítica,Media,"19.291375, -99.158653"
2020-11-02,HOSPITAL GENERAL DE MÉXICO,SSA,Buena,Media,"19.4129258, -99.1520225"
2020-11-02,HOSPITAL JUAREZ,SSA,Media,Buena,"19.481829, -99.135576"
2020-11-02,HOSPITAL GENERAL DR. MANUEL GEA GONZÁLEZ,SSA,Buena,Media,"19.290295, -99.160861"
2020-11-02,HOSPITAL INFANTIL DE MÉXICO FEDERICO GÓMEZ,SSA,Buena,Buena,"19.410839, -99.151941"
2020-11-02,INSTITUTO  NACIONAL DE CARDIOLOGÍA IGNACIO CHÁVEZ,SSA,Buena,Buena,"19.290598, -99.153838"
2020-11-02,CITIBANAMEX,SSA,Buena,Crítica,"19.439732, -99.224235"
2020-11-02,HOSPITAL REGIONAL DE ALTA ESPECIALIDAD DE IXTAPALUCA,SSA,Buena,Media,"19.318796, -98.855353"
2020-11-02,BELISARIO DOMINGUEZ,SEDESA,Media,Buena,"19.307226, -99.065356"
2020-11-02,ENRIQUE CABRERA,SEDESA,Media,Buena,"19.361675, -99.224432"
2020-11-02,GENERAL TLAHUAC,SEDESA,Buena,Buena,"19.287492, -99.052665"
2020-11-02,PEDIATRICO DE LA VILLA,SEDESA,Buena,Buena,"19.487355, -99.114316"
2020-11-02,HOSPITAL GENERAL AJUSCO MEDIO,SEDESA,Buena,Media,"19.272165, -99.207846"
2020-11-02,HOSPITAL GENERAL IZTAPALAPA,SEDESA,Buena,Buena,"19.343426, -99.027236"
2020-11-02,HOSPITAL GENERAL XOCO,SEDESA,Buena,Buena,"19.360313, -99.162275"
2020-11-02,HOSPITAL GENERAL VILLA,SEDESA,Buena,Buena,"19.480079, -99.103353"
2020-11-02,HOSPITAL GENERAL DR. RUBÉN LEÑERO,SEDESA,Media,Buena,"19.451398, -99.169565"
2020-11-02,HOSPITAL GENERAL MILPA ALTA,SEDESA,Buena,Buena,"19.200951, -99.011210"
2020-11-02,HOSPITAL GENERAL BALBUENA,SEDESA,Buena,Buena,"19.424195, -99.115412"
2020-11-02,HOSPITAL TEPEPAN,SEDESA,Sin Dato,Sin Dato,"19.275806, -99.144298"
2020-11-02,HOSPITAL DE ESPECIALIDADES 01 CMN SIGLO XXI (CDMX SUR),IMSS,Buena,Buena,"19.466549, -99.145102"
2020-11-02,HOSPITAL DE PEDIATRIA 01 CMN SIGLO XXI (CDMX SUR),IMSS,Buena,Buena,"19.407458, -99.152267"
2020-11-02,HOSPITAL GENERAL DE ZONA 01 CARLOS MC GREGOR (CDMX SUR),IMSS,Media,Buena,"19.395912, -99.161610"
2020-11-02,HOSPITAL GENERAL DE ZONA 1A PARQUE DE LOS VENADOS (CDMX SUR),IMSS,Media,Buena,"19.374431, -99.151203"
2020-11-02,HOSPITAL DE INFECTOLOGIA 01 LA RAZA (CDMX NORTE),IMSS,Media,Buena,"19.464865, -99.144859"
2020-11-02,HOSPITAL GENERAL 01 (CDMX NORTE) LA RAZA,IMSS,Buena,Buena,"19.395740, -99.161677"
2020-11-02,HOSPITAL GENERAL DE ZONA 24 (CDMX NORTE),IMSS,Media,Buena,"19.483221, -99.128448"
2020-11-02,HOSPITAL GENERAL DE ZONA 27 (CDMX NORTE),IMSS,Buena,Buena,"19.454776, -99.140007"
2020-11-02,HOSPITAL GENERAL DE ZONA 2A (CDMX SUR),IMSS,Media,Buena,"19.405495, -99.112200"
2020-11-02,HOSPITAL GENERAL DE ZONA 30 (CDMX SUR),IMSS,Buena,Buena,"19.398836, -99.116913"
2020-11-02,HOSPITAL GENERAL DE ZONA 32 (CDMX SUR),IMSS,Media,Buena,"19.307964, -99.130677"
2020-11-02,HOSPITAL GENERAL DE ZONA C/MF 08 (CDMX SUR),IMSS,Media,Buena,"19.337137, -99.200142"
2020-11-02,HOSPITAL GENERAL DE ZONA C/UMAA 48 (CDMX NORTE),IMSS,Media,Media,"19.482375, -99.213046"
2020-11-02,HOSPITAL GENERAL 02 (CDMX SUR) VILLA COAPA (COY.),IMSS,Buena,Buena,"19.309194, -99.129593"
2020-11-02,HOSPITAL DE ESPECIALIDADES 01 (CDMX NORTE) LA RAZA (AZC),IMSS,Buena,Buena,"19.467169, -99.143785"
2020-11-02,HOSPITAL GENERAL DE ZONA C/MF 29 (S. JUAN ARAGÓN),IMSS,Buena,Buena,"19.465117, -99.085162"
2020-11-02,HOSPITAL GENERAL DE ZONA 47 (CDMX SUR) (IZP),IMSS,Buena,Media,"19.357566, -99.054269"
2020-11-02,UNIDAD MÓVIL TEMPORAL COVID,IMSS,Crítica,Crítica,"19.403082, -99.089177"
2020-11-02,CRIT IZTAPALAPA,IMSS,Buena,Buena,"19.328321, -99.068530"
2020-11-02,HOSPITAL GENERAL REGIONAL 72,IMSS,Media,Buena,"19.356913, -98.990929"
2020-11-02,HOSPITAL GENERAL REGIONAL 196,IMSS,Buena,Buena,"19.515133, -98.891450"
2020-11-02,HOSPITAL GENERAL REGIONAL 200,IMSS,Buena,Buena,"19.470300, -99.234208"
2020-11-02,HOSPITAL GENERAL DE ZONA 53,IMSS,Buena,Buena,"19.597387, -99.188426"
2020-11-02,HOSPITAL GENERAL DE ZONA 197,IMSS,Buena,Buena,"19.530797, -99.222446"
2020-11-02,HOSPITAL GENERAL DE ZONA 194,IMSS,Buena,Buena,"19.570070, -99.044009"
2020-11-02,HOSPITAL GENERAL DE ZONA 57 (LA QUEBRADA),IMSS,Buena,Buena,"19.542797, -99.205022"
2020-11-02,HOSPITAL GENERAL DE ZONA 58 (LAS MARGARITAS),IMSS,Media,Media,"19.529016, -99.030983"
2020-11-02,HOSPITAL GENERAL DE ZONA 68 (TULPETLAC),IMSS,Buena,Buena,"19.742905, -98.972971"
2020-11-02,HOSPITAL GENERAL DE ZONA 71 (CHALCO),IMSS,Buena,Buena,"19.356913, -98.990929"
2020-11-02,HOSPITAL GENERAL DE ZONA 76 (XALOSTOC),IMSS,Media,Media,"19.515133, -98.891450"
2020-11-02,HOSPITAL GENERAL DE ZONA 98 (COACALCO),IMSS,Buena,Buena,"19.470300, -99.234208"
2020-11-02,CRIT NEZAHUALCÓYOTL,IMSS,Buena,Buena,"19.425795, -99.029987"
2020-11-02,CENTRO MEDICO 20 DE NOVIEMBRE,ISSSTE,Buena,Media,"19.372720, -99.171205"
2020-11-02,HG DARIO FERNANDEZ FIERRO,ISSSTE,Media,Crítica,"19.363602, -99.188608"
2020-11-02,HG JOSE MARIA MORELOS,ISSSTE,Buena,Media,"19.363918, -98.995393"
2020-11-02,HG TACUBA,ISSSTE,Crítica,Crítica,"19.454384, -99.191231"
2020-11-02,HG DR FERNANDO QUIROZ,ISSSTE,Buena,Buena,"19.394242, -99.194187"
2020-11-02,HG IGNACIO ZARAGOZA,ISSSTE,Buena,Media,"19.389472, -99.045019"
2020-11-02,HR PRIMERO DE OCTUBRE,ISSSTE,Media,Media,"19.486751, -99.133249"
2020-11-02,HR LIC. ADOLFO LÓPEZ MATEOS,ISSSTE,Buena,Buena,"19.358451, -99.172716"
2020-11-02,HR BICENTENARIO DE LA INDEPENDENCIA,ISSSTE,Media,Media,"19.628814, -99.163343"
2020-11-02,ALTA ESPECIALIDAD DE ZUMPANGO,EDOMEX,Buena,Buena,"19.815198, -99.089196"
2020-11-02,HOSPITAL REGIONAL TLALNEPANTLA ISSEMYM,EDOMEX,Media,Buena,"19.521706, -99.187341"
2020-11-02,"HOSPITAL GENERAL ECATEPEC ""LAS AMÉRICAS""",EDOMEX,Buena,Buena,"19.594136, -99.018679"
2020-11-02,"HOSPITAL GENERAL DE NAUCALPAN ""DR. MAXIMILIANO RUIZ CASTAÑEDA"" ",EDOMEX,Buena,Buena,"19.468662, -99.234348"
2020-11-02,"HOSPITAL GENERAL ATIZAPAN DE ZARAGOZA ""DR. SALVADOR GONZALEZ HERREJÓN""",EDOMEX,Buena,Buena,"19.546322, -99.237491"
2020-11-02,"HOSPITAL GENERAL CUAUTITLAN ""GRAL. JOSE VICENTE VILLADA""",EDOMEX,Buena,Buena,"19.664586, -99.178557"
2020-11-02,"HOSPITAL GENERAL DE NEZAHUALCOYOTL ""GUSTAVO BAZ PRADA""",EDOMEX,Buena,Buena,"19.422253, -99.014892"
2020-11-02,"HOSPITAL GENERAL DE ECATEPEC ""JOSÉ MARÍA RODRÍGUEZ""",EDOMEX,Buena,Buena,"19.514412, -99.038087"
2020-11-02,"HOSPITAL GENERAL NEZAHUALCOYOTL ""LA PERLA"" ",EDOMEX,Buena,Buena,"19.387963, -98.989442"
2020-11-02,HOSPITAL GENERAL DE CHIMALHUACAN,EDOMEX,Buena,Buena,"19.419753, -98.975140"
2020-11-02,"HOSPITAL GENERAL DE IXTAPALUCA ""PEDRO LOPEZ""",EDOMEX,Buena,Buena,"19.318829, -98.855366"
2020-11-02,HOSPITAL GENERAL DE CHALCO ,EDOMEX,Buena,Buena,"19.268265, -98.893965"
2020-11-02,"HOSPITAL GENERAL TEXCOCO ""GUADALUPE VICTORIA"" BICENTENARIO ",EDOMEX,Buena,Buena,"19.514309, -98.871750"
2020-11-02,"HOSPITAL GENERAL VALLE DE CHALCO ""DR. FERNANDO QUIROZ GUTIERREZ"" ",EDOMEX,Buena,Buena,"19.273775, -98.941609"
2020-11-02,"HOSPITAL GENERAL AMECAMECA ""VALENTIN GOMEZ FARIAS"" ",EDOMEX,Buena,Buena,"19.144883, -98.785072"
2020-11-02,HOSPITAL GENERAL DE AXAPUSCO,EDOMEX,Buena,Buena,"19.732872, -98.769445"
2020-11-03,INSTITUTO NACIONAL DE NUTRICIÓN,SSA,Buena,Media,"19.289599, -99.155441"
2020-11-03,INER,SSA,Crítica,Media,"19.291375, -99.158653"
2020-11-03,HOSPITAL GENERAL DE MÉXICO,SSA,Buena,Buena,"19.4129258, -99.1520225"
2020-11-03,HOSPITAL JUAREZ,SSA,Media,Buena,"19.481829, -99.135576"
2020-11-03,HOSPITAL GENERAL DR. MANUEL GEA GONZÁLEZ,SSA,Media,Buena,"19.290295, -99.160861"
2020-11-03,HOSPITAL INFANTIL DE MÉXICO FEDERICO GÓMEZ,SSA,Buena,Buena,"19.410839, -99.151941"
2020-11-03,INSTITUTO  NACIONAL DE CARDIOLOGÍA IGNACIO CHÁVEZ,SSA,Buena,Buena,"19.290598, -99.153838"
2020-11-03,CITIBANAMEX,SSA,Buena,Crítica,"19.439732, -99.224235"
2020-11-03,HOSPITAL REGIONAL DE ALTA ESPECIALIDAD DE IXTAPALUCA,SSA,Buena,Media,"19.318796, -98.855353"
2020-11-03,BELISARIO DOMINGUEZ,SEDESA,Media,Buena,"19.307226, -99.065356"
2020-11-03,ENRIQUE CABRERA,SEDESA,Media,Buena,"19.361675, -99.224432"
2020-11-03,GENERAL TLAHUAC,SEDESA,Buena,Buena,"19.287492, -99.052665"
2020-11-03,PEDIATRICO DE LA VILLA,SEDESA,Buena,Buena,"19.487355, -99.114316"
2020-11-03,HOSPITAL GENERAL AJUSCO MEDIO,SEDESA,Buena,Media,"19.272165, -99.207846"
2020-11-03,HOSPITAL GENERAL IZTAPALAPA,SEDESA,Buena,Buena,"19.343426, -99.027236"
2020-11-03,HOSPITAL GENERAL XOCO,SEDESA,Buena,Buena,"19.360313, -99.162275"
2020-11-03,HOSPITAL GENERAL VILLA,SEDESA,Buena,Buena,"19.480079, -99.103353"
2020-11-03,HOSPITAL GENERAL DR. RUBÉN LEÑERO,SEDESA,Media,Media,"19.451398, -99.169565"
2020-11-03,HOSPITAL GENERAL MILPA ALTA,SEDESA,Buena,Buena,"19.200951, -99.011210"
2020-11-03,HOSPITAL GENERAL BALBUENA,SEDESA,Buena,Buena,"19.424195, -99.115412"
2020-11-03,HOSPITAL TEPEPAN,SEDESA,Sin Dato,Sin Dato,"19.275806, -99.144298"
2020-11-03,HOSPITAL DE ESPECIALIDADES 01 CMN SIGLO XXI (CDMX SUR),IMSS,Buena,Buena,"19.466549, -99.145102"
2020-11-03,HOSPITAL DE PEDIATRIA 01 CMN SIGLO XXI (CDMX SUR),IMSS,Buena,Buena,"19.407458, -99.152267"
2020-11-03,HOSPITAL GENERAL DE ZONA 01 CARLOS MC GREGOR (CDMX SUR),IMSS,Media,Buena,"19.395912, -99.161610"
2020-11-03,HOSPITAL GENERAL DE ZONA 1A PARQUE DE LOS VENADOS (CDMX SUR),IMSS,Media,Buena,"19.374431, -99.151203"
2020-11-03,HOSPITAL DE INFECTOLOGIA 01 LA RAZA (CDMX NORTE),IMSS,Media,Buena,"19.464865, -99.144859"
2020-11-03,HOSPITAL GENERAL 01 (CDMX NORTE) LA RAZA,IMSS,Media,Buena,"19.395740, -99.161677"
2020-11-03,HOSPITAL GENERAL DE ZONA 24 (CDMX NORTE),IMSS,Buena,Buena,"19.483221, -99.128448"
2020-11-03,HOSPITAL GENERAL DE ZONA 27 (CDMX NORTE),IMSS,Buena,Buena,"19.454776, -99.140007"
2020-11-03,HOSPITAL GENERAL DE ZONA 2A (CDMX SUR),IMSS,Media,Buena,"19.405495, -99.112200"
2020-11-03,HOSPITAL GENERAL DE ZONA 30 (CDMX SUR),IMSS,Media,Buena,"19.398836, -99.116913"
2020-11-03,HOSPITAL GENERAL DE ZONA 32 (CDMX SUR),IMSS,Media,Buena,"19.307964, -99.130677"
2020-11-03,HOSPITAL GENERAL DE ZONA C/MF 08 (CDMX SUR),IMSS,Media,Buena,"19.337137, -99.200142"
2020-11-03,HOSPITAL GENERAL DE ZONA C/UMAA 48 (CDMX NORTE),IMSS,Media,Media,"19.482375, -99.213046"
2020-11-03,HOSPITAL GENERAL 02 (CDMX SUR) VILLA COAPA (COY.),IMSS,Buena,Buena,"19.309194, -99.129593"
2020-11-03,HOSPITAL DE ESPECIALIDADES 01 (CDMX NORTE) LA RAZA (AZC),IMSS,Buena,Buena,"19.467169, -99.143785"
2020-11-03,HOSPITAL GENERAL DE ZONA C/MF 29 (S. JUAN ARAGÓN),IMSS,Buena,Buena,"19.465117, -99.085162"
2020-11-03,HOSPITAL GENERAL DE ZONA 47 (CDMX SUR) (IZP),IMSS,Buena,Media,"19.357566, -99.054269"
2020-11-03,UNIDAD MÓVIL TEMPORAL COVID,IMSS,Crítica,Crítica,"19.403082, -99.089177"
2020-11-03,CRIT IZTAPALAPA,IMSS,Buena,Buena,"19.328321, -99.068530"
2020-11-03,HOSPITAL GENERAL REGIONAL 72,IMSS,Media,Buena,"19.356913, -98.990929"
2020-11-03,HOSPITAL GENERAL REGIONAL 196,IMSS,Buena,Buena,"19.515133, -98.891450"
2020-11-03,HOSPITAL GENERAL REGIONAL 200,IMSS,Buena,Buena,"19.470300, -99.234208"
2020-11-03,HOSPITAL GENERAL DE ZONA 53,IMSS,Buena,Buena,"19.597387, -99.188426"
2020-11-03,HOSPITAL GENERAL DE ZONA 197,IMSS,Buena,Buena,"19.530797, -99.222446"
2020-11-03,HOSPITAL GENERAL DE ZONA 194,IMSS,Buena,Buena,"19.570070, -99.044009"
2020-11-03,HOSPITAL GENERAL DE ZONA 57 (LA QUEBRADA),IMSS,Buena,Buena,"19.542797, -99.205022"
2020-11-03,HOSPITAL GENERAL DE ZONA 58 (LAS MARGARITAS),IMSS,Media,Media,"19.529016, -99.030983"
2020-11-03,HOSPITAL GENERAL DE ZONA 68 (TULPETLAC),IMSS,Buena,Buena,"19.742905, -98.972971"
2020-11-03,HOSPITAL GENERAL DE ZONA 71 (CHALCO),IMSS,Buena,Buena,"19.356913, -98.990929"
2020-11-03,HOSPITAL GENERAL DE ZONA 76 (XALOSTOC),IMSS,Media,Buena,"19.515133, -98.891450"
2020-11-03,HOSPITAL GENERAL DE ZONA 98 (COACALCO),IMSS,Buena,Buena,"19.470300, -99.234208"
2020-11-03,CRIT NEZAHUALCÓYOTL,IMSS,Buena,Buena,"19.425795, -99.029987"
2020-11-03,CENTRO MEDICO 20 DE NOVIEMBRE,ISSSTE,Buena,Media,"19.372720, -99.171205"
2020-11-03,HG DARIO FERNANDEZ FIERRO,ISSSTE,Media,Crítica,"19.363602, -99.188608"
2020-11-03,HG JOSE MARIA MORELOS,ISSSTE,Buena,Crítica,"19.363918, -98.995393"
2020-11-03,HG TACUBA,ISSSTE,Media,Crítica,"19.454384, -99.191231"
2020-11-03,HG DR FERNANDO QUIROZ,ISSSTE,Buena,Buena,"19.394242, -99.194187"
2020-11-03,HG IGNACIO ZARAGOZA,ISSSTE,Media,Media,"19.389472, -99.045019"
2020-11-03,HR PRIMERO DE OCTUBRE,ISSSTE,Media,Buena,"19.486751, -99.133249"
2020-11-03,HR LIC. ADOLFO LÓPEZ MATEOS,ISSSTE,Buena,Buena,"19.358451, -99.172716"
2020-11-03,HR BICENTENARIO DE LA INDEPENDENCIA,ISSSTE,Media,Media,"19.628814, -99.163343"
2020-11-03,ALTA ESPECIALIDAD DE ZUMPANGO,EDOMEX,Buena,Buena,"19.815198, -99.089196"
2020-11-03,HOSPITAL REGIONAL TLALNEPANTLA ISSEMYM,EDOMEX,Media,Buena,"19.521706, -99.187341"
2020-11-03,"HOSPITAL GENERAL ECATEPEC ""LAS AMÉRICAS""",EDOMEX,Buena,Buena,"19.594136, -99.018679"
2020-11-03,"HOSPITAL GENERAL DE NAUCALPAN ""DR. MAXIMILIANO RUIZ CASTAÑEDA"" ",EDOMEX,Buena,Buena,"19.468662, -99.234348"
2020-11-03,"HOSPITAL GENERAL ATIZAPAN DE ZARAGOZA ""DR. SALVADOR GONZALEZ HERREJÓN""",EDOMEX,Buena,Buena,"19.546322, -99.237491"
2020-11-03,"HOSPITAL GENERAL CUAUTITLAN ""GRAL. JOSE VICENTE VILLADA""",EDOMEX,Buena,Buena,"19.664586, -99.178557"
2020-11-03,"HOSPITAL GENERAL DE NEZAHUALCOYOTL ""GUSTAVO BAZ PRADA""",EDOMEX,Buena,Buena,"19.422253, -99.014892"
2020-11-03,"HOSPITAL GENERAL DE ECATEPEC ""JOSÉ MARÍA RODRÍGUEZ""",EDOMEX,Buena,Buena,"19.514412, -99.038087"
2020-11-03,"HOSPITAL GENERAL NEZAHUALCOYOTL ""LA PERLA"" ",EDOMEX,Buena,Buena,"19.387963, -98.989442"
2020-11-03,HOSPITAL GENERAL DE CHIMALHUACAN,EDOMEX,Buena,Buena,"19.419753, -98.975140"
2020-11-03,"HOSPITAL GENERAL DE IXTAPALUCA ""PEDRO LOPEZ""",EDOMEX,Buena,Buena,"19.318829, -98.855366"
2020-11-03,HOSPITAL GENERAL DE CHALCO ,EDOMEX,Buena,Buena,"19.268265, -98.893965"
2020-11-03,"HOSPITAL GENERAL TEXCOCO ""GUADALUPE VICTORIA"" BICENTENARIO ",EDOMEX,Buena,Buena,"19.514309, -98.871750"
2020-11-03,"HOSPITAL GENERAL VALLE DE CHALCO ""DR. FERNANDO QUIROZ GUTIERREZ"" ",EDOMEX,Buena,Buena,"19.273775, -98.941609"
2020-11-03,"HOSPITAL GENERAL AMECAMECA ""VALENTIN GOMEZ FARIAS"" ",EDOMEX,Buena,Buena,"19.144883, -98.785072"
2020-11-03,HOSPITAL GENERAL DE AXAPUSCO,EDOMEX,Media,Buena,"19.732872, -98.769445"
2020-11-04,INSTITUTO NACIONAL DE NUTRICIÓN,SSA,Buena,Media,"19.289599, -99.155441"
2020-11-04,INER,SSA,Crítica,Media,"19.291375, -99.158653"
2020-11-04,HOSPITAL GENERAL DE MÉXICO,SSA,Buena,Media,"19.4129258, -99.1520225"
2020-11-04,HOSPITAL JUAREZ,SSA,Media,Buena,"19.481829, -99.135576"
2020-11-04,HOSPITAL GENERAL DR. MANUEL GEA GONZÁLEZ,SSA,Media,Buena,"19.290295, -99.160861"
2020-11-04,HOSPITAL INFANTIL DE MÉXICO FEDERICO GÓMEZ,SSA,Buena,Buena,"19.410839, -99.151941"
2020-11-04,INSTITUTO  NACIONAL DE CARDIOLOGÍA IGNACIO CHÁVEZ,SSA,Buena,Buena,"19.290598, -99.153838"
2020-11-04,CITIBANAMEX,SSA,Buena,Crítica,"19.439732, -99.224235"
2020-11-04,HOSPITAL REGIONAL DE ALTA ESPECIALIDAD DE IXTAPALUCA,SSA,Buena,Media,"19.318796, -98.855353"
2020-11-04,BELISARIO DOMINGUEZ,SEDESA,Media,Buena,"19.307226, -99.065356"
2020-11-04,ENRIQUE CABRERA,SEDESA,Media,Buena,"19.361675, -99.224432"
2020-11-04,GENERAL TLAHUAC,SEDESA,Buena,Buena,"19.287492, -99.052665"
2020-11-04,PEDIATRICO DE LA VILLA,SEDESA,Buena,Buena,"19.487355, -99.114316"
2020-11-04,HOSPITAL GENERAL AJUSCO MEDIO,SEDESA,Buena,Media,"19.272165, -99.207846"
2020-11-04,HOSPITAL GENERAL IZTAPALAPA,SEDESA,Buena,Buena,"19.343426, -99.027236"
2020-11-04,HOSPITAL GENERAL XOCO,SEDESA,Buena,Buena,"19.360313, -99.162275"
2020-11-04,HOSPITAL GENERAL VILLA,SEDESA,Buena,Buena,"19.480079, -99.103353"
2020-11-04,HOSPITAL GENERAL DR. RUBÉN LEÑERO,SEDESA,Media,Media,"19.451398, -99.169565"
2020-11-04,HOSPITAL GENERAL MILPA ALTA,SEDESA,Buena,Buena,"19.200951, -99.011210"
2020-11-04,HOSPITAL GENERAL BALBUENA,SEDESA,Buena,Buena,"19.424195, -99.115412"
2020-11-04,HOSPITAL TEPEPAN,SEDESA,Sin Dato,Sin Dato,"19.275806, -99.144298"
2020-11-04,HOSPITAL DE ESPECIALIDADES 01 CMN SIGLO XXI (CDMX SUR),IMSS,Buena,Buena,"19.466549, -99.145102"
2020-11-04,HOSPITAL DE PEDIATRIA 01 CMN SIGLO XXI (CDMX SUR),IMSS,Buena,Buena,"19.407458, -99.152267"
2020-11-04,HOSPITAL GENERAL DE ZONA 01 CARLOS MC GREGOR (CDMX SUR),IMSS,Media,Buena,"19.395912, -99.161610"
2020-11-04,HOSPITAL GENERAL DE ZONA 1A PARQUE DE LOS VENADOS (CDMX SUR),IMSS,Media,Buena,"19.374431, -99.151203"
2020-11-04,HOSPITAL DE INFECTOLOGIA 01 LA RAZA (CDMX NORTE),IMSS,Media,Buena,"19.464865, -99.144859"
2020-11-04,HOSPITAL GENERAL 01 (CDMX NORTE) LA RAZA,IMSS,Media,Buena,"19.395740, -99.161677"
2020-11-04,HOSPITAL GENERAL DE ZONA 24 (CDMX NORTE),IMSS,Buena,Buena,"19.483221, -99.128448"
2020-11-04,HOSPITAL GENERAL DE ZONA 27 (CDMX NORTE),IMSS,Buena,Buena,"19.454776, -99.140007"
2020-11-04,HOSPITAL GENERAL DE ZONA 2A (CDMX SUR),IMSS,Media,Buena,"19.405495, -99.112200"
2020-11-04,HOSPITAL GENERAL DE ZONA 30 (CDMX SUR),IMSS,Media,Buena,"19.398836, -99.116913"
2020-11-04,HOSPITAL GENERAL DE ZONA 32 (CDMX SUR),IMSS,Media,Buena,"19.307964, -99.130677"
2020-11-04,HOSPITAL GENERAL DE ZONA C/MF 08 (CDMX SUR),IMSS,Media,Buena,"19.337137, -99.200142"
2020-11-04,HOSPITAL GENERAL DE ZONA C/UMAA 48 (CDMX NORTE),IMSS,Media,Media,"19.482375, -99.213046"
2020-11-04,HOSPITAL GENERAL 02 (CDMX SUR) VILLA COAPA (COY.),IMSS,Buena,Buena,"19.309194, -99.129593"
2020-11-04,HOSPITAL DE ESPECIALIDADES 01 (CDMX NORTE) LA RAZA (AZC),IMSS,Media,Buena,"19.467169, -99.143785"
2020-11-04,HOSPITAL GENERAL DE ZONA C/MF 29 (S. JUAN ARAGÓN),IMSS,Buena,Buena,"19.465117, -99.085162"
2020-11-04,HOSPITAL GENERAL DE ZONA 47 (CDMX SUR) (IZP),IMSS,Buena,Crítica,"19.357566, -99.054269"
2020-11-04,UNIDAD MÓVIL TEMPORAL COVID,IMSS,Crítica,Crítica,"19.403082, -99.089177"
2020-11-04,CRIT IZTAPALAPA,IMSS,Buena,Buena,"19.328321, -99.068530"
2020-11-04,HOSPITAL GENERAL REGIONAL 72,IMSS,Media,Buena,"19.356913, -98.990929"
2020-11-04,HOSPITAL GENERAL REGIONAL 196,IMSS,Buena,Buena,"19.515133, -98.891450"
2020-11-04,HOSPITAL GENERAL REGIONAL 200,IMSS,Buena,Buena,"19.470300, -99.234208"
2020-11-04,HOSPITAL GENERAL DE ZONA 53,IMSS,Buena,Buena,"19.597387, -99.188426"
2020-11-04,HOSPITAL GENERAL DE ZONA 197,IMSS,Buena,Buena,"19.530797, -99.222446"
2020-11-04,HOSPITAL GENERAL DE ZONA 194,IMSS,Media,Buena,"19.570070, -99.044009"
2020-11-04,HOSPITAL GENERAL DE ZONA 57 (LA QUEBRADA),IMSS,Buena,Buena,"19.542797, -99.205022"
2020-11-04,HOSPITAL GENERAL DE ZONA 58 (LAS MARGARITAS),IMSS,Media,Buena,"19.529016, -99.030983"
2020-11-04,HOSPITAL GENERAL DE ZONA 68 (TULPETLAC),IMSS,Buena,Buena,"19.742905, -98.972971"
2020-11-04,HOSPITAL GENERAL DE ZONA 71 (CHALCO),IMSS,Buena,Buena,"19.356913, -98.990929"
2020-11-04,HOSPITAL GENERAL DE ZONA 76 (XALOSTOC),IMSS,Media,Buena,"19.515133, -98.891450"
2020-11-04,HOSPITAL GENERAL DE ZONA 98 (COACALCO),IMSS,Buena,Buena,"19.470300, -99.234208"
2020-11-04,CRIT NEZAHUALCÓYOTL,IMSS,Buena,Buena,"19.425795, -99.029987"
2020-11-04,CENTRO MEDICO 20 DE NOVIEMBRE,ISSSTE,Buena,Media,"19.372720, -99.171205"
2020-11-04,HG DARIO FERNANDEZ FIERRO,ISSSTE,Media,Media,"19.363602, -99.188608"
2020-11-04,HG JOSE MARIA MORELOS,ISSSTE,Media,Media,"19.363918, -98.995393"
2020-11-04,HG TACUBA,ISSSTE,Media,Media,"19.454384, -99.191231"
2020-11-04,HG DR FERNANDO QUIROZ,ISSSTE,Media,Buena,"19.394242, -99.194187"
2020-11-04,HG IGNACIO ZARAGOZA,ISSSTE,Media,Media,"19.389472, -99.045019"
2020-11-04,HR PRIMERO DE OCTUBRE,ISSSTE,Media,Media,"19.486751, -99.133249"
2020-11-04,HR LIC. ADOLFO LÓPEZ MATEOS,ISSSTE,Buena,Buena,"19.358451, -99.172716"
2020-11-04,HR BICENTENARIO DE LA INDEPENDENCIA,ISSSTE,Media,Media,"19.628814, -99.163343"
2020-11-04,ALTA ESPECIALIDAD DE ZUMPANGO,EDOMEX,Buena,Buena,"19.815198, -99.089196"
2020-11-04,HOSPITAL REGIONAL TLALNEPANTLA ISSEMYM,EDOMEX,Media,Buena,"19.521706, -99.187341"
2020-11-04,"HOSPITAL GENERAL ECATEPEC ""LAS AMÉRICAS""",EDOMEX,Buena,Buena,"19.594136, -99.018679"
2020-11-04,"HOSPITAL GENERAL DE NAUCALPAN ""DR. MAXIMILIANO RUIZ CASTAÑEDA"" ",EDOMEX,Buena,Buena,"19.468662, -99.234348"
2020-11-04,"HOSPITAL GENERAL ATIZAPAN DE ZARAGOZA ""DR. SALVADOR GONZALEZ HERREJÓN""",EDOMEX,Buena,Buena,"19.546322, -99.237491"
2020-11-04,"HOSPITAL GENERAL CUAUTITLAN ""GRAL. JOSE VICENTE VILLADA""",EDOMEX,Buena,Buena,"19.664586, -99.178557"
2020-11-04,"HOSPITAL GENERAL DE NEZAHUALCOYOTL ""GUSTAVO BAZ PRADA""",EDOMEX,Buena,Buena,"19.422253, -99.014892"
2020-11-04,"HOSPITAL GENERAL DE ECATEPEC ""JOSÉ MARÍA RODRÍGUEZ""",EDOMEX,Buena,Buena,"19.514412, -99.038087"
2020-11-04,"HOSPITAL GENERAL NEZAHUALCOYOTL ""LA PERLA"" ",EDOMEX,Buena,Buena,"19.387963, -98.989442"
2020-11-04,HOSPITAL GENERAL DE CHIMALHUACAN,EDOMEX,Buena,Buena,"19.419753, -98.975140"
2020-11-04,"HOSPITAL GENERAL DE IXTAPALUCA ""PEDRO LOPEZ""",EDOMEX,Buena,Buena,"19.318829, -98.855366"
2020-11-04,HOSPITAL GENERAL DE CHALCO ,EDOMEX,Buena,Buena,"19.268265, -98.893965"
2020-11-04,"HOSPITAL GENERAL TEXCOCO ""GUADALUPE VICTORIA"" BICENTENARIO ",EDOMEX,Buena,Buena,"19.514309, -98.871750"
2020-11-04,"HOSPITAL GENERAL VALLE DE CHALCO ""DR. FERNANDO QUIROZ GUTIERREZ"" ",EDOMEX,Buena,Buena,"19.273775, -98.941609"
2020-11-04,"HOSPITAL GENERAL AMECAMECA ""VALENTIN GOMEZ FARIAS"" ",EDOMEX,Buena,Buena,"19.144883, -98.785072"
2020-11-04,HOSPITAL GENERAL DE AXAPUSCO,EDOMEX,Buena,Buena,"19.732872, -98.769445"
2020-11-05,INSTITUTO NACIONAL DE NUTRICIÓN,SSA,Media,Media,"19.289599, -99.155441"
2020-11-05,INER,SSA,Crítica,Media,"19.291375, -99.158653"
2020-11-05,HOSPITAL GENERAL DE MÉXICO,SSA,Buena,Media,"19.4129258, -99.1520225"
2020-11-05,HOSPITAL JUAREZ,SSA,Media,Buena,"19.481829, -99.135576"
2020-11-05,HOSPITAL GENERAL DR. MANUEL GEA GONZÁLEZ,SSA,Media,Buena,"19.290295, -99.160861"
2020-11-05,HOSPITAL INFANTIL DE MÉXICO FEDERICO GÓMEZ,SSA,Buena,Buena,"19.410839, -99.151941"
2020-11-05,INSTITUTO  NACIONAL DE CARDIOLOGÍA IGNACIO CHÁVEZ,SSA,Buena,Buena,"19.290598, -99.153838"
2020-11-05,CITIBANAMEX,SSA,Buena,Crítica,"19.439732, -99.224235"
2020-11-05,HOSPITAL REGIONAL DE ALTA ESPECIALIDAD DE IXTAPALUCA,SSA,Buena,Media,"19.318796, -98.855353"
2020-11-05,BELISARIO DOMINGUEZ,SEDESA,Media,Buena,"19.307226, -99.065356"
2020-11-05,ENRIQUE CABRERA,SEDESA,Buena,Buena,"19.361675, -99.224432"
2020-11-05,GENERAL TLAHUAC,SEDESA,Buena,Buena,"19.287492, -99.052665"
2020-11-05,PEDIATRICO DE LA VILLA,SEDESA,Buena,Buena,"19.487355, -99.114316"
2020-11-05,HOSPITAL GENERAL AJUSCO MEDIO,SEDESA,Buena,Media,"19.272165, -99.207846"
2020-11-05,HOSPITAL GENERAL IZTAPALAPA,SEDESA,Buena,Buena,"19.343426, -99.027236"
2020-11-05,HOSPITAL GENERAL XOCO,SEDESA,Buena,Buena,"19.360313, -99.162275"
2020-11-05,HOSPITAL GENERAL VILLA,SEDESA,Buena,Buena,"19.480079, -99.103353"
2020-11-05,HOSPITAL GENERAL DR. RUBÉN LEÑERO,SEDESA,Media,Buena,"19.451398, -99.169565"
2020-11-05,HOSPITAL GENERAL MILPA ALTA,SEDESA,Media,Buena,"19.200951, -99.011210"
2020-11-05,HOSPITAL GENERAL BALBUENA,SEDESA,Buena,Buena,"19.424195, -99.115412"
2020-11-05,HOSPITAL TEPEPAN,SEDESA,Sin Dato,Sin Dato,"19.275806, -99.144298"
2020-11-05,HOSPITAL DE ESPECIALIDADES 01 CMN SIGLO XXI (CDMX SUR),IMSS,Buena,Buena,"19.466549, -99.145102"
2020-11-05,HOSPITAL DE PEDIATRIA 01 CMN SIGLO XXI (CDMX SUR),IMSS,Buena,Buena,"19.407458, -99.152267"
2020-11-05,HOSPITAL GENERAL DE ZONA 01 CARLOS MC GREGOR (CDMX SUR),IMSS,Media,Media,"19.395912, -99.161610"
2020-11-05,HOSPITAL GENERAL DE ZONA 1A PARQUE DE LOS VENADOS (CDMX SUR),IMSS,Media,Buena,"19.374431, -99.151203"
2020-11-05,HOSPITAL DE INFECTOLOGIA 01 LA RAZA (CDMX NORTE),IMSS,Media,Media,"19.464865, -99.144859"
2020-11-05,HOSPITAL GENERAL 01 (CDMX NORTE) LA RAZA,IMSS,Media,Buena,"19.395740, -99.161677"
2020-11-05,HOSPITAL GENERAL DE ZONA 24 (CDMX NORTE),IMSS,Buena,Buena,"19.483221, -99.128448"
2020-11-05,HOSPITAL GENERAL DE ZONA 27 (CDMX NORTE),IMSS,Buena,Buena,"19.454776, -99.140007"
2020-11-05,HOSPITAL GENERAL DE ZONA 2A (CDMX SUR),IMSS,Media,Buena,"19.405495, -99.112200"
2020-11-05,HOSPITAL GENERAL DE ZONA 30 (CDMX SUR),IMSS,Media,Buena,"19.398836, -99.116913"
2020-11-05,HOSPITAL GENERAL DE ZONA 32 (CDMX SUR),IMSS,Media,Buena,"19.307964, -99.130677"
2020-11-05,HOSPITAL GENERAL DE ZONA C/MF 08 (CDMX SUR),IMSS,Media,Buena,"19.337137, -99.200142"
2020-11-05,HOSPITAL GENERAL DE ZONA C/UMAA 48 (CDMX NORTE),IMSS,Media,Media,"19.482375, -99.213046"
2020-11-05,HOSPITAL GENERAL 02 (CDMX SUR) VILLA COAPA (COY.),IMSS,Buena,Buena,"19.309194, -99.129593"
2020-11-05,HOSPITAL DE ESPECIALIDADES 01 (CDMX NORTE) LA RAZA (AZC),IMSS,Buena,Buena,"19.467169, -99.143785"
2020-11-05,HOSPITAL GENERAL DE ZONA C/MF 29 (S. JUAN ARAGÓN),IMSS,Buena,Buena,"19.465117, -99.085162"
2020-11-05,HOSPITAL GENERAL DE ZONA 47 (CDMX SUR) (IZP),IMSS,Buena,Media,"19.357566, -99.054269"
2020-11-05,UNIDAD MÓVIL TEMPORAL COVID,IMSS,Crítica,Crítica,"19.403082, -99.089177"
2020-11-05,CRIT IZTAPALAPA,IMSS,Buena,Buena,"19.328321, -99.068530"
2020-11-05,HOSPITAL GENERAL REGIONAL 72,IMSS,Media,Buena,"19.356913, -98.990929"
2020-11-05,HOSPITAL GENERAL REGIONAL 196,IMSS,Buena,Buena,"19.515133, -98.891450"
2020-11-05,HOSPITAL GENERAL REGIONAL 200,IMSS,Buena,Buena,"19.470300, -99.234208"
2020-11-05,HOSPITAL GENERAL DE ZONA 53,IMSS,Buena,Buena,"19.597387, -99.188426"
2020-11-05,HOSPITAL GENERAL DE ZONA 197,IMSS,Buena,Buena,"19.530797, -99.222446"
2020-11-05,HOSPITAL GENERAL DE ZONA 194,IMSS,Buena,Buena,"19.570070, -99.044009"
2020-11-05,HOSPITAL GENERAL DE ZONA 57 (LA QUEBRADA),IMSS,Buena,Buena,"19.542797, -99.205022"
2020-11-05,HOSPITAL GENERAL DE ZONA 58 (LAS MARGARITAS),IMSS,Media,Buena,"19.529016, -99.030983"
2020-11-05,HOSPITAL GENERAL DE ZONA 68 (TULPETLAC),IMSS,Buena,Buena,"19.742905, -98.972971"
2020-11-05,HOSPITAL GENERAL DE ZONA 71 (CHALCO),IMSS,Buena,Buena,"19.356913, -98.990929"
2020-11-05,HOSPITAL GENERAL DE ZONA 76 (XALOSTOC),IMSS,Media,Buena,"19.515133, -98.891450"
2020-11-05,HOSPITAL GENERAL DE ZONA 98 (COACALCO),IMSS,Buena,Buena,"19.470300, -99.234208"
2020-11-05,CRIT NEZAHUALCÓYOTL,IMSS,Buena,Buena,"19.425795, -99.029987"
2020-11-05,CENTRO MEDICO 20 DE NOVIEMBRE,ISSSTE,Buena,Media,"19.372720, -99.171205"
2020-11-05,HG DARIO FERNANDEZ FIERRO,ISSSTE,Media,Media,"19.363602, -99.188608"
2020-11-05,HG JOSE MARIA MORELOS,ISSSTE,Buena,Media,"19.363918, -98.995393"
2020-11-05,HG TACUBA,ISSSTE,Media,Media,"19.454384, -99.191231"
2020-11-05,HG DR FERNANDO QUIROZ,ISSSTE,Buena,Buena,"19.394242, -99.194187"
2020-11-05,HG IGNACIO ZARAGOZA,ISSSTE,Media,Media,"19.389472, -99.045019"
2020-11-05,HR PRIMERO DE OCTUBRE,ISSSTE,Crítica,Buena,"19.486751, -99.133249"
2020-11-05,HR LIC. ADOLFO LÓPEZ MATEOS,ISSSTE,Buena,Buena,"19.358451, -99.172716"
2020-11-05,HR BICENTENARIO DE LA INDEPENDENCIA,ISSSTE,Media,Media,"19.628814, -99.163343"
2020-11-05,ALTA ESPECIALIDAD DE ZUMPANGO,EDOMEX,Buena,Buena,"19.815198, -99.089196"
2020-11-05,HOSPITAL REGIONAL TLALNEPANTLA ISSEMYM,EDOMEX,Media,Buena,"19.521706, -99.187341"
2020-11-05,"HOSPITAL GENERAL ECATEPEC ""LAS AMÉRICAS""",EDOMEX,Buena,Buena,"19.594136, -99.018679"
2020-11-05,"HOSPITAL GENERAL DE NAUCALPAN ""DR. MAXIMILIANO RUIZ CASTAÑEDA"" ",EDOMEX,Buena,Media,"19.468662, -99.234348"
2020-11-05,"HOSPITAL GENERAL ATIZAPAN DE ZARAGOZA ""DR. SALVADOR GONZALEZ HERREJÓN""",EDOMEX,Buena,Buena,"19.546322, -99.237491"
2020-11-05,"HOSPITAL GENERAL CUAUTITLAN ""GRAL. JOSE VICENTE VILLADA""",EDOMEX,Buena,Buena,"19.664586, -99.178557"
2020-11-05,"HOSPITAL GENERAL DE NEZAHUALCOYOTL ""GUSTAVO BAZ PRADA""",EDOMEX,Buena,Buena,"19.422253, -99.014892"
2020-11-05,"HOSPITAL GENERAL DE ECATEPEC ""JOSÉ MARÍA RODRÍGUEZ""",EDOMEX,Buena,Buena,"19.514412, -99.038087"
2020-11-05,"HOSPITAL GENERAL NEZAHUALCOYOTL ""LA PERLA"" ",EDOMEX,Buena,Buena,"19.387963, -98.989442"
2020-11-05,HOSPITAL GENERAL DE CHIMALHUACAN,EDOMEX,Buena,Buena,"19.419753, -98.975140"
2020-11-05,"HOSPITAL GENERAL DE IXTAPALUCA ""PEDRO LOPEZ""",EDOMEX,Buena,Buena,"19.318829, -98.855366"
2020-11-05,HOSPITAL GENERAL DE CHALCO ,EDOMEX,Buena,Buena,"19.268265, -98.893965"
2020-11-05,"HOSPITAL GENERAL TEXCOCO ""GUADALUPE VICTORIA"" BICENTENARIO ",EDOMEX,Buena,Buena,"19.514309, -98.871750"
2020-11-05,"HOSPITAL GENERAL VALLE DE CHALCO ""DR. FERNANDO QUIROZ GUTIERREZ"" ",EDOMEX,Buena,Buena,"19.273775, -98.941609"
2020-11-05,"HOSPITAL GENERAL AMECAMECA ""VALENTIN GOMEZ FARIAS"" ",EDOMEX,Buena,Buena,"19.144883, -98.785072"
2020-11-05,HOSPITAL GENERAL DE AXAPUSCO,EDOMEX,Buena,Media,"19.732872, -98.769445"
2020-11-06,INSTITUTO NACIONAL DE NUTRICIÓN,SSA,Media,Media,"19.289599, -99.155441"
2020-11-06,INER,SSA,Crítica,Media,"19.291375, -99.158653"
2020-11-06,HOSPITAL GENERAL DE MÉXICO,SSA,Buena,Media,"19.4129258, -99.1520225"
2020-11-06,HOSPITAL JUAREZ,SSA,Media,Buena,"19.481829, -99.135576"
2020-11-06,HOSPITAL GENERAL DR. MANUEL GEA GONZÁLEZ,SSA,Media,Buena,"19.290295, -99.160861"
2020-11-06,HOSPITAL INFANTIL DE MÉXICO FEDERICO GÓMEZ,SSA,Buena,Buena,"19.410839, -99.151941"
2020-11-06,INSTITUTO  NACIONAL DE CARDIOLOGÍA IGNACIO CHÁVEZ,SSA,Buena,Buena,"19.290598, -99.153838"
2020-11-06,CITIBANAMEX,SSA,Buena,Crítica,"19.439732, -99.224235"
2020-11-06,HOSPITAL REGIONAL DE ALTA ESPECIALIDAD DE IXTAPALUCA,SSA,Buena,Media,"19.318796, -98.855353"
2020-11-06,BELISARIO DOMINGUEZ,SEDESA,Media,Buena,"19.307226, -99.065356"
2020-11-06,ENRIQUE CABRERA,SEDESA,Buena,Buena,"19.361675, -99.224432"
2020-11-06,GENERAL TLAHUAC,SEDESA,Buena,Buena,"19.287492, -99.052665"
2020-11-06,PEDIATRICO DE LA VILLA,SEDESA,Buena,Buena,"19.487355, -99.114316"
2020-11-06,HOSPITAL GENERAL AJUSCO MEDIO,SEDESA,Buena,Media,"19.272165, -99.207846"
2020-11-06,HOSPITAL GENERAL IZTAPALAPA,SEDESA,Buena,Buena,"19.343426, -99.027236"
2020-11-06,HOSPITAL GENERAL XOCO,SEDESA,Buena,Buena,"19.360313, -99.162275"
2020-11-06,HOSPITAL GENERAL VILLA,SEDESA,Buena,Buena,"19.480079, -99.103353"
2020-11-06,HOSPITAL GENERAL DR. RUBÉN LEÑERO,SEDESA,Media,Buena,"19.451398, -99.169565"
2020-11-06,HOSPITAL GENERAL MILPA ALTA,SEDESA,Media,Buena,"19.200951, -99.011210"
2020-11-06,HOSPITAL GENERAL BALBUENA,SEDESA,Buena,Buena,"19.424195, -99.115412"
2020-11-06,HOSPITAL TEPEPAN,SEDESA,Sin Dato,Sin Dato,"19.275806, -99.144298"
2020-11-06,HOSPITAL DE ESPECIALIDADES 01 CMN SIGLO XXI (CDMX SUR),IMSS,Buena,Buena,"19.466549, -99.145102"
2020-11-06,HOSPITAL DE PEDIATRIA 01 CMN SIGLO XXI (CDMX SUR),IMSS,Buena,Buena,"19.407458, -99.152267"
2020-11-06,HOSPITAL GENERAL DE ZONA 01 CARLOS MC GREGOR (CDMX SUR),IMSS,Media,Media,"19.395912, -99.161610"
2020-11-06,HOSPITAL GENERAL DE ZONA 1A PARQUE DE LOS VENADOS (CDMX SUR),IMSS,Media,Buena,"19.374431, -99.151203"
2020-11-06,HOSPITAL DE INFECTOLOGIA 01 LA RAZA (CDMX NORTE),IMSS,Media,Media,"19.464865, -99.144859"
2020-11-06,HOSPITAL GENERAL 01 (CDMX NORTE) LA RAZA,IMSS,Media,Buena,"19.395740, -99.161677"
2020-11-06,HOSPITAL GENERAL DE ZONA 24 (CDMX NORTE),IMSS,Buena,Buena,"19.483221, -99.128448"
2020-11-06,HOSPITAL GENERAL DE ZONA 27 (CDMX NORTE),IMSS,Buena,Buena,"19.454776, -99.140007"
2020-11-06,HOSPITAL GENERAL DE ZONA 2A (CDMX SUR),IMSS,Media,Buena,"19.405495, -99.112200"
2020-11-06,HOSPITAL GENERAL DE ZONA 30 (CDMX SUR),IMSS,Media,Buena,"19.398836, -99.116913"
2020-11-06,HOSPITAL GENERAL DE ZONA 32 (CDMX SUR),IMSS,Media,Buena,"19.307964, -99.130677"
2020-11-06,HOSPITAL GENERAL DE ZONA C/MF 08 (CDMX SUR),IMSS,Media,Buena,"19.337137, -99.200142"
2020-11-06,HOSPITAL GENERAL DE ZONA C/UMAA 48 (CDMX NORTE),IMSS,Media,Media,"19.482375, -99.213046"
2020-11-06,HOSPITAL GENERAL 02 (CDMX SUR) VILLA COAPA (COY.),IMSS,Buena,Buena,"19.309194, -99.129593"
2020-11-06,HOSPITAL DE ESPECIALIDADES 01 (CDMX NORTE) LA RAZA (AZC),IMSS,Buena,Buena,"19.467169, -99.143785"
2020-11-06,HOSPITAL GENERAL DE ZONA C/MF 29 (S. JUAN ARAGÓN),IMSS,Buena,Buena,"19.465117, -99.085162"
2020-11-06,HOSPITAL GENERAL DE ZONA 47 (CDMX SUR) (IZP),IMSS,Buena,Media,"19.357566, -99.054269"
2020-11-06,UNIDAD MÓVIL TEMPORAL COVID,IMSS,Crítica,Crítica,"19.403082, -99.089177"
2020-11-06,CRIT IZTAPALAPA,IMSS,Buena,Buena,"19.328321, -99.068530"
2020-11-06,HOSPITAL GENERAL REGIONAL 72,IMSS,Media,Buena,"19.356913, -98.990929"
2020-11-06,HOSPITAL GENERAL REGIONAL 196,IMSS,Buena,Buena,"19.515133, -98.891450"
2020-11-06,HOSPITAL GENERAL REGIONAL 200,IMSS,Buena,Buena,"19.470300, -99.234208"
2020-11-06,HOSPITAL GENERAL DE ZONA 53,IMSS,Buena,Buena,"19.597387, -99.188426"
2020-11-06,HOSPITAL GENERAL DE ZONA 197,IMSS,Buena,Buena,"19.530797, -99.222446"
2020-11-06,HOSPITAL GENERAL DE ZONA 194,IMSS,Buena,Buena,"19.570070, -99.044009"
2020-11-06,HOSPITAL GENERAL DE ZONA 57 (LA QUEBRADA),IMSS,Buena,Buena,"19.542797, -99.205022"
2020-11-06,HOSPITAL GENERAL DE ZONA 58 (LAS MARGARITAS),IMSS,Media,Buena,"19.529016, -99.030983"
2020-11-06,HOSPITAL GENERAL DE ZONA 68 (TULPETLAC),IMSS,Buena,Buena,"19.742905, -98.972971"
2020-11-06,HOSPITAL GENERAL DE ZONA 71 (CHALCO),IMSS,Buena,Buena,"19.356913, -98.990929"
2020-11-06,HOSPITAL GENERAL DE ZONA 76 (XALOSTOC),IMSS,Media,Buena,"19.515133, -98.891450"
2020-11-06,HOSPITAL GENERAL DE ZONA 98 (COACALCO),IMSS,Buena,Buena,"19.470300, -99.234208"
2020-11-06,CRIT NEZAHUALCÓYOTL,IMSS,Buena,Buena,"19.425795, -99.029987"
2020-11-06,CENTRO MEDICO 20 DE NOVIEMBRE,ISSSTE,Buena,Media,"19.372720, -99.171205"
2020-11-06,HG DARIO FERNANDEZ FIERRO,ISSSTE,Media,Media,"19.363602, -99.188608"
2020-11-06,HG JOSE MARIA MORELOS,ISSSTE,Buena,Media,"19.363918, -98.995393"
2020-11-06,HG TACUBA,ISSSTE,Media,Media,"19.454384, -99.191231"
2020-11-06,HG DR FERNANDO QUIROZ,ISSSTE,Buena,Buena,"19.394242, -99.194187"
2020-11-06,HG IGNACIO ZARAGOZA,ISSSTE,Media,Media,"19.389472, -99.045019"
2020-11-06,HR PRIMERO DE OCTUBRE,ISSSTE,Crítica,Buena,"19.486751, -99.133249"
2020-11-06,HR LIC. ADOLFO LÓPEZ MATEOS,ISSSTE,Buena,Buena,"19.358451, -99.172716"
2020-11-06,HR BICENTENARIO DE LA INDEPENDENCIA,ISSSTE,Media,Media,"19.628814, -99.163343"
2020-11-06,ALTA ESPECIALIDAD DE ZUMPANGO,EDOMEX,Buena,Buena,"19.815198, -99.089196"
2020-11-06,HOSPITAL REGIONAL TLALNEPANTLA ISSEMYM,EDOMEX,Media,Buena,"19.521706, -99.187341"
2020-11-06,"HOSPITAL GENERAL ECATEPEC ""LAS AMÉRICAS""",EDOMEX,Buena,Buena,"19.594136, -99.018679"
2020-11-06,"HOSPITAL GENERAL DE NAUCALPAN ""DR. MAXIMILIANO RUIZ CASTAÑEDA"" ",EDOMEX,Buena,Media,"19.468662, -99.234348"
2020-11-06,"HOSPITAL GENERAL ATIZAPAN DE ZARAGOZA ""DR. SALVADOR GONZALEZ HERREJÓN""",EDOMEX,Buena,Buena,"19.546322, -99.237491"
2020-11-06,"HOSPITAL GENERAL CUAUTITLAN ""GRAL. JOSE VICENTE VILLADA""",EDOMEX,Buena,Buena,"19.664586, -99.178557"
2020-11-06,"HOSPITAL GENERAL DE NEZAHUALCOYOTL ""GUSTAVO BAZ PRADA""",EDOMEX,Buena,Buena,"19.422253, -99.014892"
2020-11-06,"HOSPITAL GENERAL DE ECATEPEC ""JOSÉ MARÍA RODRÍGUEZ""",EDOMEX,Buena,Buena,"19.514412, -99.038087"
2020-11-06,"HOSPITAL GENERAL NEZAHUALCOYOTL ""LA PERLA"" ",EDOMEX,Buena,Buena,"19.387963, -98.989442"
2020-11-06,HOSPITAL GENERAL DE CHIMALHUACAN,EDOMEX,Buena,Buena,"19.419753, -98.975140"
2020-11-06,"HOSPITAL GENERAL DE IXTAPALUCA ""PEDRO LOPEZ""",EDOMEX,Buena,Buena,"19.318829, -98.855366"
2020-11-06,HOSPITAL GENERAL DE CHALCO ,EDOMEX,Buena,Buena,"19.268265, -98.893965"
2020-11-06,"HOSPITAL GENERAL TEXCOCO ""GUADALUPE VICTORIA"" BICENTENARIO ",EDOMEX,Buena,Buena,"19.514309, -98.871750"
2020-11-06,"HOSPITAL GENERAL VALLE DE CHALCO ""DR. FERNANDO QUIROZ GUTIERREZ"" ",EDOMEX,Buena,Buena,"19.273775, -98.941609"
2020-11-06,"HOSPITAL GENERAL AMECAMECA ""VALENTIN GOMEZ FARIAS"" ",EDOMEX,Buena,Buena,"19.144883, -98.785072"
2020-11-06,HOSPITAL GENERAL DE AXAPUSCO,EDOMEX,Buena,Media,"19.732872, -98.769445"
2020-11-07,INSTITUTO NACIONAL DE NUTRICIÓN,SSA,Media,Media,"19.289599, -99.155441"
2020-11-07,INER,SSA,Crítica,Media,"19.291375, -99.158653"
2020-11-07,HOSPITAL GENERAL DE MÉXICO,SSA,Buena,Buena,"19.4129258, -99.1520225"
2020-11-07,HOSPITAL JUAREZ,SSA,Media,Buena,"19.481829, -99.135576"
2020-11-07,HOSPITAL GENERAL DR. MANUEL GEA GONZÁLEZ,SSA,Media,Buena,"19.290295, -99.160861"
2020-11-07,HOSPITAL INFANTIL DE MÉXICO FEDERICO GÓMEZ,SSA,Buena,Buena,"19.410839, -99.151941"
2020-11-07,INSTITUTO  NACIONAL DE CARDIOLOGÍA IGNACIO CHÁVEZ,SSA,Buena,Buena,"19.290598, -99.153838"
2020-11-07,CITIBANAMEX,SSA,Buena,Crítica,"19.439732, -99.224235"
2020-11-07,HOSPITAL REGIONAL DE ALTA ESPECIALIDAD DE IXTAPALUCA,SSA,Buena,Media,"19.318796, -98.855353"
2020-11-07,BELISARIO DOMINGUEZ,SEDESA,Media,Buena,"19.307226, -99.065356"
2020-11-07,ENRIQUE CABRERA,SEDESA,Buena,Buena,"19.361675, -99.224432"
2020-11-07,GENERAL TLAHUAC,SEDESA,Buena,Buena,"19.287492, -99.052665"
2020-11-07,PEDIATRICO DE LA VILLA,SEDESA,Buena,Buena,"19.487355, -99.114316"
2020-11-07,HOSPITAL GENERAL AJUSCO MEDIO,SEDESA,Buena,Buena,"19.272165, -99.207846"
2020-11-07,HOSPITAL GENERAL IZTAPALAPA,SEDESA,Buena,Buena,"19.343426, -99.027236"
2020-11-07,HOSPITAL GENERAL XOCO,SEDESA,Buena,Buena,"19.360313, -99.162275"
2020-11-07,HOSPITAL GENERAL VILLA,SEDESA,Buena,Buena,"19.480079, -99.103353"
2020-11-07,HOSPITAL GENERAL DR. RUBÉN LEÑERO,SEDESA,Media,Buena,"19.451398, -99.169565"
2020-11-07,HOSPITAL GENERAL MILPA ALTA,SEDESA,Media,Buena,"19.200951, -99.011210"
2020-11-07,HOSPITAL GENERAL BALBUENA,SEDESA,Buena,Buena,"19.424195, -99.115412"
2020-11-07,HOSPITAL TEPEPAN,SEDESA,Sin Dato,Sin Dato,"19.275806, -99.144298"
2020-11-07,HOSPITAL DE ESPECIALIDADES 01 CMN SIGLO XXI (CDMX SUR),IMSS,Buena,Buena,"19.466549, -99.145102"
2020-11-07,HOSPITAL DE PEDIATRIA 01 CMN SIGLO XXI (CDMX SUR),IMSS,Buena,Buena,"19.407458, -99.152267"
2020-11-07,HOSPITAL GENERAL DE ZONA 01 CARLOS MC GREGOR (CDMX SUR),IMSS,Media,Media,"19.395912, -99.161610"
2020-11-07,HOSPITAL GENERAL DE ZONA 1A PARQUE DE LOS VENADOS (CDMX SUR),IMSS,Media,Buena,"19.374431, -99.151203"
2020-11-07,HOSPITAL DE INFECTOLOGIA 01 LA RAZA (CDMX NORTE),IMSS,Media,Buena,"19.464865, -99.144859"
2020-11-07,HOSPITAL GENERAL 01 (CDMX NORTE) LA RAZA,IMSS,Media,Buena,"19.395740, -99.161677"
2020-11-07,HOSPITAL GENERAL DE ZONA 24 (CDMX NORTE),IMSS,Buena,Buena,"19.483221, -99.128448"
2020-11-07,HOSPITAL GENERAL DE ZONA 27 (CDMX NORTE),IMSS,Buena,Buena,"19.454776, -99.140007"
2020-11-07,HOSPITAL GENERAL DE ZONA 2A (CDMX SUR),IMSS,Media,Buena,"19.405495, -99.112200"
2020-11-07,HOSPITAL GENERAL DE ZONA 30 (CDMX SUR),IMSS,Media,Buena,"19.398836, -99.116913"
2020-11-07,HOSPITAL GENERAL DE ZONA 32 (CDMX SUR),IMSS,Media,Buena,"19.307964, -99.130677"
2020-11-07,HOSPITAL GENERAL DE ZONA C/MF 08 (CDMX SUR),IMSS,Media,Buena,"19.337137, -99.200142"
2020-11-07,HOSPITAL GENERAL DE ZONA C/UMAA 48 (CDMX NORTE),IMSS,Buena,Media,"19.482375, -99.213046"
2020-11-07,HOSPITAL GENERAL 02 (CDMX SUR) VILLA COAPA (COY.),IMSS,Buena,Buena,"19.309194, -99.129593"
2020-11-07,HOSPITAL DE ESPECIALIDADES 01 (CDMX NORTE) LA RAZA (AZC),IMSS,Media,Buena,"19.467169, -99.143785"
2020-11-07,HOSPITAL GENERAL DE ZONA C/MF 29 (S. JUAN ARAGÓN),IMSS,Buena,Buena,"19.465117, -99.085162"
2020-11-07,HOSPITAL GENERAL DE ZONA 47 (CDMX SUR) (IZP),IMSS,Buena,Media,"19.357566, -99.054269"
2020-11-07,UNIDAD MÓVIL TEMPORAL COVID,IMSS,Crítica,Crítica,"19.403082, -99.089177"
2020-11-07,CRIT IZTAPALAPA,IMSS,Buena,Buena,"19.328321, -99.068530"
2020-11-07,HOSPITAL GENERAL REGIONAL 72,IMSS,Media,Buena,"19.356913, -98.990929"
2020-11-07,HOSPITAL GENERAL REGIONAL 196,IMSS,Buena,Buena,"19.515133, -98.891450"
2020-11-07,HOSPITAL GENERAL REGIONAL 200,IMSS,Buena,Buena,"19.470300, -99.234208"
2020-11-07,HOSPITAL GENERAL DE ZONA 53,IMSS,Buena,Buena,"19.597387, -99.188426"
2020-11-07,HOSPITAL GENERAL DE ZONA 197,IMSS,Buena,Buena,"19.530797, -99.222446"
2020-11-07,HOSPITAL GENERAL DE ZONA 194,IMSS,Buena,Buena,"19.570070, -99.044009"
2020-11-07,HOSPITAL GENERAL DE ZONA 57 (LA QUEBRADA),IMSS,Buena,Buena,"19.542797, -99.205022"
2020-11-07,HOSPITAL GENERAL DE ZONA 58 (LAS MARGARITAS),IMSS,Media,Buena,"19.529016, -99.030983"
2020-11-07,HOSPITAL GENERAL DE ZONA 68 (TULPETLAC),IMSS,Buena,Buena,"19.742905, -98.972971"
2020-11-07,HOSPITAL GENERAL DE ZONA 71 (CHALCO),IMSS,Buena,Buena,"19.356913, -98.990929"
2020-11-07,HOSPITAL GENERAL DE ZONA 76 (XALOSTOC),IMSS,Media,Buena,"19.515133, -98.891450"
2020-11-07,HOSPITAL GENERAL DE ZONA 98 (COACALCO),IMSS,Buena,Buena,"19.470300, -99.234208"
2020-11-07,CRIT NEZAHUALCÓYOTL,IMSS,Buena,Buena,"19.425795, -99.029987"
2020-11-07,CENTRO MEDICO 20 DE NOVIEMBRE,ISSSTE,Buena,Buena,"19.372720, -99.171205"
2020-11-07,HG DARIO FERNANDEZ FIERRO,ISSSTE,Media,Crítica,"19.363602, -99.188608"
2020-11-07,HG JOSE MARIA MORELOS,ISSSTE,Buena,Media,"19.363918, -98.995393"
2020-11-07,HG TACUBA,ISSSTE,Media,Media,"19.454384, -99.191231"
2020-11-07,HG DR FERNANDO QUIROZ,ISSSTE,Buena,Buena,"19.394242, -99.194187"
2020-11-07,HG IGNACIO ZARAGOZA,ISSSTE,Media,Media,"19.389472, -99.045019"
2020-11-07,HR PRIMERO DE OCTUBRE,ISSSTE,Crítica,Buena,"19.486751, -99.133249"
2020-11-07,HR LIC. ADOLFO LÓPEZ MATEOS,ISSSTE,Buena,Buena,"19.358451, -99.172716"
2020-11-07,HR BICENTENARIO DE LA INDEPENDENCIA,ISSSTE,Media,Media,"19.628814, -99.163343"
2020-11-07,ALTA ESPECIALIDAD DE ZUMPANGO,EDOMEX,Buena,Buena,"19.815198, -99.089196"
2020-11-07,HOSPITAL REGIONAL TLALNEPANTLA ISSEMYM,EDOMEX,Media,Buena,"19.521706, -99.187341"
2020-11-07,"HOSPITAL GENERAL ECATEPEC ""LAS AMÉRICAS""",EDOMEX,Buena,Buena,"19.594136, -99.018679"
2020-11-07,"HOSPITAL GENERAL DE NAUCALPAN ""DR. MAXIMILIANO RUIZ CASTAÑEDA"" ",EDOMEX,Buena,Media,"19.468662, -99.234348"
2020-11-07,"HOSPITAL GENERAL ATIZAPAN DE ZARAGOZA ""DR. SALVADOR GONZALEZ HERREJÓN""",EDOMEX,Buena,Buena,"19.546322, -99.237491"
2020-11-07,"HOSPITAL GENERAL CUAUTITLAN ""GRAL. JOSE VICENTE VILLADA""",EDOMEX,Buena,Buena,"19.664586, -99.178557"
2020-11-07,"HOSPITAL GENERAL DE NEZAHUALCOYOTL ""GUSTAVO BAZ PRADA""",EDOMEX,Buena,Buena,"19.422253, -99.014892"
2020-11-07,"HOSPITAL GENERAL DE ECATEPEC ""JOSÉ MARÍA RODRÍGUEZ""",EDOMEX,Buena,Buena,"19.514412, -99.038087"
2020-11-07,"HOSPITAL GENERAL NEZAHUALCOYOTL ""LA PERLA"" ",EDOMEX,Buena,Buena,"19.387963, -98.989442"
2020-11-07,HOSPITAL GENERAL DE CHIMALHUACAN,EDOMEX,Buena,Buena,"19.419753, -98.975140"
2020-11-07,"HOSPITAL GENERAL DE IXTAPALUCA ""PEDRO LOPEZ""",EDOMEX,Buena,Buena,"19.318829, -98.855366"
2020-11-07,HOSPITAL GENERAL DE CHALCO ,EDOMEX,Buena,Buena,"19.268265, -98.893965"
2020-11-07,"HOSPITAL GENERAL TEXCOCO ""GUADALUPE VICTORIA"" BICENTENARIO ",EDOMEX,Buena,Buena,"19.514309, -98.871750"
2020-11-07,"HOSPITAL GENERAL VALLE DE CHALCO ""DR. FERNANDO QUIROZ GUTIERREZ"" ",EDOMEX,Buena,Buena,"19.273775, -98.941609"
2020-11-07,"HOSPITAL GENERAL AMECAMECA ""VALENTIN GOMEZ FARIAS"" ",EDOMEX,Buena,Buena,"19.144883, -98.785072"
2020-11-07,HOSPITAL GENERAL DE AXAPUSCO,EDOMEX,Buena,Buena,"19.732872, -98.769445"
2020-11-08,INSTITUTO NACIONAL DE NUTRICIÓN,SSA,Media,Media,"19.289599, -99.155441"
2020-11-08,INER,SSA,Crítica,Media,"19.291375, -99.158653"
2020-11-08,HOSPITAL GENERAL DE MÉXICO,SSA,Buena,Media,"19.4129258, -99.1520225"
2020-11-08,HOSPITAL JUAREZ,SSA,Media,Buena,"19.481829, -99.135576"
2020-11-08,HOSPITAL GENERAL DR. MANUEL GEA GONZÁLEZ,SSA,Media,Buena,"19.290295, -99.160861"
2020-11-08,HOSPITAL INFANTIL DE MÉXICO FEDERICO GÓMEZ,SSA,Buena,Buena,"19.410839, -99.151941"
2020-11-08,INSTITUTO  NACIONAL DE CARDIOLOGÍA IGNACIO CHÁVEZ,SSA,Buena,Buena,"19.290598, -99.153838"
2020-11-08,CITIBANAMEX,SSA,Buena,Crítica,"19.439732, -99.224235"
2020-11-08,HOSPITAL REGIONAL DE ALTA ESPECIALIDAD DE IXTAPALUCA,SSA,Buena,Media,"19.318796, -98.855353"
2020-11-08,BELISARIO DOMINGUEZ,SEDESA,Media,Buena,"19.307226, -99.065356"
2020-11-08,ENRIQUE CABRERA,SEDESA,Buena,Buena,"19.361675, -99.224432"
2020-11-08,GENERAL TLAHUAC,SEDESA,Buena,Buena,"19.287492, -99.052665"
2020-11-08,PEDIATRICO DE LA VILLA,SEDESA,Buena,Buena,"19.487355, -99.114316"
2020-11-08,HOSPITAL GENERAL AJUSCO MEDIO,SEDESA,Buena,Buena,"19.272165, -99.207846"
2020-11-08,HOSPITAL GENERAL IZTAPALAPA,SEDESA,Buena,Buena,"19.343426, -99.027236"
2020-11-08,HOSPITAL GENERAL XOCO,SEDESA,Buena,Buena,"19.360313, -99.162275"
2020-11-08,HOSPITAL GENERAL VILLA,SEDESA,Buena,Buena,"19.480079, -99.103353"
2020-11-08,HOSPITAL GENERAL DR. RUBÉN LEÑERO,SEDESA,Media,Buena,"19.451398, -99.169565"
2020-11-08,HOSPITAL GENERAL MILPA ALTA,SEDESA,Media,Buena,"19.200951, -99.011210"
2020-11-08,HOSPITAL GENERAL BALBUENA,SEDESA,Buena,Buena,"19.424195, -99.115412"
2020-11-08,HOSPITAL TEPEPAN,SEDESA,Sin Dato,Sin Dato,"19.275806, -99.144298"
2020-11-08,HOSPITAL DE ESPECIALIDADES 01 CMN SIGLO XXI (CDMX SUR),IMSS,Buena,Buena,"19.466549, -99.145102"
2020-11-08,HOSPITAL DE PEDIATRIA 01 CMN SIGLO XXI (CDMX SUR),IMSS,Buena,Buena,"19.407458, -99.152267"
2020-11-08,HOSPITAL GENERAL DE ZONA 01 CARLOS MC GREGOR (CDMX SUR),IMSS,Media,Media,"19.395912, -99.161610"
2020-11-08,HOSPITAL GENERAL DE ZONA 1A PARQUE DE LOS VENADOS (CDMX SUR),IMSS,Media,Buena,"19.374431, -99.151203"
2020-11-08,HOSPITAL DE INFECTOLOGIA 01 LA RAZA (CDMX NORTE),IMSS,Media,Buena,"19.464865, -99.144859"
2020-11-08,HOSPITAL GENERAL 01 (CDMX NORTE) LA RAZA,IMSS,Media,Buena,"19.395740, -99.161677"
2020-11-08,HOSPITAL GENERAL DE ZONA 24 (CDMX NORTE),IMSS,Buena,Buena,"19.483221, -99.128448"
2020-11-08,HOSPITAL GENERAL DE ZONA 27 (CDMX NORTE),IMSS,Buena,Buena,"19.454776, -99.140007"
2020-11-08,HOSPITAL GENERAL DE ZONA 2A (CDMX SUR),IMSS,Media,Buena,"19.405495, -99.112200"
2020-11-08,HOSPITAL GENERAL DE ZONA 30 (CDMX SUR),IMSS,Media,Buena,"19.398836, -99.116913"
2020-11-08,HOSPITAL GENERAL DE ZONA 32 (CDMX SUR),IMSS,Buena,Buena,"19.307964, -99.130677"
2020-11-08,HOSPITAL GENERAL DE ZONA C/MF 08 (CDMX SUR),IMSS,Buena,Media,"19.337137, -99.200142"
2020-11-08,HOSPITAL GENERAL DE ZONA C/UMAA 48 (CDMX NORTE),IMSS,Buena,Media,"19.482375, -99.213046"
2020-11-08,HOSPITAL GENERAL 02 (CDMX SUR) VILLA COAPA (COY.),IMSS,Buena,Buena,"19.309194, -99.129593"
2020-11-08,HOSPITAL DE ESPECIALIDADES 01 (CDMX NORTE) LA RAZA (AZC),IMSS,Media,Buena,"19.467169, -99.143785"
2020-11-08,HOSPITAL GENERAL DE ZONA C/MF 29 (S. JUAN ARAGÓN),IMSS,Buena,Buena,"19.465117, -99.085162"
2020-11-08,HOSPITAL GENERAL DE ZONA 47 (CDMX SUR) (IZP),IMSS,Buena,Media,"19.357566, -99.054269"
2020-11-08,UNIDAD MÓVIL TEMPORAL COVID,IMSS,Crítica,Crítica,"19.403082, -99.089177"
2020-11-08,CRIT IZTAPALAPA,IMSS,Buena,Buena,"19.328321, -99.068530"
2020-11-08,HOSPITAL GENERAL REGIONAL 72,IMSS,Media,Media,"19.356913, -98.990929"
2020-11-08,HOSPITAL GENERAL REGIONAL 196,IMSS,Buena,Buena,"19.515133, -98.891450"
2020-11-08,HOSPITAL GENERAL REGIONAL 200,IMSS,Buena,Buena,"19.470300, -99.234208"
2020-11-08,HOSPITAL GENERAL DE ZONA 53,IMSS,Buena,Buena,"19.597387, -99.188426"
2020-11-08,HOSPITAL GENERAL DE ZONA 197,IMSS,Buena,Buena,"19.530797, -99.222446"
2020-11-08,HOSPITAL GENERAL DE ZONA 194,IMSS,Media,Buena,"19.570070, -99.044009"
2020-11-08,HOSPITAL GENERAL DE ZONA 57 (LA QUEBRADA),IMSS,Buena,Buena,"19.542797, -99.205022"
2020-11-08,HOSPITAL GENERAL DE ZONA 58 (LAS MARGARITAS),IMSS,Media,Buena,"19.529016, -99.030983"
2020-11-08,HOSPITAL GENERAL DE ZONA 68 (TULPETLAC),IMSS,Buena,Buena,"19.742905, -98.972971"
2020-11-08,HOSPITAL GENERAL DE ZONA 71 (CHALCO),IMSS,Buena,Buena,"19.356913, -98.990929"
2020-11-08,HOSPITAL GENERAL DE ZONA 76 (XALOSTOC),IMSS,Media,Buena,"19.515133, -98.891450"
2020-11-08,HOSPITAL GENERAL DE ZONA 98 (COACALCO),IMSS,Buena,Buena,"19.470300, -99.234208"
2020-11-08,CRIT NEZAHUALCÓYOTL,IMSS,Buena,Buena,"19.425795, -99.029987"
2020-11-08,CENTRO MEDICO 20 DE NOVIEMBRE,ISSSTE,Buena,Buena,"19.372720, -99.171205"
2020-11-08,HG DARIO FERNANDEZ FIERRO,ISSSTE,Media,Media,"19.363602, -99.188608"
2020-11-08,HG JOSE MARIA MORELOS,ISSSTE,Buena,Buena,"19.363918, -98.995393"
2020-11-08,HG TACUBA,ISSSTE,Media,Media,"19.454384, -99.191231"
2020-11-08,HG DR FERNANDO QUIROZ,ISSSTE,Buena,Buena,"19.394242, -99.194187"
2020-11-08,HG IGNACIO ZARAGOZA,ISSSTE,Media,Media,"19.389472, -99.045019"
2020-11-08,HR PRIMERO DE OCTUBRE,ISSSTE,Media,Media,"19.486751, -99.133249"
2020-11-08,HR LIC. ADOLFO LÓPEZ MATEOS,ISSSTE,Buena,Buena,"19.358451, -99.172716"
2020-11-08,HR BICENTENARIO DE LA INDEPENDENCIA,ISSSTE,Media,Media,"19.628814, -99.163343"
2020-11-08,ALTA ESPECIALIDAD DE ZUMPANGO,EDOMEX,Buena,Buena,"19.815198, -99.089196"
2020-11-08,HOSPITAL REGIONAL TLALNEPANTLA ISSEMYM,EDOMEX,Media,Buena,"19.521706, -99.187341"
2020-11-08,"HOSPITAL GENERAL ECATEPEC ""LAS AMÉRICAS""",EDOMEX,Buena,Buena,"19.594136, -99.018679"
2020-11-08,"HOSPITAL GENERAL DE NAUCALPAN ""DR. MAXIMILIANO RUIZ CASTAÑEDA"" ",EDOMEX,Buena,Buena,"19.468662, -99.234348"
2020-11-08,"HOSPITAL GENERAL ATIZAPAN DE ZARAGOZA ""DR. SALVADOR GONZALEZ HERREJÓN""",EDOMEX,Buena,Buena,"19.546322, -99.237491"
2020-11-08,"HOSPITAL GENERAL CUAUTITLAN ""GRAL. JOSE VICENTE VILLADA""",EDOMEX,Buena,Buena,"19.664586, -99.178557"
2020-11-08,"HOSPITAL GENERAL DE NEZAHUALCOYOTL ""GUSTAVO BAZ PRADA""",EDOMEX,Buena,Buena,"19.422253, -99.014892"
2020-11-08,"HOSPITAL GENERAL DE ECATEPEC ""JOSÉ MARÍA RODRÍGUEZ""",EDOMEX,Buena,Buena,"19.514412, -99.038087"
2020-11-08,"HOSPITAL GENERAL NEZAHUALCOYOTL ""LA PERLA"" ",EDOMEX,Buena,Buena,"19.387963, -98.989442"
2020-11-08,HOSPITAL GENERAL DE CHIMALHUACAN,EDOMEX,Buena,Buena,"19.419753, -98.975140"
2020-11-08,"HOSPITAL GENERAL DE IXTAPALUCA ""PEDRO LOPEZ""",EDOMEX,Buena,Buena,"19.318829, -98.855366"
2020-11-08,HOSPITAL GENERAL DE CHALCO ,EDOMEX,Buena,Buena,"19.268265, -98.893965"
2020-11-08,"HOSPITAL GENERAL TEXCOCO ""GUADALUPE VICTORIA"" BICENTENARIO ",EDOMEX,Buena,Buena,"19.514309, -98.871750"
2020-11-08,"HOSPITAL GENERAL VALLE DE CHALCO ""DR. FERNANDO QUIROZ GUTIERREZ"" ",EDOMEX,Buena,Buena,"19.273775, -98.941609"
2020-11-08,"HOSPITAL GENERAL AMECAMECA ""VALENTIN GOMEZ FARIAS"" ",EDOMEX,Buena,Buena,"19.144883, -98.785072"
2020-11-08,HOSPITAL GENERAL DE AXAPUSCO,EDOMEX,Buena,Buena,"19.732872, -98.769445"
2020-11-09,INSTITUTO NACIONAL DE NUTRICIÓN,SSA,Media,Media,"19.289599, -99.155441"
2020-11-09,INER,SSA,Crítica,Media,"19.291375, -99.158653"
2020-11-09,HOSPITAL GENERAL DE MÉXICO,SSA,Buena,Buena,"19.4129258, -99.1520225"
2020-11-09,HOSPITAL JUAREZ,SSA,Media,Buena,"19.481829, -99.135576"
2020-11-09,HOSPITAL GENERAL DR. MANUEL GEA GONZÁLEZ,SSA,Media,Media,"19.290295, -99.160861"
2020-11-09,HOSPITAL INFANTIL DE MÉXICO FEDERICO GÓMEZ,SSA,Buena,Buena,"19.410839, -99.151941"
2020-11-09,INSTITUTO  NACIONAL DE CARDIOLOGÍA IGNACIO CHÁVEZ,SSA,Buena,Buena,"19.290598, -99.153838"
2020-11-09,CITIBANAMEX,SSA,Buena,Crítica,"19.439732, -99.224235"
2020-11-09,HOSPITAL REGIONAL DE ALTA ESPECIALIDAD DE IXTAPALUCA,SSA,Buena,Media,"19.318796, -98.855353"
2020-11-09,BELISARIO DOMINGUEZ,SEDESA,Media,Buena,"19.307226, -99.065356"
2020-11-09,ENRIQUE CABRERA,SEDESA,Buena,Buena,"19.361675, -99.224432"
2020-11-09,GENERAL TLAHUAC,SEDESA,Buena,Buena,"19.287492, -99.052665"
2020-11-09,PEDIATRICO DE LA VILLA,SEDESA,Buena,Buena,"19.487355, -99.114316"
2020-11-09,HOSPITAL GENERAL AJUSCO MEDIO,SEDESA,Buena,Buena,"19.272165, -99.207846"
2020-11-09,HOSPITAL GENERAL IZTAPALAPA,SEDESA,Buena,Buena,"19.343426, -99.027236"
2020-11-09,HOSPITAL GENERAL XOCO,SEDESA,Buena,Buena,"19.360313, -99.162275"
2020-11-09,HOSPITAL GENERAL VILLA,SEDESA,Media,Buena,"19.480079, -99.103353"
2020-11-09,HOSPITAL GENERAL DR. RUBÉN LEÑERO,SEDESA,Media,Buena,"19.451398, -99.169565"
2020-11-09,HOSPITAL GENERAL MILPA ALTA,SEDESA,Buena,Buena,"19.200951, -99.011210"
2020-11-09,HOSPITAL GENERAL BALBUENA,SEDESA,Buena,Buena,"19.424195, -99.115412"
2020-11-09,HOSPITAL TEPEPAN,SEDESA,Sin Dato,Sin Dato,"19.275806, -99.144298"
2020-11-09,HOSPITAL DE ESPECIALIDADES 01 CMN SIGLO XXI (CDMX SUR),IMSS,Buena,Buena,"19.466549, -99.145102"
2020-11-09,HOSPITAL DE PEDIATRIA 01 CMN SIGLO XXI (CDMX SUR),IMSS,Buena,Buena,"19.407458, -99.152267"
2020-11-09,HOSPITAL GENERAL DE ZONA 01 CARLOS MC GREGOR (CDMX SUR),IMSS,Media,Media,"19.395912, -99.161610"
2020-11-09,HOSPITAL GENERAL DE ZONA 1A PARQUE DE LOS VENADOS (CDMX SUR),IMSS,Media,Buena,"19.374431, -99.151203"
2020-11-09,HOSPITAL DE INFECTOLOGIA 01 LA RAZA (CDMX NORTE),IMSS,Media,Buena,"19.464865, -99.144859"
2020-11-09,HOSPITAL GENERAL 01 (CDMX NORTE) LA RAZA,IMSS,Buena,Buena,"19.395740, -99.161677"
2020-11-09,HOSPITAL GENERAL DE ZONA 24 (CDMX NORTE),IMSS,Buena,Buena,"19.483221, -99.128448"
2020-11-09,HOSPITAL GENERAL DE ZONA 27 (CDMX NORTE),IMSS,Buena,Buena,"19.454776, -99.140007"
2020-11-09,HOSPITAL GENERAL DE ZONA 2A (CDMX SUR),IMSS,Media,Buena,"19.405495, -99.112200"
2020-11-09,HOSPITAL GENERAL DE ZONA 30 (CDMX SUR),IMSS,Media,Buena,"19.398836, -99.116913"
2020-11-09,HOSPITAL GENERAL DE ZONA 32 (CDMX SUR),IMSS,Buena,Buena,"19.307964, -99.130677"
2020-11-09,HOSPITAL GENERAL DE ZONA C/MF 08 (CDMX SUR),IMSS,Buena,Media,"19.337137, -99.200142"
2020-11-09,HOSPITAL GENERAL DE ZONA C/UMAA 48 (CDMX NORTE),IMSS,Buena,Media,"19.482375, -99.213046"
2020-11-09,HOSPITAL GENERAL 02 (CDMX SUR) VILLA COAPA (COY.),IMSS,Media,Buena,"19.309194, -99.129593"
2020-11-09,HOSPITAL DE ESPECIALIDADES 01 (CDMX NORTE) LA RAZA (AZC),IMSS,Media,Buena,"19.467169, -99.143785"
2020-11-09,HOSPITAL GENERAL DE ZONA C/MF 29 (S. JUAN ARAGÓN),IMSS,Buena,Buena,"19.465117, -99.085162"
2020-11-09,HOSPITAL GENERAL DE ZONA 47 (CDMX SUR) (IZP),IMSS,Media,Media,"19.357566, -99.054269"
2020-11-09,UNIDAD MÓVIL TEMPORAL COVID,IMSS,Crítica,Crítica,"19.403082, -99.089177"
2020-11-09,CRIT IZTAPALAPA,IMSS,Buena,Buena,"19.328321, -99.068530"
2020-11-09,HOSPITAL GENERAL REGIONAL 72,IMSS,Media,Media,"19.356913, -98.990929"
2020-11-09,HOSPITAL GENERAL REGIONAL 196,IMSS,Buena,Buena,"19.515133, -98.891450"
2020-11-09,HOSPITAL GENERAL REGIONAL 200,IMSS,Buena,Buena,"19.470300, -99.234208"
2020-11-09,HOSPITAL GENERAL DE ZONA 53,IMSS,Buena,Buena,"19.597387, -99.188426"
2020-11-09,HOSPITAL GENERAL DE ZONA 197,IMSS,Buena,Buena,"19.530797, -99.222446"
2020-11-09,HOSPITAL GENERAL DE ZONA 194,IMSS,Media,Buena,"19.570070, -99.044009"
2020-11-09,HOSPITAL GENERAL DE ZONA 57 (LA QUEBRADA),IMSS,Buena,Buena,"19.542797, -99.205022"
2020-11-09,HOSPITAL GENERAL DE ZONA 58 (LAS MARGARITAS),IMSS,Media,Buena,"19.529016, -99.030983"
2020-11-09,HOSPITAL GENERAL DE ZONA 68 (TULPETLAC),IMSS,Buena,Buena,"19.742905, -98.972971"
2020-11-09,HOSPITAL GENERAL DE ZONA 71 (CHALCO),IMSS,Buena,Buena,"19.356913, -98.990929"
2020-11-09,HOSPITAL GENERAL DE ZONA 76 (XALOSTOC),IMSS,Media,Buena,"19.515133, -98.891450"
2020-11-09,HOSPITAL GENERAL DE ZONA 98 (COACALCO),IMSS,Buena,Buena,"19.470300, -99.234208"
2020-11-09,CRIT NEZAHUALCÓYOTL,IMSS,Buena,Buena,"19.425795, -99.029987"
2020-11-09,CENTRO MEDICO 20 DE NOVIEMBRE,ISSSTE,Buena,Buena,"19.372720, -99.171205"
2020-11-09,HG DARIO FERNANDEZ FIERRO,ISSSTE,Media,Crítica,"19.363602, -99.188608"
2020-11-09,HG JOSE MARIA MORELOS,ISSSTE,Buena,Buena,"19.363918, -98.995393"
2020-11-09,HG TACUBA,ISSSTE,Media,Media,"19.454384, -99.191231"
2020-11-09,HG DR FERNANDO QUIROZ,ISSSTE,Media,Buena,"19.394242, -99.194187"
2020-11-09,HG IGNACIO ZARAGOZA,ISSSTE,Media,Media,"19.389472, -99.045019"
2020-11-09,HR PRIMERO DE OCTUBRE,ISSSTE,Media,Media,"19.486751, -99.133249"
2020-11-09,HR LIC. ADOLFO LÓPEZ MATEOS,ISSSTE,Buena,Buena,"19.358451, -99.172716"
2020-11-09,HR BICENTENARIO DE LA INDEPENDENCIA,ISSSTE,Media,Media,"19.628814, -99.163343"
2020-11-09,ALTA ESPECIALIDAD DE ZUMPANGO,EDOMEX,Buena,Buena,"19.815198, -99.089196"
2020-11-09,HOSPITAL REGIONAL TLALNEPANTLA ISSEMYM,EDOMEX,Media,Buena,"19.521706, -99.187341"
2020-11-09,"HOSPITAL GENERAL ECATEPEC ""LAS AMÉRICAS""",EDOMEX,Buena,Buena,"19.594136, -99.018679"
2020-11-09,"HOSPITAL GENERAL DE NAUCALPAN ""DR. MAXIMILIANO RUIZ CASTAÑEDA"" ",EDOMEX,Buena,Buena,"19.468662, -99.234348"
2020-11-09,"HOSPITAL GENERAL ATIZAPAN DE ZARAGOZA ""DR. SALVADOR GONZALEZ HERREJÓN""",EDOMEX,Buena,Buena,"19.546322, -99.237491"
2020-11-09,"HOSPITAL GENERAL CUAUTITLAN ""GRAL. JOSE VICENTE VILLADA""",EDOMEX,Buena,Buena,"19.664586, -99.178557"
2020-11-09,"HOSPITAL GENERAL DE NEZAHUALCOYOTL ""GUSTAVO BAZ PRADA""",EDOMEX,Buena,Buena,"19.422253, -99.014892"
2020-11-09,"HOSPITAL GENERAL DE ECATEPEC ""JOSÉ MARÍA RODRÍGUEZ""",EDOMEX,Buena,Buena,"19.514412, -99.038087"
2020-11-09,"HOSPITAL GENERAL NEZAHUALCOYOTL ""LA PERLA"" ",EDOMEX,Buena,Buena,"19.387963, -98.989442"
2020-11-09,HOSPITAL GENERAL DE CHIMALHUACAN,EDOMEX,Buena,Buena,"19.419753, -98.975140"
2020-11-09,"HOSPITAL GENERAL DE IXTAPALUCA ""PEDRO LOPEZ""",EDOMEX,Buena,Buena,"19.318829, -98.855366"
2020-11-09,HOSPITAL GENERAL DE CHALCO ,EDOMEX,Buena,Buena,"19.268265, -98.893965"
2020-11-09,"HOSPITAL GENERAL TEXCOCO ""GUADALUPE VICTORIA"" BICENTENARIO ",EDOMEX,Buena,Buena,"19.514309, -98.871750"
2020-11-09,"HOSPITAL GENERAL VALLE DE CHALCO ""DR. FERNANDO QUIROZ GUTIERREZ"" ",EDOMEX,Buena,Buena,"19.273775, -98.941609"
2020-11-09,"HOSPITAL GENERAL AMECAMECA ""VALENTIN GOMEZ FARIAS"" ",EDOMEX,Buena,Buena,"19.144883, -98.785072"
2020-11-09,HOSPITAL GENERAL DE AXAPUSCO,EDOMEX,Buena,Buena,"19.732872, -98.769445"
2020-11-10,INSTITUTO NACIONAL DE NUTRICIÓN,SSA,Buena,Media,"19.289599, -99.155441"
2020-11-10,INER,SSA,Crítica,Media,"19.291375, -99.158653"
2020-11-10,HOSPITAL GENERAL DE MÉXICO,SSA,Buena,Media,"19.4129258, -99.1520225"
2020-11-10,HOSPITAL JUAREZ,SSA,Media,Buena,"19.481829, -99.135576"
2020-11-10,HOSPITAL GENERAL DR. MANUEL GEA GONZÁLEZ,SSA,Media,Media,"19.290295, -99.160861"
2020-11-10,HOSPITAL INFANTIL DE MÉXICO FEDERICO GÓMEZ,SSA,Buena,Buena,"19.410839, -99.151941"
2020-11-10,INSTITUTO  NACIONAL DE CARDIOLOGÍA IGNACIO CHÁVEZ,SSA,Buena,Buena,"19.290598, -99.153838"
2020-11-10,CITIBANAMEX,SSA,Buena,Crítica,"19.439732, -99.224235"
2020-11-10,HOSPITAL REGIONAL DE ALTA ESPECIALIDAD DE IXTAPALUCA,SSA,Buena,Media,"19.318796, -98.855353"
2020-11-10,BELISARIO DOMINGUEZ,SEDESA,Media,Buena,"19.307226, -99.065356"
2020-11-10,ENRIQUE CABRERA,SEDESA,Buena,Buena,"19.361675, -99.224432"
2020-11-10,GENERAL TLAHUAC,SEDESA,Buena,Buena,"19.287492, -99.052665"
2020-11-10,PEDIATRICO DE LA VILLA,SEDESA,Buena,Buena,"19.487355, -99.114316"
2020-11-10,HOSPITAL GENERAL AJUSCO MEDIO,SEDESA,Buena,Buena,"19.272165, -99.207846"
2020-11-10,HOSPITAL GENERAL IZTAPALAPA,SEDESA,Buena,Buena,"19.343426, -99.027236"
2020-11-10,HOSPITAL GENERAL XOCO,SEDESA,Buena,Buena,"19.360313, -99.162275"
2020-11-10,HOSPITAL GENERAL VILLA,SEDESA,Media,Buena,"19.480079, -99.103353"
2020-11-10,HOSPITAL GENERAL DR. RUBÉN LEÑERO,SEDESA,Media,Buena,"19.451398, -99.169565"
2020-11-10,HOSPITAL GENERAL MILPA ALTA,SEDESA,Media,Buena,"19.200951, -99.011210"
2020-11-10,HOSPITAL GENERAL BALBUENA,SEDESA,Buena,Buena,"19.424195, -99.115412"
2020-11-10,HOSPITAL TEPEPAN,SEDESA,Sin Dato,Sin Dato,"19.275806, -99.144298"
2020-11-10,HOSPITAL DE ESPECIALIDADES 01 CMN SIGLO XXI (CDMX SUR),IMSS,Buena,Buena,"19.466549, -99.145102"
2020-11-10,HOSPITAL DE PEDIATRIA 01 CMN SIGLO XXI (CDMX SUR),IMSS,Buena,Buena,"19.407458, -99.152267"
2020-11-10,HOSPITAL GENERAL DE ZONA 01 CARLOS MC GREGOR (CDMX SUR),IMSS,Media,Media,"19.395912, -99.161610"
2020-11-10,HOSPITAL GENERAL DE ZONA 1A PARQUE DE LOS VENADOS (CDMX SUR),IMSS,Media,Buena,"19.374431, -99.151203"
2020-11-10,HOSPITAL DE INFECTOLOGIA 01 LA RAZA (CDMX NORTE),IMSS,Media,Media,"19.464865, -99.144859"
2020-11-10,HOSPITAL GENERAL 01 (CDMX NORTE) LA RAZA,IMSS,Buena,Buena,"19.395740, -99.161677"
2020-11-10,HOSPITAL GENERAL DE ZONA 24 (CDMX NORTE),IMSS,Buena,Buena,"19.483221, -99.128448"
2020-11-10,HOSPITAL GENERAL DE ZONA 27 (CDMX NORTE),IMSS,Buena,Buena,"19.454776, -99.140007"
2020-11-10,HOSPITAL GENERAL DE ZONA 2A (CDMX SUR),IMSS,Media,Buena,"19.405495, -99.112200"
2020-11-10,HOSPITAL GENERAL DE ZONA 30 (CDMX SUR),IMSS,Media,Buena,"19.398836, -99.116913"
2020-11-10,HOSPITAL GENERAL DE ZONA 32 (CDMX SUR),IMSS,Buena,Buena,"19.307964, -99.130677"
2020-11-10,HOSPITAL GENERAL DE ZONA C/MF 08 (CDMX SUR),IMSS,Buena,Media,"19.337137, -99.200142"
2020-11-10,HOSPITAL GENERAL DE ZONA C/UMAA 48 (CDMX NORTE),IMSS,Media,Media,"19.482375, -99.213046"
2020-11-10,HOSPITAL GENERAL 02 (CDMX SUR) VILLA COAPA (COY.),IMSS,Media,Buena,"19.309194, -99.129593"
2020-11-10,HOSPITAL DE ESPECIALIDADES 01 (CDMX NORTE) LA RAZA (AZC),IMSS,Media,Buena,"19.467169, -99.143785"
2020-11-10,HOSPITAL GENERAL DE ZONA C/MF 29 (S. JUAN ARAGÓN),IMSS,Buena,Buena,"19.465117, -99.085162"
2020-11-10,HOSPITAL GENERAL DE ZONA 47 (CDMX SUR) (IZP),IMSS,Buena,Buena,"19.357566, -99.054269"
2020-11-10,UNIDAD MÓVIL TEMPORAL COVID,IMSS,Crítica,Crítica,"19.403082, -99.089177"
2020-11-10,CRIT IZTAPALAPA,IMSS,Buena,Buena,"19.328321, -99.068530"
2020-11-10,HOSPITAL GENERAL REGIONAL 72,IMSS,Media,Media,"19.356913, -98.990929"
2020-11-10,HOSPITAL GENERAL REGIONAL 196,IMSS,Buena,Buena,"19.515133, -98.891450"
2020-11-10,HOSPITAL GENERAL REGIONAL 200,IMSS,Buena,Buena,"19.470300, -99.234208"
2020-11-10,HOSPITAL GENERAL DE ZONA 53,IMSS,Media,Buena,"19.597387, -99.188426"
2020-11-10,HOSPITAL GENERAL DE ZONA 197,IMSS,Buena,Buena,"19.530797, -99.222446"
2020-11-10,HOSPITAL GENERAL DE ZONA 194,IMSS,Media,Buena,"19.570070, -99.044009"
2020-11-10,HOSPITAL GENERAL DE ZONA 57 (LA QUEBRADA),IMSS,Buena,Buena,"19.542797, -99.205022"
2020-11-10,HOSPITAL GENERAL DE ZONA 58 (LAS MARGARITAS),IMSS,Media,Buena,"19.529016, -99.030983"
2020-11-10,HOSPITAL GENERAL DE ZONA 68 (TULPETLAC),IMSS,Buena,Buena,"19.742905, -98.972971"
2020-11-10,HOSPITAL GENERAL DE ZONA 71 (CHALCO),IMSS,Buena,Buena,"19.356913, -98.990929"
2020-11-10,HOSPITAL GENERAL DE ZONA 76 (XALOSTOC),IMSS,Media,Buena,"19.515133, -98.891450"
2020-11-10,HOSPITAL GENERAL DE ZONA 98 (COACALCO),IMSS,Buena,Buena,"19.470300, -99.234208"
2020-11-10,CRIT NEZAHUALCÓYOTL,IMSS,Buena,Buena,"19.425795, -99.029987"
2020-11-10,CENTRO MEDICO 20 DE NOVIEMBRE,ISSSTE,Buena,Buena,"19.372720, -99.171205"
2020-11-10,HG DARIO FERNANDEZ FIERRO,ISSSTE,Media,Media,"19.363602, -99.188608"
2020-11-10,HG JOSE MARIA MORELOS,ISSSTE,Media,Buena,"19.363918, -98.995393"
2020-11-10,HG TACUBA,ISSSTE,Media,Media,"19.454384, -99.191231"
2020-11-10,HG DR FERNANDO QUIROZ,ISSSTE,Buena,Buena,"19.394242, -99.194187"
2020-11-10,HG IGNACIO ZARAGOZA,ISSSTE,Media,Media,"19.389472, -99.045019"
2020-11-10,HR PRIMERO DE OCTUBRE,ISSSTE,Media,Media,"19.486751, -99.133249"
2020-11-10,HR LIC. ADOLFO LÓPEZ MATEOS,ISSSTE,Media,Buena,"19.358451, -99.172716"
2020-11-10,HR BICENTENARIO DE LA INDEPENDENCIA,ISSSTE,Media,Media,"19.628814, -99.163343"
2020-11-10,ALTA ESPECIALIDAD DE ZUMPANGO,EDOMEX,Buena,Buena,"19.815198, -99.089196"
2020-11-10,HOSPITAL REGIONAL TLALNEPANTLA ISSEMYM,EDOMEX,Media,Buena,"19.521706, -99.187341"
2020-11-10,"HOSPITAL GENERAL ECATEPEC ""LAS AMÉRICAS""",EDOMEX,Buena,Buena,"19.594136, -99.018679"
2020-11-10,"HOSPITAL GENERAL DE NAUCALPAN ""DR. MAXIMILIANO RUIZ CASTAÑEDA"" ",EDOMEX,Buena,Buena,"19.468662, -99.234348"
2020-11-10,"HOSPITAL GENERAL ATIZAPAN DE ZARAGOZA ""DR. SALVADOR GONZALEZ HERREJÓN""",EDOMEX,Buena,Buena,"19.546322, -99.237491"
2020-11-10,"HOSPITAL GENERAL CUAUTITLAN ""GRAL. JOSE VICENTE VILLADA""",EDOMEX,Buena,Buena,"19.664586, -99.178557"
2020-11-10,"HOSPITAL GENERAL DE NEZAHUALCOYOTL ""GUSTAVO BAZ PRADA""",EDOMEX,Buena,Buena,"19.422253, -99.014892"
2020-11-10,"HOSPITAL GENERAL DE ECATEPEC ""JOSÉ MARÍA RODRÍGUEZ""",EDOMEX,Buena,Buena,"19.514412, -99.038087"
2020-11-10,"HOSPITAL GENERAL NEZAHUALCOYOTL ""LA PERLA"" ",EDOMEX,Buena,Buena,"19.387963, -98.989442"
2020-11-10,HOSPITAL GENERAL DE CHIMALHUACAN,EDOMEX,Buena,Buena,"19.419753, -98.975140"
2020-11-10,"HOSPITAL GENERAL DE IXTAPALUCA ""PEDRO LOPEZ""",EDOMEX,Buena,Buena,"19.318829, -98.855366"
2020-11-10,HOSPITAL GENERAL DE CHALCO ,EDOMEX,Buena,Buena,"19.268265, -98.893965"
2020-11-10,"HOSPITAL GENERAL TEXCOCO ""GUADALUPE VICTORIA"" BICENTENARIO ",EDOMEX,Buena,Buena,"19.514309, -98.871750"
2020-11-10,"HOSPITAL GENERAL VALLE DE CHALCO ""DR. FERNANDO QUIROZ GUTIERREZ"" ",EDOMEX,Buena,Buena,"19.273775, -98.941609"
2020-11-10,"HOSPITAL GENERAL AMECAMECA ""VALENTIN GOMEZ FARIAS"" ",EDOMEX,Buena,Buena,"19.144883, -98.785072"
2020-11-10,HOSPITAL GENERAL DE AXAPUSCO,EDOMEX,Buena,Buena,"19.732872, -98.769445"
2020-11-11,INSTITUTO NACIONAL DE NUTRICIÓN,SSA,Media,Media,"19.289599, -99.155441"
2020-11-11,INER,SSA,Crítica,Media,"19.291375, -99.158653"
2020-11-11,HOSPITAL GENERAL DE MÉXICO,SSA,Buena,Buena,"19.4129258, -99.1520225"
2020-11-11,HOSPITAL JUAREZ,SSA,Media,Buena,"19.481829, -99.135576"
2020-11-11,HOSPITAL GENERAL DR. MANUEL GEA GONZÁLEZ,SSA,Media,Buena,"19.290295, -99.160861"
2020-11-11,HOSPITAL INFANTIL DE MÉXICO FEDERICO GÓMEZ,SSA,Buena,Buena,"19.410839, -99.151941"
2020-11-11,INSTITUTO  NACIONAL DE CARDIOLOGÍA IGNACIO CHÁVEZ,SSA,Buena,Buena,"19.290598, -99.153838"
2020-11-11,CITIBANAMEX,SSA,Buena,Crítica,"19.439732, -99.224235"
2020-11-11,HOSPITAL REGIONAL DE ALTA ESPECIALIDAD DE IXTAPALUCA,SSA,Buena,Media,"19.318796, -98.855353"
2020-11-11,BELISARIO DOMINGUEZ,SEDESA,Media,Buena,"19.307226, -99.065356"
2020-11-11,ENRIQUE CABRERA,SEDESA,Buena,Buena,"19.361675, -99.224432"
2020-11-11,GENERAL TLAHUAC,SEDESA,Buena,Buena,"19.287492, -99.052665"
2020-11-11,PEDIATRICO DE LA VILLA,SEDESA,Buena,Buena,"19.487355, -99.114316"
2020-11-11,HOSPITAL GENERAL AJUSCO MEDIO,SEDESA,Buena,Buena,"19.272165, -99.207846"
2020-11-11,HOSPITAL GENERAL IZTAPALAPA,SEDESA,Buena,Buena,"19.343426, -99.027236"
2020-11-11,HOSPITAL GENERAL XOCO,SEDESA,Buena,Buena,"19.360313, -99.162275"
2020-11-11,HOSPITAL GENERAL VILLA,SEDESA,Media,Buena,"19.480079, -99.103353"
2020-11-11,HOSPITAL GENERAL DR. RUBÉN LEÑERO,SEDESA,Media,Buena,"19.451398, -99.169565"
2020-11-11,HOSPITAL GENERAL MILPA ALTA,SEDESA,Media,Buena,"19.200951, -99.011210"
2020-11-11,HOSPITAL GENERAL BALBUENA,SEDESA,Buena,Buena,"19.424195, -99.115412"
2020-11-11,HOSPITAL TEPEPAN,SEDESA,Sin Dato,Sin Dato,"19.275806, -99.144298"
2020-11-11,HOSPITAL DE ESPECIALIDADES 01 CMN SIGLO XXI (CDMX SUR),IMSS,Buena,Buena,"19.466549, -99.145102"
2020-11-11,HOSPITAL DE PEDIATRIA 01 CMN SIGLO XXI (CDMX SUR),IMSS,Buena,Buena,"19.407458, -99.152267"
2020-11-11,HOSPITAL GENERAL DE ZONA 01 CARLOS MC GREGOR (CDMX SUR),IMSS,Media,Media,"19.395912, -99.161610"
2020-11-11,HOSPITAL GENERAL DE ZONA 1A PARQUE DE LOS VENADOS (CDMX SUR),IMSS,Media,Buena,"19.374431, -99.151203"
2020-11-11,HOSPITAL DE INFECTOLOGIA 01 LA RAZA (CDMX NORTE),IMSS,Media,Buena,"19.464865, -99.144859"
2020-11-11,HOSPITAL GENERAL 01 (CDMX NORTE) LA RAZA,IMSS,Media,Buena,"19.395740, -99.161677"
2020-11-11,HOSPITAL GENERAL DE ZONA 24 (CDMX NORTE),IMSS,Media,Buena,"19.483221, -99.128448"
2020-11-11,HOSPITAL GENERAL DE ZONA 27 (CDMX NORTE),IMSS,Buena,Buena,"19.454776, -99.140007"
2020-11-11,HOSPITAL GENERAL DE ZONA 2A (CDMX SUR),IMSS,Media,Buena,"19.405495, -99.112200"
2020-11-11,HOSPITAL GENERAL DE ZONA 30 (CDMX SUR),IMSS,Media,Buena,"19.398836, -99.116913"
2020-11-11,HOSPITAL GENERAL DE ZONA 32 (CDMX SUR),IMSS,Media,Buena,"19.307964, -99.130677"
2020-11-11,HOSPITAL GENERAL DE ZONA C/MF 08 (CDMX SUR),IMSS,Buena,Media,"19.337137, -99.200142"
2020-11-11,HOSPITAL GENERAL DE ZONA C/UMAA 48 (CDMX NORTE),IMSS,Media,Media,"19.482375, -99.213046"
2020-11-11,HOSPITAL GENERAL 02 (CDMX SUR) VILLA COAPA (COY.),IMSS,Buena,Buena,"19.309194, -99.129593"
2020-11-11,HOSPITAL DE ESPECIALIDADES 01 (CDMX NORTE) LA RAZA (AZC),IMSS,Media,Buena,"19.467169, -99.143785"
2020-11-11,HOSPITAL GENERAL DE ZONA C/MF 29 (S. JUAN ARAGÓN),IMSS,Media,Buena,"19.465117, -99.085162"
2020-11-11,HOSPITAL GENERAL DE ZONA 47 (CDMX SUR) (IZP),IMSS,Buena,Buena,"19.357566, -99.054269"
2020-11-11,UNIDAD MÓVIL TEMPORAL COVID,IMSS,Crítica,Crítica,"19.403082, -99.089177"
2020-11-11,CRIT IZTAPALAPA,IMSS,Buena,Buena,"19.328321, -99.068530"
2020-11-11,HOSPITAL GENERAL REGIONAL 72,IMSS,Media,Media,"19.356913, -98.990929"
2020-11-11,HOSPITAL GENERAL REGIONAL 196,IMSS,Buena,Buena,"19.515133, -98.891450"
2020-11-11,HOSPITAL GENERAL REGIONAL 200,IMSS,Media,Buena,"19.470300, -99.234208"
2020-11-11,HOSPITAL GENERAL DE ZONA 53,IMSS,Buena,Buena,"19.597387, -99.188426"
2020-11-11,HOSPITAL GENERAL DE ZONA 197,IMSS,Buena,Buena,"19.530797, -99.222446"
2020-11-11,HOSPITAL GENERAL DE ZONA 194,IMSS,Media,Buena,"19.570070, -99.044009"
2020-11-11,HOSPITAL GENERAL DE ZONA 57 (LA QUEBRADA),IMSS,Buena,Buena,"19.542797, -99.205022"
2020-11-11,HOSPITAL GENERAL DE ZONA 58 (LAS MARGARITAS),IMSS,Media,Buena,"19.529016, -99.030983"
2020-11-11,HOSPITAL GENERAL DE ZONA 68 (TULPETLAC),IMSS,Buena,Buena,"19.742905, -98.972971"
2020-11-11,HOSPITAL GENERAL DE ZONA 71 (CHALCO),IMSS,Buena,Buena,"19.356913, -98.990929"
2020-11-11,HOSPITAL GENERAL DE ZONA 76 (XALOSTOC),IMSS,Media,Media,"19.515133, -98.891450"
2020-11-11,HOSPITAL GENERAL DE ZONA 98 (COACALCO),IMSS,Buena,Buena,"19.470300, -99.234208"
2020-11-11,CRIT NEZAHUALCÓYOTL,IMSS,Buena,Buena,"19.425795, -99.029987"
2020-11-11,CENTRO MEDICO 20 DE NOVIEMBRE,ISSSTE,Buena,Buena,"19.372720, -99.171205"
2020-11-11,HG DARIO FERNANDEZ FIERRO,ISSSTE,Buena,Media,"19.363602, -99.188608"
2020-11-11,HG JOSE MARIA MORELOS,ISSSTE,Media,Buena,"19.363918, -98.995393"
2020-11-11,HG TACUBA,ISSSTE,Crítica,Buena,"19.454384, -99.191231"
2020-11-11,HG DR FERNANDO QUIROZ,ISSSTE,Media,Buena,"19.394242, -99.194187"
2020-11-11,HG IGNACIO ZARAGOZA,ISSSTE,Media,Media,"19.389472, -99.045019"
2020-11-11,HR PRIMERO DE OCTUBRE,ISSSTE,Media,Media,"19.486751, -99.133249"
2020-11-11,HR LIC. ADOLFO LÓPEZ MATEOS,ISSSTE,Media,Buena,"19.358451, -99.172716"
2020-11-11,HR BICENTENARIO DE LA INDEPENDENCIA,ISSSTE,Media,Media,"19.628814, -99.163343"
2020-11-11,ALTA ESPECIALIDAD DE ZUMPANGO,EDOMEX,Buena,Buena,"19.815198, -99.089196"
2020-11-11,HOSPITAL REGIONAL TLALNEPANTLA ISSEMYM,EDOMEX,Buena,Buena,"19.521706, -99.187341"
2020-11-11,"HOSPITAL GENERAL ECATEPEC ""LAS AMÉRICAS""",EDOMEX,Buena,Buena,"19.594136, -99.018679"
2020-11-11,"HOSPITAL GENERAL DE NAUCALPAN ""DR. MAXIMILIANO RUIZ CASTAÑEDA"" ",EDOMEX,Buena,Buena,"19.468662, -99.234348"
2020-11-11,"HOSPITAL GENERAL ATIZAPAN DE ZARAGOZA ""DR. SALVADOR GONZALEZ HERREJÓN""",EDOMEX,Buena,Buena,"19.546322, -99.237491"
2020-11-11,"HOSPITAL GENERAL CUAUTITLAN ""GRAL. JOSE VICENTE VILLADA""",EDOMEX,Buena,Buena,"19.664586, -99.178557"
2020-11-11,"HOSPITAL GENERAL DE NEZAHUALCOYOTL ""GUSTAVO BAZ PRADA""",EDOMEX,Buena,Buena,"19.422253, -99.014892"
2020-11-11,"HOSPITAL GENERAL DE ECATEPEC ""JOSÉ MARÍA RODRÍGUEZ""",EDOMEX,Buena,Buena,"19.514412, -99.038087"
2020-11-11,"HOSPITAL GENERAL NEZAHUALCOYOTL ""LA PERLA"" ",EDOMEX,Buena,Buena,"19.387963, -98.989442"
2020-11-11,HOSPITAL GENERAL DE CHIMALHUACAN,EDOMEX,Buena,Buena,"19.419753, -98.975140"
2020-11-11,"HOSPITAL GENERAL DE IXTAPALUCA ""PEDRO LOPEZ""",EDOMEX,Buena,Buena,"19.318829, -98.855366"
2020-11-11,HOSPITAL GENERAL DE CHALCO ,EDOMEX,Buena,Buena,"19.268265, -98.893965"
2020-11-11,"HOSPITAL GENERAL TEXCOCO ""GUADALUPE VICTORIA"" BICENTENARIO ",EDOMEX,Buena,Buena,"19.514309, -98.871750"
2020-11-11,"HOSPITAL GENERAL VALLE DE CHALCO ""DR. FERNANDO QUIROZ GUTIERREZ"" ",EDOMEX,Buena,Buena,"19.273775, -98.941609"
2020-11-11,"HOSPITAL GENERAL AMECAMECA ""VALENTIN GOMEZ FARIAS"" ",EDOMEX,Buena,Buena,"19.144883, -98.785072"
2020-11-11,HOSPITAL GENERAL DE AXAPUSCO,EDOMEX,Media,Buena,"19.732872, -98.769445"
2020-11-12,INSTITUTO NACIONAL DE NUTRICIÓN,SSA,Media,Media,"19.289599, -99.155441"
2020-11-12,INER,SSA,Crítica,Media,"19.291375, -99.158653"
2020-11-12,HOSPITAL GENERAL DE MÉXICO,SSA,Buena,Media,"19.4129258, -99.1520225"
2020-11-12,HOSPITAL JUAREZ,SSA,Media,Buena,"19.481829, -99.135576"
2020-11-12,HOSPITAL GENERAL DR. MANUEL GEA GONZÁLEZ,SSA,Media,Media,"19.290295, -99.160861"
2020-11-12,HOSPITAL INFANTIL DE MÉXICO FEDERICO GÓMEZ,SSA,Buena,Buena,"19.410839, -99.151941"
2020-11-12,INSTITUTO  NACIONAL DE CARDIOLOGÍA IGNACIO CHÁVEZ,SSA,Buena,Buena,"19.290598, -99.153838"
2020-11-12,CITIBANAMEX,SSA,Buena,Crítica,"19.439732, -99.224235"
2020-11-12,HOSPITAL REGIONAL DE ALTA ESPECIALIDAD DE IXTAPALUCA,SSA,Buena,Media,"19.318796, -98.855353"
2020-11-12,BELISARIO DOMINGUEZ,SEDESA,Media,Buena,"19.307226, -99.065356"
2020-11-12,ENRIQUE CABRERA,SEDESA,Buena,Buena,"19.361675, -99.224432"
2020-11-12,GENERAL TLAHUAC,SEDESA,Buena,Buena,"19.287492, -99.052665"
2020-11-12,PEDIATRICO DE LA VILLA,SEDESA,Buena,Buena,"19.487355, -99.114316"
2020-11-12,HOSPITAL GENERAL AJUSCO MEDIO,SEDESA,Buena,Buena,"19.272165, -99.207846"
2020-11-12,HOSPITAL GENERAL IZTAPALAPA,SEDESA,Buena,Buena,"19.343426, -99.027236"
2020-11-12,HOSPITAL GENERAL XOCO,SEDESA,Buena,Buena,"19.360313, -99.162275"
2020-11-12,HOSPITAL GENERAL VILLA,SEDESA,Buena,Buena,"19.480079, -99.103353"
2020-11-12,HOSPITAL GENERAL DR. RUBÉN LEÑERO,SEDESA,Media,Buena,"19.451398, -99.169565"
2020-11-12,HOSPITAL GENERAL MILPA ALTA,SEDESA,Media,Buena,"19.200951, -99.011210"
2020-11-12,HOSPITAL GENERAL BALBUENA,SEDESA,Buena,Buena,"19.424195, -99.115412"
2020-11-12,HOSPITAL TEPEPAN,SEDESA,Sin Dato,Sin Dato,"19.275806, -99.144298"
2020-11-12,HOSPITAL DE ESPECIALIDADES 01 CMN SIGLO XXI (CDMX SUR),IMSS,Buena,Buena,"19.466549, -99.145102"
2020-11-12,HOSPITAL DE PEDIATRIA 01 CMN SIGLO XXI (CDMX SUR),IMSS,Buena,Buena,"19.407458, -99.152267"
2020-11-12,HOSPITAL GENERAL DE ZONA 01 CARLOS MC GREGOR (CDMX SUR),IMSS,Media,Media,"19.395912, -99.161610"
2020-11-12,HOSPITAL GENERAL DE ZONA 1A PARQUE DE LOS VENADOS (CDMX SUR),IMSS,Media,Buena,"19.374431, -99.151203"
2020-11-12,HOSPITAL DE INFECTOLOGIA 01 LA RAZA (CDMX NORTE),IMSS,Media,Buena,"19.464865, -99.144859"
2020-11-12,HOSPITAL GENERAL 01 (CDMX NORTE) LA RAZA,IMSS,Buena,Buena,"19.395740, -99.161677"
2020-11-12,HOSPITAL GENERAL DE ZONA 24 (CDMX NORTE),IMSS,Media,Buena,"19.483221, -99.128448"
2020-11-12,HOSPITAL GENERAL DE ZONA 27 (CDMX NORTE),IMSS,Buena,Buena,"19.454776, -99.140007"
2020-11-12,HOSPITAL GENERAL DE ZONA 2A (CDMX SUR),IMSS,Media,Buena,"19.405495, -99.112200"
2020-11-12,HOSPITAL GENERAL DE ZONA 30 (CDMX SUR),IMSS,Media,Buena,"19.398836, -99.116913"
2020-11-12,HOSPITAL GENERAL DE ZONA 32 (CDMX SUR),IMSS,Media,Buena,"19.307964, -99.130677"
2020-11-12,HOSPITAL GENERAL DE ZONA C/MF 08 (CDMX SUR),IMSS,Media,Media,"19.337137, -99.200142"
2020-11-12,HOSPITAL GENERAL DE ZONA C/UMAA 48 (CDMX NORTE),IMSS,Media,Media,"19.482375, -99.213046"
2020-11-12,HOSPITAL GENERAL 02 (CDMX SUR) VILLA COAPA (COY.),IMSS,Media,Buena,"19.309194, -99.129593"
2020-11-12,HOSPITAL DE ESPECIALIDADES 01 (CDMX NORTE) LA RAZA (AZC),IMSS,Buena,Buena,"19.467169, -99.143785"
2020-11-12,HOSPITAL GENERAL DE ZONA C/MF 29 (S. JUAN ARAGÓN),IMSS,Media,Buena,"19.465117, -99.085162"
2020-11-12,HOSPITAL GENERAL DE ZONA 47 (CDMX SUR) (IZP),IMSS,Buena,Media,"19.357566, -99.054269"
2020-11-12,UNIDAD MÓVIL TEMPORAL COVID,IMSS,Crítica,Crítica,"19.403082, -99.089177"
2020-11-12,CRIT IZTAPALAPA,IMSS,Buena,Buena,"19.328321, -99.068530"
2020-11-12,HOSPITAL GENERAL REGIONAL 72,IMSS,Media,Media,"19.356913, -98.990929"
2020-11-12,HOSPITAL GENERAL REGIONAL 196,IMSS,Buena,Buena,"19.515133, -98.891450"
2020-11-12,HOSPITAL GENERAL REGIONAL 200,IMSS,Media,Buena,"19.470300, -99.234208"
2020-11-12,HOSPITAL GENERAL DE ZONA 53,IMSS,Buena,Buena,"19.597387, -99.188426"
2020-11-12,HOSPITAL GENERAL DE ZONA 197,IMSS,Buena,Buena,"19.530797, -99.222446"
2020-11-12,HOSPITAL GENERAL DE ZONA 194,IMSS,Media,Buena,"19.570070, -99.044009"
2020-11-12,HOSPITAL GENERAL DE ZONA 57 (LA QUEBRADA),IMSS,Buena,Buena,"19.542797, -99.205022"
2020-11-12,HOSPITAL GENERAL DE ZONA 58 (LAS MARGARITAS),IMSS,Media,Buena,"19.529016, -99.030983"
2020-11-12,HOSPITAL GENERAL DE ZONA 68 (TULPETLAC),IMSS,Buena,Buena,"19.742905, -98.972971"
2020-11-12,HOSPITAL GENERAL DE ZONA 71 (CHALCO),IMSS,Buena,Buena,"19.356913, -98.990929"
2020-11-12,HOSPITAL GENERAL DE ZONA 76 (XALOSTOC),IMSS,Media,Media,"19.515133, -98.891450"
2020-11-12,HOSPITAL GENERAL DE ZONA 98 (COACALCO),IMSS,Buena,Buena,"19.470300, -99.234208"
2020-11-12,CRIT NEZAHUALCÓYOTL,IMSS,Buena,Buena,"19.425795, -99.029987"
2020-11-12,CENTRO MEDICO 20 DE NOVIEMBRE,ISSSTE,Buena,Buena,"19.372720, -99.171205"
2020-11-12,HG DARIO FERNANDEZ FIERRO,ISSSTE,Media,Crítica,"19.363602, -99.188608"
2020-11-12,HG JOSE MARIA MORELOS,ISSSTE,Media,Buena,"19.363918, -98.995393"
2020-11-12,HG TACUBA,ISSSTE,Crítica,Buena,"19.454384, -99.191231"
2020-11-12,HG DR FERNANDO QUIROZ,ISSSTE,Media,Buena,"19.394242, -99.194187"
2020-11-12,HG IGNACIO ZARAGOZA,ISSSTE,Media,Media,"19.389472, -99.045019"
2020-11-12,HR PRIMERO DE OCTUBRE,ISSSTE,Crítica,Buena,"19.486751, -99.133249"
2020-11-12,HR LIC. ADOLFO LÓPEZ MATEOS,ISSSTE,Media,Buena,"19.358451, -99.172716"
2020-11-12,HR BICENTENARIO DE LA INDEPENDENCIA,ISSSTE,Media,Buena,"19.628814, -99.163343"
2020-11-12,ALTA ESPECIALIDAD DE ZUMPANGO,EDOMEX,Buena,Buena,"19.815198, -99.089196"
2020-11-12,HOSPITAL REGIONAL TLALNEPANTLA ISSEMYM,EDOMEX,Media,Buena,"19.521706, -99.187341"
2020-11-12,"HOSPITAL GENERAL ECATEPEC ""LAS AMÉRICAS""",EDOMEX,Buena,Buena,"19.594136, -99.018679"
2020-11-12,"HOSPITAL GENERAL DE NAUCALPAN ""DR. MAXIMILIANO RUIZ CASTAÑEDA"" ",EDOMEX,Buena,Buena,"19.468662, -99.234348"
2020-11-12,"HOSPITAL GENERAL ATIZAPAN DE ZARAGOZA ""DR. SALVADOR GONZALEZ HERREJÓN""",EDOMEX,Buena,Buena,"19.546322, -99.237491"
2020-11-12,"HOSPITAL GENERAL CUAUTITLAN ""GRAL. JOSE VICENTE VILLADA""",EDOMEX,Buena,Buena,"19.664586, -99.178557"
2020-11-12,"HOSPITAL GENERAL DE NEZAHUALCOYOTL ""GUSTAVO BAZ PRADA""",EDOMEX,Buena,Media,"19.422253, -99.014892"
2020-11-12,"HOSPITAL GENERAL DE ECATEPEC ""JOSÉ MARÍA RODRÍGUEZ""",EDOMEX,Buena,Buena,"19.514412, -99.038087"
2020-11-12,"HOSPITAL GENERAL NEZAHUALCOYOTL ""LA PERLA"" ",EDOMEX,Buena,Buena,"19.387963, -98.989442"
2020-11-12,HOSPITAL GENERAL DE CHIMALHUACAN,EDOMEX,Buena,Buena,"19.419753, -98.975140"
2020-11-12,"HOSPITAL GENERAL DE IXTAPALUCA ""PEDRO LOPEZ""",EDOMEX,Buena,Buena,"19.318829, -98.855366"
2020-11-12,HOSPITAL GENERAL DE CHALCO ,EDOMEX,Buena,Buena,"19.268265, -98.893965"
2020-11-12,"HOSPITAL GENERAL TEXCOCO ""GUADALUPE VICTORIA"" BICENTENARIO ",EDOMEX,Buena,Buena,"19.514309, -98.871750"
2020-11-12,"HOSPITAL GENERAL VALLE DE CHALCO ""DR. FERNANDO QUIROZ GUTIERREZ"" ",EDOMEX,Buena,Buena,"19.273775, -98.941609"
2020-11-12,"HOSPITAL GENERAL AMECAMECA ""VALENTIN GOMEZ FARIAS"" ",EDOMEX,Buena,Buena,"19.144883, -98.785072"
2020-11-12,HOSPITAL GENERAL DE AXAPUSCO,EDOMEX,Media,Buena,"19.732872, -98.769445"
2020-11-13,INSTITUTO NACIONAL DE NUTRICIÓN,SSA,Media,Media,"19.289599, -99.155441"
2020-11-13,INER,SSA,Crítica,Media,"19.291375, -99.158653"
2020-11-13,HOSPITAL GENERAL DE MÉXICO,SSA,Buena,Buena,"19.4129258, -99.1520225"
2020-11-13,HOSPITAL JUAREZ,SSA,Media,Buena,"19.481829, -99.135576"
2020-11-13,HOSPITAL GENERAL DR. MANUEL GEA GONZÁLEZ,SSA,Media,Media,"19.290295, -99.160861"
2020-11-13,HOSPITAL INFANTIL DE MÉXICO FEDERICO GÓMEZ,SSA,Buena,Buena,"19.410839, -99.151941"
2020-11-13,INSTITUTO  NACIONAL DE CARDIOLOGÍA IGNACIO CHÁVEZ,SSA,Buena,Buena,"19.290598, -99.153838"
2020-11-13,CITIBANAMEX,SSA,Buena,Crítica,"19.439732, -99.224235"
2020-11-13,HOSPITAL REGIONAL DE ALTA ESPECIALIDAD DE IXTAPALUCA,SSA,Buena,Media,"19.318796, -98.855353"
2020-11-13,BELISARIO DOMINGUEZ,SEDESA,Media,Buena,"19.307226, -99.065356"
2020-11-13,ENRIQUE CABRERA,SEDESA,Buena,Buena,"19.361675, -99.224432"
2020-11-13,GENERAL TLAHUAC,SEDESA,Buena,Buena,"19.287492, -99.052665"
2020-11-13,PEDIATRICO DE LA VILLA,SEDESA,Buena,Buena,"19.487355, -99.114316"
2020-11-13,HOSPITAL GENERAL AJUSCO MEDIO,SEDESA,Media,Buena,"19.272165, -99.207846"
2020-11-13,HOSPITAL GENERAL IZTAPALAPA,SEDESA,Buena,Buena,"19.343426, -99.027236"
2020-11-13,HOSPITAL GENERAL XOCO,SEDESA,Buena,Buena,"19.360313, -99.162275"
2020-11-13,HOSPITAL GENERAL VILLA,SEDESA,Media,Buena,"19.480079, -99.103353"
2020-11-13,HOSPITAL GENERAL DR. RUBÉN LEÑERO,SEDESA,Media,Buena,"19.451398, -99.169565"
2020-11-13,HOSPITAL GENERAL MILPA ALTA,SEDESA,Media,Media,"19.200951, -99.011210"
2020-11-13,HOSPITAL GENERAL BALBUENA,SEDESA,Buena,Buena,"19.424195, -99.115412"
2020-11-13,HOSPITAL TEPEPAN,SEDESA,Sin Dato,Sin Dato,"19.275806, -99.144298"
2020-11-13,HOSPITAL DE ESPECIALIDADES 01 CMN SIGLO XXI (CDMX SUR),IMSS,Buena,Buena,"19.466549, -99.145102"
2020-11-13,HOSPITAL DE PEDIATRIA 01 CMN SIGLO XXI (CDMX SUR),IMSS,Buena,Buena,"19.407458, -99.152267"
2020-11-13,HOSPITAL GENERAL DE ZONA 01 CARLOS MC GREGOR (CDMX SUR),IMSS,Media,Media,"19.395912, -99.161610"
2020-11-13,HOSPITAL GENERAL DE ZONA 1A PARQUE DE LOS VENADOS (CDMX SUR),IMSS,Media,Media,"19.374431, -99.151203"
2020-11-13,HOSPITAL DE INFECTOLOGIA 01 LA RAZA (CDMX NORTE),IMSS,Media,Buena,"19.464865, -99.144859"
2020-11-13,HOSPITAL GENERAL 01 (CDMX NORTE) LA RAZA,IMSS,Buena,Buena,"19.395740, -99.161677"
2020-11-13,HOSPITAL GENERAL DE ZONA 24 (CDMX NORTE),IMSS,Media,Buena,"19.483221, -99.128448"
2020-11-13,HOSPITAL GENERAL DE ZONA 27 (CDMX NORTE),IMSS,Buena,Buena,"19.454776, -99.140007"
2020-11-13,HOSPITAL GENERAL DE ZONA 2A (CDMX SUR),IMSS,Media,Buena,"19.405495, -99.112200"
2020-11-13,HOSPITAL GENERAL DE ZONA 30 (CDMX SUR),IMSS,Media,Media,"19.398836, -99.116913"
2020-11-13,HOSPITAL GENERAL DE ZONA 32 (CDMX SUR),IMSS,Media,Buena,"19.307964, -99.130677"
2020-11-13,HOSPITAL GENERAL DE ZONA C/MF 08 (CDMX SUR),IMSS,Media,Buena,"19.337137, -99.200142"
2020-11-13,HOSPITAL GENERAL DE ZONA C/UMAA 48 (CDMX NORTE),IMSS,Media,Media,"19.482375, -99.213046"
2020-11-13,HOSPITAL GENERAL 02 (CDMX SUR) VILLA COAPA (COY.),IMSS,Media,Buena,"19.309194, -99.129593"
2020-11-13,HOSPITAL DE ESPECIALIDADES 01 (CDMX NORTE) LA RAZA (AZC),IMSS,Buena,Buena,"19.467169, -99.143785"
2020-11-13,HOSPITAL GENERAL DE ZONA C/MF 29 (S. JUAN ARAGÓN),IMSS,Media,Buena,"19.465117, -99.085162"
2020-11-13,HOSPITAL GENERAL DE ZONA 47 (CDMX SUR) (IZP),IMSS,Buena,Media,"19.357566, -99.054269"
2020-11-13,UNIDAD MÓVIL TEMPORAL COVID,IMSS,Crítica,Crítica,"19.403082, -99.089177"
2020-11-13,CRIT IZTAPALAPA,IMSS,Buena,Buena,"19.328321, -99.068530"
2020-11-13,HOSPITAL GENERAL REGIONAL 72,IMSS,Media,Media,"19.356913, -98.990929"
2020-11-13,HOSPITAL GENERAL REGIONAL 196,IMSS,Buena,Buena,"19.515133, -98.891450"
2020-11-13,HOSPITAL GENERAL REGIONAL 200,IMSS,Media,Buena,"19.470300, -99.234208"
2020-11-13,HOSPITAL GENERAL DE ZONA 53,IMSS,Buena,Buena,"19.597387, -99.188426"
2020-11-13,HOSPITAL GENERAL DE ZONA 197,IMSS,Buena,Buena,"19.530797, -99.222446"
2020-11-13,HOSPITAL GENERAL DE ZONA 194,IMSS,Media,Buena,"19.570070, -99.044009"
2020-11-13,HOSPITAL GENERAL DE ZONA 57 (LA QUEBRADA),IMSS,Buena,Buena,"19.542797, -99.205022"
2020-11-13,HOSPITAL GENERAL DE ZONA 58 (LAS MARGARITAS),IMSS,Media,Buena,"19.529016, -99.030983"
2020-11-13,HOSPITAL GENERAL DE ZONA 68 (TULPETLAC),IMSS,Buena,Buena,"19.742905, -98.972971"
2020-11-13,HOSPITAL GENERAL DE ZONA 71 (CHALCO),IMSS,Buena,Buena,"19.356913, -98.990929"
2020-11-13,HOSPITAL GENERAL DE ZONA 76 (XALOSTOC),IMSS,Media,Media,"19.515133, -98.891450"
2020-11-13,HOSPITAL GENERAL DE ZONA 98 (COACALCO),IMSS,Buena,Buena,"19.470300, -99.234208"
2020-11-13,CRIT NEZAHUALCÓYOTL,IMSS,Buena,Buena,"19.425795, -99.029987"
2020-11-13,CENTRO MEDICO 20 DE NOVIEMBRE,ISSSTE,Buena,Buena,"19.372720, -99.171205"
2020-11-13,HG DARIO FERNANDEZ FIERRO,ISSSTE,Media,Crítica,"19.363602, -99.188608"
2020-11-13,HG JOSE MARIA MORELOS,ISSSTE,Media,Buena,"19.363918, -98.995393"
2020-11-13,HG TACUBA,ISSSTE,Crítica,Buena,"19.454384, -99.191231"
2020-11-13,HG DR FERNANDO QUIROZ,ISSSTE,Media,Buena,"19.394242, -99.194187"
2020-11-13,HG IGNACIO ZARAGOZA,ISSSTE,Media,Media,"19.389472, -99.045019"
2020-11-13,HR PRIMERO DE OCTUBRE,ISSSTE,Media,Buena,"19.486751, -99.133249"
2020-11-13,HR LIC. ADOLFO LÓPEZ MATEOS,ISSSTE,Buena,Buena,"19.358451, -99.172716"
2020-11-13,HR BICENTENARIO DE LA INDEPENDENCIA,ISSSTE,Media,Buena,"19.628814, -99.163343"
2020-11-13,ALTA ESPECIALIDAD DE ZUMPANGO,EDOMEX,Buena,Buena,"19.815198, -99.089196"
2020-11-13,HOSPITAL REGIONAL TLALNEPANTLA ISSEMYM,EDOMEX,Media,Buena,"19.521706, -99.187341"
2020-11-13,"HOSPITAL GENERAL ECATEPEC ""LAS AMÉRICAS""",EDOMEX,Buena,Buena,"19.594136, -99.018679"
2020-11-13,"HOSPITAL GENERAL DE NAUCALPAN ""DR. MAXIMILIANO RUIZ CASTAÑEDA"" ",EDOMEX,Buena,Buena,"19.468662, -99.234348"
2020-11-13,"HOSPITAL GENERAL ATIZAPAN DE ZARAGOZA ""DR. SALVADOR GONZALEZ HERREJÓN""",EDOMEX,Buena,Media,"19.546322, -99.237491"
2020-11-13,"HOSPITAL GENERAL CUAUTITLAN ""GRAL. JOSE VICENTE VILLADA""",EDOMEX,Buena,Buena,"19.664586, -99.178557"
2020-11-13,"HOSPITAL GENERAL DE NEZAHUALCOYOTL ""GUSTAVO BAZ PRADA""",EDOMEX,Buena,Media,"19.422253, -99.014892"
2020-11-13,"HOSPITAL GENERAL DE ECATEPEC ""JOSÉ MARÍA RODRÍGUEZ""",EDOMEX,Buena,Buena,"19.514412, -99.038087"
2020-11-13,"HOSPITAL GENERAL NEZAHUALCOYOTL ""LA PERLA"" ",EDOMEX,Buena,Buena,"19.387963, -98.989442"
2020-11-13,HOSPITAL GENERAL DE CHIMALHUACAN,EDOMEX,Buena,Buena,"19.419753, -98.975140"
2020-11-13,"HOSPITAL GENERAL DE IXTAPALUCA ""PEDRO LOPEZ""",EDOMEX,Buena,Buena,"19.318829, -98.855366"
2020-11-13,HOSPITAL GENERAL DE CHALCO ,EDOMEX,Buena,Buena,"19.268265, -98.893965"
2020-11-13,"HOSPITAL GENERAL TEXCOCO ""GUADALUPE VICTORIA"" BICENTENARIO ",EDOMEX,Buena,Buena,"19.514309, -98.871750"
2020-11-13,"HOSPITAL GENERAL VALLE DE CHALCO ""DR. FERNANDO QUIROZ GUTIERREZ"" ",EDOMEX,Buena,Buena,"19.273775, -98.941609"
2020-11-13,"HOSPITAL GENERAL AMECAMECA ""VALENTIN GOMEZ FARIAS"" ",EDOMEX,Buena,Buena,"19.144883, -98.785072"
2020-11-13,HOSPITAL GENERAL DE AXAPUSCO,EDOMEX,Media,Buena,"19.732872, -98.769445"
2020-11-14,INSTITUTO NACIONAL DE NUTRICIÓN,SSA,Buena,Media,"19.289599, -99.155441"
2020-11-14,INER,SSA,Crítica,Media,"19.291375, -99.158653"
2020-11-14,HOSPITAL GENERAL DE MÉXICO,SSA,Buena,Buena,"19.4129258, -99.1520225"
2020-11-14,HOSPITAL JUAREZ,SSA,Media,Buena,"19.481829, -99.135576"
2020-11-14,HOSPITAL GENERAL DR. MANUEL GEA GONZÁLEZ,SSA,Media,Media,"19.290295, -99.160861"
2020-11-14,HOSPITAL INFANTIL DE MÉXICO FEDERICO GÓMEZ,SSA,Buena,Buena,"19.410839, -99.151941"
2020-11-14,INSTITUTO  NACIONAL DE CARDIOLOGÍA IGNACIO CHÁVEZ,SSA,Buena,Buena,"19.290598, -99.153838"
2020-11-14,CITIBANAMEX,SSA,Buena,Crítica,"19.439732, -99.224235"
2020-11-14,HOSPITAL REGIONAL DE ALTA ESPECIALIDAD DE IXTAPALUCA,SSA,Buena,Buena,"19.318796, -98.855353"
2020-11-14,BELISARIO DOMINGUEZ,SEDESA,Media,Buena,"19.307226, -99.065356"
2020-11-14,ENRIQUE CABRERA,SEDESA,Buena,Buena,"19.361675, -99.224432"
2020-11-14,GENERAL TLAHUAC,SEDESA,Buena,Buena,"19.287492, -99.052665"
2020-11-14,PEDIATRICO DE LA VILLA,SEDESA,Buena,Buena,"19.487355, -99.114316"
2020-11-14,HOSPITAL GENERAL AJUSCO MEDIO,SEDESA,Buena,Buena,"19.272165, -99.207846"
2020-11-14,HOSPITAL GENERAL IZTAPALAPA,SEDESA,Buena,Buena,"19.343426, -99.027236"
2020-11-14,HOSPITAL GENERAL XOCO,SEDESA,Buena,Buena,"19.360313, -99.162275"
2020-11-14,HOSPITAL GENERAL VILLA,SEDESA,Media,Buena,"19.480079, -99.103353"
2020-11-14,HOSPITAL GENERAL DR. RUBÉN LEÑERO,SEDESA,Crítica,Buena,"19.451398, -99.169565"
2020-11-14,HOSPITAL GENERAL MILPA ALTA,SEDESA,Buena,Buena,"19.200951, -99.011210"
2020-11-14,HOSPITAL GENERAL BALBUENA,SEDESA,Buena,Buena,"19.424195, -99.115412"
2020-11-14,HOSPITAL TEPEPAN,SEDESA,Sin Dato,Sin Dato,"19.275806, -99.144298"
2020-11-14,HOSPITAL DE ESPECIALIDADES 01 CMN SIGLO XXI (CDMX SUR),IMSS,Buena,Buena,"19.466549, -99.145102"
2020-11-14,HOSPITAL DE PEDIATRIA 01 CMN SIGLO XXI (CDMX SUR),IMSS,Buena,Buena,"19.407458, -99.152267"
2020-11-14,HOSPITAL GENERAL DE ZONA 01 CARLOS MC GREGOR (CDMX SUR),IMSS,Buena,Buena,"19.395912, -99.161610"
2020-11-14,HOSPITAL GENERAL DE ZONA 1A PARQUE DE LOS VENADOS (CDMX SUR),IMSS,Media,Buena,"19.374431, -99.151203"
2020-11-14,HOSPITAL DE INFECTOLOGIA 01 LA RAZA (CDMX NORTE),IMSS,Media,Buena,"19.464865, -99.144859"
2020-11-14,HOSPITAL GENERAL 01 (CDMX NORTE) LA RAZA,IMSS,Buena,Buena,"19.395740, -99.161677"
2020-11-14,HOSPITAL GENERAL DE ZONA 24 (CDMX NORTE),IMSS,Buena,Buena,"19.483221, -99.128448"
2020-11-14,HOSPITAL GENERAL DE ZONA 27 (CDMX NORTE),IMSS,Buena,Buena,"19.454776, -99.140007"
2020-11-14,HOSPITAL GENERAL DE ZONA 2A (CDMX SUR),IMSS,Media,Media,"19.405495, -99.112200"
2020-11-14,HOSPITAL GENERAL DE ZONA 30 (CDMX SUR),IMSS,Buena,Buena,"19.398836, -99.116913"
2020-11-14,HOSPITAL GENERAL DE ZONA 32 (CDMX SUR),IMSS,Buena,Buena,"19.307964, -99.130677"
2020-11-14,HOSPITAL GENERAL DE ZONA C/MF 08 (CDMX SUR),IMSS,Buena,Media,"19.337137, -99.200142"
2020-11-14,HOSPITAL GENERAL DE ZONA C/UMAA 48 (CDMX NORTE),IMSS,Buena,Buena,"19.482375, -99.213046"
2020-11-14,HOSPITAL GENERAL 02 (CDMX SUR) VILLA COAPA (COY.),IMSS,Buena,Media,"19.309194, -99.129593"
2020-11-14,HOSPITAL DE ESPECIALIDADES 01 (CDMX NORTE) LA RAZA (AZC),IMSS,Media,Buena,"19.467169, -99.143785"
2020-11-14,HOSPITAL GENERAL DE ZONA C/MF 29 (S. JUAN ARAGÓN),IMSS,Buena,Buena,"19.465117, -99.085162"
2020-11-14,HOSPITAL GENERAL DE ZONA 47 (CDMX SUR) (IZP),IMSS,Buena,Buena,"19.357566, -99.054269"
2020-11-14,UNIDAD MÓVIL TEMPORAL COVID,IMSS,Buena,Media,"19.403082, -99.089177"
2020-11-14,CRIT IZTAPALAPA,IMSS,Buena,Buena,"19.328321, -99.068530"
2020-11-14,HOSPITAL GENERAL REGIONAL 72,IMSS,Crítica,Buena,"19.356913, -98.990929"
2020-11-14,HOSPITAL GENERAL REGIONAL 196,IMSS,Buena,Buena,"19.515133, -98.891450"
2020-11-14,HOSPITAL GENERAL REGIONAL 200,IMSS,Buena,Buena,"19.470300, -99.234208"
2020-11-14,HOSPITAL GENERAL DE ZONA 53,IMSS,Media,Media,"19.597387, -99.188426"
2020-11-14,HOSPITAL GENERAL DE ZONA 197,IMSS,Buena,Buena,"19.530797, -99.222446"
2020-11-14,HOSPITAL GENERAL DE ZONA 194,IMSS,Media,Buena,"19.570070, -99.044009"
2020-11-14,HOSPITAL GENERAL DE ZONA 57 (LA QUEBRADA),IMSS,Buena,Buena,"19.542797, -99.205022"
2020-11-14,HOSPITAL GENERAL DE ZONA 58 (LAS MARGARITAS),IMSS,Media,Buena,"19.529016, -99.030983"
2020-11-14,HOSPITAL GENERAL DE ZONA 68 (TULPETLAC),IMSS,Buena,Buena,"19.742905, -98.972971"
2020-11-14,HOSPITAL GENERAL DE ZONA 71 (CHALCO),IMSS,Buena,Buena,"19.356913, -98.990929"
2020-11-14,HOSPITAL GENERAL DE ZONA 76 (XALOSTOC),IMSS,Media,Buena,"19.515133, -98.891450"
2020-11-14,HOSPITAL GENERAL DE ZONA 98 (COACALCO),IMSS,Buena,Buena,"19.470300, -99.234208"
2020-11-14,CRIT NEZAHUALCÓYOTL,IMSS,Buena,Buena,"19.425795, -99.029987"
2020-11-14,CENTRO MEDICO 20 DE NOVIEMBRE,ISSSTE,Buena,Buena,"19.372720, -99.171205"
2020-11-14,HG DARIO FERNANDEZ FIERRO,ISSSTE,Buena,Crítica,"19.363602, -99.188608"
2020-11-14,HG JOSE MARIA MORELOS,ISSSTE,Buena,Crítica,"19.363918, -98.995393"
2020-11-14,HG TACUBA,ISSSTE,Buena,Media,"19.454384, -99.191231"
2020-11-14,HG DR FERNANDO QUIROZ,ISSSTE,Buena,Buena,"19.394242, -99.194187"
2020-11-14,HG IGNACIO ZARAGOZA,ISSSTE,Buena,Buena,"19.389472, -99.045019"
2020-11-14,HR PRIMERO DE OCTUBRE,ISSSTE,Media,Buena,"19.486751, -99.133249"
2020-11-14,HR LIC. ADOLFO LÓPEZ MATEOS,ISSSTE,Buena,Buena,"19.358451, -99.172716"
2020-11-14,HR BICENTENARIO DE LA INDEPENDENCIA,ISSSTE,Buena,Media,"19.628814, -99.163343"
2020-11-14,ALTA ESPECIALIDAD DE ZUMPANGO,EDOMEX,Buena,Buena,"19.815198, -99.089196"
2020-11-14,HOSPITAL REGIONAL TLALNEPANTLA ISSEMYM,EDOMEX,Buena,Buena,"19.521706, -99.187341"
2020-11-14,"HOSPITAL GENERAL ECATEPEC ""LAS AMÉRICAS""",EDOMEX,Buena,Buena,"19.594136, -99.018679"
2020-11-14,"HOSPITAL GENERAL DE NAUCALPAN ""DR. MAXIMILIANO RUIZ CASTAÑEDA"" ",EDOMEX,Buena,Buena,"19.468662, -99.234348"
2020-11-14,"HOSPITAL GENERAL ATIZAPAN DE ZARAGOZA ""DR. SALVADOR GONZALEZ HERREJÓN""",EDOMEX,Buena,Buena,"19.546322, -99.237491"
2020-11-14,"HOSPITAL GENERAL CUAUTITLAN ""GRAL. JOSE VICENTE VILLADA""",EDOMEX,Buena,Buena,"19.664586, -99.178557"
2020-11-14,"HOSPITAL GENERAL DE NEZAHUALCOYOTL ""GUSTAVO BAZ PRADA""",EDOMEX,Buena,Media,"19.422253, -99.014892"
2020-11-14,"HOSPITAL GENERAL DE ECATEPEC ""JOSÉ MARÍA RODRÍGUEZ""",EDOMEX,Buena,Buena,"19.514412, -99.038087"
2020-11-14,"HOSPITAL GENERAL NEZAHUALCOYOTL ""LA PERLA"" ",EDOMEX,Buena,Buena,"19.387963, -98.989442"
2020-11-14,HOSPITAL GENERAL DE CHIMALHUACAN,EDOMEX,Buena,Buena,"19.419753, -98.975140"
2020-11-14,"HOSPITAL GENERAL DE IXTAPALUCA ""PEDRO LOPEZ""",EDOMEX,Buena,Buena,"19.318829, -98.855366"
2020-11-14,HOSPITAL GENERAL DE CHALCO ,EDOMEX,Buena,Buena,"19.268265, -98.893965"
2020-11-14,"HOSPITAL GENERAL TEXCOCO ""GUADALUPE VICTORIA"" BICENTENARIO ",EDOMEX,Buena,Buena,"19.514309, -98.871750"
2020-11-14,"HOSPITAL GENERAL VALLE DE CHALCO ""DR. FERNANDO QUIROZ GUTIERREZ"" ",EDOMEX,Buena,Buena,"19.273775, -98.941609"
2020-11-14,"HOSPITAL GENERAL AMECAMECA ""VALENTIN GOMEZ FARIAS"" ",EDOMEX,Buena,Buena,"19.144883, -98.785072"
2020-11-14,HOSPITAL GENERAL DE AXAPUSCO,EDOMEX,Buena,Buena,"19.732872, -98.769445"
2020-11-15,INSTITUTO NACIONAL DE NUTRICIÓN,SSA,Buena,Media,"19.289599, -99.155441"
2020-11-15,INER,SSA,Media,Media,"19.291375, -99.158653"
2020-11-15,HOSPITAL GENERAL DE MÉXICO,SSA,Buena,Buena,"19.4129258, -99.1520225"
2020-11-15,HOSPITAL JUAREZ,SSA,Buena,Media,"19.481829, -99.135576"
2020-11-15,HOSPITAL GENERAL DR. MANUEL GEA GONZÁLEZ,SSA,Media,Media,"19.290295, -99.160861"
2020-11-15,HOSPITAL INFANTIL DE MÉXICO FEDERICO GÓMEZ,SSA,Buena,Buena,"19.410839, -99.151941"
2020-11-15,INSTITUTO  NACIONAL DE CARDIOLOGÍA IGNACIO CHÁVEZ,SSA,Buena,Buena,"19.290598, -99.153838"
2020-11-15,CITIBANAMEX,SSA,Buena,Crítica,"19.439732, -99.224235"
2020-11-15,HOSPITAL REGIONAL DE ALTA ESPECIALIDAD DE IXTAPALUCA,SSA,Buena,Buena,"19.318796, -98.855353"
2020-11-15,BELISARIO DOMINGUEZ,SEDESA,Media,Buena,"19.307226, -99.065356"
2020-11-15,ENRIQUE CABRERA,SEDESA,Buena,Buena,"19.361675, -99.224432"
2020-11-15,GENERAL TLAHUAC,SEDESA,Buena,Buena,"19.287492, -99.052665"
2020-11-15,PEDIATRICO DE LA VILLA,SEDESA,Buena,Buena,"19.487355, -99.114316"
2020-11-15,HOSPITAL GENERAL AJUSCO MEDIO,SEDESA,Buena,Buena,"19.272165, -99.207846"
2020-11-15,HOSPITAL GENERAL IZTAPALAPA,SEDESA,Buena,Buena,"19.343426, -99.027236"
2020-11-15,HOSPITAL GENERAL XOCO,SEDESA,Buena,Buena,"19.360313, -99.162275"
2020-11-15,HOSPITAL GENERAL VILLA,SEDESA,Media,Buena,"19.480079, -99.103353"
2020-11-15,HOSPITAL GENERAL DR. RUBÉN LEÑERO,SEDESA,Crítica,Buena,"19.451398, -99.169565"
2020-11-15,HOSPITAL GENERAL MILPA ALTA,SEDESA,Buena,Buena,"19.200951, -99.011210"
2020-11-15,HOSPITAL GENERAL BALBUENA,SEDESA,Buena,Buena,"19.424195, -99.115412"
2020-11-15,HOSPITAL TEPEPAN,SEDESA,Sin Dato,Sin Dato,"19.275806, -99.144298"
2020-11-15,HOSPITAL DE ESPECIALIDADES 01 CMN SIGLO XXI (CDMX SUR),IMSS,Buena,Buena,"19.466549, -99.145102"
2020-11-15,HOSPITAL DE PEDIATRIA 01 CMN SIGLO XXI (CDMX SUR),IMSS,Buena,Buena,"19.407458, -99.152267"
2020-11-15,HOSPITAL GENERAL DE ZONA 01 CARLOS MC GREGOR (CDMX SUR),IMSS,Buena,Buena,"19.395912, -99.161610"
2020-11-15,HOSPITAL GENERAL DE ZONA 1A PARQUE DE LOS VENADOS (CDMX SUR),IMSS,Media,Buena,"19.374431, -99.151203"
2020-11-15,HOSPITAL DE INFECTOLOGIA 01 LA RAZA (CDMX NORTE),IMSS,Media,Media,"19.464865, -99.144859"
2020-11-15,HOSPITAL GENERAL 01 (CDMX NORTE) LA RAZA,IMSS,Buena,Buena,"19.395740, -99.161677"
2020-11-15,HOSPITAL GENERAL DE ZONA 24 (CDMX NORTE),IMSS,Buena,Buena,"19.483221, -99.128448"
2020-11-15,HOSPITAL GENERAL DE ZONA 27 (CDMX NORTE),IMSS,Buena,Buena,"19.454776, -99.140007"
2020-11-15,HOSPITAL GENERAL DE ZONA 2A (CDMX SUR),IMSS,Media,Buena,"19.405495, -99.112200"
2020-11-15,HOSPITAL GENERAL DE ZONA 30 (CDMX SUR),IMSS,Buena,Buena,"19.398836, -99.116913"
2020-11-15,HOSPITAL GENERAL DE ZONA 32 (CDMX SUR),IMSS,Buena,Buena,"19.307964, -99.130677"
2020-11-15,HOSPITAL GENERAL DE ZONA C/MF 08 (CDMX SUR),IMSS,Buena,Media,"19.337137, -99.200142"
2020-11-15,HOSPITAL GENERAL DE ZONA C/UMAA 48 (CDMX NORTE),IMSS,Buena,Media,"19.482375, -99.213046"
2020-11-15,HOSPITAL GENERAL 02 (CDMX SUR) VILLA COAPA (COY.),IMSS,Buena,Media,"19.309194, -99.129593"
2020-11-15,HOSPITAL DE ESPECIALIDADES 01 (CDMX NORTE) LA RAZA (AZC),IMSS,Media,Buena,"19.467169, -99.143785"
2020-11-15,HOSPITAL GENERAL DE ZONA C/MF 29 (S. JUAN ARAGÓN),IMSS,Buena,Buena,"19.465117, -99.085162"
2020-11-15,HOSPITAL GENERAL DE ZONA 47 (CDMX SUR) (IZP),IMSS,Buena,Buena,"19.357566, -99.054269"
2020-11-15,UNIDAD MÓVIL TEMPORAL COVID,IMSS,Buena,Media,"19.403082, -99.089177"
2020-11-15,CRIT IZTAPALAPA,IMSS,Buena,Buena,"19.328321, -99.068530"
2020-11-15,HOSPITAL GENERAL REGIONAL 72,IMSS,Media,Buena,"19.356913, -98.990929"
2020-11-15,HOSPITAL GENERAL REGIONAL 196,IMSS,Buena,Buena,"19.515133, -98.891450"
2020-11-15,HOSPITAL GENERAL REGIONAL 200,IMSS,Buena,Buena,"19.470300, -99.234208"
2020-11-15,HOSPITAL GENERAL DE ZONA 53,IMSS,Media,Buena,"19.597387, -99.188426"
2020-11-15,HOSPITAL GENERAL DE ZONA 197,IMSS,Buena,Buena,"19.530797, -99.222446"
2020-11-15,HOSPITAL GENERAL DE ZONA 194,IMSS,Media,Buena,"19.570070, -99.044009"
2020-11-15,HOSPITAL GENERAL DE ZONA 57 (LA QUEBRADA),IMSS,Buena,Buena,"19.542797, -99.205022"
2020-11-15,HOSPITAL GENERAL DE ZONA 58 (LAS MARGARITAS),IMSS,Media,Buena,"19.529016, -99.030983"
2020-11-15,HOSPITAL GENERAL DE ZONA 68 (TULPETLAC),IMSS,Buena,Buena,"19.742905, -98.972971"
2020-11-15,HOSPITAL GENERAL DE ZONA 71 (CHALCO),IMSS,Buena,Buena,"19.356913, -98.990929"
2020-11-15,HOSPITAL GENERAL DE ZONA 76 (XALOSTOC),IMSS,Media,Buena,"19.515133, -98.891450"
2020-11-15,HOSPITAL GENERAL DE ZONA 98 (COACALCO),IMSS,Buena,Buena,"19.470300, -99.234208"
2020-11-15,CRIT NEZAHUALCÓYOTL,IMSS,Buena,Buena,"19.425795, -99.029987"
2020-11-15,CENTRO MEDICO 20 DE NOVIEMBRE,ISSSTE,Buena,Buena,"19.372720, -99.171205"
2020-11-15,HG DARIO FERNANDEZ FIERRO,ISSSTE,Buena,Media,"19.363602, -99.188608"
2020-11-15,HG JOSE MARIA MORELOS,ISSSTE,Buena,Crítica,"19.363918, -98.995393"
2020-11-15,HG TACUBA,ISSSTE,Buena,Buena,"19.454384, -99.191231"
2020-11-15,HG DR FERNANDO QUIROZ,ISSSTE,Buena,Buena,"19.394242, -99.194187"
2020-11-15,HG IGNACIO ZARAGOZA,ISSSTE,Media,Buena,"19.389472, -99.045019"
2020-11-15,HR PRIMERO DE OCTUBRE,ISSSTE,Media,Media,"19.486751, -99.133249"
2020-11-15,HR LIC. ADOLFO LÓPEZ MATEOS,ISSSTE,Buena,Media,"19.358451, -99.172716"
2020-11-15,HR BICENTENARIO DE LA INDEPENDENCIA,ISSSTE,Buena,Media,"19.628814, -99.163343"
2020-11-15,ALTA ESPECIALIDAD DE ZUMPANGO,EDOMEX,Buena,Buena,"19.815198, -99.089196"
2020-11-15,HOSPITAL REGIONAL TLALNEPANTLA ISSEMYM,EDOMEX,Buena,Buena,"19.521706, -99.187341"
2020-11-15,"HOSPITAL GENERAL ECATEPEC ""LAS AMÉRICAS""",EDOMEX,Buena,Buena,"19.594136, -99.018679"
2020-11-15,"HOSPITAL GENERAL DE NAUCALPAN ""DR. MAXIMILIANO RUIZ CASTAÑEDA"" ",EDOMEX,Buena,Buena,"19.468662, -99.234348"
2020-11-15,"HOSPITAL GENERAL ATIZAPAN DE ZARAGOZA ""DR. SALVADOR GONZALEZ HERREJÓN""",EDOMEX,Buena,Buena,"19.546322, -99.237491"
2020-11-15,"HOSPITAL GENERAL CUAUTITLAN ""GRAL. JOSE VICENTE VILLADA""",EDOMEX,Buena,Buena,"19.664586, -99.178557"
2020-11-15,"HOSPITAL GENERAL DE NEZAHUALCOYOTL ""GUSTAVO BAZ PRADA""",EDOMEX,Buena,Media,"19.422253, -99.014892"
2020-11-15,"HOSPITAL GENERAL DE ECATEPEC ""JOSÉ MARÍA RODRÍGUEZ""",EDOMEX,Buena,Buena,"19.514412, -99.038087"
2020-11-15,"HOSPITAL GENERAL NEZAHUALCOYOTL ""LA PERLA"" ",EDOMEX,Buena,Buena,"19.387963, -98.989442"
2020-11-15,HOSPITAL GENERAL DE CHIMALHUACAN,EDOMEX,Buena,Buena,"19.419753, -98.975140"
2020-11-15,"HOSPITAL GENERAL DE IXTAPALUCA ""PEDRO LOPEZ""",EDOMEX,Buena,Buena,"19.318829, -98.855366"
2020-11-15,HOSPITAL GENERAL DE CHALCO ,EDOMEX,Buena,Buena,"19.268265, -98.893965"
2020-11-15,"HOSPITAL GENERAL TEXCOCO ""GUADALUPE VICTORIA"" BICENTENARIO ",EDOMEX,Buena,Buena,"19.514309, -98.871750"
2020-11-15,"HOSPITAL GENERAL VALLE DE CHALCO ""DR. FERNANDO QUIROZ GUTIERREZ"" ",EDOMEX,Buena,Buena,"19.273775, -98.941609"
2020-11-15,"HOSPITAL GENERAL AMECAMECA ""VALENTIN GOMEZ FARIAS"" ",EDOMEX,Buena,Buena,"19.144883, -98.785072"
2020-11-15,HOSPITAL GENERAL DE AXAPUSCO,EDOMEX,Buena,Buena,"19.732872, -98.769445"
2020-11-16,INSTITUTO NACIONAL DE NUTRICIÓN,SSA,Buena,Media,"19.289599, -99.155441"
2020-11-16,INER,SSA,Crítica,Media,"19.291375, -99.158653"
2020-11-16,HOSPITAL GENERAL DE MÉXICO,SSA,Buena,Buena,"19.4129258, -99.1520225"
2020-11-16,HOSPITAL JUAREZ,SSA,Buena,Buena,"19.481829, -99.135576"
2020-11-16,HOSPITAL GENERAL DR. MANUEL GEA GONZÁLEZ,SSA,Buena,Media,"19.290295, -99.160861"
2020-11-16,HOSPITAL INFANTIL DE MÉXICO FEDERICO GÓMEZ,SSA,Buena,Buena,"19.410839, -99.151941"
2020-11-16,INSTITUTO  NACIONAL DE CARDIOLOGÍA IGNACIO CHÁVEZ,SSA,Buena,Buena,"19.290598, -99.153838"
2020-11-16,CITIBANAMEX,SSA,Buena,Crítica,"19.439732, -99.224235"
2020-11-16,HOSPITAL REGIONAL DE ALTA ESPECIALIDAD DE IXTAPALUCA,SSA,Media,Buena,"19.318796, -98.855353"
2020-11-16,BELISARIO DOMINGUEZ,SEDESA,Media,Buena,"19.307226, -99.065356"
2020-11-16,ENRIQUE CABRERA,SEDESA,Buena,Buena,"19.361675, -99.224432"
2020-11-16,GENERAL TLAHUAC,SEDESA,Buena,Buena,"19.287492, -99.052665"
2020-11-16,PEDIATRICO DE LA VILLA,SEDESA,Buena,Buena,"19.487355, -99.114316"
2020-11-16,HOSPITAL GENERAL AJUSCO MEDIO,SEDESA,Buena,Buena,"19.272165, -99.207846"
2020-11-16,HOSPITAL GENERAL IZTAPALAPA,SEDESA,Buena,Buena,"19.343426, -99.027236"
2020-11-16,HOSPITAL GENERAL XOCO,SEDESA,Buena,Buena,"19.360313, -99.162275"
2020-11-16,HOSPITAL GENERAL VILLA,SEDESA,Media,Buena,"19.480079, -99.103353"
2020-11-16,HOSPITAL GENERAL DR. RUBÉN LEÑERO,SEDESA,Crítica,Buena,"19.451398, -99.169565"
2020-11-16,HOSPITAL GENERAL MILPA ALTA,SEDESA,Buena,Buena,"19.200951, -99.011210"
2020-11-16,HOSPITAL GENERAL BALBUENA,SEDESA,Buena,Buena,"19.424195, -99.115412"
2020-11-16,HOSPITAL TEPEPAN,SEDESA,Sin Dato,Sin Dato,"19.275806, -99.144298"
2020-11-16,HOSPITAL DE ESPECIALIDADES 01 CMN SIGLO XXI (CDMX SUR),IMSS,Buena,Buena,"19.466549, -99.145102"
2020-11-16,HOSPITAL DE PEDIATRIA 01 CMN SIGLO XXI (CDMX SUR),IMSS,Buena,Buena,"19.407458, -99.152267"
2020-11-16,HOSPITAL GENERAL DE ZONA 01 CARLOS MC GREGOR (CDMX SUR),IMSS,Buena,Buena,"19.395912, -99.161610"
2020-11-16,HOSPITAL GENERAL DE ZONA 1A PARQUE DE LOS VENADOS (CDMX SUR),IMSS,Media,Buena,"19.374431, -99.151203"
2020-11-16,HOSPITAL DE INFECTOLOGIA 01 LA RAZA (CDMX NORTE),IMSS,Media,Buena,"19.464865, -99.144859"
2020-11-16,HOSPITAL GENERAL 01 (CDMX NORTE) LA RAZA,IMSS,Buena,Buena,"19.395740, -99.161677"
2020-11-16,HOSPITAL GENERAL DE ZONA 24 (CDMX NORTE),IMSS,Buena,Buena,"19.483221, -99.128448"
2020-11-16,HOSPITAL GENERAL DE ZONA 27 (CDMX NORTE),IMSS,Buena,Buena,"19.454776, -99.140007"
2020-11-16,HOSPITAL GENERAL DE ZONA 2A (CDMX SUR),IMSS,Media,Buena,"19.405495, -99.112200"
2020-11-16,HOSPITAL GENERAL DE ZONA 30 (CDMX SUR),IMSS,Buena,Buena,"19.398836, -99.116913"
2020-11-16,HOSPITAL GENERAL DE ZONA 32 (CDMX SUR),IMSS,Buena,Buena,"19.307964, -99.130677"
2020-11-16,HOSPITAL GENERAL DE ZONA C/MF 08 (CDMX SUR),IMSS,Buena,Media,"19.337137, -99.200142"
2020-11-16,HOSPITAL GENERAL DE ZONA C/UMAA 48 (CDMX NORTE),IMSS,Buena,Buena,"19.482375, -99.213046"
2020-11-16,HOSPITAL GENERAL 02 (CDMX SUR) VILLA COAPA (COY.),IMSS,Buena,Media,"19.309194, -99.129593"
2020-11-16,HOSPITAL DE ESPECIALIDADES 01 (CDMX NORTE) LA RAZA (AZC),IMSS,Media,Buena,"19.467169, -99.143785"
2020-11-16,HOSPITAL GENERAL DE ZONA C/MF 29 (S. JUAN ARAGÓN),IMSS,Buena,Buena,"19.465117, -99.085162"
2020-11-16,HOSPITAL GENERAL DE ZONA 47 (CDMX SUR) (IZP),IMSS,Buena,Buena,"19.357566, -99.054269"
2020-11-16,UNIDAD MÓVIL TEMPORAL COVID,IMSS,Buena,Media,"19.403082, -99.089177"
2020-11-16,CRIT IZTAPALAPA,IMSS,Buena,Buena,"19.328321, -99.068530"
2020-11-16,HOSPITAL GENERAL REGIONAL 72,IMSS,Media,Media,"19.356913, -98.990929"
2020-11-16,HOSPITAL GENERAL REGIONAL 196,IMSS,Buena,Buena,"19.515133, -98.891450"
2020-11-16,HOSPITAL GENERAL REGIONAL 200,IMSS,Buena,Buena,"19.470300, -99.234208"
2020-11-16,HOSPITAL GENERAL DE ZONA 53,IMSS,Media,Media,"19.597387, -99.188426"
2020-11-16,HOSPITAL GENERAL DE ZONA 197,IMSS,Buena,Buena,"19.530797, -99.222446"
2020-11-16,HOSPITAL GENERAL DE ZONA 194,IMSS,Media,Buena,"19.570070, -99.044009"
2020-11-16,HOSPITAL GENERAL DE ZONA 57 (LA QUEBRADA),IMSS,Buena,Buena,"19.542797, -99.205022"
2020-11-16,HOSPITAL GENERAL DE ZONA 58 (LAS MARGARITAS),IMSS,Media,Buena,"19.529016, -99.030983"
2020-11-16,HOSPITAL GENERAL DE ZONA 68 (TULPETLAC),IMSS,Buena,Buena,"19.742905, -98.972971"
2020-11-16,HOSPITAL GENERAL DE ZONA 71 (CHALCO),IMSS,Buena,Buena,"19.356913, -98.990929"
2020-11-16,HOSPITAL GENERAL DE ZONA 76 (XALOSTOC),IMSS,Media,Media,"19.515133, -98.891450"
2020-11-16,HOSPITAL GENERAL DE ZONA 98 (COACALCO),IMSS,Buena,Buena,"19.470300, -99.234208"
2020-11-16,CRIT NEZAHUALCÓYOTL,IMSS,Buena,Buena,"19.425795, -99.029987"
2020-11-16,CENTRO MEDICO 20 DE NOVIEMBRE,ISSSTE,Buena,Buena,"19.372720, -99.171205"
2020-11-16,HG DARIO FERNANDEZ FIERRO,ISSSTE,Buena,Media,"19.363602, -99.188608"
2020-11-16,HG JOSE MARIA MORELOS,ISSSTE,Buena,Crítica,"19.363918, -98.995393"
2020-11-16,HG TACUBA,ISSSTE,Media,Media,"19.454384, -99.191231"
2020-11-16,HG DR FERNANDO QUIROZ,ISSSTE,Buena,Buena,"19.394242, -99.194187"
2020-11-16,HG IGNACIO ZARAGOZA,ISSSTE,Media,Buena,"19.389472, -99.045019"
2020-11-16,HR PRIMERO DE OCTUBRE,ISSSTE,Media,Buena,"19.486751, -99.133249"
2020-11-16,HR LIC. ADOLFO LÓPEZ MATEOS,ISSSTE,Buena,Media,"19.358451, -99.172716"
2020-11-16,HR BICENTENARIO DE LA INDEPENDENCIA,ISSSTE,Buena,Media,"19.628814, -99.163343"
2020-11-16,ALTA ESPECIALIDAD DE ZUMPANGO,EDOMEX,Buena,Buena,"19.815198, -99.089196"
2020-11-16,HOSPITAL REGIONAL TLALNEPANTLA ISSEMYM,EDOMEX,Buena,Buena,"19.521706, -99.187341"
2020-11-16,"HOSPITAL GENERAL ECATEPEC ""LAS AMÉRICAS""",EDOMEX,Buena,Buena,"19.594136, -99.018679"
2020-11-16,"HOSPITAL GENERAL DE NAUCALPAN ""DR. MAXIMILIANO RUIZ CASTAÑEDA"" ",EDOMEX,Buena,Buena,"19.468662, -99.234348"
2020-11-16,"HOSPITAL GENERAL ATIZAPAN DE ZARAGOZA ""DR. SALVADOR GONZALEZ HERREJÓN""",EDOMEX,Buena,Buena,"19.546322, -99.237491"
2020-11-16,"HOSPITAL GENERAL CUAUTITLAN ""GRAL. JOSE VICENTE VILLADA""",EDOMEX,Buena,Buena,"19.664586, -99.178557"
2020-11-16,"HOSPITAL GENERAL DE NEZAHUALCOYOTL ""GUSTAVO BAZ PRADA""",EDOMEX,Buena,Buena,"19.422253, -99.014892"
2020-11-16,"HOSPITAL GENERAL DE ECATEPEC ""JOSÉ MARÍA RODRÍGUEZ""",EDOMEX,Buena,Buena,"19.514412, -99.038087"
2020-11-16,"HOSPITAL GENERAL NEZAHUALCOYOTL ""LA PERLA"" ",EDOMEX,Buena,Buena,"19.387963, -98.989442"
2020-11-16,HOSPITAL GENERAL DE CHIMALHUACAN,EDOMEX,Buena,Buena,"19.419753, -98.975140"
2020-11-16,"HOSPITAL GENERAL DE IXTAPALUCA ""PEDRO LOPEZ""",EDOMEX,Buena,Buena,"19.318829, -98.855366"
2020-11-16,HOSPITAL GENERAL DE CHALCO ,EDOMEX,Buena,Buena,"19.268265, -98.893965"
2020-11-16,"HOSPITAL GENERAL TEXCOCO ""GUADALUPE VICTORIA"" BICENTENARIO ",EDOMEX,Media,Media,"19.514309, -98.871750"
2020-11-16,"HOSPITAL GENERAL VALLE DE CHALCO ""DR. FERNANDO QUIROZ GUTIERREZ"" ",EDOMEX,Buena,Buena,"19.273775, -98.941609"
2020-11-16,"HOSPITAL GENERAL AMECAMECA ""VALENTIN GOMEZ FARIAS"" ",EDOMEX,Buena,Buena,"19.144883, -98.785072"
2020-11-16,HOSPITAL GENERAL DE AXAPUSCO,EDOMEX,Buena,Buena,"19.732872, -98.769445"
2020-11-17,INSTITUTO NACIONAL DE NUTRICIÓN,SSA,Buena,Media,"19.289599, -99.155441"
2020-11-17,INER,SSA,Crítica,Media,"19.291375, -99.158653"
2020-11-17,HOSPITAL GENERAL DE MÉXICO,SSA,Buena,Buena,"19.4129258, -99.1520225"
2020-11-17,HOSPITAL JUAREZ,SSA,Buena,Buena,"19.481829, -99.135576"
2020-11-17,HOSPITAL GENERAL DR. MANUEL GEA GONZÁLEZ,SSA,Buena,Media,"19.290295, -99.160861"
2020-11-17,HOSPITAL INFANTIL DE MÉXICO FEDERICO GÓMEZ,SSA,Buena,Buena,"19.410839, -99.151941"
2020-11-17,INSTITUTO  NACIONAL DE CARDIOLOGÍA IGNACIO CHÁVEZ,SSA,Buena,Buena,"19.290598, -99.153838"
2020-11-17,CITIBANAMEX,SSA,Buena,Crítica,"19.439732, -99.224235"
2020-11-17,HOSPITAL REGIONAL DE ALTA ESPECIALIDAD DE IXTAPALUCA,SSA,Buena,Buena,"19.318796, -98.855353"
2020-11-17,BELISARIO DOMINGUEZ,SEDESA,Media,Buena,"19.307226, -99.065356"
2020-11-17,ENRIQUE CABRERA,SEDESA,Buena,Buena,"19.361675, -99.224432"
2020-11-17,GENERAL TLAHUAC,SEDESA,Buena,Buena,"19.287492, -99.052665"
2020-11-17,PEDIATRICO DE LA VILLA,SEDESA,Buena,Buena,"19.487355, -99.114316"
2020-11-17,HOSPITAL GENERAL AJUSCO MEDIO,SEDESA,Buena,Buena,"19.272165, -99.207846"
2020-11-17,HOSPITAL GENERAL IZTAPALAPA,SEDESA,Buena,Buena,"19.343426, -99.027236"
2020-11-17,HOSPITAL GENERAL XOCO,SEDESA,Buena,Buena,"19.360313, -99.162275"
2020-11-17,HOSPITAL GENERAL VILLA,SEDESA,Media,Buena,"19.480079, -99.103353"
2020-11-17,HOSPITAL GENERAL DR. RUBÉN LEÑERO,SEDESA,Crítica,Buena,"19.451398, -99.169565"
2020-11-17,HOSPITAL GENERAL MILPA ALTA,SEDESA,Media,Buena,"19.200951, -99.011210"
2020-11-17,HOSPITAL GENERAL BALBUENA,SEDESA,Buena,Buena,"19.424195, -99.115412"
2020-11-17,HOSPITAL TEPEPAN,SEDESA,Sin Dato,Sin Dato,"19.275806, -99.144298"
2020-11-17,HOSPITAL DE ESPECIALIDADES 01 CMN SIGLO XXI (CDMX SUR),IMSS,Buena,Buena,"19.466549, -99.145102"
2020-11-17,HOSPITAL DE PEDIATRIA 01 CMN SIGLO XXI (CDMX SUR),IMSS,Buena,Buena,"19.407458, -99.152267"
2020-11-17,HOSPITAL GENERAL DE ZONA 01 CARLOS MC GREGOR (CDMX SUR),IMSS,Buena,Buena,"19.395912, -99.161610"
2020-11-17,HOSPITAL GENERAL DE ZONA 1A PARQUE DE LOS VENADOS (CDMX SUR),IMSS,Media,Buena,"19.374431, -99.151203"
2020-11-17,HOSPITAL DE INFECTOLOGIA 01 LA RAZA (CDMX NORTE),IMSS,Media,Buena,"19.464865, -99.144859"
2020-11-17,HOSPITAL GENERAL 01 (CDMX NORTE) LA RAZA,IMSS,Buena,Buena,"19.395740, -99.161677"
2020-11-17,HOSPITAL GENERAL DE ZONA 24 (CDMX NORTE),IMSS,Buena,Buena,"19.483221, -99.128448"
2020-11-17,HOSPITAL GENERAL DE ZONA 27 (CDMX NORTE),IMSS,Buena,Buena,"19.454776, -99.140007"
2020-11-17,HOSPITAL GENERAL DE ZONA 2A (CDMX SUR),IMSS,Media,Buena,"19.405495, -99.112200"
2020-11-17,HOSPITAL GENERAL DE ZONA 30 (CDMX SUR),IMSS,Buena,Buena,"19.398836, -99.116913"
2020-11-17,HOSPITAL GENERAL DE ZONA 32 (CDMX SUR),IMSS,Buena,Buena,"19.307964, -99.130677"
2020-11-17,HOSPITAL GENERAL DE ZONA C/MF 08 (CDMX SUR),IMSS,Media,Buena,"19.337137, -99.200142"
2020-11-17,HOSPITAL GENERAL DE ZONA C/UMAA 48 (CDMX NORTE),IMSS,Buena,Buena,"19.482375, -99.213046"
2020-11-17,HOSPITAL GENERAL 02 (CDMX SUR) VILLA COAPA (COY.),IMSS,Buena,Buena,"19.309194, -99.129593"
2020-11-17,HOSPITAL DE ESPECIALIDADES 01 (CDMX NORTE) LA RAZA (AZC),IMSS,Media,Buena,"19.467169, -99.143785"
2020-11-17,HOSPITAL GENERAL DE ZONA C/MF 29 (S. JUAN ARAGÓN),IMSS,Buena,Buena,"19.465117, -99.085162"
2020-11-17,HOSPITAL GENERAL DE ZONA 47 (CDMX SUR) (IZP),IMSS,Media,Buena,"19.357566, -99.054269"
2020-11-17,UNIDAD MÓVIL TEMPORAL COVID,IMSS,Buena,Media,"19.403082, -99.089177"
2020-11-17,CRIT IZTAPALAPA,IMSS,Buena,Buena,"19.328321, -99.068530"
2020-11-17,HOSPITAL GENERAL REGIONAL 72,IMSS,Media,Media,"19.356913, -98.990929"
2020-11-17,HOSPITAL GENERAL REGIONAL 196,IMSS,Buena,Buena,"19.515133, -98.891450"
2020-11-17,HOSPITAL GENERAL REGIONAL 200,IMSS,Buena,Buena,"19.470300, -99.234208"
2020-11-17,HOSPITAL GENERAL DE ZONA 53,IMSS,Media,Media,"19.597387, -99.188426"
2020-11-17,HOSPITAL GENERAL DE ZONA 197,IMSS,Buena,Buena,"19.530797, -99.222446"
2020-11-17,HOSPITAL GENERAL DE ZONA 194,IMSS,Media,Buena,"19.570070, -99.044009"
2020-11-17,HOSPITAL GENERAL DE ZONA 57 (LA QUEBRADA),IMSS,Buena,Buena,"19.542797, -99.205022"
2020-11-17,HOSPITAL GENERAL DE ZONA 58 (LAS MARGARITAS),IMSS,Media,Buena,"19.529016, -99.030983"
2020-11-17,HOSPITAL GENERAL DE ZONA 68 (TULPETLAC),IMSS,Buena,Buena,"19.742905, -98.972971"
2020-11-17,HOSPITAL GENERAL DE ZONA 71 (CHALCO),IMSS,Buena,Buena,"19.356913, -98.990929"
2020-11-17,HOSPITAL GENERAL DE ZONA 76 (XALOSTOC),IMSS,Media,Buena,"19.515133, -98.891450"
2020-11-17,HOSPITAL GENERAL DE ZONA 98 (COACALCO),IMSS,Buena,Buena,"19.470300, -99.234208"
2020-11-17,CRIT NEZAHUALCÓYOTL,IMSS,Buena,Buena,"19.425795, -99.029987"
2020-11-17,CENTRO MEDICO 20 DE NOVIEMBRE,ISSSTE,Buena,Buena,"19.372720, -99.171205"
2020-11-17,HG DARIO FERNANDEZ FIERRO,ISSSTE,Buena,Media,"19.363602, -99.188608"
2020-11-17,HG JOSE MARIA MORELOS,ISSSTE,Buena,Crítica,"19.363918, -98.995393"
2020-11-17,HG TACUBA,ISSSTE,Media,Buena,"19.454384, -99.191231"
2020-11-17,HG DR FERNANDO QUIROZ,ISSSTE,Buena,Buena,"19.394242, -99.194187"
2020-11-17,HG IGNACIO ZARAGOZA,ISSSTE,Media,Buena,"19.389472, -99.045019"
2020-11-17,HR PRIMERO DE OCTUBRE,ISSSTE,Media,Buena,"19.486751, -99.133249"
2020-11-17,HR LIC. ADOLFO LÓPEZ MATEOS,ISSSTE,Buena,Media,"19.358451, -99.172716"
2020-11-17,HR BICENTENARIO DE LA INDEPENDENCIA,ISSSTE,Buena,Buena,"19.628814, -99.163343"
2020-11-17,ALTA ESPECIALIDAD DE ZUMPANGO,EDOMEX,Buena,Buena,"19.815198, -99.089196"
2020-11-17,HOSPITAL REGIONAL TLALNEPANTLA ISSEMYM,EDOMEX,Buena,Buena,"19.521706, -99.187341"
2020-11-17,"HOSPITAL GENERAL ECATEPEC ""LAS AMÉRICAS""",EDOMEX,Buena,Media,"19.594136, -99.018679"
2020-11-17,"HOSPITAL GENERAL DE NAUCALPAN ""DR. MAXIMILIANO RUIZ CASTAÑEDA"" ",EDOMEX,Buena,Buena,"19.468662, -99.234348"
2020-11-17,"HOSPITAL GENERAL ATIZAPAN DE ZARAGOZA ""DR. SALVADOR GONZALEZ HERREJÓN""",EDOMEX,Buena,Buena,"19.546322, -99.237491"
2020-11-17,"HOSPITAL GENERAL CUAUTITLAN ""GRAL. JOSE VICENTE VILLADA""",EDOMEX,Buena,Buena,"19.664586, -99.178557"
2020-11-17,"HOSPITAL GENERAL DE NEZAHUALCOYOTL ""GUSTAVO BAZ PRADA""",EDOMEX,Buena,Media,"19.422253, -99.014892"
2020-11-17,"HOSPITAL GENERAL DE ECATEPEC ""JOSÉ MARÍA RODRÍGUEZ""",EDOMEX,Buena,Buena,"19.514412, -99.038087"
2020-11-17,"HOSPITAL GENERAL NEZAHUALCOYOTL ""LA PERLA"" ",EDOMEX,Buena,Buena,"19.387963, -98.989442"
2020-11-17,HOSPITAL GENERAL DE CHIMALHUACAN,EDOMEX,Buena,Buena,"19.419753, -98.975140"
2020-11-17,"HOSPITAL GENERAL DE IXTAPALUCA ""PEDRO LOPEZ""",EDOMEX,Buena,Buena,"19.318829, -98.855366"
2020-11-17,HOSPITAL GENERAL DE CHALCO ,EDOMEX,Buena,Buena,"19.268265, -98.893965"
2020-11-17,"HOSPITAL GENERAL TEXCOCO ""GUADALUPE VICTORIA"" BICENTENARIO ",EDOMEX,Media,Buena,"19.514309, -98.871750"
2020-11-17,"HOSPITAL GENERAL VALLE DE CHALCO ""DR. FERNANDO QUIROZ GUTIERREZ"" ",EDOMEX,Buena,Buena,"19.273775, -98.941609"
2020-11-17,"HOSPITAL GENERAL AMECAMECA ""VALENTIN GOMEZ FARIAS"" ",EDOMEX,Buena,Buena,"19.144883, -98.785072"
2020-11-17,HOSPITAL GENERAL DE AXAPUSCO,EDOMEX,Buena,Buena,"19.732872, -98.769445"
2020-11-18,INSTITUTO NACIONAL DE NUTRICIÓN,SSA,Media,Media,"19.289599, -99.155441"
2020-11-18,INER,SSA,Crítica,Media,"19.291375, -99.158653"
2020-11-18,HOSPITAL GENERAL DE MÉXICO,SSA,Media,Buena,"19.4129258, -99.1520225"
2020-11-18,HOSPITAL JUAREZ,SSA,Buena,Buena,"19.481829, -99.135576"
2020-11-18,HOSPITAL GENERAL DR. MANUEL GEA GONZÁLEZ,SSA,Media,Media,"19.290295, -99.160861"
2020-11-18,HOSPITAL INFANTIL DE MÉXICO FEDERICO GÓMEZ,SSA,Buena,Buena,"19.410839, -99.151941"
2020-11-18,INSTITUTO  NACIONAL DE CARDIOLOGÍA IGNACIO CHÁVEZ,SSA,Buena,Buena,"19.290598, -99.153838"
2020-11-18,CITIBANAMEX,SSA,Buena,Crítica,"19.439732, -99.224235"
2020-11-18,HOSPITAL REGIONAL DE ALTA ESPECIALIDAD DE IXTAPALUCA,SSA,Buena,Buena,"19.318796, -98.855353"
2020-11-18,BELISARIO DOMINGUEZ,SEDESA,Media,Buena,"19.307226, -99.065356"
2020-11-18,ENRIQUE CABRERA,SEDESA,Buena,Buena,"19.361675, -99.224432"
2020-11-18,GENERAL TLAHUAC,SEDESA,Buena,Buena,"19.287492, -99.052665"
2020-11-18,PEDIATRICO DE LA VILLA,SEDESA,Buena,Buena,"19.487355, -99.114316"
2020-11-18,HOSPITAL GENERAL AJUSCO MEDIO,SEDESA,Buena,Buena,"19.272165, -99.207846"
2020-11-18,HOSPITAL GENERAL IZTAPALAPA,SEDESA,Buena,Buena,"19.343426, -99.027236"
2020-11-18,HOSPITAL GENERAL XOCO,SEDESA,Buena,Buena,"19.360313, -99.162275"
2020-11-18,HOSPITAL GENERAL VILLA,SEDESA,Media,Buena,"19.480079, -99.103353"
2020-11-18,HOSPITAL GENERAL DR. RUBÉN LEÑERO,SEDESA,Crítica,Buena,"19.451398, -99.169565"
2020-11-18,HOSPITAL GENERAL MILPA ALTA,SEDESA,Media,Buena,"19.200951, -99.011210"
2020-11-18,HOSPITAL GENERAL BALBUENA,SEDESA,Buena,Buena,"19.424195, -99.115412"
2020-11-18,HOSPITAL TEPEPAN,SEDESA,Sin Dato,Sin Dato,"19.275806, -99.144298"
2020-11-18,HOSPITAL DE ESPECIALIDADES 01 CMN SIGLO XXI (CDMX SUR),IMSS,Buena,Buena,"19.466549, -99.145102"
2020-11-18,HOSPITAL DE PEDIATRIA 01 CMN SIGLO XXI (CDMX SUR),IMSS,Buena,Buena,"19.407458, -99.152267"
2020-11-18,HOSPITAL GENERAL DE ZONA 01 CARLOS MC GREGOR (CDMX SUR),IMSS,Buena,Buena,"19.395912, -99.161610"
2020-11-18,HOSPITAL GENERAL DE ZONA 1A PARQUE DE LOS VENADOS (CDMX SUR),IMSS,Media,Buena,"19.374431, -99.151203"
2020-11-18,HOSPITAL DE INFECTOLOGIA 01 LA RAZA (CDMX NORTE),IMSS,Media,Buena,"19.464865, -99.144859"
2020-11-18,HOSPITAL GENERAL 01 (CDMX NORTE) LA RAZA,IMSS,Buena,Buena,"19.395740, -99.161677"
2020-11-18,HOSPITAL GENERAL DE ZONA 24 (CDMX NORTE),IMSS,Buena,Buena,"19.483221, -99.128448"
2020-11-18,HOSPITAL GENERAL DE ZONA 27 (CDMX NORTE),IMSS,Buena,Buena,"19.454776, -99.140007"
2020-11-18,HOSPITAL GENERAL DE ZONA 2A (CDMX SUR),IMSS,Media,Buena,"19.405495, -99.112200"
2020-11-18,HOSPITAL GENERAL DE ZONA 30 (CDMX SUR),IMSS,Buena,Buena,"19.398836, -99.116913"
2020-11-18,HOSPITAL GENERAL DE ZONA 32 (CDMX SUR),IMSS,Buena,Buena,"19.307964, -99.130677"
2020-11-18,HOSPITAL GENERAL DE ZONA C/MF 08 (CDMX SUR),IMSS,Media,Buena,"19.337137, -99.200142"
2020-11-18,HOSPITAL GENERAL DE ZONA C/UMAA 48 (CDMX NORTE),IMSS,Buena,Media,"19.482375, -99.213046"
2020-11-18,HOSPITAL GENERAL 02 (CDMX SUR) VILLA COAPA (COY.),IMSS,Buena,Buena,"19.309194, -99.129593"
2020-11-18,HOSPITAL DE ESPECIALIDADES 01 (CDMX NORTE) LA RAZA (AZC),IMSS,Buena,Buena,"19.467169, -99.143785"
2020-11-18,HOSPITAL GENERAL DE ZONA C/MF 29 (S. JUAN ARAGÓN),IMSS,Buena,Buena,"19.465117, -99.085162"
2020-11-18,HOSPITAL GENERAL DE ZONA 47 (CDMX SUR) (IZP),IMSS,Media,Buena,"19.357566, -99.054269"
2020-11-18,UNIDAD MÓVIL TEMPORAL COVID,IMSS,Buena,Media,"19.403082, -99.089177"
2020-11-18,CRIT IZTAPALAPA,IMSS,Buena,Buena,"19.328321, -99.068530"
2020-11-18,HOSPITAL GENERAL REGIONAL 72,IMSS,Media,Media,"19.356913, -98.990929"
2020-11-18,HOSPITAL GENERAL REGIONAL 196,IMSS,Buena,Buena,"19.515133, -98.891450"
2020-11-18,HOSPITAL GENERAL REGIONAL 200,IMSS,Buena,Buena,"19.470300, -99.234208"
2020-11-18,HOSPITAL GENERAL DE ZONA 53,IMSS,Media,Media,"19.597387, -99.188426"
2020-11-18,HOSPITAL GENERAL DE ZONA 197,IMSS,Buena,Buena,"19.530797, -99.222446"
2020-11-18,HOSPITAL GENERAL DE ZONA 194,IMSS,Media,Buena,"19.570070, -99.044009"
2020-11-18,HOSPITAL GENERAL DE ZONA 57 (LA QUEBRADA),IMSS,Buena,Buena,"19.542797, -99.205022"
2020-11-18,HOSPITAL GENERAL DE ZONA 58 (LAS MARGARITAS),IMSS,Media,Buena,"19.529016, -99.030983"
2020-11-18,HOSPITAL GENERAL DE ZONA 68 (TULPETLAC),IMSS,Buena,Buena,"19.742905, -98.972971"
2020-11-18,HOSPITAL GENERAL DE ZONA 71 (CHALCO),IMSS,Buena,Buena,"19.356913, -98.990929"
2020-11-18,HOSPITAL GENERAL DE ZONA 76 (XALOSTOC),IMSS,Media,Media,"19.515133, -98.891450"
2020-11-18,HOSPITAL GENERAL DE ZONA 98 (COACALCO),IMSS,Buena,Buena,"19.470300, -99.234208"
2020-11-18,CRIT NEZAHUALCÓYOTL,IMSS,Buena,Buena,"19.425795, -99.029987"
2020-11-18,CENTRO MEDICO 20 DE NOVIEMBRE,ISSSTE,Buena,Buena,"19.372720, -99.171205"
2020-11-18,HG DARIO FERNANDEZ FIERRO,ISSSTE,Buena,Media,"19.363602, -99.188608"
2020-11-18,HG JOSE MARIA MORELOS,ISSSTE,Buena,Crítica,"19.363918, -98.995393"
2020-11-18,HG TACUBA,ISSSTE,Media,Media,"19.454384, -99.191231"
2020-11-18,HG DR FERNANDO QUIROZ,ISSSTE,Buena,Buena,"19.394242, -99.194187"
2020-11-18,HG IGNACIO ZARAGOZA,ISSSTE,Media,Buena,"19.389472, -99.045019"
2020-11-18,HR PRIMERO DE OCTUBRE,ISSSTE,Media,Media,"19.486751, -99.133249"
2020-11-18,HR LIC. ADOLFO LÓPEZ MATEOS,ISSSTE,Buena,Media,"19.358451, -99.172716"
2020-11-18,HR BICENTENARIO DE LA INDEPENDENCIA,ISSSTE,Buena,Buena,"19.628814, -99.163343"
2020-11-18,ALTA ESPECIALIDAD DE ZUMPANGO,EDOMEX,Buena,Buena,"19.815198, -99.089196"
2020-11-18,HOSPITAL REGIONAL TLALNEPANTLA ISSEMYM,EDOMEX,Media,Buena,"19.521706, -99.187341"
2020-11-18,"HOSPITAL GENERAL ECATEPEC ""LAS AMÉRICAS""",EDOMEX,Buena,Media,"19.594136, -99.018679"
2020-11-18,"HOSPITAL GENERAL DE NAUCALPAN ""DR. MAXIMILIANO RUIZ CASTAÑEDA"" ",EDOMEX,Buena,Buena,"19.468662, -99.234348"
2020-11-18,"HOSPITAL GENERAL ATIZAPAN DE ZARAGOZA ""DR. SALVADOR GONZALEZ HERREJÓN""",EDOMEX,Buena,Buena,"19.546322, -99.237491"
2020-11-18,"HOSPITAL GENERAL CUAUTITLAN ""GRAL. JOSE VICENTE VILLADA""",EDOMEX,Buena,Buena,"19.664586, -99.178557"
2020-11-18,"HOSPITAL GENERAL DE NEZAHUALCOYOTL ""GUSTAVO BAZ PRADA""",EDOMEX,Buena,Media,"19.422253, -99.014892"
2020-11-18,"HOSPITAL GENERAL DE ECATEPEC ""JOSÉ MARÍA RODRÍGUEZ""",EDOMEX,Buena,Buena,"19.514412, -99.038087"
2020-11-18,"HOSPITAL GENERAL NEZAHUALCOYOTL ""LA PERLA"" ",EDOMEX,Buena,Buena,"19.387963, -98.989442"
2020-11-18,HOSPITAL GENERAL DE CHIMALHUACAN,EDOMEX,Buena,Buena,"19.419753, -98.975140"
2020-11-18,"HOSPITAL GENERAL DE IXTAPALUCA ""PEDRO LOPEZ""",EDOMEX,Buena,Buena,"19.318829, -98.855366"
2020-11-18,HOSPITAL GENERAL DE CHALCO ,EDOMEX,Buena,Buena,"19.268265, -98.893965"
2020-11-18,"HOSPITAL GENERAL TEXCOCO ""GUADALUPE VICTORIA"" BICENTENARIO ",EDOMEX,Media,Buena,"19.514309, -98.871750"
2020-11-18,"HOSPITAL GENERAL VALLE DE CHALCO ""DR. FERNANDO QUIROZ GUTIERREZ"" ",EDOMEX,Buena,Buena,"19.273775, -98.941609"
2020-11-18,"HOSPITAL GENERAL AMECAMECA ""VALENTIN GOMEZ FARIAS"" ",EDOMEX,Buena,Buena,"19.144883, -98.785072"
2020-11-18,HOSPITAL GENERAL DE AXAPUSCO,EDOMEX,Buena,Media,"19.732872, -98.769445"
2020-11-19,INSTITUTO NACIONAL DE NUTRICIÓN,SSA,Media,Media,"19.289599, -99.155441"
2020-11-19,INER,SSA,Crítica,Media,"19.291375, -99.158653"
2020-11-19,HOSPITAL GENERAL DE MÉXICO,SSA,Media,Media,"19.4129258, -99.1520225"
2020-11-19,HOSPITAL JUAREZ,SSA,Media,Media,"19.481829, -99.135576"
2020-11-19,HOSPITAL GENERAL DR. MANUEL GEA GONZÁLEZ,SSA,Media,Media,"19.290295, -99.160861"
2020-11-19,HOSPITAL INFANTIL DE MÉXICO FEDERICO GÓMEZ,SSA,Buena,Buena,"19.410839, -99.151941"
2020-11-19,INSTITUTO  NACIONAL DE CARDIOLOGÍA IGNACIO CHÁVEZ,SSA,Buena,Buena,"19.290598, -99.153838"
2020-11-19,CITIBANAMEX,SSA,Buena,Crítica,"19.439732, -99.224235"
2020-11-19,HOSPITAL REGIONAL DE ALTA ESPECIALIDAD DE IXTAPALUCA,SSA,Buena,Media,"19.318796, -98.855353"
2020-11-19,BELISARIO DOMINGUEZ,SEDESA,Media,Buena,"19.307226, -99.065356"
2020-11-19,ENRIQUE CABRERA,SEDESA,Media,Buena,"19.361675, -99.224432"
2020-11-19,GENERAL TLAHUAC,SEDESA,Buena,Buena,"19.287492, -99.052665"
2020-11-19,PEDIATRICO DE LA VILLA,SEDESA,Buena,Buena,"19.487355, -99.114316"
2020-11-19,HOSPITAL GENERAL AJUSCO MEDIO,SEDESA,Media,Media,"19.272165, -99.207846"
2020-11-19,HOSPITAL GENERAL IZTAPALAPA,SEDESA,Buena,Buena,"19.343426, -99.027236"
2020-11-19,HOSPITAL GENERAL XOCO,SEDESA,Buena,Buena,"19.360313, -99.162275"
2020-11-19,HOSPITAL GENERAL VILLA,SEDESA,Media,Buena,"19.480079, -99.103353"
2020-11-19,HOSPITAL GENERAL DR. RUBÉN LEÑERO,SEDESA,Crítica,Buena,"19.451398, -99.169565"
2020-11-19,HOSPITAL GENERAL MILPA ALTA,SEDESA,Buena,Media,"19.200951, -99.011210"
2020-11-19,HOSPITAL GENERAL BALBUENA,SEDESA,Buena,Buena,"19.424195, -99.115412"
2020-11-19,HOSPITAL TEPEPAN,SEDESA,Sin Dato,Sin Dato,"19.275806, -99.144298"
2020-11-19,HOSPITAL DE ESPECIALIDADES 01 CMN SIGLO XXI (CDMX SUR),IMSS,Buena,Buena,"19.466549, -99.145102"
2020-11-19,HOSPITAL DE PEDIATRIA 01 CMN SIGLO XXI (CDMX SUR),IMSS,Buena,Buena,"19.407458, -99.152267"
2020-11-19,HOSPITAL GENERAL DE ZONA 01 CARLOS MC GREGOR (CDMX SUR),IMSS,Media,Media,"19.395912, -99.161610"
2020-11-19,HOSPITAL GENERAL DE ZONA 1A PARQUE DE LOS VENADOS (CDMX SUR),IMSS,Media,Buena,"19.374431, -99.151203"
2020-11-19,HOSPITAL DE INFECTOLOGIA 01 LA RAZA (CDMX NORTE),IMSS,Media,Media,"19.464865, -99.144859"
2020-11-19,HOSPITAL GENERAL 01 (CDMX NORTE) LA RAZA,IMSS,Buena,Buena,"19.395740, -99.161677"
2020-11-19,HOSPITAL GENERAL DE ZONA 24 (CDMX NORTE),IMSS,Media,Buena,"19.483221, -99.128448"
2020-11-19,HOSPITAL GENERAL DE ZONA 27 (CDMX NORTE),IMSS,Buena,Buena,"19.454776, -99.140007"
2020-11-19,HOSPITAL GENERAL DE ZONA 2A (CDMX SUR),IMSS,Crítica,Buena,"19.405495, -99.112200"
2020-11-19,HOSPITAL GENERAL DE ZONA 30 (CDMX SUR),IMSS,Media,Buena,"19.398836, -99.116913"
2020-11-19,HOSPITAL GENERAL DE ZONA 32 (CDMX SUR),IMSS,Crítica,Buena,"19.307964, -99.130677"
2020-11-19,HOSPITAL GENERAL DE ZONA C/MF 08 (CDMX SUR),IMSS,Media,Buena,"19.337137, -99.200142"
2020-11-19,HOSPITAL GENERAL DE ZONA C/UMAA 48 (CDMX NORTE),IMSS,Media,Media,"19.482375, -99.213046"
2020-11-19,HOSPITAL GENERAL 02 (CDMX SUR) VILLA COAPA (COY.),IMSS,Media,Buena,"19.309194, -99.129593"
2020-11-19,HOSPITAL DE ESPECIALIDADES 01 (CDMX NORTE) LA RAZA (AZC),IMSS,Crítica,Buena,"19.467169, -99.143785"
2020-11-19,HOSPITAL GENERAL DE ZONA C/MF 29 (S. JUAN ARAGÓN),IMSS,Media,Buena,"19.465117, -99.085162"
2020-11-19,HOSPITAL GENERAL DE ZONA 47 (CDMX SUR) (IZP),IMSS,Buena,Buena,"19.357566, -99.054269"
2020-11-19,UNIDAD MÓVIL TEMPORAL COVID,IMSS,Crítica,Crítica,"19.403082, -99.089177"
2020-11-19,CRIT IZTAPALAPA,IMSS,Buena,Buena,"19.328321, -99.068530"
2020-11-19,HOSPITAL GENERAL REGIONAL 72,IMSS,Media,Media,"19.356913, -98.990929"
2020-11-19,HOSPITAL GENERAL REGIONAL 196,IMSS,Buena,Buena,"19.515133, -98.891450"
2020-11-19,HOSPITAL GENERAL REGIONAL 200,IMSS,Media,Buena,"19.470300, -99.234208"
2020-11-19,HOSPITAL GENERAL DE ZONA 53,IMSS,Media,Buena,"19.597387, -99.188426"
2020-11-19,HOSPITAL GENERAL DE ZONA 197,IMSS,Buena,Buena,"19.530797, -99.222446"
2020-11-19,HOSPITAL GENERAL DE ZONA 194,IMSS,Media,Buena,"19.570070, -99.044009"
2020-11-19,HOSPITAL GENERAL DE ZONA 57 (LA QUEBRADA),IMSS,Buena,Buena,"19.542797, -99.205022"
2020-11-19,HOSPITAL GENERAL DE ZONA 58 (LAS MARGARITAS),IMSS,Media,Buena,"19.529016, -99.030983"
2020-11-19,HOSPITAL GENERAL DE ZONA 68 (TULPETLAC),IMSS,Buena,Buena,"19.742905, -98.972971"
2020-11-19,HOSPITAL GENERAL DE ZONA 71 (CHALCO),IMSS,Buena,Buena,"19.356913, -98.990929"
2020-11-19,HOSPITAL GENERAL DE ZONA 76 (XALOSTOC),IMSS,Media,Media,"19.515133, -98.891450"
2020-11-19,HOSPITAL GENERAL DE ZONA 98 (COACALCO),IMSS,Buena,Buena,"19.470300, -99.234208"
2020-11-19,CRIT NEZAHUALCÓYOTL,IMSS,Buena,Buena,"19.425795, -99.029987"
2020-11-19,CENTRO MEDICO 20 DE NOVIEMBRE,ISSSTE,Buena,Buena,"19.372720, -99.171205"
2020-11-19,HG DARIO FERNANDEZ FIERRO,ISSSTE,Media,Media,"19.363602, -99.188608"
2020-11-19,HG JOSE MARIA MORELOS,ISSSTE,Media,Media,"19.363918, -98.995393"
2020-11-19,HG TACUBA,ISSSTE,Crítica,Media,"19.454384, -99.191231"
2020-11-19,HG DR FERNANDO QUIROZ,ISSSTE,Media,Buena,"19.394242, -99.194187"
2020-11-19,HG IGNACIO ZARAGOZA,ISSSTE,Media,Buena,"19.389472, -99.045019"
2020-11-19,HR PRIMERO DE OCTUBRE,ISSSTE,Crítica,Media,"19.486751, -99.133249"
2020-11-19,HR LIC. ADOLFO LÓPEZ MATEOS,ISSSTE,Buena,Buena,"19.358451, -99.172716"
2020-11-19,HR BICENTENARIO DE LA INDEPENDENCIA,ISSSTE,Media,Media,"19.628814, -99.163343"
2020-11-19,ALTA ESPECIALIDAD DE ZUMPANGO,EDOMEX,Buena,Buena,"19.815198, -99.089196"
2020-11-19,HOSPITAL REGIONAL TLALNEPANTLA ISSEMYM,EDOMEX,Media,Buena,"19.521706, -99.187341"
2020-11-19,"HOSPITAL GENERAL ECATEPEC ""LAS AMÉRICAS""",EDOMEX,Buena,Buena,"19.594136, -99.018679"
2020-11-19,"HOSPITAL GENERAL DE NAUCALPAN ""DR. MAXIMILIANO RUIZ CASTAÑEDA"" ",EDOMEX,Buena,Buena,"19.468662, -99.234348"
2020-11-19,"HOSPITAL GENERAL ATIZAPAN DE ZARAGOZA ""DR. SALVADOR GONZALEZ HERREJÓN""",EDOMEX,Buena,Buena,"19.546322, -99.237491"
2020-11-19,"HOSPITAL GENERAL CUAUTITLAN ""GRAL. JOSE VICENTE VILLADA""",EDOMEX,Buena,Buena,"19.664586, -99.178557"
2020-11-19,"HOSPITAL GENERAL DE NEZAHUALCOYOTL ""GUSTAVO BAZ PRADA""",EDOMEX,Buena,Media,"19.422253, -99.014892"
2020-11-19,"HOSPITAL GENERAL DE ECATEPEC ""JOSÉ MARÍA RODRÍGUEZ""",EDOMEX,Buena,Buena,"19.514412, -99.038087"
2020-11-19,"HOSPITAL GENERAL NEZAHUALCOYOTL ""LA PERLA"" ",EDOMEX,Buena,Buena,"19.387963, -98.989442"
2020-11-19,HOSPITAL GENERAL DE CHIMALHUACAN,EDOMEX,Buena,Buena,"19.419753, -98.975140"
2020-11-19,"HOSPITAL GENERAL DE IXTAPALUCA ""PEDRO LOPEZ""",EDOMEX,Buena,Buena,"19.318829, -98.855366"
2020-11-19,HOSPITAL GENERAL DE CHALCO ,EDOMEX,Buena,Media,"19.268265, -98.893965"
2020-11-19,"HOSPITAL GENERAL TEXCOCO ""GUADALUPE VICTORIA"" BICENTENARIO ",EDOMEX,Media,Buena,"19.514309, -98.871750"
2020-11-19,"HOSPITAL GENERAL VALLE DE CHALCO ""DR. FERNANDO QUIROZ GUTIERREZ"" ",EDOMEX,Buena,Buena,"19.273775, -98.941609"
2020-11-19,"HOSPITAL GENERAL AMECAMECA ""VALENTIN GOMEZ FARIAS"" ",EDOMEX,Buena,Buena,"19.144883, -98.785072"
2020-11-19,HOSPITAL GENERAL DE AXAPUSCO,EDOMEX,Media,Buena,"19.732872, -98.769445"
2020-11-20,INSTITUTO NACIONAL DE NUTRICIÓN,SSA,Buena,Media,"19.289599, -99.155441"
2020-11-20,INER,SSA,Crítica,Media,"19.291375, -99.158653"
2020-11-20,HOSPITAL GENERAL DE MÉXICO,SSA,Buena,Media,"19.4129258, -99.1520225"
2020-11-20,HOSPITAL JUAREZ,SSA,Media,Media,"19.481829, -99.135576"
2020-11-20,HOSPITAL GENERAL DR. MANUEL GEA GONZÁLEZ,SSA,Media,Buena,"19.290295, -99.160861"
2020-11-20,HOSPITAL INFANTIL DE MÉXICO FEDERICO GÓMEZ,SSA,Buena,Buena,"19.410839, -99.151941"
2020-11-20,INSTITUTO  NACIONAL DE CARDIOLOGÍA IGNACIO CHÁVEZ,SSA,Buena,Buena,"19.290598, -99.153838"
2020-11-20,CITIBANAMEX,SSA,Buena,Crítica,"19.439732, -99.224235"
2020-11-20,HOSPITAL REGIONAL DE ALTA ESPECIALIDAD DE IXTAPALUCA,SSA,Buena,Media,"19.318796, -98.855353"
2020-11-20,BELISARIO DOMINGUEZ,SEDESA,Media,Buena,"19.307226, -99.065356"
2020-11-20,ENRIQUE CABRERA,SEDESA,Media,Buena,"19.361675, -99.224432"
2020-11-20,GENERAL TLAHUAC,SEDESA,Buena,Buena,"19.287492, -99.052665"
2020-11-20,PEDIATRICO DE LA VILLA,SEDESA,Buena,Buena,"19.487355, -99.114316"
2020-11-20,HOSPITAL GENERAL AJUSCO MEDIO,SEDESA,Media,Media,"19.272165, -99.207846"
2020-11-20,HOSPITAL GENERAL IZTAPALAPA,SEDESA,Buena,Buena,"19.343426, -99.027236"
2020-11-20,HOSPITAL GENERAL XOCO,SEDESA,Buena,Buena,"19.360313, -99.162275"
2020-11-20,HOSPITAL GENERAL VILLA,SEDESA,Buena,Buena,"19.480079, -99.103353"
2020-11-20,HOSPITAL GENERAL DR. RUBÉN LEÑERO,SEDESA,Media,Buena,"19.451398, -99.169565"
2020-11-20,HOSPITAL GENERAL MILPA ALTA,SEDESA,Media,Buena,"19.200951, -99.011210"
2020-11-20,HOSPITAL GENERAL BALBUENA,SEDESA,Buena,Buena,"19.424195, -99.115412"
2020-11-20,HOSPITAL TEPEPAN,SEDESA,Sin Dato,Sin Dato,"19.275806, -99.144298"
2020-11-20,HOSPITAL DE ESPECIALIDADES 01 CMN SIGLO XXI (CDMX SUR),IMSS,Buena,Buena,"19.466549, -99.145102"
2020-11-20,HOSPITAL DE PEDIATRIA 01 CMN SIGLO XXI (CDMX SUR),IMSS,Buena,Buena,"19.407458, -99.152267"
2020-11-20,HOSPITAL GENERAL DE ZONA 01 CARLOS MC GREGOR (CDMX SUR),IMSS,Media,Media,"19.395912, -99.161610"
2020-11-20,HOSPITAL GENERAL DE ZONA 1A PARQUE DE LOS VENADOS (CDMX SUR),IMSS,Media,Buena,"19.374431, -99.151203"
2020-11-20,HOSPITAL DE INFECTOLOGIA 01 LA RAZA (CDMX NORTE),IMSS,Media,Media,"19.464865, -99.144859"
2020-11-20,HOSPITAL GENERAL 01 (CDMX NORTE) LA RAZA,IMSS,Media,Buena,"19.395740, -99.161677"
2020-11-20,HOSPITAL GENERAL DE ZONA 24 (CDMX NORTE),IMSS,Media,Buena,"19.483221, -99.128448"
2020-11-20,HOSPITAL GENERAL DE ZONA 27 (CDMX NORTE),IMSS,Buena,Buena,"19.454776, -99.140007"
2020-11-20,HOSPITAL GENERAL DE ZONA 2A (CDMX SUR),IMSS,Media,Buena,"19.405495, -99.112200"
2020-11-20,HOSPITAL GENERAL DE ZONA 30 (CDMX SUR),IMSS,Media,Media,"19.398836, -99.116913"
2020-11-20,HOSPITAL GENERAL DE ZONA 32 (CDMX SUR),IMSS,Media,Buena,"19.307964, -99.130677"
2020-11-20,HOSPITAL GENERAL DE ZONA C/MF 08 (CDMX SUR),IMSS,Media,Buena,"19.337137, -99.200142"
2020-11-20,HOSPITAL GENERAL DE ZONA C/UMAA 48 (CDMX NORTE),IMSS,Media,Media,"19.482375, -99.213046"
2020-11-20,HOSPITAL GENERAL 02 (CDMX SUR) VILLA COAPA (COY.),IMSS,Media,Buena,"19.309194, -99.129593"
2020-11-20,HOSPITAL DE ESPECIALIDADES 01 (CDMX NORTE) LA RAZA (AZC),IMSS,Media,Buena,"19.467169, -99.143785"
2020-11-20,HOSPITAL GENERAL DE ZONA C/MF 29 (S. JUAN ARAGÓN),IMSS,Media,Buena,"19.465117, -99.085162"
2020-11-20,HOSPITAL GENERAL DE ZONA 47 (CDMX SUR) (IZP),IMSS,Buena,Buena,"19.357566, -99.054269"
2020-11-20,UNIDAD MÓVIL TEMPORAL COVID,IMSS,Crítica,Crítica,"19.403082, -99.089177"
2020-11-20,CRIT IZTAPALAPA,IMSS,Buena,Buena,"19.328321, -99.068530"
2020-11-20,HOSPITAL GENERAL REGIONAL 72,IMSS,Media,Media,"19.356913, -98.990929"
2020-11-20,HOSPITAL GENERAL REGIONAL 196,IMSS,Buena,Buena,"19.515133, -98.891450"
2020-11-20,HOSPITAL GENERAL REGIONAL 200,IMSS,Media,Buena,"19.470300, -99.234208"
2020-11-20,HOSPITAL GENERAL DE ZONA 53,IMSS,Media,Buena,"19.597387, -99.188426"
2020-11-20,HOSPITAL GENERAL DE ZONA 197,IMSS,Buena,Buena,"19.530797, -99.222446"
2020-11-20,HOSPITAL GENERAL DE ZONA 194,IMSS,Media,Buena,"19.570070, -99.044009"
2020-11-20,HOSPITAL GENERAL DE ZONA 57 (LA QUEBRADA),IMSS,Media,Media,"19.542797, -99.205022"
2020-11-20,HOSPITAL GENERAL DE ZONA 58 (LAS MARGARITAS),IMSS,Media,Buena,"19.529016, -99.030983"
2020-11-20,HOSPITAL GENERAL DE ZONA 68 (TULPETLAC),IMSS,Buena,Buena,"19.742905, -98.972971"
2020-11-20,HOSPITAL GENERAL DE ZONA 71 (CHALCO),IMSS,Buena,Buena,"19.356913, -98.990929"
2020-11-20,HOSPITAL GENERAL DE ZONA 76 (XALOSTOC),IMSS,Media,Media,"19.515133, -98.891450"
2020-11-20,HOSPITAL GENERAL DE ZONA 98 (COACALCO),IMSS,Buena,Buena,"19.470300, -99.234208"
2020-11-20,CRIT NEZAHUALCÓYOTL,IMSS,Buena,Buena,"19.425795, -99.029987"
2020-11-20,CENTRO MEDICO 20 DE NOVIEMBRE,ISSSTE,Buena,Buena,"19.372720, -99.171205"
2020-11-20,HG DARIO FERNANDEZ FIERRO,ISSSTE,Media,Media,"19.363602, -99.188608"
2020-11-20,HG JOSE MARIA MORELOS,ISSSTE,Media,Crítica,"19.363918, -98.995393"
2020-11-20,HG TACUBA,ISSSTE,Crítica,Buena,"19.454384, -99.191231"
2020-11-20,HG DR FERNANDO QUIROZ,ISSSTE,Media,Buena,"19.394242, -99.194187"
2020-11-20,HG IGNACIO ZARAGOZA,ISSSTE,Media,Buena,"19.389472, -99.045019"
2020-11-20,HR PRIMERO DE OCTUBRE,ISSSTE,Crítica,Buena,"19.486751, -99.133249"
2020-11-20,HR LIC. ADOLFO LÓPEZ MATEOS,ISSSTE,Buena,Buena,"19.358451, -99.172716"
2020-11-20,HR BICENTENARIO DE LA INDEPENDENCIA,ISSSTE,Media,Buena,"19.628814, -99.163343"
2020-11-20,ALTA ESPECIALIDAD DE ZUMPANGO,EDOMEX,Buena,Buena,"19.815198, -99.089196"
2020-11-20,HOSPITAL REGIONAL TLALNEPANTLA ISSEMYM,EDOMEX,Media,Buena,"19.521706, -99.187341"
2020-11-20,"HOSPITAL GENERAL ECATEPEC ""LAS AMÉRICAS""",EDOMEX,Buena,Buena,"19.594136, -99.018679"
2020-11-20,"HOSPITAL GENERAL DE NAUCALPAN ""DR. MAXIMILIANO RUIZ CASTAÑEDA"" ",EDOMEX,Buena,Buena,"19.468662, -99.234348"
2020-11-20,"HOSPITAL GENERAL ATIZAPAN DE ZARAGOZA ""DR. SALVADOR GONZALEZ HERREJÓN""",EDOMEX,Buena,Buena,"19.546322, -99.237491"
2020-11-20,"HOSPITAL GENERAL CUAUTITLAN ""GRAL. JOSE VICENTE VILLADA""",EDOMEX,Media,Buena,"19.664586, -99.178557"
2020-11-20,"HOSPITAL GENERAL DE NEZAHUALCOYOTL ""GUSTAVO BAZ PRADA""",EDOMEX,Buena,Crítica,"19.422253, -99.014892"
2020-11-20,"HOSPITAL GENERAL DE ECATEPEC ""JOSÉ MARÍA RODRÍGUEZ""",EDOMEX,Buena,Buena,"19.514412, -99.038087"
2020-11-20,"HOSPITAL GENERAL NEZAHUALCOYOTL ""LA PERLA"" ",EDOMEX,Buena,Buena,"19.387963, -98.989442"
2020-11-20,HOSPITAL GENERAL DE CHIMALHUACAN,EDOMEX,Media,Buena,"19.419753, -98.975140"
2020-11-20,"HOSPITAL GENERAL DE IXTAPALUCA ""PEDRO LOPEZ""",EDOMEX,Buena,Buena,"19.318829, -98.855366"
2020-11-20,HOSPITAL GENERAL DE CHALCO ,EDOMEX,Buena,Media,"19.268265, -98.893965"
2020-11-20,"HOSPITAL GENERAL TEXCOCO ""GUADALUPE VICTORIA"" BICENTENARIO ",EDOMEX,Media,Buena,"19.514309, -98.871750"
2020-11-20,"HOSPITAL GENERAL VALLE DE CHALCO ""DR. FERNANDO QUIROZ GUTIERREZ"" ",EDOMEX,Buena,Buena,"19.273775, -98.941609"
2020-11-20,"HOSPITAL GENERAL AMECAMECA ""VALENTIN GOMEZ FARIAS"" ",EDOMEX,Buena,Buena,"19.144883, -98.785072"
2020-11-20,HOSPITAL GENERAL DE AXAPUSCO,EDOMEX,Media,Buena,"19.732872, -98.769445"
2020-11-21,INSTITUTO NACIONAL DE NUTRICIÓN,SSA,Media,Media,"19.289599, -99.155441"
2020-11-21,INER,SSA,Crítica,Media,"19.291375, -99.158653"
2020-11-21,HOSPITAL GENERAL DE MÉXICO,SSA,Buena,Media,"19.4129258, -99.1520225"
2020-11-21,HOSPITAL JUAREZ,SSA,Media,Media,"19.481829, -99.135576"
2020-11-21,HOSPITAL GENERAL DR. MANUEL GEA GONZÁLEZ,SSA,Media,Buena,"19.290295, -99.160861"
2020-11-21,HOSPITAL INFANTIL DE MÉXICO FEDERICO GÓMEZ,SSA,Buena,Buena,"19.410839, -99.151941"
2020-11-21,INSTITUTO  NACIONAL DE CARDIOLOGÍA IGNACIO CHÁVEZ,SSA,Buena,Buena,"19.290598, -99.153838"
2020-11-21,CITIBANAMEX,SSA,Buena,Crítica,"19.439732, -99.224235"
2020-11-21,HOSPITAL REGIONAL DE ALTA ESPECIALIDAD DE IXTAPALUCA,SSA,Buena,Media,"19.318796, -98.855353"
2020-11-21,BELISARIO DOMINGUEZ,SEDESA,Media,Buena,"19.307226, -99.065356"
2020-11-21,ENRIQUE CABRERA,SEDESA,Media,Buena,"19.361675, -99.224432"
2020-11-21,GENERAL TLAHUAC,SEDESA,Buena,Buena,"19.287492, -99.052665"
2020-11-21,PEDIATRICO DE LA VILLA,SEDESA,Buena,Buena,"19.487355, -99.114316"
2020-11-21,HOSPITAL GENERAL AJUSCO MEDIO,SEDESA,Media,Media,"19.272165, -99.207846"
2020-11-21,HOSPITAL GENERAL IZTAPALAPA,SEDESA,Buena,Buena,"19.343426, -99.027236"
2020-11-21,HOSPITAL GENERAL XOCO,SEDESA,Buena,Buena,"19.360313, -99.162275"
2020-11-21,HOSPITAL GENERAL VILLA,SEDESA,Media,Buena,"19.480079, -99.103353"
2020-11-21,HOSPITAL GENERAL DR. RUBÉN LEÑERO,SEDESA,Media,Buena,"19.451398, -99.169565"
2020-11-21,HOSPITAL GENERAL MILPA ALTA,SEDESA,Media,Buena,"19.200951, -99.011210"
2020-11-21,HOSPITAL GENERAL BALBUENA,SEDESA,Buena,Buena,"19.424195, -99.115412"
2020-11-21,HOSPITAL TEPEPAN,SEDESA,Sin Dato,Sin Dato,"19.275806, -99.144298"
2020-11-21,HOSPITAL DE ESPECIALIDADES 01 CMN SIGLO XXI (CDMX SUR),IMSS,Buena,Buena,"19.466549, -99.145102"
2020-11-21,HOSPITAL DE PEDIATRIA 01 CMN SIGLO XXI (CDMX SUR),IMSS,Buena,Buena,"19.407458, -99.152267"
2020-11-21,HOSPITAL GENERAL DE ZONA 01 CARLOS MC GREGOR (CDMX SUR),IMSS,Media,Media,"19.395912, -99.161610"
2020-11-21,HOSPITAL GENERAL DE ZONA 1A PARQUE DE LOS VENADOS (CDMX SUR),IMSS,Media,Buena,"19.374431, -99.151203"
2020-11-21,HOSPITAL DE INFECTOLOGIA 01 LA RAZA (CDMX NORTE),IMSS,Media,Media,"19.464865, -99.144859"
2020-11-21,HOSPITAL GENERAL 01 (CDMX NORTE) LA RAZA,IMSS,Media,Buena,"19.395740, -99.161677"
2020-11-21,HOSPITAL GENERAL DE ZONA 24 (CDMX NORTE),IMSS,Media,Buena,"19.483221, -99.128448"
2020-11-21,HOSPITAL GENERAL DE ZONA 27 (CDMX NORTE),IMSS,Buena,Buena,"19.454776, -99.140007"
2020-11-21,HOSPITAL GENERAL DE ZONA 2A (CDMX SUR),IMSS,Media,Buena,"19.405495, -99.112200"
2020-11-21,HOSPITAL GENERAL DE ZONA 30 (CDMX SUR),IMSS,Media,Media,"19.398836, -99.116913"
2020-11-21,HOSPITAL GENERAL DE ZONA 32 (CDMX SUR),IMSS,Media,Buena,"19.307964, -99.130677"
2020-11-21,HOSPITAL GENERAL DE ZONA C/MF 08 (CDMX SUR),IMSS,Media,Buena,"19.337137, -99.200142"
2020-11-21,HOSPITAL GENERAL DE ZONA C/UMAA 48 (CDMX NORTE),IMSS,Media,Media,"19.482375, -99.213046"
2020-11-21,HOSPITAL GENERAL 02 (CDMX SUR) VILLA COAPA (COY.),IMSS,Media,Buena,"19.309194, -99.129593"
2020-11-21,HOSPITAL DE ESPECIALIDADES 01 (CDMX NORTE) LA RAZA (AZC),IMSS,Media,Buena,"19.467169, -99.143785"
2020-11-21,HOSPITAL GENERAL DE ZONA C/MF 29 (S. JUAN ARAGÓN),IMSS,Media,Buena,"19.465117, -99.085162"
2020-11-21,HOSPITAL GENERAL DE ZONA 47 (CDMX SUR) (IZP),IMSS,Buena,Buena,"19.357566, -99.054269"
2020-11-21,UNIDAD MÓVIL TEMPORAL COVID,IMSS,Crítica,Crítica,"19.403082, -99.089177"
2020-11-21,CRIT IZTAPALAPA,IMSS,Buena,Buena,"19.328321, -99.068530"
2020-11-21,HOSPITAL GENERAL REGIONAL 72,IMSS,Media,Media,"19.356913, -98.990929"
2020-11-21,HOSPITAL GENERAL REGIONAL 196,IMSS,Buena,Buena,"19.515133, -98.891450"
2020-11-21,HOSPITAL GENERAL REGIONAL 200,IMSS,Media,Buena,"19.470300, -99.234208"
2020-11-21,HOSPITAL GENERAL DE ZONA 53,IMSS,Media,Buena,"19.597387, -99.188426"
2020-11-21,HOSPITAL GENERAL DE ZONA 197,IMSS,Buena,Buena,"19.530797, -99.222446"
2020-11-21,HOSPITAL GENERAL DE ZONA 194,IMSS,Media,Buena,"19.570070, -99.044009"
2020-11-21,HOSPITAL GENERAL DE ZONA 57 (LA QUEBRADA),IMSS,Buena,Buena,"19.542797, -99.205022"
2020-11-21,HOSPITAL GENERAL DE ZONA 58 (LAS MARGARITAS),IMSS,Media,Media,"19.529016, -99.030983"
2020-11-21,HOSPITAL GENERAL DE ZONA 68 (TULPETLAC),IMSS,Buena,Buena,"19.742905, -98.972971"
2020-11-21,HOSPITAL GENERAL DE ZONA 71 (CHALCO),IMSS,Buena,Buena,"19.356913, -98.990929"
2020-11-21,HOSPITAL GENERAL DE ZONA 76 (XALOSTOC),IMSS,Media,Media,"19.515133, -98.891450"
2020-11-21,HOSPITAL GENERAL DE ZONA 98 (COACALCO),IMSS,Buena,Buena,"19.470300, -99.234208"
2020-11-21,CRIT NEZAHUALCÓYOTL,IMSS,Buena,Buena,"19.425795, -99.029987"
2020-11-21,CENTRO MEDICO 20 DE NOVIEMBRE,ISSSTE,Buena,Buena,"19.372720, -99.171205"
2020-11-21,HG DARIO FERNANDEZ FIERRO,ISSSTE,Media,Crítica,"19.363602, -99.188608"
2020-11-21,HG JOSE MARIA MORELOS,ISSSTE,Buena,Crítica,"19.363918, -98.995393"
2020-11-21,HG TACUBA,ISSSTE,Crítica,Media,"19.454384, -99.191231"
2020-11-21,HG DR FERNANDO QUIROZ,ISSSTE,Media,Buena,"19.394242, -99.194187"
2020-11-21,HG IGNACIO ZARAGOZA,ISSSTE,Media,Media,"19.389472, -99.045019"
2020-11-21,HR PRIMERO DE OCTUBRE,ISSSTE,Crítica,Buena,"19.486751, -99.133249"
2020-11-21,HR LIC. ADOLFO LÓPEZ MATEOS,ISSSTE,Buena,Buena,"19.358451, -99.172716"
2020-11-21,HR BICENTENARIO DE LA INDEPENDENCIA,ISSSTE,Media,Media,"19.628814, -99.163343"
2020-11-21,ALTA ESPECIALIDAD DE ZUMPANGO,EDOMEX,Buena,Buena,"19.815198, -99.089196"
2020-11-21,HOSPITAL REGIONAL TLALNEPANTLA ISSEMYM,EDOMEX,Media,Buena,"19.521706, -99.187341"
2020-11-21,"HOSPITAL GENERAL ECATEPEC ""LAS AMÉRICAS""",EDOMEX,Buena,Buena,"19.594136, -99.018679"
2020-11-21,"HOSPITAL GENERAL DE NAUCALPAN ""DR. MAXIMILIANO RUIZ CASTAÑEDA"" ",EDOMEX,Buena,Buena,"19.468662, -99.234348"
2020-11-21,"HOSPITAL GENERAL ATIZAPAN DE ZARAGOZA ""DR. SALVADOR GONZALEZ HERREJÓN""",EDOMEX,Buena,Buena,"19.546322, -99.237491"
2020-11-21,"HOSPITAL GENERAL CUAUTITLAN ""GRAL. JOSE VICENTE VILLADA""",EDOMEX,Buena,Buena,"19.664586, -99.178557"
2020-11-21,"HOSPITAL GENERAL DE NEZAHUALCOYOTL ""GUSTAVO BAZ PRADA""",EDOMEX,Buena,Crítica,"19.422253, -99.014892"
2020-11-21,"HOSPITAL GENERAL DE ECATEPEC ""JOSÉ MARÍA RODRÍGUEZ""",EDOMEX,Buena,Media,"19.514412, -99.038087"
2020-11-21,"HOSPITAL GENERAL NEZAHUALCOYOTL ""LA PERLA"" ",EDOMEX,Buena,Buena,"19.387963, -98.989442"
2020-11-21,HOSPITAL GENERAL DE CHIMALHUACAN,EDOMEX,Media,Buena,"19.419753, -98.975140"
2020-11-21,"HOSPITAL GENERAL DE IXTAPALUCA ""PEDRO LOPEZ""",EDOMEX,Buena,Buena,"19.318829, -98.855366"
2020-11-21,HOSPITAL GENERAL DE CHALCO ,EDOMEX,Buena,Media,"19.268265, -98.893965"
2020-11-21,"HOSPITAL GENERAL TEXCOCO ""GUADALUPE VICTORIA"" BICENTENARIO ",EDOMEX,Media,Buena,"19.514309, -98.871750"
2020-11-21,"HOSPITAL GENERAL VALLE DE CHALCO ""DR. FERNANDO QUIROZ GUTIERREZ"" ",EDOMEX,Buena,Buena,"19.273775, -98.941609"
2020-11-21,"HOSPITAL GENERAL AMECAMECA ""VALENTIN GOMEZ FARIAS"" ",EDOMEX,Buena,Buena,"19.144883, -98.785072"
2020-11-21,HOSPITAL GENERAL DE AXAPUSCO,EDOMEX,Media,Buena,"19.732872, -98.769445"
2020-11-22,INSTITUTO NACIONAL DE NUTRICIÓN,SSA,Buena,Media,"19.289599, -99.155441"
2020-11-22,INER,SSA,Crítica,Media,"19.291375, -99.158653"
2020-11-22,HOSPITAL GENERAL DE MÉXICO,SSA,Buena,Media,"19.4129258, -99.1520225"
2020-11-22,HOSPITAL JUAREZ,SSA,Media,Media,"19.481829, -99.135576"
2020-11-22,HOSPITAL GENERAL DR. MANUEL GEA GONZÁLEZ,SSA,Media,Buena,"19.290295, -99.160861"
2020-11-22,HOSPITAL INFANTIL DE MÉXICO FEDERICO GÓMEZ,SSA,Buena,Buena,"19.410839, -99.151941"
2020-11-22,INSTITUTO  NACIONAL DE CARDIOLOGÍA IGNACIO CHÁVEZ,SSA,Buena,Buena,"19.290598, -99.153838"
2020-11-22,CITIBANAMEX,SSA,Buena,Crítica,"19.439732, -99.224235"
2020-11-22,HOSPITAL REGIONAL DE ALTA ESPECIALIDAD DE IXTAPALUCA,SSA,Media,Media,"19.318796, -98.855353"
2020-11-22,BELISARIO DOMINGUEZ,SEDESA,Media,Buena,"19.307226, -99.065356"
2020-11-22,ENRIQUE CABRERA,SEDESA,Media,Buena,"19.361675, -99.224432"
2020-11-22,GENERAL TLAHUAC,SEDESA,Buena,Buena,"19.287492, -99.052665"
2020-11-22,PEDIATRICO DE LA VILLA,SEDESA,Buena,Buena,"19.487355, -99.114316"
2020-11-22,HOSPITAL GENERAL AJUSCO MEDIO,SEDESA,Media,Media,"19.272165, -99.207846"
2020-11-22,HOSPITAL GENERAL IZTAPALAPA,SEDESA,Buena,Buena,"19.343426, -99.027236"
2020-11-22,HOSPITAL GENERAL XOCO,SEDESA,Buena,Buena,"19.360313, -99.162275"
2020-11-22,HOSPITAL GENERAL VILLA,SEDESA,Media,Buena,"19.480079, -99.103353"
2020-11-22,HOSPITAL GENERAL DR. RUBÉN LEÑERO,SEDESA,Media,Buena,"19.451398, -99.169565"
2020-11-22,HOSPITAL GENERAL MILPA ALTA,SEDESA,Media,Buena,"19.200951, -99.011210"
2020-11-22,HOSPITAL GENERAL BALBUENA,SEDESA,Buena,Buena,"19.424195, -99.115412"
2020-11-22,HOSPITAL TEPEPAN,SEDESA,Sin Dato,Sin Dato,"19.275806, -99.144298"
2020-11-22,HOSPITAL DE ESPECIALIDADES 01 CMN SIGLO XXI (CDMX SUR),IMSS,Buena,Buena,"19.466549, -99.145102"
2020-11-22,HOSPITAL DE PEDIATRIA 01 CMN SIGLO XXI (CDMX SUR),IMSS,Buena,Buena,"19.407458, -99.152267"
2020-11-22,HOSPITAL GENERAL DE ZONA 01 CARLOS MC GREGOR (CDMX SUR),IMSS,Media,Buena,"19.395912, -99.161610"
2020-11-22,HOSPITAL GENERAL DE ZONA 1A PARQUE DE LOS VENADOS (CDMX SUR),IMSS,Crítica,Buena,"19.374431, -99.151203"
2020-11-22,HOSPITAL DE INFECTOLOGIA 01 LA RAZA (CDMX NORTE),IMSS,Media,Media,"19.464865, -99.144859"
2020-11-22,HOSPITAL GENERAL 01 (CDMX NORTE) LA RAZA,IMSS,Media,Buena,"19.395740, -99.161677"
2020-11-22,HOSPITAL GENERAL DE ZONA 24 (CDMX NORTE),IMSS,Media,Buena,"19.483221, -99.128448"
2020-11-22,HOSPITAL GENERAL DE ZONA 27 (CDMX NORTE),IMSS,Buena,Buena,"19.454776, -99.140007"
2020-11-22,HOSPITAL GENERAL DE ZONA 2A (CDMX SUR),IMSS,Media,Media,"19.405495, -99.112200"
2020-11-22,HOSPITAL GENERAL DE ZONA 30 (CDMX SUR),IMSS,Media,Media,"19.398836, -99.116913"
2020-11-22,HOSPITAL GENERAL DE ZONA 32 (CDMX SUR),IMSS,Media,Media,"19.307964, -99.130677"
2020-11-22,HOSPITAL GENERAL DE ZONA C/MF 08 (CDMX SUR),IMSS,Media,Buena,"19.337137, -99.200142"
2020-11-22,HOSPITAL GENERAL DE ZONA C/UMAA 48 (CDMX NORTE),IMSS,Media,Media,"19.482375, -99.213046"
2020-11-22,HOSPITAL GENERAL 02 (CDMX SUR) VILLA COAPA (COY.),IMSS,Media,Media,"19.309194, -99.129593"
2020-11-22,HOSPITAL DE ESPECIALIDADES 01 (CDMX NORTE) LA RAZA (AZC),IMSS,Media,Buena,"19.467169, -99.143785"
2020-11-22,HOSPITAL GENERAL DE ZONA C/MF 29 (S. JUAN ARAGÓN),IMSS,Media,Buena,"19.465117, -99.085162"
2020-11-22,HOSPITAL GENERAL DE ZONA 47 (CDMX SUR) (IZP),IMSS,Buena,Buena,"19.357566, -99.054269"
2020-11-22,UNIDAD MÓVIL TEMPORAL COVID,IMSS,Crítica,Crítica,"19.403082, -99.089177"
2020-11-22,CRIT IZTAPALAPA,IMSS,Buena,Buena,"19.328321, -99.068530"
2020-11-22,HOSPITAL GENERAL REGIONAL 72,IMSS,Media,Media,"19.356913, -98.990929"
2020-11-22,HOSPITAL GENERAL REGIONAL 196,IMSS,Buena,Buena,"19.515133, -98.891450"
2020-11-22,HOSPITAL GENERAL REGIONAL 200,IMSS,Buena,Buena,"19.470300, -99.234208"
2020-11-22,HOSPITAL GENERAL DE ZONA 53,IMSS,Media,Buena,"19.597387, -99.188426"
2020-11-22,HOSPITAL GENERAL DE ZONA 197,IMSS,Buena,Buena,"19.530797, -99.222446"
2020-11-22,HOSPITAL GENERAL DE ZONA 194,IMSS,Media,Buena,"19.570070, -99.044009"
2020-11-22,HOSPITAL GENERAL DE ZONA 57 (LA QUEBRADA),IMSS,Buena,Media,"19.542797, -99.205022"
2020-11-22,HOSPITAL GENERAL DE ZONA 58 (LAS MARGARITAS),IMSS,Media,Media,"19.529016, -99.030983"
2020-11-22,HOSPITAL GENERAL DE ZONA 68 (TULPETLAC),IMSS,Buena,Buena,"19.742905, -98.972971"
2020-11-22,HOSPITAL GENERAL DE ZONA 71 (CHALCO),IMSS,Buena,Buena,"19.356913, -98.990929"
2020-11-22,HOSPITAL GENERAL DE ZONA 76 (XALOSTOC),IMSS,Media,Media,"19.515133, -98.891450"
2020-11-22,HOSPITAL GENERAL DE ZONA 98 (COACALCO),IMSS,Buena,Buena,"19.470300, -99.234208"
2020-11-22,CRIT NEZAHUALCÓYOTL,IMSS,Buena,Buena,"19.425795, -99.029987"
2020-11-22,CENTRO MEDICO 20 DE NOVIEMBRE,ISSSTE,Buena,Buena,"19.372720, -99.171205"
2020-11-22,HG DARIO FERNANDEZ FIERRO,ISSSTE,Media,Crítica,"19.363602, -99.188608"
2020-11-22,HG JOSE MARIA MORELOS,ISSSTE,Buena,Media,"19.363918, -98.995393"
2020-11-22,HG TACUBA,ISSSTE,Crítica,Buena,"19.454384, -99.191231"
2020-11-22,HG DR FERNANDO QUIROZ,ISSSTE,Media,Buena,"19.394242, -99.194187"
2020-11-22,HG IGNACIO ZARAGOZA,ISSSTE,Media,Media,"19.389472, -99.045019"
2020-11-22,HR PRIMERO DE OCTUBRE,ISSSTE,Crítica,Media,"19.486751, -99.133249"
2020-11-22,HR LIC. ADOLFO LÓPEZ MATEOS,ISSSTE,Buena,Buena,"19.358451, -99.172716"
2020-11-22,HR BICENTENARIO DE LA INDEPENDENCIA,ISSSTE,Media,Media,"19.628814, -99.163343"
2020-11-22,ALTA ESPECIALIDAD DE ZUMPANGO,EDOMEX,Buena,Buena,"19.815198, -99.089196"
2020-11-22,HOSPITAL REGIONAL TLALNEPANTLA ISSEMYM,EDOMEX,Media,Buena,"19.521706, -99.187341"
2020-11-22,"HOSPITAL GENERAL ECATEPEC ""LAS AMÉRICAS""",EDOMEX,Buena,Buena,"19.594136, -99.018679"
2020-11-22,"HOSPITAL GENERAL DE NAUCALPAN ""DR. MAXIMILIANO RUIZ CASTAÑEDA"" ",EDOMEX,Buena,Buena,"19.468662, -99.234348"
2020-11-22,"HOSPITAL GENERAL ATIZAPAN DE ZARAGOZA ""DR. SALVADOR GONZALEZ HERREJÓN""",EDOMEX,Buena,Buena,"19.546322, -99.237491"
2020-11-22,"HOSPITAL GENERAL CUAUTITLAN ""GRAL. JOSE VICENTE VILLADA""",EDOMEX,Media,Buena,"19.664586, -99.178557"
2020-11-22,"HOSPITAL GENERAL DE NEZAHUALCOYOTL ""GUSTAVO BAZ PRADA""",EDOMEX,Buena,Crítica,"19.422253, -99.014892"
2020-11-22,"HOSPITAL GENERAL DE ECATEPEC ""JOSÉ MARÍA RODRÍGUEZ""",EDOMEX,Buena,Buena,"19.514412, -99.038087"
2020-11-22,"HOSPITAL GENERAL NEZAHUALCOYOTL ""LA PERLA"" ",EDOMEX,Buena,Buena,"19.387963, -98.989442"
2020-11-22,HOSPITAL GENERAL DE CHIMALHUACAN,EDOMEX,Buena,Buena,"19.419753, -98.975140"
2020-11-22,"HOSPITAL GENERAL DE IXTAPALUCA ""PEDRO LOPEZ""",EDOMEX,Buena,Buena,"19.318829, -98.855366"
2020-11-22,HOSPITAL GENERAL DE CHALCO ,EDOMEX,Buena,Buena,"19.268265, -98.893965"
2020-11-22,"HOSPITAL GENERAL TEXCOCO ""GUADALUPE VICTORIA"" BICENTENARIO ",EDOMEX,Buena,Buena,"19.514309, -98.871750"
2020-11-22,"HOSPITAL GENERAL VALLE DE CHALCO ""DR. FERNANDO QUIROZ GUTIERREZ"" ",EDOMEX,Buena,Buena,"19.273775, -98.941609"
2020-11-22,"HOSPITAL GENERAL AMECAMECA ""VALENTIN GOMEZ FARIAS"" ",EDOMEX,Buena,Buena,"19.144883, -98.785072"
2020-11-22,HOSPITAL GENERAL DE AXAPUSCO,EDOMEX,Media,Media,"19.732872, -98.769445"
2020-11-23,INSTITUTO NACIONAL DE NUTRICIÓN,SSA,Buena,Media,"19.289599, -99.155441"
2020-11-23,INER,SSA,Crítica,Media,"19.291375, -99.158653"
2020-11-23,HOSPITAL GENERAL DE MÉXICO,SSA,Buena,Buena,"19.4129258, -99.1520225"
2020-11-23,HOSPITAL JUAREZ,SSA,Media,Media,"19.481829, -99.135576"
2020-11-23,HOSPITAL GENERAL DR. MANUEL GEA GONZÁLEZ,SSA,Media,Buena,"19.290295, -99.160861"
2020-11-23,HOSPITAL INFANTIL DE MÉXICO FEDERICO GÓMEZ,SSA,Buena,Buena,"19.410839, -99.151941"
2020-11-23,INSTITUTO  NACIONAL DE CARDIOLOGÍA IGNACIO CHÁVEZ,SSA,Buena,Buena,"19.290598, -99.153838"
2020-11-23,CITIBANAMEX,SSA,Buena,Crítica,"19.439732, -99.224235"
2020-11-23,HOSPITAL REGIONAL DE ALTA ESPECIALIDAD DE IXTAPALUCA,SSA,Media,Media,"19.318796, -98.855353"
2020-11-23,BELISARIO DOMINGUEZ,SEDESA,Media,Buena,"19.307226, -99.065356"
2020-11-23,ENRIQUE CABRERA,SEDESA,Media,Buena,"19.361675, -99.224432"
2020-11-23,GENERAL TLAHUAC,SEDESA,Buena,Buena,"19.287492, -99.052665"
2020-11-23,PEDIATRICO DE LA VILLA,SEDESA,Buena,Buena,"19.487355, -99.114316"
2020-11-23,HOSPITAL GENERAL AJUSCO MEDIO,SEDESA,Media,Media,"19.272165, -99.207846"
2020-11-23,HOSPITAL GENERAL IZTAPALAPA,SEDESA,Buena,Buena,"19.343426, -99.027236"
2020-11-23,HOSPITAL GENERAL XOCO,SEDESA,Buena,Buena,"19.360313, -99.162275"
2020-11-23,HOSPITAL GENERAL VILLA,SEDESA,Media,Buena,"19.480079, -99.103353"
2020-11-23,HOSPITAL GENERAL DR. RUBÉN LEÑERO,SEDESA,Crítica,Buena,"19.451398, -99.169565"
2020-11-23,HOSPITAL GENERAL MILPA ALTA,SEDESA,Media,Buena,"19.200951, -99.011210"
2020-11-23,HOSPITAL GENERAL BALBUENA,SEDESA,Buena,Buena,"19.424195, -99.115412"
2020-11-23,HOSPITAL TEPEPAN,SEDESA,Sin Dato,Sin Dato,"19.275806, -99.144298"
2020-11-23,HOSPITAL DE ESPECIALIDADES 01 CMN SIGLO XXI (CDMX SUR),IMSS,Buena,Buena,"19.466549, -99.145102"
2020-11-23,HOSPITAL DE PEDIATRIA 01 CMN SIGLO XXI (CDMX SUR),IMSS,Buena,Buena,"19.407458, -99.152267"
2020-11-23,HOSPITAL GENERAL DE ZONA 01 CARLOS MC GREGOR (CDMX SUR),IMSS,Media,Media,"19.395912, -99.161610"
2020-11-23,HOSPITAL GENERAL DE ZONA 1A PARQUE DE LOS VENADOS (CDMX SUR),IMSS,Media,Buena,"19.374431, -99.151203"
2020-11-23,HOSPITAL DE INFECTOLOGIA 01 LA RAZA (CDMX NORTE),IMSS,Media,Media,"19.464865, -99.144859"
2020-11-23,HOSPITAL GENERAL 01 (CDMX NORTE) LA RAZA,IMSS,Buena,Buena,"19.395740, -99.161677"
2020-11-23,HOSPITAL GENERAL DE ZONA 24 (CDMX NORTE),IMSS,Media,Buena,"19.483221, -99.128448"
2020-11-23,HOSPITAL GENERAL DE ZONA 27 (CDMX NORTE),IMSS,Buena,Buena,"19.454776, -99.140007"
2020-11-23,HOSPITAL GENERAL DE ZONA 2A (CDMX SUR),IMSS,Media,Media,"19.405495, -99.112200"
2020-11-23,HOSPITAL GENERAL DE ZONA 30 (CDMX SUR),IMSS,Media,Media,"19.398836, -99.116913"
2020-11-23,HOSPITAL GENERAL DE ZONA 32 (CDMX SUR),IMSS,Media,Media,"19.307964, -99.130677"
2020-11-23,HOSPITAL GENERAL DE ZONA C/MF 08 (CDMX SUR),IMSS,Media,Buena,"19.337137, -99.200142"
2020-11-23,HOSPITAL GENERAL DE ZONA C/UMAA 48 (CDMX NORTE),IMSS,Media,Media,"19.482375, -99.213046"
2020-11-23,HOSPITAL GENERAL 02 (CDMX SUR) VILLA COAPA (COY.),IMSS,Media,Media,"19.309194, -99.129593"
2020-11-23,HOSPITAL DE ESPECIALIDADES 01 (CDMX NORTE) LA RAZA (AZC),IMSS,Media,Buena,"19.467169, -99.143785"
2020-11-23,HOSPITAL GENERAL DE ZONA C/MF 29 (S. JUAN ARAGÓN),IMSS,Media,Buena,"19.465117, -99.085162"
2020-11-23,HOSPITAL GENERAL DE ZONA 47 (CDMX SUR) (IZP),IMSS,Buena,Media,"19.357566, -99.054269"
2020-11-23,UNIDAD MÓVIL TEMPORAL COVID,IMSS,Crítica,Crítica,"19.403082, -99.089177"
2020-11-23,CRIT IZTAPALAPA,IMSS,Buena,Buena,"19.328321, -99.068530"
2020-11-23,HOSPITAL GENERAL REGIONAL 72,IMSS,Media,Media,"19.356913, -98.990929"
2020-11-23,HOSPITAL GENERAL REGIONAL 196,IMSS,Buena,Buena,"19.515133, -98.891450"
2020-11-23,HOSPITAL GENERAL REGIONAL 200,IMSS,Buena,Buena,"19.470300, -99.234208"
2020-11-23,HOSPITAL GENERAL DE ZONA 53,IMSS,Media,Media,"19.597387, -99.188426"
2020-11-23,HOSPITAL GENERAL DE ZONA 197,IMSS,Buena,Buena,"19.530797, -99.222446"
2020-11-23,HOSPITAL GENERAL DE ZONA 194,IMSS,Media,Buena,"19.570070, -99.044009"
2020-11-23,HOSPITAL GENERAL DE ZONA 57 (LA QUEBRADA),IMSS,Buena,Media,"19.542797, -99.205022"
2020-11-23,HOSPITAL GENERAL DE ZONA 58 (LAS MARGARITAS),IMSS,Media,Media,"19.529016, -99.030983"
2020-11-23,HOSPITAL GENERAL DE ZONA 68 (TULPETLAC),IMSS,Buena,Buena,"19.742905, -98.972971"
2020-11-23,HOSPITAL GENERAL DE ZONA 71 (CHALCO),IMSS,Buena,Buena,"19.356913, -98.990929"
2020-11-23,HOSPITAL GENERAL DE ZONA 76 (XALOSTOC),IMSS,Media,Buena,"19.515133, -98.891450"
2020-11-23,HOSPITAL GENERAL DE ZONA 98 (COACALCO),IMSS,Buena,Buena,"19.470300, -99.234208"
2020-11-23,CRIT NEZAHUALCÓYOTL,IMSS,Buena,Buena,"19.425795, -99.029987"
2020-11-23,CENTRO MEDICO 20 DE NOVIEMBRE,ISSSTE,Buena,Buena,"19.372720, -99.171205"
2020-11-23,HG DARIO FERNANDEZ FIERRO,ISSSTE,Media,Crítica,"19.363602, -99.188608"
2020-11-23,HG JOSE MARIA MORELOS,ISSSTE,Buena,Crítica,"19.363918, -98.995393"
2020-11-23,HG TACUBA,ISSSTE,Crítica,Buena,"19.454384, -99.191231"
2020-11-23,HG DR FERNANDO QUIROZ,ISSSTE,Media,Buena,"19.394242, -99.194187"
2020-11-23,HG IGNACIO ZARAGOZA,ISSSTE,Media,Media,"19.389472, -99.045019"
2020-11-23,HR PRIMERO DE OCTUBRE,ISSSTE,Crítica,Media,"19.486751, -99.133249"
2020-11-23,HR LIC. ADOLFO LÓPEZ MATEOS,ISSSTE,Buena,Buena,"19.358451, -99.172716"
2020-11-23,HR BICENTENARIO DE LA INDEPENDENCIA,ISSSTE,Media,Media,"19.628814, -99.163343"
2020-11-23,ALTA ESPECIALIDAD DE ZUMPANGO,EDOMEX,Buena,Buena,"19.815198, -99.089196"
2020-11-23,HOSPITAL REGIONAL TLALNEPANTLA ISSEMYM,EDOMEX,Media,Buena,"19.521706, -99.187341"
2020-11-23,"HOSPITAL GENERAL ECATEPEC ""LAS AMÉRICAS""",EDOMEX,Buena,Media,"19.594136, -99.018679"
2020-11-23,"HOSPITAL GENERAL DE NAUCALPAN ""DR. MAXIMILIANO RUIZ CASTAÑEDA"" ",EDOMEX,Buena,Buena,"19.468662, -99.234348"
2020-11-23,"HOSPITAL GENERAL ATIZAPAN DE ZARAGOZA ""DR. SALVADOR GONZALEZ HERREJÓN""",EDOMEX,Buena,Buena,"19.546322, -99.237491"
2020-11-23,"HOSPITAL GENERAL CUAUTITLAN ""GRAL. JOSE VICENTE VILLADA""",EDOMEX,Buena,Buena,"19.664586, -99.178557"
2020-11-23,"HOSPITAL GENERAL DE NEZAHUALCOYOTL ""GUSTAVO BAZ PRADA""",EDOMEX,Buena,Media,"19.422253, -99.014892"
2020-11-23,"HOSPITAL GENERAL DE ECATEPEC ""JOSÉ MARÍA RODRÍGUEZ""",EDOMEX,Buena,Buena,"19.514412, -99.038087"
2020-11-23,"HOSPITAL GENERAL NEZAHUALCOYOTL ""LA PERLA"" ",EDOMEX,Buena,Buena,"19.387963, -98.989442"
2020-11-23,HOSPITAL GENERAL DE CHIMALHUACAN,EDOMEX,Buena,Buena,"19.419753, -98.975140"
2020-11-23,"HOSPITAL GENERAL DE IXTAPALUCA ""PEDRO LOPEZ""",EDOMEX,Buena,Buena,"19.318829, -98.855366"
2020-11-23,HOSPITAL GENERAL DE CHALCO ,EDOMEX,Buena,Media,"19.268265, -98.893965"
2020-11-23,"HOSPITAL GENERAL TEXCOCO ""GUADALUPE VICTORIA"" BICENTENARIO ",EDOMEX,Buena,Buena,"19.514309, -98.871750"
2020-11-23,"HOSPITAL GENERAL VALLE DE CHALCO ""DR. FERNANDO QUIROZ GUTIERREZ"" ",EDOMEX,Buena,Buena,"19.273775, -98.941609"
2020-11-23,"HOSPITAL GENERAL AMECAMECA ""VALENTIN GOMEZ FARIAS"" ",EDOMEX,Buena,Buena,"19.144883, -98.785072"
2020-11-23,HOSPITAL GENERAL DE AXAPUSCO,EDOMEX,Media,Buena,"19.732872, -98.769445"
2020-11-24,INSTITUTO NACIONAL DE NUTRICIÓN,SSA,Media,Media,"19.289599, -99.155441"
2020-11-24,INER,SSA,Crítica,Media,"19.291375, -99.158653"
2020-11-24,HOSPITAL GENERAL DE MÉXICO,SSA,Media,Buena,"19.4129258, -99.1520225"
2020-11-24,HOSPITAL JUAREZ,SSA,Media,Media,"19.481829, -99.135576"
2020-11-24,HOSPITAL GENERAL DR. MANUEL GEA GONZÁLEZ,SSA,Media,Buena,"19.290295, -99.160861"
2020-11-24,HOSPITAL INFANTIL DE MÉXICO FEDERICO GÓMEZ,SSA,Buena,Buena,"19.410839, -99.151941"
2020-11-24,INSTITUTO  NACIONAL DE CARDIOLOGÍA IGNACIO CHÁVEZ,SSA,Buena,Buena,"19.290598, -99.153838"
2020-11-24,CITIBANAMEX,SSA,Buena,Crítica,"19.439732, -99.224235"
2020-11-24,HOSPITAL REGIONAL DE ALTA ESPECIALIDAD DE IXTAPALUCA,SSA,Media,Media,"19.318796, -98.855353"
2020-11-24,BELISARIO DOMINGUEZ,SEDESA,Media,Buena,"19.307226, -99.065356"
2020-11-24,ENRIQUE CABRERA,SEDESA,Media,Buena,"19.361675, -99.224432"
2020-11-24,GENERAL TLAHUAC,SEDESA,Buena,Buena,"19.287492, -99.052665"
2020-11-24,PEDIATRICO DE LA VILLA,SEDESA,Buena,Buena,"19.487355, -99.114316"
2020-11-24,HOSPITAL GENERAL AJUSCO MEDIO,SEDESA,Buena,Media,"19.272165, -99.207846"
2020-11-24,HOSPITAL GENERAL IZTAPALAPA,SEDESA,Buena,Buena,"19.343426, -99.027236"
2020-11-24,HOSPITAL GENERAL XOCO,SEDESA,Buena,Buena,"19.360313, -99.162275"
2020-11-24,HOSPITAL GENERAL VILLA,SEDESA,Media,Buena,"19.480079, -99.103353"
2020-11-24,HOSPITAL GENERAL DR. RUBÉN LEÑERO,SEDESA,Crítica,Buena,"19.451398, -99.169565"
2020-11-24,HOSPITAL GENERAL MILPA ALTA,SEDESA,Media,Buena,"19.200951, -99.011210"
2020-11-24,HOSPITAL GENERAL BALBUENA,SEDESA,Buena,Buena,"19.424195, -99.115412"
2020-11-24,HOSPITAL TEPEPAN,SEDESA,Sin Dato,Sin Dato,"19.275806, -99.144298"
2020-11-24,HOSPITAL DE ESPECIALIDADES 01 CMN SIGLO XXI (CDMX SUR),IMSS,Buena,Buena,"19.466549, -99.145102"
2020-11-24,HOSPITAL DE PEDIATRIA 01 CMN SIGLO XXI (CDMX SUR),IMSS,Buena,Buena,"19.407458, -99.152267"
2020-11-24,HOSPITAL GENERAL DE ZONA 01 CARLOS MC GREGOR (CDMX SUR),IMSS,Media,Media,"19.395912, -99.161610"
2020-11-24,HOSPITAL GENERAL DE ZONA 1A PARQUE DE LOS VENADOS (CDMX SUR),IMSS,Media,Buena,"19.374431, -99.151203"
2020-11-24,HOSPITAL DE INFECTOLOGIA 01 LA RAZA (CDMX NORTE),IMSS,Media,Media,"19.464865, -99.144859"
2020-11-24,HOSPITAL GENERAL 01 (CDMX NORTE) LA RAZA,IMSS,Buena,Buena,"19.395740, -99.161677"
2020-11-24,HOSPITAL GENERAL DE ZONA 24 (CDMX NORTE),IMSS,Media,Buena,"19.483221, -99.128448"
2020-11-24,HOSPITAL GENERAL DE ZONA 27 (CDMX NORTE),IMSS,Buena,Buena,"19.454776, -99.140007"
2020-11-24,HOSPITAL GENERAL DE ZONA 2A (CDMX SUR),IMSS,Media,Buena,"19.405495, -99.112200"
2020-11-24,HOSPITAL GENERAL DE ZONA 30 (CDMX SUR),IMSS,Media,Media,"19.398836, -99.116913"
2020-11-24,HOSPITAL GENERAL DE ZONA 32 (CDMX SUR),IMSS,Media,Buena,"19.307964, -99.130677"
2020-11-24,HOSPITAL GENERAL DE ZONA C/MF 08 (CDMX SUR),IMSS,Media,Media,"19.337137, -99.200142"
2020-11-24,HOSPITAL GENERAL DE ZONA C/UMAA 48 (CDMX NORTE),IMSS,Media,Media,"19.482375, -99.213046"
2020-11-24,HOSPITAL GENERAL 02 (CDMX SUR) VILLA COAPA (COY.),IMSS,Buena,Media,"19.309194, -99.129593"
2020-11-24,HOSPITAL DE ESPECIALIDADES 01 (CDMX NORTE) LA RAZA (AZC),IMSS,Media,Buena,"19.467169, -99.143785"
2020-11-24,HOSPITAL GENERAL DE ZONA C/MF 29 (S. JUAN ARAGÓN),IMSS,Media,Buena,"19.465117, -99.085162"
2020-11-24,HOSPITAL GENERAL DE ZONA 47 (CDMX SUR) (IZP),IMSS,Buena,Media,"19.357566, -99.054269"
2020-11-24,UNIDAD MÓVIL TEMPORAL COVID,IMSS,Crítica,Crítica,"19.403082, -99.089177"
2020-11-24,CRIT IZTAPALAPA,IMSS,Buena,Buena,"19.328321, -99.068530"
2020-11-24,HOSPITAL GENERAL REGIONAL 72,IMSS,Media,Media,"19.356913, -98.990929"
2020-11-24,HOSPITAL GENERAL REGIONAL 196,IMSS,Buena,Buena,"19.515133, -98.891450"
2020-11-24,HOSPITAL GENERAL REGIONAL 200,IMSS,Buena,Buena,"19.470300, -99.234208"
2020-11-24,HOSPITAL GENERAL DE ZONA 53,IMSS,Media,Media,"19.597387, -99.188426"
2020-11-24,HOSPITAL GENERAL DE ZONA 197,IMSS,Buena,Buena,"19.530797, -99.222446"
2020-11-24,HOSPITAL GENERAL DE ZONA 194,IMSS,Media,Buena,"19.570070, -99.044009"
2020-11-24,HOSPITAL GENERAL DE ZONA 57 (LA QUEBRADA),IMSS,Buena,Media,"19.542797, -99.205022"
2020-11-24,HOSPITAL GENERAL DE ZONA 58 (LAS MARGARITAS),IMSS,Media,Media,"19.529016, -99.030983"
2020-11-24,HOSPITAL GENERAL DE ZONA 68 (TULPETLAC),IMSS,Buena,Buena,"19.742905, -98.972971"
2020-11-24,HOSPITAL GENERAL DE ZONA 71 (CHALCO),IMSS,Buena,Buena,"19.356913, -98.990929"
2020-11-24,HOSPITAL GENERAL DE ZONA 76 (XALOSTOC),IMSS,Media,Buena,"19.515133, -98.891450"
2020-11-24,HOSPITAL GENERAL DE ZONA 98 (COACALCO),IMSS,Media,Buena,"19.470300, -99.234208"
2020-11-24,CRIT NEZAHUALCÓYOTL,IMSS,Buena,Buena,"19.425795, -99.029987"
2020-11-24,CENTRO MEDICO 20 DE NOVIEMBRE,ISSSTE,Buena,Buena,"19.372720, -99.171205"
2020-11-24,HG DARIO FERNANDEZ FIERRO,ISSSTE,Media,Crítica,"19.363602, -99.188608"
2020-11-24,HG JOSE MARIA MORELOS,ISSSTE,Buena,Crítica,"19.363918, -98.995393"
2020-11-24,HG TACUBA,ISSSTE,Crítica,Buena,"19.454384, -99.191231"
2020-11-24,HG DR FERNANDO QUIROZ,ISSSTE,Media,Buena,"19.394242, -99.194187"
2020-11-24,HG IGNACIO ZARAGOZA,ISSSTE,Media,Media,"19.389472, -99.045019"
2020-11-24,HR PRIMERO DE OCTUBRE,ISSSTE,Crítica,Media,"19.486751, -99.133249"
2020-11-24,HR LIC. ADOLFO LÓPEZ MATEOS,ISSSTE,Buena,Buena,"19.358451, -99.172716"
2020-11-24,HR BICENTENARIO DE LA INDEPENDENCIA,ISSSTE,Media,Media,"19.628814, -99.163343"
2020-11-24,ALTA ESPECIALIDAD DE ZUMPANGO,EDOMEX,Buena,Buena,"19.815198, -99.089196"
2020-11-24,HOSPITAL REGIONAL TLALNEPANTLA ISSEMYM,EDOMEX,Media,Buena,"19.521706, -99.187341"
2020-11-24,"HOSPITAL GENERAL ECATEPEC ""LAS AMÉRICAS""",EDOMEX,Buena,Buena,"19.594136, -99.018679"
2020-11-24,"HOSPITAL GENERAL DE NAUCALPAN ""DR. MAXIMILIANO RUIZ CASTAÑEDA"" ",EDOMEX,Buena,Buena,"19.468662, -99.234348"
2020-11-24,"HOSPITAL GENERAL ATIZAPAN DE ZARAGOZA ""DR. SALVADOR GONZALEZ HERREJÓN""",EDOMEX,Buena,Buena,"19.546322, -99.237491"
2020-11-24,"HOSPITAL GENERAL CUAUTITLAN ""GRAL. JOSE VICENTE VILLADA""",EDOMEX,Media,Buena,"19.664586, -99.178557"
2020-11-24,"HOSPITAL GENERAL DE NEZAHUALCOYOTL ""GUSTAVO BAZ PRADA""",EDOMEX,Buena,Media,"19.422253, -99.014892"
2020-11-24,"HOSPITAL GENERAL DE ECATEPEC ""JOSÉ MARÍA RODRÍGUEZ""",EDOMEX,Buena,Buena,"19.514412, -99.038087"
2020-11-24,"HOSPITAL GENERAL NEZAHUALCOYOTL ""LA PERLA"" ",EDOMEX,Buena,Buena,"19.387963, -98.989442"
2020-11-24,HOSPITAL GENERAL DE CHIMALHUACAN,EDOMEX,Buena,Buena,"19.419753, -98.975140"
2020-11-24,"HOSPITAL GENERAL DE IXTAPALUCA ""PEDRO LOPEZ""",EDOMEX,Buena,Buena,"19.318829, -98.855366"
2020-11-24,HOSPITAL GENERAL DE CHALCO ,EDOMEX,Buena,Media,"19.268265, -98.893965"
2020-11-24,"HOSPITAL GENERAL TEXCOCO ""GUADALUPE VICTORIA"" BICENTENARIO ",EDOMEX,Buena,Buena,"19.514309, -98.871750"
2020-11-24,"HOSPITAL GENERAL VALLE DE CHALCO ""DR. FERNANDO QUIROZ GUTIERREZ"" ",EDOMEX,Buena,Buena,"19.273775, -98.941609"
2020-11-24,"HOSPITAL GENERAL AMECAMECA ""VALENTIN GOMEZ FARIAS"" ",EDOMEX,Buena,Buena,"19.144883, -98.785072"
2020-11-24,HOSPITAL GENERAL DE AXAPUSCO,EDOMEX,Media,Media,"19.732872, -98.769445"
2020-11-25,INSTITUTO NACIONAL DE NUTRICIÓN,SSA,Media,Media,"19.289599, -99.155441"
2020-11-25,INER,SSA,Crítica,Media,"19.291375, -99.158653"
2020-11-25,HOSPITAL GENERAL DE MÉXICO,SSA,Media,Buena,"19.4129258, -99.1520225"
2020-11-25,HOSPITAL JUAREZ,SSA,Media,Buena,"19.481829, -99.135576"
2020-11-25,HOSPITAL GENERAL DR. MANUEL GEA GONZÁLEZ,SSA,Media,Buena,"19.290295, -99.160861"
2020-11-25,HOSPITAL INFANTIL DE MÉXICO FEDERICO GÓMEZ,SSA,Buena,Buena,"19.410839, -99.151941"
2020-11-25,INSTITUTO  NACIONAL DE CARDIOLOGÍA IGNACIO CHÁVEZ,SSA,Buena,Buena,"19.290598, -99.153838"
2020-11-25,CITIBANAMEX,SSA,Buena,Crítica,"19.439732, -99.224235"
2020-11-25,HOSPITAL REGIONAL DE ALTA ESPECIALIDAD DE IXTAPALUCA,SSA,Media,Media,"19.318796, -98.855353"
2020-11-25,BELISARIO DOMINGUEZ,SEDESA,Media,Buena,"19.307226, -99.065356"
2020-11-25,ENRIQUE CABRERA,SEDESA,Media,Buena,"19.361675, -99.224432"
2020-11-25,GENERAL TLAHUAC,SEDESA,Buena,Buena,"19.287492, -99.052665"
2020-11-25,PEDIATRICO DE LA VILLA,SEDESA,Buena,Buena,"19.487355, -99.114316"
2020-11-25,HOSPITAL GENERAL AJUSCO MEDIO,SEDESA,Buena,Media,"19.272165, -99.207846"
2020-11-25,HOSPITAL GENERAL IZTAPALAPA,SEDESA,Media,Buena,"19.343426, -99.027236"
2020-11-25,HOSPITAL GENERAL XOCO,SEDESA,Buena,Buena,"19.360313, -99.162275"
2020-11-25,HOSPITAL GENERAL VILLA,SEDESA,Media,Buena,"19.480079, -99.103353"
2020-11-25,HOSPITAL GENERAL DR. RUBÉN LEÑERO,SEDESA,Crítica,Buena,"19.451398, -99.169565"
2020-11-25,HOSPITAL GENERAL MILPA ALTA,SEDESA,Media,Buena,"19.200951, -99.011210"
2020-11-25,HOSPITAL GENERAL BALBUENA,SEDESA,Buena,Buena,"19.424195, -99.115412"
2020-11-25,HOSPITAL TEPEPAN,SEDESA,Sin Dato,Sin Dato,"19.275806, -99.144298"
2020-11-25,HOSPITAL DE ESPECIALIDADES 01 CMN SIGLO XXI (CDMX SUR),IMSS,Buena,Buena,"19.466549, -99.145102"
2020-11-25,HOSPITAL DE PEDIATRIA 01 CMN SIGLO XXI (CDMX SUR),IMSS,Buena,Buena,"19.407458, -99.152267"
2020-11-25,HOSPITAL GENERAL DE ZONA 01 CARLOS MC GREGOR (CDMX SUR),IMSS,Media,Buena,"19.395912, -99.161610"
2020-11-25,HOSPITAL GENERAL DE ZONA 1A PARQUE DE LOS VENADOS (CDMX SUR),IMSS,Media,Buena,"19.374431, -99.151203"
2020-11-25,HOSPITAL DE INFECTOLOGIA 01 LA RAZA (CDMX NORTE),IMSS,Media,Media,"19.464865, -99.144859"
2020-11-25,HOSPITAL GENERAL 01 (CDMX NORTE) LA RAZA,IMSS,Buena,Buena,"19.395740, -99.161677"
2020-11-25,HOSPITAL GENERAL DE ZONA 24 (CDMX NORTE),IMSS,Media,Buena,"19.483221, -99.128448"
2020-11-25,HOSPITAL GENERAL DE ZONA 27 (CDMX NORTE),IMSS,Buena,Buena,"19.454776, -99.140007"
2020-11-25,HOSPITAL GENERAL DE ZONA 2A (CDMX SUR),IMSS,Media,Buena,"19.405495, -99.112200"
2020-11-25,HOSPITAL GENERAL DE ZONA 30 (CDMX SUR),IMSS,Media,Buena,"19.398836, -99.116913"
2020-11-25,HOSPITAL GENERAL DE ZONA 32 (CDMX SUR),IMSS,Crítica,Buena,"19.307964, -99.130677"
2020-11-25,HOSPITAL GENERAL DE ZONA C/MF 08 (CDMX SUR),IMSS,Crítica,Buena,"19.337137, -99.200142"
2020-11-25,HOSPITAL GENERAL DE ZONA C/UMAA 48 (CDMX NORTE),IMSS,Media,Media,"19.482375, -99.213046"
2020-11-25,HOSPITAL GENERAL 02 (CDMX SUR) VILLA COAPA (COY.),IMSS,Media,Media,"19.309194, -99.129593"
2020-11-25,HOSPITAL DE ESPECIALIDADES 01 (CDMX NORTE) LA RAZA (AZC),IMSS,Media,Buena,"19.467169, -99.143785"
2020-11-25,HOSPITAL GENERAL DE ZONA C/MF 29 (S. JUAN ARAGÓN),IMSS,Media,Buena,"19.465117, -99.085162"
2020-11-25,HOSPITAL GENERAL DE ZONA 47 (CDMX SUR) (IZP),IMSS,Media,Media,"19.357566, -99.054269"
2020-11-25,UNIDAD MÓVIL TEMPORAL COVID,IMSS,Crítica,Crítica,"19.403082, -99.089177"
2020-11-25,CRIT IZTAPALAPA,IMSS,Buena,Buena,"19.328321, -99.068530"
2020-11-25,HOSPITAL GENERAL REGIONAL 72,IMSS,Media,Media,"19.356913, -98.990929"
2020-11-25,HOSPITAL GENERAL REGIONAL 196,IMSS,Buena,Buena,"19.515133, -98.891450"
2020-11-25,HOSPITAL GENERAL REGIONAL 200,IMSS,Media,Buena,"19.470300, -99.234208"
2020-11-25,HOSPITAL GENERAL DE ZONA 53,IMSS,Media,Media,"19.597387, -99.188426"
2020-11-25,HOSPITAL GENERAL DE ZONA 197,IMSS,Buena,Buena,"19.530797, -99.222446"
2020-11-25,HOSPITAL GENERAL DE ZONA 194,IMSS,Crítica,Buena,"19.570070, -99.044009"
2020-11-25,HOSPITAL GENERAL DE ZONA 57 (LA QUEBRADA),IMSS,Media,Buena,"19.542797, -99.205022"
2020-11-25,HOSPITAL GENERAL DE ZONA 58 (LAS MARGARITAS),IMSS,Media,Buena,"19.529016, -99.030983"
2020-11-25,HOSPITAL GENERAL DE ZONA 68 (TULPETLAC),IMSS,Buena,Buena,"19.742905, -98.972971"
2020-11-25,HOSPITAL GENERAL DE ZONA 71 (CHALCO),IMSS,Buena,Buena,"19.356913, -98.990929"
2020-11-25,HOSPITAL GENERAL DE ZONA 76 (XALOSTOC),IMSS,Media,Buena,"19.515133, -98.891450"
2020-11-25,HOSPITAL GENERAL DE ZONA 98 (COACALCO),IMSS,Media,Buena,"19.470300, -99.234208"
2020-11-25,CRIT NEZAHUALCÓYOTL,IMSS,Buena,Buena,"19.425795, -99.029987"
2020-11-25,CENTRO MEDICO 20 DE NOVIEMBRE,ISSSTE,Buena,Buena,"19.372720, -99.171205"
2020-11-25,HG DARIO FERNANDEZ FIERRO,ISSSTE,Media,Crítica,"19.363602, -99.188608"
2020-11-25,HG JOSE MARIA MORELOS,ISSSTE,Media,Media,"19.363918, -98.995393"
2020-11-25,HG TACUBA,ISSSTE,Crítica,Buena,"19.454384, -99.191231"
2020-11-25,HG DR FERNANDO QUIROZ,ISSSTE,Media,Buena,"19.394242, -99.194187"
2020-11-25,HG IGNACIO ZARAGOZA,ISSSTE,Media,Media,"19.389472, -99.045019"
2020-11-25,HR PRIMERO DE OCTUBRE,ISSSTE,Crítica,Media,"19.486751, -99.133249"
2020-11-25,HR LIC. ADOLFO LÓPEZ MATEOS,ISSSTE,Buena,Buena,"19.358451, -99.172716"
2020-11-25,HR BICENTENARIO DE LA INDEPENDENCIA,ISSSTE,Media,Media,"19.628814, -99.163343"
2020-11-25,ALTA ESPECIALIDAD DE ZUMPANGO,EDOMEX,Buena,Buena,"19.815198, -99.089196"
2020-11-25,HOSPITAL REGIONAL TLALNEPANTLA ISSEMYM,EDOMEX,Media,Media,"19.521706, -99.187341"
2020-11-25,"HOSPITAL GENERAL ECATEPEC ""LAS AMÉRICAS""",EDOMEX,Buena,Buena,"19.594136, -99.018679"
2020-11-25,"HOSPITAL GENERAL DE NAUCALPAN ""DR. MAXIMILIANO RUIZ CASTAÑEDA"" ",EDOMEX,Buena,Buena,"19.468662, -99.234348"
2020-11-25,"HOSPITAL GENERAL ATIZAPAN DE ZARAGOZA ""DR. SALVADOR GONZALEZ HERREJÓN""",EDOMEX,Buena,Buena,"19.546322, -99.237491"
2020-11-25,"HOSPITAL GENERAL CUAUTITLAN ""GRAL. JOSE VICENTE VILLADA""",EDOMEX,Media,Buena,"19.664586, -99.178557"
2020-11-25,"HOSPITAL GENERAL DE NEZAHUALCOYOTL ""GUSTAVO BAZ PRADA""",EDOMEX,Buena,Media,"19.422253, -99.014892"
2020-11-25,"HOSPITAL GENERAL DE ECATEPEC ""JOSÉ MARÍA RODRÍGUEZ""",EDOMEX,Buena,Buena,"19.514412, -99.038087"
2020-11-25,"HOSPITAL GENERAL NEZAHUALCOYOTL ""LA PERLA"" ",EDOMEX,Buena,Buena,"19.387963, -98.989442"
2020-11-25,HOSPITAL GENERAL DE CHIMALHUACAN,EDOMEX,Media,Buena,"19.419753, -98.975140"
2020-11-25,"HOSPITAL GENERAL DE IXTAPALUCA ""PEDRO LOPEZ""",EDOMEX,Buena,Buena,"19.318829, -98.855366"
2020-11-25,HOSPITAL GENERAL DE CHALCO ,EDOMEX,Buena,Media,"19.268265, -98.893965"
2020-11-25,"HOSPITAL GENERAL TEXCOCO ""GUADALUPE VICTORIA"" BICENTENARIO ",EDOMEX,Buena,Buena,"19.514309, -98.871750"
2020-11-25,"HOSPITAL GENERAL VALLE DE CHALCO ""DR. FERNANDO QUIROZ GUTIERREZ"" ",EDOMEX,Buena,Buena,"19.273775, -98.941609"
2020-11-25,"HOSPITAL GENERAL AMECAMECA ""VALENTIN GOMEZ FARIAS"" ",EDOMEX,Buena,Buena,"19.144883, -98.785072"
2020-11-25,HOSPITAL GENERAL DE AXAPUSCO,EDOMEX,Media,Buena,"19.732872, -98.769445"
2020-11-26,INSTITUTO NACIONAL DE NUTRICIÓN,SSA,Media,Media,"19.289599, -99.155441"
2020-11-26,INER,SSA,Crítica,Media,"19.291375, -99.158653"
2020-11-26,HOSPITAL GENERAL DE MÉXICO,SSA,Media,Media,"19.4129258, -99.1520225"
2020-11-26,HOSPITAL JUAREZ,SSA,Media,Media,"19.481829, -99.135576"
2020-11-26,HOSPITAL GENERAL DR. MANUEL GEA GONZÁLEZ,SSA,Media,Buena,"19.290295, -99.160861"
2020-11-26,HOSPITAL INFANTIL DE MÉXICO FEDERICO GÓMEZ,SSA,Buena,Buena,"19.410839, -99.151941"
2020-11-26,INSTITUTO  NACIONAL DE CARDIOLOGÍA IGNACIO CHÁVEZ,SSA,Buena,Buena,"19.290598, -99.153838"
2020-11-26,CITIBANAMEX,SSA,Buena,Crítica,"19.439732, -99.224235"
2020-11-26,HOSPITAL REGIONAL DE ALTA ESPECIALIDAD DE IXTAPALUCA,SSA,Media,Media,"19.318796, -98.855353"
2020-11-26,BELISARIO DOMINGUEZ,SEDESA,Media,Buena,"19.307226, -99.065356"
2020-11-26,ENRIQUE CABRERA,SEDESA,Media,Buena,"19.361675, -99.224432"
2020-11-26,GENERAL TLAHUAC,SEDESA,Buena,Buena,"19.287492, -99.052665"
2020-11-26,PEDIATRICO DE LA VILLA,SEDESA,Buena,Buena,"19.487355, -99.114316"
2020-11-26,HOSPITAL GENERAL AJUSCO MEDIO,SEDESA,Buena,Media,"19.272165, -99.207846"
2020-11-26,HOSPITAL GENERAL IZTAPALAPA,SEDESA,Buena,Buena,"19.343426, -99.027236"
2020-11-26,HOSPITAL GENERAL XOCO,SEDESA,Buena,Buena,"19.360313, -99.162275"
2020-11-26,HOSPITAL GENERAL VILLA,SEDESA,Media,Buena,"19.480079, -99.103353"
2020-11-26,HOSPITAL GENERAL DR. RUBÉN LEÑERO,SEDESA,Crítica,Buena,"19.451398, -99.169565"
2020-11-26,HOSPITAL GENERAL MILPA ALTA,SEDESA,Media,Buena,"19.200951, -99.011210"
2020-11-26,HOSPITAL GENERAL BALBUENA,SEDESA,Buena,Buena,"19.424195, -99.115412"
2020-11-26,HOSPITAL TEPEPAN,SEDESA,Sin Dato,Sin Dato,"19.275806, -99.144298"
2020-11-26,HOSPITAL DE ESPECIALIDADES 01 CMN SIGLO XXI (CDMX SUR),IMSS,Buena,Buena,"19.466549, -99.145102"
2020-11-26,HOSPITAL DE PEDIATRIA 01 CMN SIGLO XXI (CDMX SUR),IMSS,Buena,Buena,"19.407458, -99.152267"
2020-11-26,HOSPITAL GENERAL DE ZONA 01 CARLOS MC GREGOR (CDMX SUR),IMSS,Media,Media,"19.395912, -99.161610"
2020-11-26,HOSPITAL GENERAL DE ZONA 1A PARQUE DE LOS VENADOS (CDMX SUR),IMSS,Media,Buena,"19.374431, -99.151203"
2020-11-26,HOSPITAL DE INFECTOLOGIA 01 LA RAZA (CDMX NORTE),IMSS,Media,Media,"19.464865, -99.144859"
2020-11-26,HOSPITAL GENERAL 01 (CDMX NORTE) LA RAZA,IMSS,Buena,Buena,"19.395740, -99.161677"
2020-11-26,HOSPITAL GENERAL DE ZONA 24 (CDMX NORTE),IMSS,Media,Buena,"19.483221, -99.128448"
2020-11-26,HOSPITAL GENERAL DE ZONA 27 (CDMX NORTE),IMSS,Buena,Buena,"19.454776, -99.140007"
2020-11-26,HOSPITAL GENERAL DE ZONA 2A (CDMX SUR),IMSS,Media,Buena,"19.405495, -99.112200"
2020-11-26,HOSPITAL GENERAL DE ZONA 30 (CDMX SUR),IMSS,Media,Buena,"19.398836, -99.116913"
2020-11-26,HOSPITAL GENERAL DE ZONA 32 (CDMX SUR),IMSS,Crítica,Buena,"19.307964, -99.130677"
2020-11-26,HOSPITAL GENERAL DE ZONA C/MF 08 (CDMX SUR),IMSS,Crítica,Buena,"19.337137, -99.200142"
2020-11-26,HOSPITAL GENERAL DE ZONA C/UMAA 48 (CDMX NORTE),IMSS,Media,Media,"19.482375, -99.213046"
2020-11-26,HOSPITAL GENERAL 02 (CDMX SUR) VILLA COAPA (COY.),IMSS,Media,Media,"19.309194, -99.129593"
2020-11-26,HOSPITAL DE ESPECIALIDADES 01 (CDMX NORTE) LA RAZA (AZC),IMSS,Media,Buena,"19.467169, -99.143785"
2020-11-26,HOSPITAL GENERAL DE ZONA C/MF 29 (S. JUAN ARAGÓN),IMSS,Media,Buena,"19.465117, -99.085162"
2020-11-26,HOSPITAL GENERAL DE ZONA 47 (CDMX SUR) (IZP),IMSS,Media,Media,"19.357566, -99.054269"
2020-11-26,UNIDAD MÓVIL TEMPORAL COVID,IMSS,Crítica,Crítica,"19.403082, -99.089177"
2020-11-26,CRIT IZTAPALAPA,IMSS,Buena,Buena,"19.328321, -99.068530"
2020-11-26,HOSPITAL GENERAL REGIONAL 72,IMSS,Media,Media,"19.356913, -98.990929"
2020-11-26,HOSPITAL GENERAL REGIONAL 196,IMSS,Buena,Buena,"19.515133, -98.891450"
2020-11-26,HOSPITAL GENERAL REGIONAL 200,IMSS,Media,Buena,"19.470300, -99.234208"
2020-11-26,HOSPITAL GENERAL DE ZONA 53,IMSS,Media,Media,"19.597387, -99.188426"
2020-11-26,HOSPITAL GENERAL DE ZONA 197,IMSS,Buena,Buena,"19.530797, -99.222446"
2020-11-26,HOSPITAL GENERAL DE ZONA 194,IMSS,Media,Buena,"19.570070, -99.044009"
2020-11-26,HOSPITAL GENERAL DE ZONA 57 (LA QUEBRADA),IMSS,Buena,Buena,"19.542797, -99.205022"
2020-11-26,HOSPITAL GENERAL DE ZONA 58 (LAS MARGARITAS),IMSS,Media,Buena,"19.529016, -99.030983"
2020-11-26,HOSPITAL GENERAL DE ZONA 68 (TULPETLAC),IMSS,Buena,Buena,"19.742905, -98.972971"
2020-11-26,HOSPITAL GENERAL DE ZONA 71 (CHALCO),IMSS,Buena,Buena,"19.356913, -98.990929"
2020-11-26,HOSPITAL GENERAL DE ZONA 76 (XALOSTOC),IMSS,Media,Buena,"19.515133, -98.891450"
2020-11-26,HOSPITAL GENERAL DE ZONA 98 (COACALCO),IMSS,Media,Buena,"19.470300, -99.234208"
2020-11-26,CRIT NEZAHUALCÓYOTL,IMSS,Buena,Buena,"19.425795, -99.029987"
2020-11-26,CENTRO MEDICO 20 DE NOVIEMBRE,ISSSTE,Buena,Buena,"19.372720, -99.171205"
2020-11-26,HG DARIO FERNANDEZ FIERRO,ISSSTE,Media,Crítica,"19.363602, -99.188608"
2020-11-26,HG JOSE MARIA MORELOS,ISSSTE,Media,Crítica,"19.363918, -98.995393"
2020-11-26,HG TACUBA,ISSSTE,Crítica,Buena,"19.454384, -99.191231"
2020-11-26,HG DR FERNANDO QUIROZ,ISSSTE,Media,Buena,"19.394242, -99.194187"
2020-11-26,HG IGNACIO ZARAGOZA,ISSSTE,Media,Media,"19.389472, -99.045019"
2020-11-26,HR PRIMERO DE OCTUBRE,ISSSTE,Crítica,Media,"19.486751, -99.133249"
2020-11-26,HR LIC. ADOLFO LÓPEZ MATEOS,ISSSTE,Media,Buena,"19.358451, -99.172716"
2020-11-26,HR BICENTENARIO DE LA INDEPENDENCIA,ISSSTE,Media,Media,"19.628814, -99.163343"
2020-11-26,ALTA ESPECIALIDAD DE ZUMPANGO,EDOMEX,Buena,Buena,"19.815198, -99.089196"
2020-11-26,HOSPITAL REGIONAL TLALNEPANTLA ISSEMYM,EDOMEX,Media,Media,"19.521706, -99.187341"
2020-11-26,"HOSPITAL GENERAL ECATEPEC ""LAS AMÉRICAS""",EDOMEX,Buena,Buena,"19.594136, -99.018679"
2020-11-26,"HOSPITAL GENERAL DE NAUCALPAN ""DR. MAXIMILIANO RUIZ CASTAÑEDA"" ",EDOMEX,Buena,Media,"19.468662, -99.234348"
2020-11-26,"HOSPITAL GENERAL ATIZAPAN DE ZARAGOZA ""DR. SALVADOR GONZALEZ HERREJÓN""",EDOMEX,Buena,Buena,"19.546322, -99.237491"
2020-11-26,"HOSPITAL GENERAL CUAUTITLAN ""GRAL. JOSE VICENTE VILLADA""",EDOMEX,Media,Buena,"19.664586, -99.178557"
2020-11-26,"HOSPITAL GENERAL DE NEZAHUALCOYOTL ""GUSTAVO BAZ PRADA""",EDOMEX,Buena,Media,"19.422253, -99.014892"
2020-11-26,"HOSPITAL GENERAL DE ECATEPEC ""JOSÉ MARÍA RODRÍGUEZ""",EDOMEX,Buena,Buena,"19.514412, -99.038087"
2020-11-26,"HOSPITAL GENERAL NEZAHUALCOYOTL ""LA PERLA"" ",EDOMEX,Buena,Buena,"19.387963, -98.989442"
2020-11-26,HOSPITAL GENERAL DE CHIMALHUACAN,EDOMEX,Buena,Buena,"19.419753, -98.975140"
2020-11-26,"HOSPITAL GENERAL DE IXTAPALUCA ""PEDRO LOPEZ""",EDOMEX,Buena,Buena,"19.318829, -98.855366"
2020-11-26,HOSPITAL GENERAL DE CHALCO ,EDOMEX,Buena,Media,"19.268265, -98.893965"
2020-11-26,"HOSPITAL GENERAL TEXCOCO ""GUADALUPE VICTORIA"" BICENTENARIO ",EDOMEX,Buena,Buena,"19.514309, -98.871750"
2020-11-26,"HOSPITAL GENERAL VALLE DE CHALCO ""DR. FERNANDO QUIROZ GUTIERREZ"" ",EDOMEX,Buena,Buena,"19.273775, -98.941609"
2020-11-26,"HOSPITAL GENERAL AMECAMECA ""VALENTIN GOMEZ FARIAS"" ",EDOMEX,Buena,Buena,"19.144883, -98.785072"
2020-11-26,HOSPITAL GENERAL DE AXAPUSCO,EDOMEX,Buena,Media,"19.732872, -98.769445"
2020-11-27,INSTITUTO NACIONAL DE NUTRICIÓN,SSA,Media,Media,"19.289599, -99.155441"
2020-11-27,INER,SSA,Crítica,Media,"19.291375, -99.158653"
2020-11-27,HOSPITAL GENERAL DE MÉXICO,SSA,Media,Buena,"19.4129258, -99.1520225"
2020-11-27,HOSPITAL JUAREZ,SSA,Media,Media,"19.481829, -99.135576"
2020-11-27,HOSPITAL GENERAL DR. MANUEL GEA GONZÁLEZ,SSA,Media,Media,"19.290295, -99.160861"
2020-11-27,HOSPITAL INFANTIL DE MÉXICO FEDERICO GÓMEZ,SSA,Buena,Buena,"19.410839, -99.151941"
2020-11-27,INSTITUTO  NACIONAL DE CARDIOLOGÍA IGNACIO CHÁVEZ,SSA,Buena,Buena,"19.290598, -99.153838"
2020-11-27,CITIBANAMEX,SSA,Buena,Crítica,"19.439732, -99.224235"
2020-11-27,HOSPITAL REGIONAL DE ALTA ESPECIALIDAD DE IXTAPALUCA,SSA,Media,Media,"19.318796, -98.855353"
2020-11-27,BELISARIO DOMINGUEZ,SEDESA,Media,Buena,"19.307226, -99.065356"
2020-11-27,ENRIQUE CABRERA,SEDESA,Media,Buena,"19.361675, -99.224432"
2020-11-27,GENERAL TLAHUAC,SEDESA,Buena,Buena,"19.287492, -99.052665"
2020-11-27,PEDIATRICO DE LA VILLA,SEDESA,Buena,Buena,"19.487355, -99.114316"
2020-11-27,HOSPITAL GENERAL AJUSCO MEDIO,SEDESA,Media,Media,"19.272165, -99.207846"
2020-11-27,HOSPITAL GENERAL IZTAPALAPA,SEDESA,Media,Buena,"19.343426, -99.027236"
2020-11-27,HOSPITAL GENERAL XOCO,SEDESA,Buena,Buena,"19.360313, -99.162275"
2020-11-27,HOSPITAL GENERAL VILLA,SEDESA,Media,Buena,"19.480079, -99.103353"
2020-11-27,HOSPITAL GENERAL DR. RUBÉN LEÑERO,SEDESA,Crítica,Buena,"19.451398, -99.169565"
2020-11-27,HOSPITAL GENERAL MILPA ALTA,SEDESA,Media,Buena,"19.200951, -99.011210"
2020-11-27,HOSPITAL GENERAL BALBUENA,SEDESA,Buena,Buena,"19.424195, -99.115412"
2020-11-27,HOSPITAL TEPEPAN,SEDESA,Sin Dato,Sin Dato,"19.275806, -99.144298"
2020-11-27,HOSPITAL DE ESPECIALIDADES 01 CMN SIGLO XXI (CDMX SUR),IMSS,Buena,Buena,"19.466549, -99.145102"
2020-11-27,HOSPITAL DE PEDIATRIA 01 CMN SIGLO XXI (CDMX SUR),IMSS,Buena,Buena,"19.407458, -99.152267"
2020-11-27,HOSPITAL GENERAL DE ZONA 01 CARLOS MC GREGOR (CDMX SUR),IMSS,Media,Buena,"19.395912, -99.161610"
2020-11-27,HOSPITAL GENERAL DE ZONA 1A PARQUE DE LOS VENADOS (CDMX SUR),IMSS,Crítica,Buena,"19.374431, -99.151203"
2020-11-27,HOSPITAL DE INFECTOLOGIA 01 LA RAZA (CDMX NORTE),IMSS,Media,Media,"19.464865, -99.144859"
2020-11-27,HOSPITAL GENERAL 01 (CDMX NORTE) LA RAZA,IMSS,Buena,Buena,"19.395740, -99.161677"
2020-11-27,HOSPITAL GENERAL DE ZONA 24 (CDMX NORTE),IMSS,Media,Buena,"19.483221, -99.128448"
2020-11-27,HOSPITAL GENERAL DE ZONA 27 (CDMX NORTE),IMSS,Buena,Buena,"19.454776, -99.140007"
2020-11-27,HOSPITAL GENERAL DE ZONA 2A (CDMX SUR),IMSS,Media,Buena,"19.405495, -99.112200"
2020-11-27,HOSPITAL GENERAL DE ZONA 30 (CDMX SUR),IMSS,Media,Buena,"19.398836, -99.116913"
2020-11-27,HOSPITAL GENERAL DE ZONA 32 (CDMX SUR),IMSS,Crítica,Buena,"19.307964, -99.130677"
2020-11-27,HOSPITAL GENERAL DE ZONA C/MF 08 (CDMX SUR),IMSS,Crítica,Buena,"19.337137, -99.200142"
2020-11-27,HOSPITAL GENERAL DE ZONA C/UMAA 48 (CDMX NORTE),IMSS,Media,Media,"19.482375, -99.213046"
2020-11-27,HOSPITAL GENERAL 02 (CDMX SUR) VILLA COAPA (COY.),IMSS,Media,Buena,"19.309194, -99.129593"
2020-11-27,HOSPITAL DE ESPECIALIDADES 01 (CDMX NORTE) LA RAZA (AZC),IMSS,Crítica,Buena,"19.467169, -99.143785"
2020-11-27,HOSPITAL GENERAL DE ZONA C/MF 29 (S. JUAN ARAGÓN),IMSS,Media,Buena,"19.465117, -99.085162"
2020-11-27,HOSPITAL GENERAL DE ZONA 47 (CDMX SUR) (IZP),IMSS,Media,Media,"19.357566, -99.054269"
2020-11-27,UNIDAD MÓVIL TEMPORAL COVID,IMSS,Crítica,Crítica,"19.403082, -99.089177"
2020-11-27,CRIT IZTAPALAPA,IMSS,Buena,Buena,"19.328321, -99.068530"
2020-11-27,HOSPITAL GENERAL REGIONAL 72,IMSS,Media,Media,"19.356913, -98.990929"
2020-11-27,HOSPITAL GENERAL REGIONAL 196,IMSS,Buena,Buena,"19.515133, -98.891450"
2020-11-27,HOSPITAL GENERAL REGIONAL 200,IMSS,Media,Buena,"19.470300, -99.234208"
2020-11-27,HOSPITAL GENERAL DE ZONA 53,IMSS,Media,Buena,"19.597387, -99.188426"
2020-11-27,HOSPITAL GENERAL DE ZONA 197,IMSS,Media,Buena,"19.530797, -99.222446"
2020-11-27,HOSPITAL GENERAL DE ZONA 194,IMSS,Crítica,Buena,"19.570070, -99.044009"
2020-11-27,HOSPITAL GENERAL DE ZONA 57 (LA QUEBRADA),IMSS,Buena,Buena,"19.542797, -99.205022"
2020-11-27,HOSPITAL GENERAL DE ZONA 58 (LAS MARGARITAS),IMSS,Media,Buena,"19.529016, -99.030983"
2020-11-27,HOSPITAL GENERAL DE ZONA 68 (TULPETLAC),IMSS,Buena,Buena,"19.742905, -98.972971"
2020-11-27,HOSPITAL GENERAL DE ZONA 71 (CHALCO),IMSS,Buena,Buena,"19.356913, -98.990929"
2020-11-27,HOSPITAL GENERAL DE ZONA 76 (XALOSTOC),IMSS,Media,Buena,"19.515133, -98.891450"
2020-11-27,HOSPITAL GENERAL DE ZONA 98 (COACALCO),IMSS,Media,Buena,"19.470300, -99.234208"
2020-11-27,CRIT NEZAHUALCÓYOTL,IMSS,Buena,Buena,"19.425795, -99.029987"
2020-11-27,CENTRO MEDICO 20 DE NOVIEMBRE,ISSSTE,Buena,Buena,"19.372720, -99.171205"
2020-11-27,HG DARIO FERNANDEZ FIERRO,ISSSTE,Media,Crítica,"19.363602, -99.188608"
2020-11-27,HG JOSE MARIA MORELOS,ISSSTE,Buena,Crítica,"19.363918, -98.995393"
2020-11-27,HG TACUBA,ISSSTE,Crítica,Buena,"19.454384, -99.191231"
2020-11-27,HG DR FERNANDO QUIROZ,ISSSTE,Media,Buena,"19.394242, -99.194187"
2020-11-27,HG IGNACIO ZARAGOZA,ISSSTE,Media,Media,"19.389472, -99.045019"
2020-11-27,HR PRIMERO DE OCTUBRE,ISSSTE,Crítica,Media,"19.486751, -99.133249"
2020-11-27,HR LIC. ADOLFO LÓPEZ MATEOS,ISSSTE,Media,Buena,"19.358451, -99.172716"
2020-11-27,HR BICENTENARIO DE LA INDEPENDENCIA,ISSSTE,Crítica,Media,"19.628814, -99.163343"
2020-11-27,ALTA ESPECIALIDAD DE ZUMPANGO,EDOMEX,Buena,Buena,"19.815198, -99.089196"
2020-11-27,HOSPITAL REGIONAL TLALNEPANTLA ISSEMYM,EDOMEX,Media,Media,"19.521706, -99.187341"
2020-11-27,"HOSPITAL GENERAL ECATEPEC ""LAS AMÉRICAS""",EDOMEX,Buena,Buena,"19.594136, -99.018679"
2020-11-27,"HOSPITAL GENERAL DE NAUCALPAN ""DR. MAXIMILIANO RUIZ CASTAÑEDA"" ",EDOMEX,Buena,Media,"19.468662, -99.234348"
2020-11-27,"HOSPITAL GENERAL ATIZAPAN DE ZARAGOZA ""DR. SALVADOR GONZALEZ HERREJÓN""",EDOMEX,Buena,Buena,"19.546322, -99.237491"
2020-11-27,"HOSPITAL GENERAL CUAUTITLAN ""GRAL. JOSE VICENTE VILLADA""",EDOMEX,Media,Buena,"19.664586, -99.178557"
2020-11-27,"HOSPITAL GENERAL DE NEZAHUALCOYOTL ""GUSTAVO BAZ PRADA""",EDOMEX,Buena,Buena,"19.422253, -99.014892"
2020-11-27,"HOSPITAL GENERAL DE ECATEPEC ""JOSÉ MARÍA RODRÍGUEZ""",EDOMEX,Buena,Buena,"19.514412, -99.038087"
2020-11-27,"HOSPITAL GENERAL NEZAHUALCOYOTL ""LA PERLA"" ",EDOMEX,Buena,Buena,"19.387963, -98.989442"
2020-11-27,HOSPITAL GENERAL DE CHIMALHUACAN,EDOMEX,Buena,Buena,"19.419753, -98.975140"
2020-11-27,"HOSPITAL GENERAL DE IXTAPALUCA ""PEDRO LOPEZ""",EDOMEX,Buena,Buena,"19.318829, -98.855366"
2020-11-27,HOSPITAL GENERAL DE CHALCO ,EDOMEX,Buena,Crítica,"19.268265, -98.893965"
2020-11-27,"HOSPITAL GENERAL TEXCOCO ""GUADALUPE VICTORIA"" BICENTENARIO ",EDOMEX,Buena,Buena,"19.514309, -98.871750"
2020-11-27,"HOSPITAL GENERAL VALLE DE CHALCO ""DR. FERNANDO QUIROZ GUTIERREZ"" ",EDOMEX,Buena,Buena,"19.273775, -98.941609"
2020-11-27,"HOSPITAL GENERAL AMECAMECA ""VALENTIN GOMEZ FARIAS"" ",EDOMEX,Buena,Buena,"19.144883, -98.785072"
2020-11-27,HOSPITAL GENERAL DE AXAPUSCO,EDOMEX,Buena,Crítica,"19.732872, -98.769445"
2020-11-28,INSTITUTO NACIONAL DE NUTRICIÓN,SSA,Media,Media,"19.289599, -99.155441"
2020-11-28,INER,SSA,Crítica,Media,"19.291375, -99.158653"
2020-11-28,HOSPITAL GENERAL DE MÉXICO,SSA,Media,Buena,"19.4129258, -99.1520225"
2020-11-28,HOSPITAL JUAREZ,SSA,Crítica,Buena,"19.481829, -99.135576"
2020-11-28,HOSPITAL GENERAL DR. MANUEL GEA GONZÁLEZ,SSA,Media,Buena,"19.290295, -99.160861"
2020-11-28,HOSPITAL INFANTIL DE MÉXICO FEDERICO GÓMEZ,SSA,Buena,Buena,"19.410839, -99.151941"
2020-11-28,INSTITUTO  NACIONAL DE CARDIOLOGÍA IGNACIO CHÁVEZ,SSA,Buena,Buena,"19.290598, -99.153838"
2020-11-28,CITIBANAMEX,SSA,Buena,Crítica,"19.439732, -99.224235"
2020-11-28,HOSPITAL REGIONAL DE ALTA ESPECIALIDAD DE IXTAPALUCA,SSA,Media,Media,"19.318796, -98.855353"
2020-11-28,BELISARIO DOMINGUEZ,SEDESA,Media,Buena,"19.307226, -99.065356"
2020-11-28,ENRIQUE CABRERA,SEDESA,Media,Buena,"19.361675, -99.224432"
2020-11-28,GENERAL TLAHUAC,SEDESA,Buena,Buena,"19.287492, -99.052665"
2020-11-28,PEDIATRICO DE LA VILLA,SEDESA,Buena,Buena,"19.487355, -99.114316"
2020-11-28,HOSPITAL GENERAL AJUSCO MEDIO,SEDESA,Buena,Media,"19.272165, -99.207846"
2020-11-28,HOSPITAL GENERAL IZTAPALAPA,SEDESA,Media,Buena,"19.343426, -99.027236"
2020-11-28,HOSPITAL GENERAL XOCO,SEDESA,Buena,Buena,"19.360313, -99.162275"
2020-11-28,HOSPITAL GENERAL VILLA,SEDESA,Media,Buena,"19.480079, -99.103353"
2020-11-28,HOSPITAL GENERAL DR. RUBÉN LEÑERO,SEDESA,Crítica,Buena,"19.451398, -99.169565"
2020-11-28,HOSPITAL GENERAL MILPA ALTA,SEDESA,Media,Buena,"19.200951, -99.011210"
2020-11-28,HOSPITAL GENERAL BALBUENA,SEDESA,Buena,Buena,"19.424195, -99.115412"
2020-11-28,HOSPITAL TEPEPAN,SEDESA,Sin Dato,Sin Dato,"19.275806, -99.144298"
2020-11-28,HOSPITAL DE ESPECIALIDADES 01 CMN SIGLO XXI (CDMX SUR),IMSS,Buena,Buena,"19.466549, -99.145102"
2020-11-28,HOSPITAL DE PEDIATRIA 01 CMN SIGLO XXI (CDMX SUR),IMSS,Buena,Buena,"19.407458, -99.152267"
2020-11-28,HOSPITAL GENERAL DE ZONA 01 CARLOS MC GREGOR (CDMX SUR),IMSS,Crítica,Buena,"19.395912, -99.161610"
2020-11-28,HOSPITAL GENERAL DE ZONA 1A PARQUE DE LOS VENADOS (CDMX SUR),IMSS,Media,Media,"19.374431, -99.151203"
2020-11-28,HOSPITAL DE INFECTOLOGIA 01 LA RAZA (CDMX NORTE),IMSS,Media,Crítica,"19.464865, -99.144859"
2020-11-28,HOSPITAL GENERAL 01 (CDMX NORTE) LA RAZA,IMSS,Buena,Media,"19.395740, -99.161677"
2020-11-28,HOSPITAL GENERAL DE ZONA 24 (CDMX NORTE),IMSS,Media,Buena,"19.483221, -99.128448"
2020-11-28,HOSPITAL GENERAL DE ZONA 27 (CDMX NORTE),IMSS,Buena,Buena,"19.454776, -99.140007"
2020-11-28,HOSPITAL GENERAL DE ZONA 2A (CDMX SUR),IMSS,Media,Buena,"19.405495, -99.112200"
2020-11-28,HOSPITAL GENERAL DE ZONA 30 (CDMX SUR),IMSS,Media,Buena,"19.398836, -99.116913"
2020-11-28,HOSPITAL GENERAL DE ZONA 32 (CDMX SUR),IMSS,Crítica,Buena,"19.307964, -99.130677"
2020-11-28,HOSPITAL GENERAL DE ZONA C/MF 08 (CDMX SUR),IMSS,Crítica,Buena,"19.337137, -99.200142"
2020-11-28,HOSPITAL GENERAL DE ZONA C/UMAA 48 (CDMX NORTE),IMSS,Media,Media,"19.482375, -99.213046"
2020-11-28,HOSPITAL GENERAL 02 (CDMX SUR) VILLA COAPA (COY.),IMSS,Media,Media,"19.309194, -99.129593"
2020-11-28,HOSPITAL DE ESPECIALIDADES 01 (CDMX NORTE) LA RAZA (AZC),IMSS,Media,Buena,"19.467169, -99.143785"
2020-11-28,HOSPITAL GENERAL DE ZONA C/MF 29 (S. JUAN ARAGÓN),IMSS,Media,Buena,"19.465117, -99.085162"
2020-11-28,HOSPITAL GENERAL DE ZONA 47 (CDMX SUR) (IZP),IMSS,Media,Crítica,"19.357566, -99.054269"
2020-11-28,UNIDAD MÓVIL TEMPORAL COVID,IMSS,Crítica,Crítica,"19.403082, -99.089177"
2020-11-28,CRIT IZTAPALAPA,IMSS,Buena,Buena,"19.328321, -99.068530"
2020-11-28,HOSPITAL GENERAL REGIONAL 72,IMSS,Media,Media,"19.356913, -98.990929"
2020-11-28,HOSPITAL GENERAL REGIONAL 196,IMSS,Buena,Buena,"19.515133, -98.891450"
2020-11-28,HOSPITAL GENERAL REGIONAL 200,IMSS,Media,Buena,"19.470300, -99.234208"
2020-11-28,HOSPITAL GENERAL DE ZONA 53,IMSS,Media,Media,"19.597387, -99.188426"
2020-11-28,HOSPITAL GENERAL DE ZONA 197,IMSS,Buena,Buena,"19.530797, -99.222446"
2020-11-28,HOSPITAL GENERAL DE ZONA 194,IMSS,Crítica,Buena,"19.570070, -99.044009"
2020-11-28,HOSPITAL GENERAL DE ZONA 57 (LA QUEBRADA),IMSS,Media,Buena,"19.542797, -99.205022"
2020-11-28,HOSPITAL GENERAL DE ZONA 58 (LAS MARGARITAS),IMSS,Media,Buena,"19.529016, -99.030983"
2020-11-28,HOSPITAL GENERAL DE ZONA 68 (TULPETLAC),IMSS,Buena,Buena,"19.742905, -98.972971"
2020-11-28,HOSPITAL GENERAL DE ZONA 71 (CHALCO),IMSS,Buena,Buena,"19.356913, -98.990929"
2020-11-28,HOSPITAL GENERAL DE ZONA 76 (XALOSTOC),IMSS,Media,Buena,"19.515133, -98.891450"
2020-11-28,HOSPITAL GENERAL DE ZONA 98 (COACALCO),IMSS,Buena,Buena,"19.470300, -99.234208"
2020-11-28,CRIT NEZAHUALCÓYOTL,IMSS,Buena,Buena,"19.425795, -99.029987"
2020-11-28,CENTRO MEDICO 20 DE NOVIEMBRE,ISSSTE,Buena,Buena,"19.372720, -99.171205"
2020-11-28,HG DARIO FERNANDEZ FIERRO,ISSSTE,Media,Crítica,"19.363602, -99.188608"
2020-11-28,HG JOSE MARIA MORELOS,ISSSTE,Buena,Crítica,"19.363918, -98.995393"
2020-11-28,HG TACUBA,ISSSTE,Crítica,Media,"19.454384, -99.191231"
2020-11-28,HG DR FERNANDO QUIROZ,ISSSTE,Media,Buena,"19.394242, -99.194187"
2020-11-28,HG IGNACIO ZARAGOZA,ISSSTE,Media,Media,"19.389472, -99.045019"
2020-11-28,HR PRIMERO DE OCTUBRE,ISSSTE,Crítica,Media,"19.486751, -99.133249"
2020-11-28,HR LIC. ADOLFO LÓPEZ MATEOS,ISSSTE,Media,Buena,"19.358451, -99.172716"
2020-11-28,HR BICENTENARIO DE LA INDEPENDENCIA,ISSSTE,Crítica,Media,"19.628814, -99.163343"
2020-11-28,ALTA ESPECIALIDAD DE ZUMPANGO,EDOMEX,Buena,Buena,"19.815198, -99.089196"
2020-11-28,HOSPITAL REGIONAL TLALNEPANTLA ISSEMYM,EDOMEX,Crítica,Buena,"19.521706, -99.187341"
2020-11-28,"HOSPITAL GENERAL ECATEPEC ""LAS AMÉRICAS""",EDOMEX,Buena,Buena,"19.594136, -99.018679"
2020-11-28,"HOSPITAL GENERAL DE NAUCALPAN ""DR. MAXIMILIANO RUIZ CASTAÑEDA"" ",EDOMEX,Buena,Media,"19.468662, -99.234348"
2020-11-28,"HOSPITAL GENERAL ATIZAPAN DE ZARAGOZA ""DR. SALVADOR GONZALEZ HERREJÓN""",EDOMEX,Buena,Buena,"19.546322, -99.237491"
2020-11-28,"HOSPITAL GENERAL CUAUTITLAN ""GRAL. JOSE VICENTE VILLADA""",EDOMEX,Media,Media,"19.664586, -99.178557"
2020-11-28,"HOSPITAL GENERAL DE NEZAHUALCOYOTL ""GUSTAVO BAZ PRADA""",EDOMEX,Buena,Media,"19.422253, -99.014892"
2020-11-28,"HOSPITAL GENERAL DE ECATEPEC ""JOSÉ MARÍA RODRÍGUEZ""",EDOMEX,Buena,Buena,"19.514412, -99.038087"
2020-11-28,"HOSPITAL GENERAL NEZAHUALCOYOTL ""LA PERLA"" ",EDOMEX,Buena,Buena,"19.387963, -98.989442"
2020-11-28,HOSPITAL GENERAL DE CHIMALHUACAN,EDOMEX,Media,Buena,"19.419753, -98.975140"
2020-11-28,"HOSPITAL GENERAL DE IXTAPALUCA ""PEDRO LOPEZ""",EDOMEX,Buena,Buena,"19.318829, -98.855366"
2020-11-28,HOSPITAL GENERAL DE CHALCO ,EDOMEX,Buena,Crítica,"19.268265, -98.893965"
2020-11-28,"HOSPITAL GENERAL TEXCOCO ""GUADALUPE VICTORIA"" BICENTENARIO ",EDOMEX,Media,Buena,"19.514309, -98.871750"
2020-11-28,"HOSPITAL GENERAL VALLE DE CHALCO ""DR. FERNANDO QUIROZ GUTIERREZ"" ",EDOMEX,Buena,Buena,"19.273775, -98.941609"
2020-11-28,"HOSPITAL GENERAL AMECAMECA ""VALENTIN GOMEZ FARIAS"" ",EDOMEX,Buena,Buena,"19.144883, -98.785072"
2020-11-28,HOSPITAL GENERAL DE AXAPUSCO,EDOMEX,Buena,Media,"19.732872, -98.769445"
2020-11-29,INSTITUTO NACIONAL DE NUTRICIÓN,SSA,Buena,Media,"19.289599, -99.155441"
2020-11-29,INER,SSA,Crítica,Media,"19.291375, -99.158653"
2020-11-29,HOSPITAL GENERAL DE MÉXICO,SSA,Media,Buena,"19.4129258, -99.1520225"
2020-11-29,HOSPITAL JUAREZ,SSA,Crítica,Media,"19.481829, -99.135576"
2020-11-29,HOSPITAL GENERAL DR. MANUEL GEA GONZÁLEZ,SSA,Media,Buena,"19.290295, -99.160861"
2020-11-29,HOSPITAL INFANTIL DE MÉXICO FEDERICO GÓMEZ,SSA,Buena,Buena,"19.410839, -99.151941"
2020-11-29,INSTITUTO  NACIONAL DE CARDIOLOGÍA IGNACIO CHÁVEZ,SSA,Buena,Buena,"19.290598, -99.153838"
2020-11-29,CITIBANAMEX,SSA,Buena,Crítica,"19.439732, -99.224235"
2020-11-29,HOSPITAL REGIONAL DE ALTA ESPECIALIDAD DE IXTAPALUCA,SSA,Media,Media,"19.318796, -98.855353"
2020-11-29,BELISARIO DOMINGUEZ,SEDESA,Crítica,Buena,"19.307226, -99.065356"
2020-11-29,ENRIQUE CABRERA,SEDESA,Media,Buena,"19.361675, -99.224432"
2020-11-29,GENERAL TLAHUAC,SEDESA,Buena,Buena,"19.287492, -99.052665"
2020-11-29,PEDIATRICO DE LA VILLA,SEDESA,Buena,Buena,"19.487355, -99.114316"
2020-11-29,HOSPITAL GENERAL AJUSCO MEDIO,SEDESA,Media,Media,"19.272165, -99.207846"
2020-11-29,HOSPITAL GENERAL IZTAPALAPA,SEDESA,Media,Buena,"19.343426, -99.027236"
2020-11-29,HOSPITAL GENERAL XOCO,SEDESA,Buena,Buena,"19.360313, -99.162275"
2020-11-29,HOSPITAL GENERAL VILLA,SEDESA,Media,Buena,"19.480079, -99.103353"
2020-11-29,HOSPITAL GENERAL DR. RUBÉN LEÑERO,SEDESA,Media,Media,"19.451398, -99.169565"
2020-11-29,HOSPITAL GENERAL MILPA ALTA,SEDESA,Media,Buena,"19.200951, -99.011210"
2020-11-29,HOSPITAL GENERAL BALBUENA,SEDESA,Buena,Buena,"19.424195, -99.115412"
2020-11-29,HOSPITAL TEPEPAN,SEDESA,Sin Dato,Sin Dato,"19.275806, -99.144298"
2020-11-29,HOSPITAL DE ESPECIALIDADES 01 CMN SIGLO XXI (CDMX SUR),IMSS,Buena,Buena,"19.466549, -99.145102"
2020-11-29,HOSPITAL DE PEDIATRIA 01 CMN SIGLO XXI (CDMX SUR),IMSS,Buena,Buena,"19.407458, -99.152267"
2020-11-29,HOSPITAL GENERAL DE ZONA 01 CARLOS MC GREGOR (CDMX SUR),IMSS,Media,Media,"19.395912, -99.161610"
2020-11-29,HOSPITAL GENERAL DE ZONA 1A PARQUE DE LOS VENADOS (CDMX SUR),IMSS,Media,Media,"19.374431, -99.151203"
2020-11-29,HOSPITAL DE INFECTOLOGIA 01 LA RAZA (CDMX NORTE),IMSS,Media,Crítica,"19.464865, -99.144859"
2020-11-29,HOSPITAL GENERAL 01 (CDMX NORTE) LA RAZA,IMSS,Buena,Media,"19.395740, -99.161677"
2020-11-29,HOSPITAL GENERAL DE ZONA 24 (CDMX NORTE),IMSS,Media,Buena,"19.483221, -99.128448"
2020-11-29,HOSPITAL GENERAL DE ZONA 27 (CDMX NORTE),IMSS,Media,Buena,"19.454776, -99.140007"
2020-11-29,HOSPITAL GENERAL DE ZONA 2A (CDMX SUR),IMSS,Media,Buena,"19.405495, -99.112200"
2020-11-29,HOSPITAL GENERAL DE ZONA 30 (CDMX SUR),IMSS,Media,Buena,"19.398836, -99.116913"
2020-11-29,HOSPITAL GENERAL DE ZONA 32 (CDMX SUR),IMSS,Crítica,Buena,"19.307964, -99.130677"
2020-11-29,HOSPITAL GENERAL DE ZONA C/MF 08 (CDMX SUR),IMSS,Crítica,Buena,"19.337137, -99.200142"
2020-11-29,HOSPITAL GENERAL DE ZONA C/UMAA 48 (CDMX NORTE),IMSS,Media,Media,"19.482375, -99.213046"
2020-11-29,HOSPITAL GENERAL 02 (CDMX SUR) VILLA COAPA (COY.),IMSS,Media,Media,"19.309194, -99.129593"
2020-11-29,HOSPITAL DE ESPECIALIDADES 01 (CDMX NORTE) LA RAZA (AZC),IMSS,Media,Buena,"19.467169, -99.143785"
2020-11-29,HOSPITAL GENERAL DE ZONA C/MF 29 (S. JUAN ARAGÓN),IMSS,Media,Buena,"19.465117, -99.085162"
2020-11-29,HOSPITAL GENERAL DE ZONA 47 (CDMX SUR) (IZP),IMSS,Media,Crítica,"19.357566, -99.054269"
2020-11-29,UNIDAD MÓVIL TEMPORAL COVID,IMSS,Crítica,Crítica,"19.403082, -99.089177"
2020-11-29,CRIT IZTAPALAPA,IMSS,Buena,Buena,"19.328321, -99.068530"
2020-11-29,HOSPITAL GENERAL REGIONAL 72,IMSS,Media,Media,"19.356913, -98.990929"
2020-11-29,HOSPITAL GENERAL REGIONAL 196,IMSS,Buena,Buena,"19.515133, -98.891450"
2020-11-29,HOSPITAL GENERAL REGIONAL 200,IMSS,Media,Buena,"19.470300, -99.234208"
2020-11-29,HOSPITAL GENERAL DE ZONA 53,IMSS,Media,Media,"19.597387, -99.188426"
2020-11-29,HOSPITAL GENERAL DE ZONA 197,IMSS,Buena,Buena,"19.530797, -99.222446"
2020-11-29,HOSPITAL GENERAL DE ZONA 194,IMSS,Crítica,Buena,"19.570070, -99.044009"
2020-11-29,HOSPITAL GENERAL DE ZONA 57 (LA QUEBRADA),IMSS,Media,Buena,"19.542797, -99.205022"
2020-11-29,HOSPITAL GENERAL DE ZONA 58 (LAS MARGARITAS),IMSS,Media,Buena,"19.529016, -99.030983"
2020-11-29,HOSPITAL GENERAL DE ZONA 68 (TULPETLAC),IMSS,Buena,Buena,"19.742905, -98.972971"
2020-11-29,HOSPITAL GENERAL DE ZONA 71 (CHALCO),IMSS,Buena,Buena,"19.356913, -98.990929"
2020-11-29,HOSPITAL GENERAL DE ZONA 76 (XALOSTOC),IMSS,Media,Buena,"19.515133, -98.891450"
2020-11-29,HOSPITAL GENERAL DE ZONA 98 (COACALCO),IMSS,Media,Buena,"19.470300, -99.234208"
2020-11-29,CRIT NEZAHUALCÓYOTL,IMSS,Buena,Buena,"19.425795, -99.029987"
2020-11-29,CENTRO MEDICO 20 DE NOVIEMBRE,ISSSTE,Buena,Buena,"19.372720, -99.171205"
2020-11-29,HG DARIO FERNANDEZ FIERRO,ISSSTE,Media,Crítica,"19.363602, -99.188608"
2020-11-29,HG JOSE MARIA MORELOS,ISSSTE,Buena,Media,"19.363918, -98.995393"
2020-11-29,HG TACUBA,ISSSTE,Crítica,Media,"19.454384, -99.191231"
2020-11-29,HG DR FERNANDO QUIROZ,ISSSTE,Media,Buena,"19.394242, -99.194187"
2020-11-29,HG IGNACIO ZARAGOZA,ISSSTE,Media,Media,"19.389472, -99.045019"
2020-11-29,HR PRIMERO DE OCTUBRE,ISSSTE,Crítica,Media,"19.486751, -99.133249"
2020-11-29,HR LIC. ADOLFO LÓPEZ MATEOS,ISSSTE,Media,Buena,"19.358451, -99.172716"
2020-11-29,HR BICENTENARIO DE LA INDEPENDENCIA,ISSSTE,Crítica,Media,"19.628814, -99.163343"
2020-11-29,ALTA ESPECIALIDAD DE ZUMPANGO,EDOMEX,Buena,Buena,"19.815198, -99.089196"
2020-11-29,HOSPITAL REGIONAL TLALNEPANTLA ISSEMYM,EDOMEX,Crítica,Media,"19.521706, -99.187341"
2020-11-29,"HOSPITAL GENERAL ECATEPEC ""LAS AMÉRICAS""",EDOMEX,Buena,Buena,"19.594136, -99.018679"
2020-11-29,"HOSPITAL GENERAL DE NAUCALPAN ""DR. MAXIMILIANO RUIZ CASTAÑEDA"" ",EDOMEX,Buena,Media,"19.468662, -99.234348"
2020-11-29,"HOSPITAL GENERAL ATIZAPAN DE ZARAGOZA ""DR. SALVADOR GONZALEZ HERREJÓN""",EDOMEX,Buena,Buena,"19.546322, -99.237491"
2020-11-29,"HOSPITAL GENERAL CUAUTITLAN ""GRAL. JOSE VICENTE VILLADA""",EDOMEX,Media,Buena,"19.664586, -99.178557"
2020-11-29,"HOSPITAL GENERAL DE NEZAHUALCOYOTL ""GUSTAVO BAZ PRADA""",EDOMEX,Buena,Media,"19.422253, -99.014892"
2020-11-29,"HOSPITAL GENERAL DE ECATEPEC ""JOSÉ MARÍA RODRÍGUEZ""",EDOMEX,Buena,Buena,"19.514412, -99.038087"
2020-11-29,"HOSPITAL GENERAL NEZAHUALCOYOTL ""LA PERLA"" ",EDOMEX,Buena,Buena,"19.387963, -98.989442"
2020-11-29,HOSPITAL GENERAL DE CHIMALHUACAN,EDOMEX,Media,Buena,"19.419753, -98.975140"
2020-11-29,"HOSPITAL GENERAL DE IXTAPALUCA ""PEDRO LOPEZ""",EDOMEX,Buena,Buena,"19.318829, -98.855366"
2020-11-29,HOSPITAL GENERAL DE CHALCO ,EDOMEX,Buena,Media,"19.268265, -98.893965"
2020-11-29,"HOSPITAL GENERAL TEXCOCO ""GUADALUPE VICTORIA"" BICENTENARIO ",EDOMEX,Media,Buena,"19.514309, -98.871750"
2020-11-29,"HOSPITAL GENERAL VALLE DE CHALCO ""DR. FERNANDO QUIROZ GUTIERREZ"" ",EDOMEX,Buena,Buena,"19.273775, -98.941609"
2020-11-29,"HOSPITAL GENERAL AMECAMECA ""VALENTIN GOMEZ FARIAS"" ",EDOMEX,Buena,Buena,"19.144883, -98.785072"
2020-11-29,HOSPITAL GENERAL DE AXAPUSCO,EDOMEX,Media,Crítica,"19.732872, -98.769445"
2020-11-30,INSTITUTO NACIONAL DE NUTRICIÓN,SSA,Media,Media,"19.289599, -99.155441"
2020-11-30,INER,SSA,Crítica,Media,"19.291375, -99.158653"
2020-11-30,HOSPITAL GENERAL DE MÉXICO,SSA,Media,Buena,"19.4129258, -99.1520225"
2020-11-30,HOSPITAL JUAREZ,SSA,Media,Media,"19.481829, -99.135576"
2020-11-30,HOSPITAL GENERAL DR. MANUEL GEA GONZÁLEZ,SSA,Media,Buena,"19.290295, -99.160861"
2020-11-30,HOSPITAL INFANTIL DE MÉXICO FEDERICO GÓMEZ,SSA,Buena,Buena,"19.410839, -99.151941"
2020-11-30,INSTITUTO  NACIONAL DE CARDIOLOGÍA IGNACIO CHÁVEZ,SSA,Buena,Buena,"19.290598, -99.153838"
2020-11-30,CITIBANAMEX,SSA,Buena,Crítica,"19.439732, -99.224235"
2020-11-30,HOSPITAL REGIONAL DE ALTA ESPECIALIDAD DE IXTAPALUCA,SSA,Buena,Media,"19.318796, -98.855353"
2020-11-30,BELISARIO DOMINGUEZ,SEDESA,Crítica,Buena,"19.307226, -99.065356"
2020-11-30,ENRIQUE CABRERA,SEDESA,Media,Buena,"19.361675, -99.224432"
2020-11-30,GENERAL TLAHUAC,SEDESA,Buena,Buena,"19.287492, -99.052665"
2020-11-30,PEDIATRICO DE LA VILLA,SEDESA,Buena,Buena,"19.487355, -99.114316"
2020-11-30,HOSPITAL GENERAL AJUSCO MEDIO,SEDESA,Media,Media,"19.272165, -99.207846"
2020-11-30,HOSPITAL GENERAL IZTAPALAPA,SEDESA,Media,Buena,"19.343426, -99.027236"
2020-11-30,HOSPITAL GENERAL XOCO,SEDESA,Buena,Buena,"19.360313, -99.162275"
2020-11-30,HOSPITAL GENERAL VILLA,SEDESA,Media,Buena,"19.480079, -99.103353"
2020-11-30,HOSPITAL GENERAL DR. RUBÉN LEÑERO,SEDESA,Media,Buena,"19.451398, -99.169565"
2020-11-30,HOSPITAL GENERAL MILPA ALTA,SEDESA,Media,Buena,"19.200951, -99.011210"
2020-11-30,HOSPITAL GENERAL BALBUENA,SEDESA,Buena,Buena,"19.424195, -99.115412"
2020-11-30,HOSPITAL TEPEPAN,SEDESA,Sin Dato,Sin Dato,"19.275806, -99.144298"
2020-11-30,HOSPITAL DE ESPECIALIDADES 01 CMN SIGLO XXI (CDMX SUR),IMSS,Buena,Buena,"19.466549, -99.145102"
2020-11-30,HOSPITAL DE PEDIATRIA 01 CMN SIGLO XXI (CDMX SUR),IMSS,Buena,Buena,"19.407458, -99.152267"
2020-11-30,HOSPITAL GENERAL DE ZONA 01 CARLOS MC GREGOR (CDMX SUR),IMSS,Media,Media,"19.395912, -99.161610"
2020-11-30,HOSPITAL GENERAL DE ZONA 1A PARQUE DE LOS VENADOS (CDMX SUR),IMSS,Media,Media,"19.374431, -99.151203"
2020-11-30,HOSPITAL DE INFECTOLOGIA 01 LA RAZA (CDMX NORTE),IMSS,Media,Crítica,"19.464865, -99.144859"
2020-11-30,HOSPITAL GENERAL 01 (CDMX NORTE) LA RAZA,IMSS,Buena,Buena,"19.395740, -99.161677"
2020-11-30,HOSPITAL GENERAL DE ZONA 24 (CDMX NORTE),IMSS,Media,Buena,"19.483221, -99.128448"
2020-11-30,HOSPITAL GENERAL DE ZONA 27 (CDMX NORTE),IMSS,Media,Buena,"19.454776, -99.140007"
2020-11-30,HOSPITAL GENERAL DE ZONA 2A (CDMX SUR),IMSS,Media,Buena,"19.405495, -99.112200"
2020-11-30,HOSPITAL GENERAL DE ZONA 30 (CDMX SUR),IMSS,Media,Buena,"19.398836, -99.116913"
2020-11-30,HOSPITAL GENERAL DE ZONA 32 (CDMX SUR),IMSS,Crítica,Buena,"19.307964, -99.130677"
2020-11-30,HOSPITAL GENERAL DE ZONA C/MF 08 (CDMX SUR),IMSS,Crítica,Buena,"19.337137, -99.200142"
2020-11-30,HOSPITAL GENERAL DE ZONA C/UMAA 48 (CDMX NORTE),IMSS,Media,Crítica,"19.482375, -99.213046"
2020-11-30,HOSPITAL GENERAL 02 (CDMX SUR) VILLA COAPA (COY.),IMSS,Media,Media,"19.309194, -99.129593"
2020-11-30,HOSPITAL DE ESPECIALIDADES 01 (CDMX NORTE) LA RAZA (AZC),IMSS,Media,Buena,"19.467169, -99.143785"
2020-11-30,HOSPITAL GENERAL DE ZONA C/MF 29 (S. JUAN ARAGÓN),IMSS,Media,Buena,"19.465117, -99.085162"
2020-11-30,HOSPITAL GENERAL DE ZONA 47 (CDMX SUR) (IZP),IMSS,Media,Media,"19.357566, -99.054269"
2020-11-30,UNIDAD MÓVIL TEMPORAL COVID,IMSS,Crítica,Crítica,"19.403082, -99.089177"
2020-11-30,CRIT IZTAPALAPA,IMSS,Buena,Buena,"19.328321, -99.068530"
2020-11-30,HOSPITAL GENERAL REGIONAL 72,IMSS,Media,Media,"19.356913, -98.990929"
2020-11-30,HOSPITAL GENERAL REGIONAL 196,IMSS,Buena,Buena,"19.515133, -98.891450"
2020-11-30,HOSPITAL GENERAL REGIONAL 200,IMSS,Media,Buena,"19.470300, -99.234208"
2020-11-30,HOSPITAL GENERAL DE ZONA 53,IMSS,Media,Media,"19.597387, -99.188426"
2020-11-30,HOSPITAL GENERAL DE ZONA 197,IMSS,Buena,Buena,"19.530797, -99.222446"
2020-11-30,HOSPITAL GENERAL DE ZONA 194,IMSS,Media,Buena,"19.570070, -99.044009"
2020-11-30,HOSPITAL GENERAL DE ZONA 57 (LA QUEBRADA),IMSS,Media,Buena,"19.542797, -99.205022"
2020-11-30,HOSPITAL GENERAL DE ZONA 58 (LAS MARGARITAS),IMSS,Media,Media,"19.529016, -99.030983"
2020-11-30,HOSPITAL GENERAL DE ZONA 68 (TULPETLAC),IMSS,Buena,Buena,"19.742905, -98.972971"
2020-11-30,HOSPITAL GENERAL DE ZONA 71 (CHALCO),IMSS,Buena,Buena,"19.356913, -98.990929"
2020-11-30,HOSPITAL GENERAL DE ZONA 76 (XALOSTOC),IMSS,Media,Buena,"19.515133, -98.891450"
2020-11-30,HOSPITAL GENERAL DE ZONA 98 (COACALCO),IMSS,Media,Buena,"19.470300, -99.234208"
2020-11-30,CRIT NEZAHUALCÓYOTL,IMSS,Buena,Buena,"19.425795, -99.029987"
2020-11-30,CENTRO MEDICO 20 DE NOVIEMBRE,ISSSTE,Buena,Buena,"19.372720, -99.171205"
2020-11-30,HG DARIO FERNANDEZ FIERRO,ISSSTE,Media,Crítica,"19.363602, -99.188608"
2020-11-30,HG JOSE MARIA MORELOS,ISSSTE,Media,Media,"19.363918, -98.995393"
2020-11-30,HG TACUBA,ISSSTE,Crítica,Buena,"19.454384, -99.191231"
2020-11-30,HG DR FERNANDO QUIROZ,ISSSTE,Media,Buena,"19.394242, -99.194187"
2020-11-30,HG IGNACIO ZARAGOZA,ISSSTE,Media,Media,"19.389472, -99.045019"
2020-11-30,HR PRIMERO DE OCTUBRE,ISSSTE,Crítica,Crítica,"19.486751, -99.133249"
2020-11-30,HR LIC. ADOLFO LÓPEZ MATEOS,ISSSTE,Media,Buena,"19.358451, -99.172716"
2020-11-30,HR BICENTENARIO DE LA INDEPENDENCIA,ISSSTE,Crítica,Media,"19.628814, -99.163343"
2020-11-30,ALTA ESPECIALIDAD DE ZUMPANGO,EDOMEX,Buena,Buena,"19.815198, -99.089196"
2020-11-30,HOSPITAL REGIONAL TLALNEPANTLA ISSEMYM,EDOMEX,Crítica,Media,"19.521706, -99.187341"
2020-11-30,"HOSPITAL GENERAL ECATEPEC ""LAS AMÉRICAS""",EDOMEX,Buena,Media,"19.594136, -99.018679"
2020-11-30,"HOSPITAL GENERAL DE NAUCALPAN ""DR. MAXIMILIANO RUIZ CASTAÑEDA"" ",EDOMEX,Buena,Buena,"19.468662, -99.234348"
2020-11-30,"HOSPITAL GENERAL ATIZAPAN DE ZARAGOZA ""DR. SALVADOR GONZALEZ HERREJÓN""",EDOMEX,Buena,Buena,"19.546322, -99.237491"
2020-11-30,"HOSPITAL GENERAL CUAUTITLAN ""GRAL. JOSE VICENTE VILLADA""",EDOMEX,Media,Buena,"19.664586, -99.178557"
2020-11-30,"HOSPITAL GENERAL DE NEZAHUALCOYOTL ""GUSTAVO BAZ PRADA""",EDOMEX,Buena,Buena,"19.422253, -99.014892"
2020-11-30,"HOSPITAL GENERAL DE ECATEPEC ""JOSÉ MARÍA RODRÍGUEZ""",EDOMEX,Buena,Buena,"19.514412, -99.038087"
2020-11-30,"HOSPITAL GENERAL NEZAHUALCOYOTL ""LA PERLA"" ",EDOMEX,Buena,Buena,"19.387963, -98.989442"
2020-11-30,HOSPITAL GENERAL DE CHIMALHUACAN,EDOMEX,Media,Buena,"19.419753, -98.975140"
2020-11-30,"HOSPITAL GENERAL DE IXTAPALUCA ""PEDRO LOPEZ""",EDOMEX,Buena,Buena,"19.318829, -98.855366"
2020-11-30,HOSPITAL GENERAL DE CHALCO ,EDOMEX,Buena,Media,"19.268265, -98.893965"
2020-11-30,"HOSPITAL GENERAL TEXCOCO ""GUADALUPE VICTORIA"" BICENTENARIO ",EDOMEX,Media,Buena,"19.514309, -98.871750"
2020-11-30,"HOSPITAL GENERAL VALLE DE CHALCO ""DR. FERNANDO QUIROZ GUTIERREZ"" ",EDOMEX,Buena,Buena,"19.273775, -98.941609"
2020-11-30,"HOSPITAL GENERAL AMECAMECA ""VALENTIN GOMEZ FARIAS"" ",EDOMEX,Buena,Buena,"19.144883, -98.785072"
2020-11-30,HOSPITAL GENERAL DE AXAPUSCO,EDOMEX,Media,Media,"19.732872, -98.769445"
2020-12-01,INSTITUTO NACIONAL DE NUTRICIÓN,SSA,Media,Media,"19.289599, -99.155441"
2020-12-01,INER,SSA,Crítica,Media,"19.291375, -99.158653"
2020-12-01,HOSPITAL GENERAL DE MÉXICO,SSA,Media,Media,"19.4129258, -99.1520225"
2020-12-01,HOSPITAL JUAREZ,SSA,Crítica,Media,"19.481829, -99.135576"
2020-12-01,HOSPITAL GENERAL DR. MANUEL GEA GONZÁLEZ,SSA,Media,Media,"19.290295, -99.160861"
2020-12-01,HOSPITAL INFANTIL DE MÉXICO FEDERICO GÓMEZ,SSA,Buena,Buena,"19.410839, -99.151941"
2020-12-01,INSTITUTO  NACIONAL DE CARDIOLOGÍA IGNACIO CHÁVEZ,SSA,Buena,Buena,"19.290598, -99.153838"
2020-12-01,CITIBANAMEX,SSA,Buena,Crítica,"19.439732, -99.224235"
2020-12-01,HOSPITAL REGIONAL DE ALTA ESPECIALIDAD DE IXTAPALUCA,SSA,Buena,Media,"19.318796, -98.855353"
2020-12-01,BELISARIO DOMINGUEZ,SEDESA,Media,Buena,"19.307226, -99.065356"
2020-12-01,ENRIQUE CABRERA,SEDESA,Media,Buena,"19.361675, -99.224432"
2020-12-01,GENERAL TLAHUAC,SEDESA,Media,Buena,"19.287492, -99.052665"
2020-12-01,PEDIATRICO DE LA VILLA,SEDESA,Buena,Buena,"19.487355, -99.114316"
2020-12-01,HOSPITAL GENERAL AJUSCO MEDIO,SEDESA,Media,Media,"19.272165, -99.207846"
2020-12-01,HOSPITAL GENERAL IZTAPALAPA,SEDESA,Media,Buena,"19.343426, -99.027236"
2020-12-01,HOSPITAL GENERAL XOCO,SEDESA,Media,Buena,"19.360313, -99.162275"
2020-12-01,HOSPITAL GENERAL VILLA,SEDESA,Media,Buena,"19.480079, -99.103353"
2020-12-01,HOSPITAL GENERAL DR. RUBÉN LEÑERO,SEDESA,Media,Buena,"19.451398, -99.169565"
2020-12-01,HOSPITAL GENERAL MILPA ALTA,SEDESA,Media,Buena,"19.200951, -99.011210"
2020-12-01,HOSPITAL GENERAL BALBUENA,SEDESA,Buena,Buena,"19.424195, -99.115412"
2020-12-01,HOSPITAL TEPEPAN,SEDESA,Sin Dato,Sin Dato,"19.275806, -99.144298"
2020-12-01,HOSPITAL DE ESPECIALIDADES 01 CMN SIGLO XXI (CDMX SUR),IMSS,Buena,Buena,"19.466549, -99.145102"
2020-12-01,HOSPITAL DE PEDIATRIA 01 CMN SIGLO XXI (CDMX SUR),IMSS,Buena,Buena,"19.407458, -99.152267"
2020-12-01,HOSPITAL GENERAL DE ZONA 01 CARLOS MC GREGOR (CDMX SUR),IMSS,Media,Buena,"19.395912, -99.161610"
2020-12-01,HOSPITAL GENERAL DE ZONA 1A PARQUE DE LOS VENADOS (CDMX SUR),IMSS,Crítica,Buena,"19.374431, -99.151203"
2020-12-01,HOSPITAL DE INFECTOLOGIA 01 LA RAZA (CDMX NORTE),IMSS,Media,Crítica,"19.464865, -99.144859"
2020-12-01,HOSPITAL GENERAL 01 (CDMX NORTE) LA RAZA,IMSS,Media,Buena,"19.395740, -99.161677"
2020-12-01,HOSPITAL GENERAL DE ZONA 24 (CDMX NORTE),IMSS,Media,Buena,"19.483221, -99.128448"
2020-12-01,HOSPITAL GENERAL DE ZONA 27 (CDMX NORTE),IMSS,Buena,Buena,"19.454776, -99.140007"
2020-12-01,HOSPITAL GENERAL DE ZONA 2A (CDMX SUR),IMSS,Media,Media,"19.405495, -99.112200"
2020-12-01,HOSPITAL GENERAL DE ZONA 30 (CDMX SUR),IMSS,Buena,Buena,"19.398836, -99.116913"
2020-12-01,HOSPITAL GENERAL DE ZONA 32 (CDMX SUR),IMSS,Crítica,Buena,"19.307964, -99.130677"
2020-12-01,HOSPITAL GENERAL DE ZONA C/MF 08 (CDMX SUR),IMSS,Media,Buena,"19.337137, -99.200142"
2020-12-01,HOSPITAL GENERAL DE ZONA C/UMAA 48 (CDMX NORTE),IMSS,Media,Media,"19.482375, -99.213046"
2020-12-01,HOSPITAL GENERAL 02 (CDMX SUR) VILLA COAPA (COY.),IMSS,Media,Buena,"19.309194, -99.129593"
2020-12-01,HOSPITAL DE ESPECIALIDADES 01 (CDMX NORTE) LA RAZA (AZC),IMSS,Media,Buena,"19.467169, -99.143785"
2020-12-01,HOSPITAL GENERAL DE ZONA C/MF 29 (S. JUAN ARAGÓN),IMSS,Media,Buena,"19.465117, -99.085162"
2020-12-01,HOSPITAL GENERAL DE ZONA 47 (CDMX SUR) (IZP),IMSS,Media,Media,"19.357566, -99.054269"
2020-12-01,UNIDAD MÓVIL TEMPORAL COVID,IMSS,Crítica,Crítica,"19.403082, -99.089177"
2020-12-01,CRIT IZTAPALAPA,IMSS,Buena,Buena,"19.328321, -99.068530"
2020-12-01,HOSPITAL GENERAL REGIONAL 72,IMSS,Media,Media,"19.356913, -98.990929"
2020-12-01,HOSPITAL GENERAL REGIONAL 196,IMSS,Buena,Buena,"19.515133, -98.891450"
2020-12-01,HOSPITAL GENERAL REGIONAL 200,IMSS,Media,Buena,"19.470300, -99.234208"
2020-12-01,HOSPITAL GENERAL DE ZONA 53,IMSS,Media,Media,"19.597387, -99.188426"
2020-12-01,HOSPITAL GENERAL DE ZONA 197,IMSS,Buena,Buena,"19.530797, -99.222446"
2020-12-01,HOSPITAL GENERAL DE ZONA 194,IMSS,Media,Buena,"19.570070, -99.044009"
2020-12-01,HOSPITAL GENERAL DE ZONA 57 (LA QUEBRADA),IMSS,Crítica,Buena,"19.542797, -99.205022"
2020-12-01,HOSPITAL GENERAL DE ZONA 58 (LAS MARGARITAS),IMSS,Media,Media,"19.529016, -99.030983"
2020-12-01,HOSPITAL GENERAL DE ZONA 68 (TULPETLAC),IMSS,Buena,Buena,"19.742905, -98.972971"
2020-12-01,HOSPITAL GENERAL DE ZONA 71 (CHALCO),IMSS,Buena,Buena,"19.356913, -98.990929"
2020-12-01,HOSPITAL GENERAL DE ZONA 76 (XALOSTOC),IMSS,Media,Buena,"19.515133, -98.891450"
2020-12-01,HOSPITAL GENERAL DE ZONA 98 (COACALCO),IMSS,Media,Buena,"19.470300, -99.234208"
2020-12-01,CRIT NEZAHUALCÓYOTL,IMSS,Buena,Buena,"19.425795, -99.029987"
2020-12-01,CENTRO MEDICO 20 DE NOVIEMBRE,ISSSTE,Buena,Media,"19.372720, -99.171205"
2020-12-01,HG DARIO FERNANDEZ FIERRO,ISSSTE,Media,Crítica,"19.363602, -99.188608"
2020-12-01,HG JOSE MARIA MORELOS,ISSSTE,Media,Media,"19.363918, -98.995393"
2020-12-01,HG TACUBA,ISSSTE,Crítica,Buena,"19.454384, -99.191231"
2020-12-01,HG DR FERNANDO QUIROZ,ISSSTE,Media,Buena,"19.394242, -99.194187"
2020-12-01,HG IGNACIO ZARAGOZA,ISSSTE,Media,Media,"19.389472, -99.045019"
2020-12-01,HR PRIMERO DE OCTUBRE,ISSSTE,Crítica,Crítica,"19.486751, -99.133249"
2020-12-01,HR LIC. ADOLFO LÓPEZ MATEOS,ISSSTE,Media,Buena,"19.358451, -99.172716"
2020-12-01,HR BICENTENARIO DE LA INDEPENDENCIA,ISSSTE,Crítica,Media,"19.628814, -99.163343"
2020-12-01,ALTA ESPECIALIDAD DE ZUMPANGO,EDOMEX,Buena,Buena,"19.815198, -99.089196"
2020-12-01,HOSPITAL REGIONAL TLALNEPANTLA ISSEMYM,EDOMEX,Crítica,Media,"19.521706, -99.187341"
2020-12-01,"HOSPITAL GENERAL ECATEPEC ""LAS AMÉRICAS""",EDOMEX,Buena,Buena,"19.594136, -99.018679"
2020-12-01,"HOSPITAL GENERAL DE NAUCALPAN ""DR. MAXIMILIANO RUIZ CASTAÑEDA"" ",EDOMEX,Buena,Media,"19.468662, -99.234348"
2020-12-01,"HOSPITAL GENERAL ATIZAPAN DE ZARAGOZA ""DR. SALVADOR GONZALEZ HERREJÓN""",EDOMEX,Buena,Buena,"19.546322, -99.237491"
2020-12-01,"HOSPITAL GENERAL CUAUTITLAN ""GRAL. JOSE VICENTE VILLADA""",EDOMEX,Media,Media,"19.664586, -99.178557"
2020-12-01,"HOSPITAL GENERAL DE NEZAHUALCOYOTL ""GUSTAVO BAZ PRADA""",EDOMEX,Buena,Buena,"19.422253, -99.014892"
2020-12-01,"HOSPITAL GENERAL DE ECATEPEC ""JOSÉ MARÍA RODRÍGUEZ""",EDOMEX,Buena,Buena,"19.514412, -99.038087"
2020-12-01,"HOSPITAL GENERAL NEZAHUALCOYOTL ""LA PERLA"" ",EDOMEX,Buena,Buena,"19.387963, -98.989442"
2020-12-01,HOSPITAL GENERAL DE CHIMALHUACAN,EDOMEX,Buena,Buena,"19.419753, -98.975140"
2020-12-01,"HOSPITAL GENERAL DE IXTAPALUCA ""PEDRO LOPEZ""",EDOMEX,Buena,Buena,"19.318829, -98.855366"
2020-12-01,HOSPITAL GENERAL DE CHALCO ,EDOMEX,Buena,Media,"19.268265, -98.893965"
2020-12-01,"HOSPITAL GENERAL TEXCOCO ""GUADALUPE VICTORIA"" BICENTENARIO ",EDOMEX,Media,Buena,"19.514309, -98.871750"
2020-12-01,"HOSPITAL GENERAL VALLE DE CHALCO ""DR. FERNANDO QUIROZ GUTIERREZ"" ",EDOMEX,Buena,Buena,"19.273775, -98.941609"
2020-12-01,"HOSPITAL GENERAL AMECAMECA ""VALENTIN GOMEZ FARIAS"" ",EDOMEX,Buena,Buena,"19.144883, -98.785072"
2020-12-01,HOSPITAL GENERAL DE AXAPUSCO,EDOMEX,Media,Media,"19.732872, -98.769445"
2020-12-02,INSTITUTO NACIONAL DE NUTRICIÓN,SSA,Media,Media,"19.289599, -99.155441"
2020-12-02,INER,SSA,Crítica,Media,"19.291375, -99.158653"
2020-12-02,HOSPITAL GENERAL DE MÉXICO,SSA,Media,Media,"19.4129258, -99.1520225"
2020-12-02,HOSPITAL JUAREZ,SSA,Crítica,Media,"19.481829, -99.135576"
2020-12-02,HOSPITAL GENERAL DR. MANUEL GEA GONZÁLEZ,SSA,Media,Media,"19.290295, -99.160861"
2020-12-02,HOSPITAL INFANTIL DE MÉXICO FEDERICO GÓMEZ,SSA,Buena,Buena,"19.410839, -99.151941"
2020-12-02,INSTITUTO  NACIONAL DE CARDIOLOGÍA IGNACIO CHÁVEZ,SSA,Buena,Buena,"19.290598, -99.153838"
2020-12-02,CITIBANAMEX,SSA,Buena,Crítica,"19.439732, -99.224235"
2020-12-02,HOSPITAL REGIONAL DE ALTA ESPECIALIDAD DE IXTAPALUCA,SSA,Media,Media,"19.318796, -98.855353"
2020-12-02,BELISARIO DOMINGUEZ,SEDESA,Crítica,Buena,"19.307226, -99.065356"
2020-12-02,ENRIQUE CABRERA,SEDESA,Media,Buena,"19.361675, -99.224432"
2020-12-02,GENERAL TLAHUAC,SEDESA,Media,Buena,"19.287492, -99.052665"
2020-12-02,PEDIATRICO DE LA VILLA,SEDESA,Buena,Buena,"19.487355, -99.114316"
2020-12-02,HOSPITAL GENERAL AJUSCO MEDIO,SEDESA,Media,Media,"19.272165, -99.207846"
2020-12-02,HOSPITAL GENERAL IZTAPALAPA,SEDESA,Media,Buena,"19.343426, -99.027236"
2020-12-02,HOSPITAL GENERAL XOCO,SEDESA,Buena,Buena,"19.360313, -99.162275"
2020-12-02,HOSPITAL GENERAL VILLA,SEDESA,Media,Buena,"19.480079, -99.103353"
2020-12-02,HOSPITAL GENERAL DR. RUBÉN LEÑERO,SEDESA,Media,Media,"19.451398, -99.169565"
2020-12-02,HOSPITAL GENERAL MILPA ALTA,SEDESA,Buena,Media,"19.200951, -99.011210"
2020-12-02,HOSPITAL GENERAL BALBUENA,SEDESA,Buena,Buena,"19.424195, -99.115412"
2020-12-02,HOSPITAL TEPEPAN,SEDESA,Sin Dato,Sin Dato,"19.275806, -99.144298"
2020-12-02,HOSPITAL DE ESPECIALIDADES 01 CMN SIGLO XXI (CDMX SUR),IMSS,Buena,Buena,"19.466549, -99.145102"
2020-12-02,HOSPITAL DE PEDIATRIA 01 CMN SIGLO XXI (CDMX SUR),IMSS,Buena,Buena,"19.407458, -99.152267"
2020-12-02,HOSPITAL GENERAL DE ZONA 01 CARLOS MC GREGOR (CDMX SUR),IMSS,Crítica,Buena,"19.395912, -99.161610"
2020-12-02,HOSPITAL GENERAL DE ZONA 1A PARQUE DE LOS VENADOS (CDMX SUR),IMSS,Crítica,Buena,"19.374431, -99.151203"
2020-12-02,HOSPITAL DE INFECTOLOGIA 01 LA RAZA (CDMX NORTE),IMSS,Media,Crítica,"19.464865, -99.144859"
2020-12-02,HOSPITAL GENERAL 01 (CDMX NORTE) LA RAZA,IMSS,Media,Buena,"19.395740, -99.161677"
2020-12-02,HOSPITAL GENERAL DE ZONA 24 (CDMX NORTE),IMSS,Media,Buena,"19.483221, -99.128448"
2020-12-02,HOSPITAL GENERAL DE ZONA 27 (CDMX NORTE),IMSS,Buena,Buena,"19.454776, -99.140007"
2020-12-02,HOSPITAL GENERAL DE ZONA 2A (CDMX SUR),IMSS,Media,Buena,"19.405495, -99.112200"
2020-12-02,HOSPITAL GENERAL DE ZONA 30 (CDMX SUR),IMSS,Media,Buena,"19.398836, -99.116913"
2020-12-02,HOSPITAL GENERAL DE ZONA 32 (CDMX SUR),IMSS,Crítica,Media,"19.307964, -99.130677"
2020-12-02,HOSPITAL GENERAL DE ZONA C/MF 08 (CDMX SUR),IMSS,Crítica,Buena,"19.337137, -99.200142"
2020-12-02,HOSPITAL GENERAL DE ZONA C/UMAA 48 (CDMX NORTE),IMSS,Media,Media,"19.482375, -99.213046"
2020-12-02,HOSPITAL GENERAL 02 (CDMX SUR) VILLA COAPA (COY.),IMSS,Media,Buena,"19.309194, -99.129593"
2020-12-02,HOSPITAL DE ESPECIALIDADES 01 (CDMX NORTE) LA RAZA (AZC),IMSS,Media,Buena,"19.467169, -99.143785"
2020-12-02,HOSPITAL GENERAL DE ZONA C/MF 29 (S. JUAN ARAGÓN),IMSS,Media,Buena,"19.465117, -99.085162"
2020-12-02,HOSPITAL GENERAL DE ZONA 47 (CDMX SUR) (IZP),IMSS,Media,Media,"19.357566, -99.054269"
2020-12-02,UNIDAD MÓVIL TEMPORAL COVID,IMSS,Crítica,Crítica,"19.403082, -99.089177"
2020-12-02,CRIT IZTAPALAPA,IMSS,Buena,Buena,"19.328321, -99.068530"
2020-12-02,HOSPITAL GENERAL REGIONAL 72,IMSS,Media,Media,"19.356913, -98.990929"
2020-12-02,HOSPITAL GENERAL REGIONAL 196,IMSS,Buena,Buena,"19.515133, -98.891450"
2020-12-02,HOSPITAL GENERAL REGIONAL 200,IMSS,Media,Buena,"19.470300, -99.234208"
2020-12-02,HOSPITAL GENERAL DE ZONA 53,IMSS,Media,Media,"19.597387, -99.188426"
2020-12-02,HOSPITAL GENERAL DE ZONA 197,IMSS,Media,Buena,"19.530797, -99.222446"
2020-12-02,HOSPITAL GENERAL DE ZONA 194,IMSS,Media,Buena,"19.570070, -99.044009"
2020-12-02,HOSPITAL GENERAL DE ZONA 57 (LA QUEBRADA),IMSS,Crítica,Media,"19.542797, -99.205022"
2020-12-02,HOSPITAL GENERAL DE ZONA 58 (LAS MARGARITAS),IMSS,Media,Media,"19.529016, -99.030983"
2020-12-02,HOSPITAL GENERAL DE ZONA 68 (TULPETLAC),IMSS,Buena,Buena,"19.742905, -98.972971"
2020-12-02,HOSPITAL GENERAL DE ZONA 71 (CHALCO),IMSS,Buena,Buena,"19.356913, -98.990929"
2020-12-02,HOSPITAL GENERAL DE ZONA 76 (XALOSTOC),IMSS,Media,Buena,"19.515133, -98.891450"
2020-12-02,HOSPITAL GENERAL DE ZONA 98 (COACALCO),IMSS,Media,Buena,"19.470300, -99.234208"
2020-12-02,CRIT NEZAHUALCÓYOTL,IMSS,Buena,Buena,"19.425795, -99.029987"
2020-12-02,CENTRO MEDICO 20 DE NOVIEMBRE,ISSSTE,Buena,Buena,"19.372720, -99.171205"
2020-12-02,HG DARIO FERNANDEZ FIERRO,ISSSTE,Media,Crítica,"19.363602, -99.188608"
2020-12-02,HG JOSE MARIA MORELOS,ISSSTE,Media,Media,"19.363918, -98.995393"
2020-12-02,HG TACUBA,ISSSTE,Crítica,Media,"19.454384, -99.191231"
2020-12-02,HG DR FERNANDO QUIROZ,ISSSTE,Media,Buena,"19.394242, -99.194187"
2020-12-02,HG IGNACIO ZARAGOZA,ISSSTE,Media,Media,"19.389472, -99.045019"
2020-12-02,HR PRIMERO DE OCTUBRE,ISSSTE,Crítica,Media,"19.486751, -99.133249"
2020-12-02,HR LIC. ADOLFO LÓPEZ MATEOS,ISSSTE,Buena,Buena,"19.358451, -99.172716"
2020-12-02,HR BICENTENARIO DE LA INDEPENDENCIA,ISSSTE,Crítica,Media,"19.628814, -99.163343"
2020-12-02,ALTA ESPECIALIDAD DE ZUMPANGO,EDOMEX,Buena,Buena,"19.815198, -99.089196"
2020-12-02,HOSPITAL REGIONAL TLALNEPANTLA ISSEMYM,EDOMEX,Crítica,Media,"19.521706, -99.187341"
2020-12-02,"HOSPITAL GENERAL ECATEPEC ""LAS AMÉRICAS""",EDOMEX,Buena,Buena,"19.594136, -99.018679"
2020-12-02,"HOSPITAL GENERAL DE NAUCALPAN ""DR. MAXIMILIANO RUIZ CASTAÑEDA"" ",EDOMEX,Buena,Media,"19.468662, -99.234348"
2020-12-02,"HOSPITAL GENERAL ATIZAPAN DE ZARAGOZA ""DR. SALVADOR GONZALEZ HERREJÓN""",EDOMEX,Buena,Buena,"19.546322, -99.237491"
2020-12-02,"HOSPITAL GENERAL CUAUTITLAN ""GRAL. JOSE VICENTE VILLADA""",EDOMEX,Media,Media,"19.664586, -99.178557"
2020-12-02,"HOSPITAL GENERAL DE NEZAHUALCOYOTL ""GUSTAVO BAZ PRADA""",EDOMEX,Buena,Buena,"19.422253, -99.014892"
2020-12-02,"HOSPITAL GENERAL DE ECATEPEC ""JOSÉ MARÍA RODRÍGUEZ""",EDOMEX,Buena,Buena,"19.514412, -99.038087"
2020-12-02,"HOSPITAL GENERAL NEZAHUALCOYOTL ""LA PERLA"" ",EDOMEX,Buena,Buena,"19.387963, -98.989442"
2020-12-02,HOSPITAL GENERAL DE CHIMALHUACAN,EDOMEX,Buena,Media,"19.419753, -98.975140"
2020-12-02,"HOSPITAL GENERAL DE IXTAPALUCA ""PEDRO LOPEZ""",EDOMEX,Buena,Buena,"19.318829, -98.855366"
2020-12-02,HOSPITAL GENERAL DE CHALCO ,EDOMEX,Buena,Media,"19.268265, -98.893965"
2020-12-02,"HOSPITAL GENERAL TEXCOCO ""GUADALUPE VICTORIA"" BICENTENARIO ",EDOMEX,Media,Buena,"19.514309, -98.871750"
2020-12-02,"HOSPITAL GENERAL VALLE DE CHALCO ""DR. FERNANDO QUIROZ GUTIERREZ"" ",EDOMEX,Buena,Buena,"19.273775, -98.941609"
2020-12-02,"HOSPITAL GENERAL AMECAMECA ""VALENTIN GOMEZ FARIAS"" ",EDOMEX,Buena,Buena,"19.144883, -98.785072"
2020-12-02,HOSPITAL GENERAL DE AXAPUSCO,EDOMEX,Buena,Media,"19.732872, -98.769445"
2020-12-03,INSTITUTO NACIONAL DE NUTRICIÓN,SSA,Media,Media,"19.289599, -99.155441"
2020-12-03,INER,SSA,Crítica,Media,"19.291375, -99.158653"
2020-12-03,HOSPITAL GENERAL DE MÉXICO,SSA,Buena,Media,"19.4129258, -99.1520225"
2020-12-03,HOSPITAL JUAREZ,SSA,Crítica,Buena,"19.481829, -99.135576"
2020-12-03,HOSPITAL GENERAL DR. MANUEL GEA GONZÁLEZ,SSA,Media,Media,"19.290295, -99.160861"
2020-12-03,HOSPITAL INFANTIL DE MÉXICO FEDERICO GÓMEZ,SSA,Buena,Buena,"19.410839, -99.151941"
2020-12-03,INSTITUTO  NACIONAL DE CARDIOLOGÍA IGNACIO CHÁVEZ,SSA,Buena,Buena,"19.290598, -99.153838"
2020-12-03,CITIBANAMEX,SSA,Buena,Crítica,"19.439732, -99.224235"
2020-12-03,HOSPITAL REGIONAL DE ALTA ESPECIALIDAD DE IXTAPALUCA,SSA,Buena,Media,"19.318796, -98.855353"
2020-12-03,BELISARIO DOMINGUEZ,SEDESA,Crítica,Buena,"19.307226, -99.065356"
2020-12-03,ENRIQUE CABRERA,SEDESA,Media,Buena,"19.361675, -99.224432"
2020-12-03,GENERAL TLAHUAC,SEDESA,Media,Buena,"19.287492, -99.052665"
2020-12-03,PEDIATRICO DE LA VILLA,SEDESA,Buena,Buena,"19.487355, -99.114316"
2020-12-03,HOSPITAL GENERAL AJUSCO MEDIO,SEDESA,Media,Media,"19.272165, -99.207846"
2020-12-03,HOSPITAL GENERAL IZTAPALAPA,SEDESA,Media,Buena,"19.343426, -99.027236"
2020-12-03,HOSPITAL GENERAL XOCO,SEDESA,Media,Buena,"19.360313, -99.162275"
2020-12-03,HOSPITAL GENERAL VILLA,SEDESA,Media,Buena,"19.480079, -99.103353"
2020-12-03,HOSPITAL GENERAL DR. RUBÉN LEÑERO,SEDESA,Media,Buena,"19.451398, -99.169565"
2020-12-03,HOSPITAL GENERAL MILPA ALTA,SEDESA,Media,Buena,"19.200951, -99.011210"
2020-12-03,HOSPITAL GENERAL BALBUENA,SEDESA,Buena,Buena,"19.424195, -99.115412"
2020-12-03,HOSPITAL TEPEPAN,SEDESA,Sin Dato,Sin Dato,"19.275806, -99.144298"
2020-12-03,HOSPITAL DE ESPECIALIDADES 01 CMN SIGLO XXI (CDMX SUR),IMSS,Buena,Buena,"19.466549, -99.145102"
2020-12-03,HOSPITAL DE PEDIATRIA 01 CMN SIGLO XXI (CDMX SUR),IMSS,Buena,Buena,"19.407458, -99.152267"
2020-12-03,HOSPITAL GENERAL DE ZONA 01 CARLOS MC GREGOR (CDMX SUR),IMSS,Media,Buena,"19.395912, -99.161610"
2020-12-03,HOSPITAL GENERAL DE ZONA 1A PARQUE DE LOS VENADOS (CDMX SUR),IMSS,Media,Buena,"19.374431, -99.151203"
2020-12-03,HOSPITAL DE INFECTOLOGIA 01 LA RAZA (CDMX NORTE),IMSS,Media,Crítica,"19.464865, -99.144859"
2020-12-03,HOSPITAL GENERAL 01 (CDMX NORTE) LA RAZA,IMSS,Media,Buena,"19.395740, -99.161677"
2020-12-03,HOSPITAL GENERAL DE ZONA 24 (CDMX NORTE),IMSS,Media,Buena,"19.483221, -99.128448"
2020-12-03,HOSPITAL GENERAL DE ZONA 27 (CDMX NORTE),IMSS,Media,Buena,"19.454776, -99.140007"
2020-12-03,HOSPITAL GENERAL DE ZONA 2A (CDMX SUR),IMSS,Media,Buena,"19.405495, -99.112200"
2020-12-03,HOSPITAL GENERAL DE ZONA 30 (CDMX SUR),IMSS,Media,Buena,"19.398836, -99.116913"
2020-12-03,HOSPITAL GENERAL DE ZONA 32 (CDMX SUR),IMSS,Crítica,Media,"19.307964, -99.130677"
2020-12-03,HOSPITAL GENERAL DE ZONA C/MF 08 (CDMX SUR),IMSS,Crítica,Buena,"19.337137, -99.200142"
2020-12-03,HOSPITAL GENERAL DE ZONA C/UMAA 48 (CDMX NORTE),IMSS,Media,Media,"19.482375, -99.213046"
2020-12-03,HOSPITAL GENERAL 02 (CDMX SUR) VILLA COAPA (COY.),IMSS,Media,Buena,"19.309194, -99.129593"
2020-12-03,HOSPITAL DE ESPECIALIDADES 01 (CDMX NORTE) LA RAZA (AZC),IMSS,Crítica,Buena,"19.467169, -99.143785"
2020-12-03,HOSPITAL GENERAL DE ZONA C/MF 29 (S. JUAN ARAGÓN),IMSS,Media,Buena,"19.465117, -99.085162"
2020-12-03,HOSPITAL GENERAL DE ZONA 47 (CDMX SUR) (IZP),IMSS,Media,Media,"19.357566, -99.054269"
2020-12-03,UNIDAD MÓVIL TEMPORAL COVID,IMSS,Crítica,Crítica,"19.403082, -99.089177"
2020-12-03,CRIT IZTAPALAPA,IMSS,Buena,Buena,"19.328321, -99.068530"
2020-12-03,HOSPITAL GENERAL REGIONAL 72,IMSS,Media,Media,"19.356913, -98.990929"
2020-12-03,HOSPITAL GENERAL REGIONAL 196,IMSS,Buena,Buena,"19.515133, -98.891450"
2020-12-03,HOSPITAL GENERAL REGIONAL 200,IMSS,Media,Buena,"19.470300, -99.234208"
2020-12-03,HOSPITAL GENERAL DE ZONA 53,IMSS,Media,Media,"19.597387, -99.188426"
2020-12-03,HOSPITAL GENERAL DE ZONA 197,IMSS,Media,Buena,"19.530797, -99.222446"
2020-12-03,HOSPITAL GENERAL DE ZONA 194,IMSS,Media,Buena,"19.570070, -99.044009"
2020-12-03,HOSPITAL GENERAL DE ZONA 57 (LA QUEBRADA),IMSS,Crítica,Media,"19.542797, -99.205022"
2020-12-03,HOSPITAL GENERAL DE ZONA 58 (LAS MARGARITAS),IMSS,Media,Buena,"19.529016, -99.030983"
2020-12-03,HOSPITAL GENERAL DE ZONA 68 (TULPETLAC),IMSS,Buena,Buena,"19.742905, -98.972971"
2020-12-03,HOSPITAL GENERAL DE ZONA 71 (CHALCO),IMSS,Buena,Buena,"19.356913, -98.990929"
2020-12-03,HOSPITAL GENERAL DE ZONA 76 (XALOSTOC),IMSS,Media,Buena,"19.515133, -98.891450"
2020-12-03,HOSPITAL GENERAL DE ZONA 98 (COACALCO),IMSS,Media,Buena,"19.470300, -99.234208"
2020-12-03,CRIT NEZAHUALCÓYOTL,IMSS,Buena,Buena,"19.425795, -99.029987"
2020-12-03,CENTRO MEDICO 20 DE NOVIEMBRE,ISSSTE,Buena,Buena,"19.372720, -99.171205"
2020-12-03,HG DARIO FERNANDEZ FIERRO,ISSSTE,Media,Crítica,"19.363602, -99.188608"
2020-12-03,HG JOSE MARIA MORELOS,ISSSTE,Media,Media,"19.363918, -98.995393"
2020-12-03,HG TACUBA,ISSSTE,Crítica,Media,"19.454384, -99.191231"
2020-12-03,HG DR FERNANDO QUIROZ,ISSSTE,Media,Buena,"19.394242, -99.194187"
2020-12-03,HG IGNACIO ZARAGOZA,ISSSTE,Media,Media,"19.389472, -99.045019"
2020-12-03,HR PRIMERO DE OCTUBRE,ISSSTE,Crítica,Media,"19.486751, -99.133249"
2020-12-03,HR LIC. ADOLFO LÓPEZ MATEOS,ISSSTE,Media,Buena,"19.358451, -99.172716"
2020-12-03,HR BICENTENARIO DE LA INDEPENDENCIA,ISSSTE,Crítica,Media,"19.628814, -99.163343"
2020-12-03,ALTA ESPECIALIDAD DE ZUMPANGO,EDOMEX,Media,Buena,"19.815198, -99.089196"
2020-12-03,HOSPITAL REGIONAL TLALNEPANTLA ISSEMYM,EDOMEX,Crítica,Media,"19.521706, -99.187341"
2020-12-03,"HOSPITAL GENERAL ECATEPEC ""LAS AMÉRICAS""",EDOMEX,Buena,Buena,"19.594136, -99.018679"
2020-12-03,"HOSPITAL GENERAL DE NAUCALPAN ""DR. MAXIMILIANO RUIZ CASTAÑEDA"" ",EDOMEX,Buena,Media,"19.468662, -99.234348"
2020-12-03,"HOSPITAL GENERAL ATIZAPAN DE ZARAGOZA ""DR. SALVADOR GONZALEZ HERREJÓN""",EDOMEX,Buena,Buena,"19.546322, -99.237491"
2020-12-03,"HOSPITAL GENERAL CUAUTITLAN ""GRAL. JOSE VICENTE VILLADA""",EDOMEX,Media,Media,"19.664586, -99.178557"
2020-12-03,"HOSPITAL GENERAL DE NEZAHUALCOYOTL ""GUSTAVO BAZ PRADA""",EDOMEX,Buena,Buena,"19.422253, -99.014892"
2020-12-03,"HOSPITAL GENERAL DE ECATEPEC ""JOSÉ MARÍA RODRÍGUEZ""",EDOMEX,Buena,Buena,"19.514412, -99.038087"
2020-12-03,"HOSPITAL GENERAL NEZAHUALCOYOTL ""LA PERLA"" ",EDOMEX,Buena,Buena,"19.387963, -98.989442"
2020-12-03,HOSPITAL GENERAL DE CHIMALHUACAN,EDOMEX,Buena,Buena,"19.419753, -98.975140"
2020-12-03,"HOSPITAL GENERAL DE IXTAPALUCA ""PEDRO LOPEZ""",EDOMEX,Buena,Buena,"19.318829, -98.855366"
2020-12-03,HOSPITAL GENERAL DE CHALCO ,EDOMEX,Media,Crítica,"19.268265, -98.893965"
2020-12-03,"HOSPITAL GENERAL TEXCOCO ""GUADALUPE VICTORIA"" BICENTENARIO ",EDOMEX,Media,Buena,"19.514309, -98.871750"
2020-12-03,"HOSPITAL GENERAL VALLE DE CHALCO ""DR. FERNANDO QUIROZ GUTIERREZ"" ",EDOMEX,Buena,Buena,"19.273775, -98.941609"
2020-12-03,"HOSPITAL GENERAL AMECAMECA ""VALENTIN GOMEZ FARIAS"" ",EDOMEX,Buena,Buena,"19.144883, -98.785072"
2020-12-03,HOSPITAL GENERAL DE AXAPUSCO,EDOMEX,Media,Media,"19.732872, -98.769445"
2020-12-04,INSTITUTO NACIONAL DE NUTRICIÓN,SSA,Media,Media,"19.289599, -99.155441"
2020-12-04,INER,SSA,Crítica,Media,"19.291375, -99.158653"
2020-12-04,HOSPITAL GENERAL DE MÉXICO,SSA,Media,Media,"19.4129258, -99.1520225"
2020-12-04,HOSPITAL JUAREZ,SSA,Crítica,Buena,"19.481829, -99.135576"
2020-12-04,HOSPITAL GENERAL DR. MANUEL GEA GONZÁLEZ,SSA,Media,Media,"19.290295, -99.160861"
2020-12-04,HOSPITAL INFANTIL DE MÉXICO FEDERICO GÓMEZ,SSA,Buena,Buena,"19.410839, -99.151941"
2020-12-04,INSTITUTO  NACIONAL DE CARDIOLOGÍA IGNACIO CHÁVEZ,SSA,Buena,Buena,"19.290598, -99.153838"
2020-12-04,CITIBANAMEX,SSA,Buena,Crítica,"19.439732, -99.224235"
2020-12-04,HOSPITAL REGIONAL DE ALTA ESPECIALIDAD DE IXTAPALUCA,SSA,Media,Media,"19.318796, -98.855353"
2020-12-04,BELISARIO DOMINGUEZ,SEDESA,Crítica,Buena,"19.307226, -99.065356"
2020-12-04,ENRIQUE CABRERA,SEDESA,Media,Buena,"19.361675, -99.224432"
2020-12-04,GENERAL TLAHUAC,SEDESA,Media,Buena,"19.287492, -99.052665"
2020-12-04,PEDIATRICO DE LA VILLA,SEDESA,Buena,Buena,"19.487355, -99.114316"
2020-12-04,HOSPITAL GENERAL AJUSCO MEDIO,SEDESA,Buena,Media,"19.272165, -99.207846"
2020-12-04,HOSPITAL GENERAL IZTAPALAPA,SEDESA,Media,Buena,"19.343426, -99.027236"
2020-12-04,HOSPITAL GENERAL XOCO,SEDESA,Buena,Buena,"19.360313, -99.162275"
2020-12-04,HOSPITAL GENERAL VILLA,SEDESA,Media,Buena,"19.480079, -99.103353"
2020-12-04,HOSPITAL GENERAL DR. RUBÉN LEÑERO,SEDESA,Media,Media,"19.451398, -99.169565"
2020-12-04,HOSPITAL GENERAL MILPA ALTA,SEDESA,Media,Buena,"19.200951, -99.011210"
2020-12-04,HOSPITAL GENERAL BALBUENA,SEDESA,Buena,Buena,"19.424195, -99.115412"
2020-12-04,HOSPITAL TEPEPAN,SEDESA,Sin Dato,Sin Dato,"19.275806, -99.144298"
2020-12-04,HOSPITAL DE ESPECIALIDADES 01 CMN SIGLO XXI (CDMX SUR),IMSS,Buena,Buena,"19.466549, -99.145102"
2020-12-04,HOSPITAL DE PEDIATRIA 01 CMN SIGLO XXI (CDMX SUR),IMSS,Buena,Buena,"19.407458, -99.152267"
2020-12-04,HOSPITAL GENERAL DE ZONA 01 CARLOS MC GREGOR (CDMX SUR),IMSS,Crítica,Buena,"19.395912, -99.161610"
2020-12-04,HOSPITAL GENERAL DE ZONA 1A PARQUE DE LOS VENADOS (CDMX SUR),IMSS,Crítica,Buena,"19.374431, -99.151203"
2020-12-04,HOSPITAL DE INFECTOLOGIA 01 LA RAZA (CDMX NORTE),IMSS,Media,Crítica,"19.464865, -99.144859"
2020-12-04,HOSPITAL GENERAL 01 (CDMX NORTE) LA RAZA,IMSS,Media,Buena,"19.395740, -99.161677"
2020-12-04,HOSPITAL GENERAL DE ZONA 24 (CDMX NORTE),IMSS,Media,Buena,"19.483221, -99.128448"
2020-12-04,HOSPITAL GENERAL DE ZONA 27 (CDMX NORTE),IMSS,Media,Buena,"19.454776, -99.140007"
2020-12-04,HOSPITAL GENERAL DE ZONA 2A (CDMX SUR),IMSS,Media,Buena,"19.405495, -99.112200"
2020-12-04,HOSPITAL GENERAL DE ZONA 30 (CDMX SUR),IMSS,Media,Buena,"19.398836, -99.116913"
2020-12-04,HOSPITAL GENERAL DE ZONA 32 (CDMX SUR),IMSS,Crítica,Media,"19.307964, -99.130677"
2020-12-04,HOSPITAL GENERAL DE ZONA C/MF 08 (CDMX SUR),IMSS,Crítica,Buena,"19.337137, -99.200142"
2020-12-04,HOSPITAL GENERAL DE ZONA C/UMAA 48 (CDMX NORTE),IMSS,Media,Media,"19.482375, -99.213046"
2020-12-04,HOSPITAL GENERAL 02 (CDMX SUR) VILLA COAPA (COY.),IMSS,Media,Buena,"19.309194, -99.129593"
2020-12-04,HOSPITAL DE ESPECIALIDADES 01 (CDMX NORTE) LA RAZA (AZC),IMSS,Media,Buena,"19.467169, -99.143785"
2020-12-04,HOSPITAL GENERAL DE ZONA C/MF 29 (S. JUAN ARAGÓN),IMSS,Media,Buena,"19.465117, -99.085162"
2020-12-04,HOSPITAL GENERAL DE ZONA 47 (CDMX SUR) (IZP),IMSS,Media,Buena,"19.357566, -99.054269"
2020-12-04,UNIDAD MÓVIL TEMPORAL COVID,IMSS,Crítica,Crítica,"19.403082, -99.089177"
2020-12-04,CRIT IZTAPALAPA,IMSS,Buena,Buena,"19.328321, -99.068530"
2020-12-04,HOSPITAL GENERAL REGIONAL 72,IMSS,Media,Media,"19.356913, -98.990929"
2020-12-04,HOSPITAL GENERAL REGIONAL 196,IMSS,Media,Buena,"19.515133, -98.891450"
2020-12-04,HOSPITAL GENERAL REGIONAL 200,IMSS,Media,Buena,"19.470300, -99.234208"
2020-12-04,HOSPITAL GENERAL DE ZONA 53,IMSS,Media,Buena,"19.597387, -99.188426"
2020-12-04,HOSPITAL GENERAL DE ZONA 197,IMSS,Buena,Buena,"19.530797, -99.222446"
2020-12-04,HOSPITAL GENERAL DE ZONA 194,IMSS,Crítica,Buena,"19.570070, -99.044009"
2020-12-04,HOSPITAL GENERAL DE ZONA 57 (LA QUEBRADA),IMSS,Media,Buena,"19.542797, -99.205022"
2020-12-04,HOSPITAL GENERAL DE ZONA 58 (LAS MARGARITAS),IMSS,Media,Media,"19.529016, -99.030983"
2020-12-04,HOSPITAL GENERAL DE ZONA 68 (TULPETLAC),IMSS,Buena,Media,"19.742905, -98.972971"
2020-12-04,HOSPITAL GENERAL DE ZONA 71 (CHALCO),IMSS,Buena,Buena,"19.356913, -98.990929"
2020-12-04,HOSPITAL GENERAL DE ZONA 76 (XALOSTOC),IMSS,Media,Buena,"19.515133, -98.891450"
2020-12-04,HOSPITAL GENERAL DE ZONA 98 (COACALCO),IMSS,Media,Buena,"19.470300, -99.234208"
2020-12-04,CRIT NEZAHUALCÓYOTL,IMSS,Buena,Buena,"19.425795, -99.029987"
2020-12-04,CENTRO MEDICO 20 DE NOVIEMBRE,ISSSTE,Buena,Media,"19.372720, -99.171205"
2020-12-04,HG DARIO FERNANDEZ FIERRO,ISSSTE,Media,Crítica,"19.363602, -99.188608"
2020-12-04,HG JOSE MARIA MORELOS,ISSSTE,Media,Crítica,"19.363918, -98.995393"
2020-12-04,HG TACUBA,ISSSTE,Crítica,Media,"19.454384, -99.191231"
2020-12-04,HG DR FERNANDO QUIROZ,ISSSTE,Media,Buena,"19.394242, -99.194187"
2020-12-04,HG IGNACIO ZARAGOZA,ISSSTE,Media,Media,"19.389472, -99.045019"
2020-12-04,HR PRIMERO DE OCTUBRE,ISSSTE,Crítica,Media,"19.486751, -99.133249"
2020-12-04,HR LIC. ADOLFO LÓPEZ MATEOS,ISSSTE,Buena,Buena,"19.358451, -99.172716"
2020-12-04,HR BICENTENARIO DE LA INDEPENDENCIA,ISSSTE,Media,Media,"19.628814, -99.163343"
2020-12-04,ALTA ESPECIALIDAD DE ZUMPANGO,EDOMEX,Buena,Buena,"19.815198, -99.089196"
2020-12-04,HOSPITAL REGIONAL TLALNEPANTLA ISSEMYM,EDOMEX,Crítica,Media,"19.521706, -99.187341"
2020-12-04,"HOSPITAL GENERAL ECATEPEC ""LAS AMÉRICAS""",EDOMEX,Buena,Buena,"19.594136, -99.018679"
2020-12-04,"HOSPITAL GENERAL DE NAUCALPAN ""DR. MAXIMILIANO RUIZ CASTAÑEDA"" ",EDOMEX,Buena,Media,"19.468662, -99.234348"
2020-12-04,"HOSPITAL GENERAL ATIZAPAN DE ZARAGOZA ""DR. SALVADOR GONZALEZ HERREJÓN""",EDOMEX,Buena,Buena,"19.546322, -99.237491"
2020-12-04,"HOSPITAL GENERAL CUAUTITLAN ""GRAL. JOSE VICENTE VILLADA""",EDOMEX,Media,Media,"19.664586, -99.178557"
2020-12-04,"HOSPITAL GENERAL DE NEZAHUALCOYOTL ""GUSTAVO BAZ PRADA""",EDOMEX,Buena,Buena,"19.422253, -99.014892"
2020-12-04,"HOSPITAL GENERAL DE ECATEPEC ""JOSÉ MARÍA RODRÍGUEZ""",EDOMEX,Buena,Buena,"19.514412, -99.038087"
2020-12-04,"HOSPITAL GENERAL NEZAHUALCOYOTL ""LA PERLA"" ",EDOMEX,Buena,Buena,"19.387963, -98.989442"
2020-12-04,HOSPITAL GENERAL DE CHIMALHUACAN,EDOMEX,Buena,Buena,"19.419753, -98.975140"
2020-12-04,"HOSPITAL GENERAL DE IXTAPALUCA ""PEDRO LOPEZ""",EDOMEX,Buena,Buena,"19.318829, -98.855366"
2020-12-04,HOSPITAL GENERAL DE CHALCO ,EDOMEX,Media,Media,"19.268265, -98.893965"
2020-12-04,"HOSPITAL GENERAL TEXCOCO ""GUADALUPE VICTORIA"" BICENTENARIO ",EDOMEX,Media,Buena,"19.514309, -98.871750"
2020-12-04,"HOSPITAL GENERAL VALLE DE CHALCO ""DR. FERNANDO QUIROZ GUTIERREZ"" ",EDOMEX,Buena,Buena,"19.273775, -98.941609"
2020-12-04,"HOSPITAL GENERAL AMECAMECA ""VALENTIN GOMEZ FARIAS"" ",EDOMEX,Buena,Buena,"19.144883, -98.785072"
2020-12-04,HOSPITAL GENERAL DE AXAPUSCO,EDOMEX,Buena,Buena,"19.732872, -98.769445"
2020-12-05,INSTITUTO NACIONAL DE NUTRICIÓN,SSA,Media,Media,"19.289599, -99.155441"
2020-12-05,INER,SSA,Crítica,Media,"19.291375, -99.158653"
2020-12-05,HOSPITAL GENERAL DE MÉXICO,SSA,Buena,Media,"19.4129258, -99.1520225"
2020-12-05,HOSPITAL JUAREZ,SSA,Crítica,Buena,"19.481829, -99.135576"
2020-12-05,HOSPITAL GENERAL DR. MANUEL GEA GONZÁLEZ,SSA,Media,Media,"19.290295, -99.160861"
2020-12-05,HOSPITAL INFANTIL DE MÉXICO FEDERICO GÓMEZ,SSA,Buena,Buena,"19.410839, -99.151941"
2020-12-05,INSTITUTO  NACIONAL DE CARDIOLOGÍA IGNACIO CHÁVEZ,SSA,Buena,Buena,"19.290598, -99.153838"
2020-12-05,CITIBANAMEX,SSA,Buena,Crítica,"19.439732, -99.224235"
2020-12-05,HOSPITAL REGIONAL DE ALTA ESPECIALIDAD DE IXTAPALUCA,SSA,Media,Media,"19.318796, -98.855353"
2020-12-05,BELISARIO DOMINGUEZ,SEDESA,Crítica,Buena,"19.307226, -99.065356"
2020-12-05,ENRIQUE CABRERA,SEDESA,Media,Buena,"19.361675, -99.224432"
2020-12-05,GENERAL TLAHUAC,SEDESA,Media,Buena,"19.287492, -99.052665"
2020-12-05,PEDIATRICO DE LA VILLA,SEDESA,Buena,Buena,"19.487355, -99.114316"
2020-12-05,HOSPITAL GENERAL AJUSCO MEDIO,SEDESA,Media,Media,"19.272165, -99.207846"
2020-12-05,HOSPITAL GENERAL IZTAPALAPA,SEDESA,Media,Buena,"19.343426, -99.027236"
2020-12-05,HOSPITAL GENERAL XOCO,SEDESA,Buena,Buena,"19.360313, -99.162275"
2020-12-05,HOSPITAL GENERAL VILLA,SEDESA,Media,Buena,"19.480079, -99.103353"
2020-12-05,HOSPITAL GENERAL DR. RUBÉN LEÑERO,SEDESA,Media,Media,"19.451398, -99.169565"
2020-12-05,HOSPITAL GENERAL MILPA ALTA,SEDESA,Media,Buena,"19.200951, -99.011210"
2020-12-05,HOSPITAL GENERAL BALBUENA,SEDESA,Buena,Buena,"19.424195, -99.115412"
2020-12-05,HOSPITAL TEPEPAN,SEDESA,Sin Dato,Sin Dato,"19.275806, -99.144298"
2020-12-05,HOSPITAL DE ESPECIALIDADES 01 CMN SIGLO XXI (CDMX SUR),IMSS,Buena,Buena,"19.466549, -99.145102"
2020-12-05,HOSPITAL DE PEDIATRIA 01 CMN SIGLO XXI (CDMX SUR),IMSS,Buena,Buena,"19.407458, -99.152267"
2020-12-05,HOSPITAL GENERAL DE ZONA 01 CARLOS MC GREGOR (CDMX SUR),IMSS,Crítica,Media,"19.395912, -99.161610"
2020-12-05,HOSPITAL GENERAL DE ZONA 1A PARQUE DE LOS VENADOS (CDMX SUR),IMSS,Crítica,Buena,"19.374431, -99.151203"
2020-12-05,HOSPITAL DE INFECTOLOGIA 01 LA RAZA (CDMX NORTE),IMSS,Media,Crítica,"19.464865, -99.144859"
2020-12-05,HOSPITAL GENERAL 01 (CDMX NORTE) LA RAZA,IMSS,Media,Media,"19.395740, -99.161677"
2020-12-05,HOSPITAL GENERAL DE ZONA 24 (CDMX NORTE),IMSS,Media,Buena,"19.483221, -99.128448"
2020-12-05,HOSPITAL GENERAL DE ZONA 27 (CDMX NORTE),IMSS,Buena,Buena,"19.454776, -99.140007"
2020-12-05,HOSPITAL GENERAL DE ZONA 2A (CDMX SUR),IMSS,Media,Buena,"19.405495, -99.112200"
2020-12-05,HOSPITAL GENERAL DE ZONA 30 (CDMX SUR),IMSS,Media,Buena,"19.398836, -99.116913"
2020-12-05,HOSPITAL GENERAL DE ZONA 32 (CDMX SUR),IMSS,Crítica,Buena,"19.307964, -99.130677"
2020-12-05,HOSPITAL GENERAL DE ZONA C/MF 08 (CDMX SUR),IMSS,Crítica,Buena,"19.337137, -99.200142"
2020-12-05,HOSPITAL GENERAL DE ZONA C/UMAA 48 (CDMX NORTE),IMSS,Media,Media,"19.482375, -99.213046"
2020-12-05,HOSPITAL GENERAL 02 (CDMX SUR) VILLA COAPA (COY.),IMSS,Media,Media,"19.309194, -99.129593"
2020-12-05,HOSPITAL DE ESPECIALIDADES 01 (CDMX NORTE) LA RAZA (AZC),IMSS,Media,Buena,"19.467169, -99.143785"
2020-12-05,HOSPITAL GENERAL DE ZONA C/MF 29 (S. JUAN ARAGÓN),IMSS,Media,Buena,"19.465117, -99.085162"
2020-12-05,HOSPITAL GENERAL DE ZONA 47 (CDMX SUR) (IZP),IMSS,Media,Buena,"19.357566, -99.054269"
2020-12-05,UNIDAD MÓVIL TEMPORAL COVID,IMSS,Crítica,Crítica,"19.403082, -99.089177"
2020-12-05,CRIT IZTAPALAPA,IMSS,Buena,Buena,"19.328321, -99.068530"
2020-12-05,HOSPITAL GENERAL REGIONAL 72,IMSS,Media,Media,"19.356913, -98.990929"
2020-12-05,HOSPITAL GENERAL REGIONAL 196,IMSS,Media,Buena,"19.515133, -98.891450"
2020-12-05,HOSPITAL GENERAL REGIONAL 200,IMSS,Media,Buena,"19.470300, -99.234208"
2020-12-05,HOSPITAL GENERAL DE ZONA 53,IMSS,Media,Media,"19.597387, -99.188426"
2020-12-05,HOSPITAL GENERAL DE ZONA 197,IMSS,Buena,Buena,"19.530797, -99.222446"
2020-12-05,HOSPITAL GENERAL DE ZONA 194,IMSS,Media,Buena,"19.570070, -99.044009"
2020-12-05,HOSPITAL GENERAL DE ZONA 57 (LA QUEBRADA),IMSS,Crítica,Buena,"19.542797, -99.205022"
2020-12-05,HOSPITAL GENERAL DE ZONA 58 (LAS MARGARITAS),IMSS,Media,Media,"19.529016, -99.030983"
2020-12-05,HOSPITAL GENERAL DE ZONA 68 (TULPETLAC),IMSS,Buena,Buena,"19.742905, -98.972971"
2020-12-05,HOSPITAL GENERAL DE ZONA 71 (CHALCO),IMSS,Buena,Buena,"19.356913, -98.990929"
2020-12-05,HOSPITAL GENERAL DE ZONA 76 (XALOSTOC),IMSS,Media,Buena,"19.515133, -98.891450"
2020-12-05,HOSPITAL GENERAL DE ZONA 98 (COACALCO),IMSS,Media,Buena,"19.470300, -99.234208"
2020-12-05,CRIT NEZAHUALCÓYOTL,IMSS,Buena,Buena,"19.425795, -99.029987"
2020-12-05,CENTRO MEDICO 20 DE NOVIEMBRE,ISSSTE,Buena,Buena,"19.372720, -99.171205"
2020-12-05,HG DARIO FERNANDEZ FIERRO,ISSSTE,Media,Crítica,"19.363602, -99.188608"
2020-12-05,HG JOSE MARIA MORELOS,ISSSTE,Media,Crítica,"19.363918, -98.995393"
2020-12-05,HG TACUBA,ISSSTE,Crítica,Buena,"19.454384, -99.191231"
2020-12-05,HG DR FERNANDO QUIROZ,ISSSTE,Media,Buena,"19.394242, -99.194187"
2020-12-05,HG IGNACIO ZARAGOZA,ISSSTE,Media,Media,"19.389472, -99.045019"
2020-12-05,HR PRIMERO DE OCTUBRE,ISSSTE,Crítica,Media,"19.486751, -99.133249"
2020-12-05,HR LIC. ADOLFO LÓPEZ MATEOS,ISSSTE,Buena,Media,"19.358451, -99.172716"
2020-12-05,HR BICENTENARIO DE LA INDEPENDENCIA,ISSSTE,Crítica,Media,"19.628814, -99.163343"
2020-12-05,ALTA ESPECIALIDAD DE ZUMPANGO,EDOMEX,Media,Buena,"19.815198, -99.089196"
2020-12-05,HOSPITAL REGIONAL TLALNEPANTLA ISSEMYM,EDOMEX,Crítica,Media,"19.521706, -99.187341"
2020-12-05,"HOSPITAL GENERAL ECATEPEC ""LAS AMÉRICAS""",EDOMEX,Buena,Buena,"19.594136, -99.018679"
2020-12-05,"HOSPITAL GENERAL DE NAUCALPAN ""DR. MAXIMILIANO RUIZ CASTAÑEDA"" ",EDOMEX,Buena,Media,"19.468662, -99.234348"
2020-12-05,"HOSPITAL GENERAL ATIZAPAN DE ZARAGOZA ""DR. SALVADOR GONZALEZ HERREJÓN""",EDOMEX,Buena,Buena,"19.546322, -99.237491"
2020-12-05,"HOSPITAL GENERAL CUAUTITLAN ""GRAL. JOSE VICENTE VILLADA""",EDOMEX,Media,Media,"19.664586, -99.178557"
2020-12-05,"HOSPITAL GENERAL DE NEZAHUALCOYOTL ""GUSTAVO BAZ PRADA""",EDOMEX,Buena,Buena,"19.422253, -99.014892"
2020-12-05,"HOSPITAL GENERAL DE ECATEPEC ""JOSÉ MARÍA RODRÍGUEZ""",EDOMEX,Buena,Buena,"19.514412, -99.038087"
2020-12-05,"HOSPITAL GENERAL NEZAHUALCOYOTL ""LA PERLA"" ",EDOMEX,Buena,Media,"19.387963, -98.989442"
2020-12-05,HOSPITAL GENERAL DE CHIMALHUACAN,EDOMEX,Media,Buena,"19.419753, -98.975140"
2020-12-05,"HOSPITAL GENERAL DE IXTAPALUCA ""PEDRO LOPEZ""",EDOMEX,Buena,Buena,"19.318829, -98.855366"
2020-12-05,HOSPITAL GENERAL DE CHALCO ,EDOMEX,Media,Media,"19.268265, -98.893965"
2020-12-05,"HOSPITAL GENERAL TEXCOCO ""GUADALUPE VICTORIA"" BICENTENARIO ",EDOMEX,Media,Buena,"19.514309, -98.871750"
2020-12-05,"HOSPITAL GENERAL VALLE DE CHALCO ""DR. FERNANDO QUIROZ GUTIERREZ"" ",EDOMEX,Buena,Buena,"19.273775, -98.941609"
2020-12-05,"HOSPITAL GENERAL AMECAMECA ""VALENTIN GOMEZ FARIAS"" ",EDOMEX,Buena,Buena,"19.144883, -98.785072"
2020-12-05,HOSPITAL GENERAL DE AXAPUSCO,EDOMEX,Media,Buena,"19.732872, -98.769445"
2020-12-06,INSTITUTO NACIONAL DE NUTRICIÓN,SSA,Media,Media,"19.289599, -99.155441"
2020-12-06,INER,SSA,Crítica,Media,"19.291375, -99.158653"
2020-12-06,HOSPITAL GENERAL DE MÉXICO,SSA,Media,Media,"19.4129258, -99.1520225"
2020-12-06,HOSPITAL JUAREZ,SSA,Crítica,Buena,"19.481829, -99.135576"
2020-12-06,HOSPITAL GENERAL DR. MANUEL GEA GONZÁLEZ,SSA,Media,Buena,"19.290295, -99.160861"
2020-12-06,HOSPITAL INFANTIL DE MÉXICO FEDERICO GÓMEZ,SSA,Buena,Buena,"19.410839, -99.151941"
2020-12-06,INSTITUTO  NACIONAL DE CARDIOLOGÍA IGNACIO CHÁVEZ,SSA,Buena,Buena,"19.290598, -99.153838"
2020-12-06,CITIBANAMEX,SSA,Buena,Crítica,"19.439732, -99.224235"
2020-12-06,HOSPITAL REGIONAL DE ALTA ESPECIALIDAD DE IXTAPALUCA,SSA,Buena,Media,"19.318796, -98.855353"
2020-12-06,BELISARIO DOMINGUEZ,SEDESA,Crítica,Buena,"19.307226, -99.065356"
2020-12-06,ENRIQUE CABRERA,SEDESA,Media,Media,"19.361675, -99.224432"
2020-12-06,GENERAL TLAHUAC,SEDESA,Media,Buena,"19.287492, -99.052665"
2020-12-06,PEDIATRICO DE LA VILLA,SEDESA,Buena,Buena,"19.487355, -99.114316"
2020-12-06,HOSPITAL GENERAL AJUSCO MEDIO,SEDESA,Media,Media,"19.272165, -99.207846"
2020-12-06,HOSPITAL GENERAL IZTAPALAPA,SEDESA,Media,Buena,"19.343426, -99.027236"
2020-12-06,HOSPITAL GENERAL XOCO,SEDESA,Media,Buena,"19.360313, -99.162275"
2020-12-06,HOSPITAL GENERAL VILLA,SEDESA,Media,Buena,"19.480079, -99.103353"
2020-12-06,HOSPITAL GENERAL DR. RUBÉN LEÑERO,SEDESA,Media,Media,"19.451398, -99.169565"
2020-12-06,HOSPITAL GENERAL MILPA ALTA,SEDESA,Media,Buena,"19.200951, -99.011210"
2020-12-06,HOSPITAL GENERAL BALBUENA,SEDESA,Buena,Buena,"19.424195, -99.115412"
2020-12-06,HOSPITAL TEPEPAN,SEDESA,Sin Dato,Sin Dato,"19.275806, -99.144298"
2020-12-06,HOSPITAL DE ESPECIALIDADES 01 CMN SIGLO XXI (CDMX SUR),IMSS,Buena,Buena,"19.466549, -99.145102"
2020-12-06,HOSPITAL DE PEDIATRIA 01 CMN SIGLO XXI (CDMX SUR),IMSS,Buena,Buena,"19.407458, -99.152267"
2020-12-06,HOSPITAL GENERAL DE ZONA 01 CARLOS MC GREGOR (CDMX SUR),IMSS,Crítica,Buena,"19.395912, -99.161610"
2020-12-06,HOSPITAL GENERAL DE ZONA 1A PARQUE DE LOS VENADOS (CDMX SUR),IMSS,Crítica,Buena,"19.374431, -99.151203"
2020-12-06,HOSPITAL DE INFECTOLOGIA 01 LA RAZA (CDMX NORTE),IMSS,Media,Crítica,"19.464865, -99.144859"
2020-12-06,HOSPITAL GENERAL 01 (CDMX NORTE) LA RAZA,IMSS,Media,Media,"19.395740, -99.161677"
2020-12-06,HOSPITAL GENERAL DE ZONA 24 (CDMX NORTE),IMSS,Media,Buena,"19.483221, -99.128448"
2020-12-06,HOSPITAL GENERAL DE ZONA 27 (CDMX NORTE),IMSS,Buena,Buena,"19.454776, -99.140007"
2020-12-06,HOSPITAL GENERAL DE ZONA 2A (CDMX SUR),IMSS,Media,Buena,"19.405495, -99.112200"
2020-12-06,HOSPITAL GENERAL DE ZONA 30 (CDMX SUR),IMSS,Media,Buena,"19.398836, -99.116913"
2020-12-06,HOSPITAL GENERAL DE ZONA 32 (CDMX SUR),IMSS,Crítica,Buena,"19.307964, -99.130677"
2020-12-06,HOSPITAL GENERAL DE ZONA C/MF 08 (CDMX SUR),IMSS,Crítica,Buena,"19.337137, -99.200142"
2020-12-06,HOSPITAL GENERAL DE ZONA C/UMAA 48 (CDMX NORTE),IMSS,Media,Media,"19.482375, -99.213046"
2020-12-06,HOSPITAL GENERAL 02 (CDMX SUR) VILLA COAPA (COY.),IMSS,Media,Media,"19.309194, -99.129593"
2020-12-06,HOSPITAL DE ESPECIALIDADES 01 (CDMX NORTE) LA RAZA (AZC),IMSS,Media,Buena,"19.467169, -99.143785"
2020-12-06,HOSPITAL GENERAL DE ZONA C/MF 29 (S. JUAN ARAGÓN),IMSS,Media,Buena,"19.465117, -99.085162"
2020-12-06,HOSPITAL GENERAL DE ZONA 47 (CDMX SUR) (IZP),IMSS,Media,Media,"19.357566, -99.054269"
2020-12-06,UNIDAD MÓVIL TEMPORAL COVID,IMSS,Crítica,Crítica,"19.403082, -99.089177"
2020-12-06,CRIT IZTAPALAPA,IMSS,Buena,Buena,"19.328321, -99.068530"
2020-12-06,HOSPITAL GENERAL REGIONAL 72,IMSS,Media,Media,"19.356913, -98.990929"
2020-12-06,HOSPITAL GENERAL REGIONAL 196,IMSS,Media,Media,"19.515133, -98.891450"
2020-12-06,HOSPITAL GENERAL REGIONAL 200,IMSS,Media,Buena,"19.470300, -99.234208"
2020-12-06,HOSPITAL GENERAL DE ZONA 53,IMSS,Media,Media,"19.597387, -99.188426"
2020-12-06,HOSPITAL GENERAL DE ZONA 197,IMSS,Buena,Buena,"19.530797, -99.222446"
2020-12-06,HOSPITAL GENERAL DE ZONA 194,IMSS,Crítica,Buena,"19.570070, -99.044009"
2020-12-06,HOSPITAL GENERAL DE ZONA 57 (LA QUEBRADA),IMSS,Crítica,Media,"19.542797, -99.205022"
2020-12-06,HOSPITAL GENERAL DE ZONA 58 (LAS MARGARITAS),IMSS,Media,Media,"19.529016, -99.030983"
2020-12-06,HOSPITAL GENERAL DE ZONA 68 (TULPETLAC),IMSS,Buena,Buena,"19.742905, -98.972971"
2020-12-06,HOSPITAL GENERAL DE ZONA 71 (CHALCO),IMSS,Buena,Buena,"19.356913, -98.990929"
2020-12-06,HOSPITAL GENERAL DE ZONA 76 (XALOSTOC),IMSS,Media,Buena,"19.515133, -98.891450"
2020-12-06,HOSPITAL GENERAL DE ZONA 98 (COACALCO),IMSS,Crítica,Buena,"19.470300, -99.234208"
2020-12-06,CRIT NEZAHUALCÓYOTL,IMSS,Buena,Buena,"19.425795, -99.029987"
2020-12-06,CENTRO MEDICO 20 DE NOVIEMBRE,ISSSTE,Buena,Buena,"19.372720, -99.171205"
2020-12-06,HG DARIO FERNANDEZ FIERRO,ISSSTE,Media,Crítica,"19.363602, -99.188608"
2020-12-06,HG JOSE MARIA MORELOS,ISSSTE,Buena,Crítica,"19.363918, -98.995393"
2020-12-06,HG TACUBA,ISSSTE,Crítica,Buena,"19.454384, -99.191231"
2020-12-06,HG DR FERNANDO QUIROZ,ISSSTE,Media,Buena,"19.394242, -99.194187"
2020-12-06,HG IGNACIO ZARAGOZA,ISSSTE,Media,Media,"19.389472, -99.045019"
2020-12-06,HR PRIMERO DE OCTUBRE,ISSSTE,Crítica,Media,"19.486751, -99.133249"
2020-12-06,HR LIC. ADOLFO LÓPEZ MATEOS,ISSSTE,Buena,Media,"19.358451, -99.172716"
2020-12-06,HR BICENTENARIO DE LA INDEPENDENCIA,ISSSTE,Crítica,Media,"19.628814, -99.163343"
2020-12-06,ALTA ESPECIALIDAD DE ZUMPANGO,EDOMEX,Media,Buena,"19.815198, -99.089196"
2020-12-06,HOSPITAL REGIONAL TLALNEPANTLA ISSEMYM,EDOMEX,Crítica,Media,"19.521706, -99.187341"
2020-12-06,"HOSPITAL GENERAL ECATEPEC ""LAS AMÉRICAS""",EDOMEX,Buena,Buena,"19.594136, -99.018679"
2020-12-06,"HOSPITAL GENERAL DE NAUCALPAN ""DR. MAXIMILIANO RUIZ CASTAÑEDA"" ",EDOMEX,Buena,Media,"19.468662, -99.234348"
2020-12-06,"HOSPITAL GENERAL ATIZAPAN DE ZARAGOZA ""DR. SALVADOR GONZALEZ HERREJÓN""",EDOMEX,Buena,Media,"19.546322, -99.237491"
2020-12-06,"HOSPITAL GENERAL CUAUTITLAN ""GRAL. JOSE VICENTE VILLADA""",EDOMEX,Media,Media,"19.664586, -99.178557"
2020-12-06,"HOSPITAL GENERAL DE NEZAHUALCOYOTL ""GUSTAVO BAZ PRADA""",EDOMEX,Buena,Buena,"19.422253, -99.014892"
2020-12-06,"HOSPITAL GENERAL DE ECATEPEC ""JOSÉ MARÍA RODRÍGUEZ""",EDOMEX,Buena,Buena,"19.514412, -99.038087"
2020-12-06,"HOSPITAL GENERAL NEZAHUALCOYOTL ""LA PERLA"" ",EDOMEX,Buena,Media,"19.387963, -98.989442"
2020-12-06,HOSPITAL GENERAL DE CHIMALHUACAN,EDOMEX,Media,Buena,"19.419753, -98.975140"
2020-12-06,"HOSPITAL GENERAL DE IXTAPALUCA ""PEDRO LOPEZ""",EDOMEX,Buena,Buena,"19.318829, -98.855366"
2020-12-06,HOSPITAL GENERAL DE CHALCO ,EDOMEX,Buena,Media,"19.268265, -98.893965"
2020-12-06,"HOSPITAL GENERAL TEXCOCO ""GUADALUPE VICTORIA"" BICENTENARIO ",EDOMEX,Media,Buena,"19.514309, -98.871750"
2020-12-06,"HOSPITAL GENERAL VALLE DE CHALCO ""DR. FERNANDO QUIROZ GUTIERREZ"" ",EDOMEX,Buena,Buena,"19.273775, -98.941609"
2020-12-06,"HOSPITAL GENERAL AMECAMECA ""VALENTIN GOMEZ FARIAS"" ",EDOMEX,Buena,Buena,"19.144883, -98.785072"
2020-12-06,HOSPITAL GENERAL DE AXAPUSCO,EDOMEX,Media,Buena,"19.732872, -98.769445"
2020-12-07,INSTITUTO NACIONAL DE NUTRICIÓN,SSA,Media,Media,"19.289599, -99.155441"
2020-12-07,INER,SSA,Crítica,Media,"19.291375, -99.158653"
2020-12-07,HOSPITAL GENERAL DE MÉXICO,SSA,Media,Media,"19.4129258, -99.1520225"
2020-12-07,HOSPITAL JUAREZ,SSA,Crítica,Buena,"19.481829, -99.135576"
2020-12-07,HOSPITAL GENERAL DR. MANUEL GEA GONZÁLEZ,SSA,Media,Media,"19.290295, -99.160861"
2020-12-07,HOSPITAL INFANTIL DE MÉXICO FEDERICO GÓMEZ,SSA,Buena,Buena,"19.410839, -99.151941"
2020-12-07,INSTITUTO  NACIONAL DE CARDIOLOGÍA IGNACIO CHÁVEZ,SSA,Buena,Buena,"19.290598, -99.153838"
2020-12-07,CITIBANAMEX,SSA,Buena,Crítica,"19.439732, -99.224235"
2020-12-07,HOSPITAL REGIONAL DE ALTA ESPECIALIDAD DE IXTAPALUCA,SSA,Media,Media,"19.318796, -98.855353"
2020-12-07,BELISARIO DOMINGUEZ,SEDESA,Crítica,Buena,"19.307226, -99.065356"
2020-12-07,ENRIQUE CABRERA,SEDESA,Media,Media,"19.361675, -99.224432"
2020-12-07,GENERAL TLAHUAC,SEDESA,Media,Buena,"19.287492, -99.052665"
2020-12-07,PEDIATRICO DE LA VILLA,SEDESA,Buena,Buena,"19.487355, -99.114316"
2020-12-07,HOSPITAL GENERAL AJUSCO MEDIO,SEDESA,Media,Media,"19.272165, -99.207846"
2020-12-07,HOSPITAL GENERAL IZTAPALAPA,SEDESA,Media,Buena,"19.343426, -99.027236"
2020-12-07,HOSPITAL GENERAL XOCO,SEDESA,Media,Buena,"19.360313, -99.162275"
2020-12-07,HOSPITAL GENERAL VILLA,SEDESA,Media,Buena,"19.480079, -99.103353"
2020-12-07,HOSPITAL GENERAL DR. RUBÉN LEÑERO,SEDESA,Crítica,Buena,"19.451398, -99.169565"
2020-12-07,HOSPITAL GENERAL MILPA ALTA,SEDESA,Media,Buena,"19.200951, -99.011210"
2020-12-07,HOSPITAL GENERAL BALBUENA,SEDESA,Buena,Buena,"19.424195, -99.115412"
2020-12-07,HOSPITAL TEPEPAN,SEDESA,Sin Dato,Sin Dato,"19.275806, -99.144298"
2020-12-07,HOSPITAL DE ESPECIALIDADES 01 CMN SIGLO XXI (CDMX SUR),IMSS,Buena,Buena,"19.466549, -99.145102"
2020-12-07,HOSPITAL DE PEDIATRIA 01 CMN SIGLO XXI (CDMX SUR),IMSS,Buena,Buena,"19.407458, -99.152267"
2020-12-07,HOSPITAL GENERAL DE ZONA 01 CARLOS MC GREGOR (CDMX SUR),IMSS,Crítica,Buena,"19.395912, -99.161610"
2020-12-07,HOSPITAL GENERAL DE ZONA 1A PARQUE DE LOS VENADOS (CDMX SUR),IMSS,Crítica,Buena,"19.374431, -99.151203"
2020-12-07,HOSPITAL DE INFECTOLOGIA 01 LA RAZA (CDMX NORTE),IMSS,Media,Crítica,"19.464865, -99.144859"
2020-12-07,HOSPITAL GENERAL 01 (CDMX NORTE) LA RAZA,IMSS,Media,Media,"19.395740, -99.161677"
2020-12-07,HOSPITAL GENERAL DE ZONA 24 (CDMX NORTE),IMSS,Media,Buena,"19.483221, -99.128448"
2020-12-07,HOSPITAL GENERAL DE ZONA 27 (CDMX NORTE),IMSS,Media,Buena,"19.454776, -99.140007"
2020-12-07,HOSPITAL GENERAL DE ZONA 2A (CDMX SUR),IMSS,Media,Buena,"19.405495, -99.112200"
2020-12-07,HOSPITAL GENERAL DE ZONA 30 (CDMX SUR),IMSS,Media,Buena,"19.398836, -99.116913"
2020-12-07,HOSPITAL GENERAL DE ZONA 32 (CDMX SUR),IMSS,Crítica,Buena,"19.307964, -99.130677"
2020-12-07,HOSPITAL GENERAL DE ZONA C/MF 08 (CDMX SUR),IMSS,Crítica,Buena,"19.337137, -99.200142"
2020-12-07,HOSPITAL GENERAL DE ZONA C/UMAA 48 (CDMX NORTE),IMSS,Media,Media,"19.482375, -99.213046"
2020-12-07,HOSPITAL GENERAL 02 (CDMX SUR) VILLA COAPA (COY.),IMSS,Media,Media,"19.309194, -99.129593"
2020-12-07,HOSPITAL DE ESPECIALIDADES 01 (CDMX NORTE) LA RAZA (AZC),IMSS,Crítica,Buena,"19.467169, -99.143785"
2020-12-07,HOSPITAL GENERAL DE ZONA C/MF 29 (S. JUAN ARAGÓN),IMSS,Media,Buena,"19.465117, -99.085162"
2020-12-07,HOSPITAL GENERAL DE ZONA 47 (CDMX SUR) (IZP),IMSS,Media,Media,"19.357566, -99.054269"
2020-12-07,UNIDAD MÓVIL TEMPORAL COVID,IMSS,Crítica,Crítica,"19.403082, -99.089177"
2020-12-07,CRIT IZTAPALAPA,IMSS,Buena,Buena,"19.328321, -99.068530"
2020-12-07,HOSPITAL GENERAL REGIONAL 72,IMSS,Media,Media,"19.356913, -98.990929"
2020-12-07,HOSPITAL GENERAL REGIONAL 196,IMSS,Media,Media,"19.515133, -98.891450"
2020-12-07,HOSPITAL GENERAL REGIONAL 200,IMSS,Media,Buena,"19.470300, -99.234208"
2020-12-07,HOSPITAL GENERAL DE ZONA 53,IMSS,Media,Media,"19.597387, -99.188426"
2020-12-07,HOSPITAL GENERAL DE ZONA 197,IMSS,Buena,Buena,"19.530797, -99.222446"
2020-12-07,HOSPITAL GENERAL DE ZONA 194,IMSS,Crítica,Buena,"19.570070, -99.044009"
2020-12-07,HOSPITAL GENERAL DE ZONA 57 (LA QUEBRADA),IMSS,Crítica,Media,"19.542797, -99.205022"
2020-12-07,HOSPITAL GENERAL DE ZONA 58 (LAS MARGARITAS),IMSS,Media,Media,"19.529016, -99.030983"
2020-12-07,HOSPITAL GENERAL DE ZONA 68 (TULPETLAC),IMSS,Buena,Buena,"19.742905, -98.972971"
2020-12-07,HOSPITAL GENERAL DE ZONA 71 (CHALCO),IMSS,Media,Buena,"19.356913, -98.990929"
2020-12-07,HOSPITAL GENERAL DE ZONA 76 (XALOSTOC),IMSS,Media,Buena,"19.515133, -98.891450"
2020-12-07,HOSPITAL GENERAL DE ZONA 98 (COACALCO),IMSS,Crítica,Buena,"19.470300, -99.234208"
2020-12-07,CRIT NEZAHUALCÓYOTL,IMSS,Buena,Buena,"19.425795, -99.029987"
2020-12-07,CENTRO MEDICO 20 DE NOVIEMBRE,ISSSTE,Buena,Buena,"19.372720, -99.171205"
2020-12-07,HG DARIO FERNANDEZ FIERRO,ISSSTE,Media,Media,"19.363602, -99.188608"
2020-12-07,HG JOSE MARIA MORELOS,ISSSTE,Buena,Crítica,"19.363918, -98.995393"
2020-12-07,HG TACUBA,ISSSTE,Crítica,Media,"19.454384, -99.191231"
2020-12-07,HG DR FERNANDO QUIROZ,ISSSTE,Media,Buena,"19.394242, -99.194187"
2020-12-07,HG IGNACIO ZARAGOZA,ISSSTE,Media,Media,"19.389472, -99.045019"
2020-12-07,HR PRIMERO DE OCTUBRE,ISSSTE,Crítica,Media,"19.486751, -99.133249"
2020-12-07,HR LIC. ADOLFO LÓPEZ MATEOS,ISSSTE,Media,Media,"19.358451, -99.172716"
2020-12-07,HR BICENTENARIO DE LA INDEPENDENCIA,ISSSTE,Media,Media,"19.628814, -99.163343"
2020-12-07,ALTA ESPECIALIDAD DE ZUMPANGO,EDOMEX,Media,Buena,"19.815198, -99.089196"
2020-12-07,HOSPITAL REGIONAL TLALNEPANTLA ISSEMYM,EDOMEX,Crítica,Media,"19.521706, -99.187341"
2020-12-07,"HOSPITAL GENERAL ECATEPEC ""LAS AMÉRICAS""",EDOMEX,Buena,Media,"19.594136, -99.018679"
2020-12-07,"HOSPITAL GENERAL DE NAUCALPAN ""DR. MAXIMILIANO RUIZ CASTAÑEDA"" ",EDOMEX,Buena,Media,"19.468662, -99.234348"
2020-12-07,"HOSPITAL GENERAL ATIZAPAN DE ZARAGOZA ""DR. SALVADOR GONZALEZ HERREJÓN""",EDOMEX,Buena,Media,"19.546322, -99.237491"
2020-12-07,"HOSPITAL GENERAL CUAUTITLAN ""GRAL. JOSE VICENTE VILLADA""",EDOMEX,Media,Media,"19.664586, -99.178557"
2020-12-07,"HOSPITAL GENERAL DE NEZAHUALCOYOTL ""GUSTAVO BAZ PRADA""",EDOMEX,Buena,Media,"19.422253, -99.014892"
2020-12-07,"HOSPITAL GENERAL DE ECATEPEC ""JOSÉ MARÍA RODRÍGUEZ""",EDOMEX,Buena,Buena,"19.514412, -99.038087"
2020-12-07,"HOSPITAL GENERAL NEZAHUALCOYOTL ""LA PERLA"" ",EDOMEX,Buena,Media,"19.387963, -98.989442"
2020-12-07,HOSPITAL GENERAL DE CHIMALHUACAN,EDOMEX,Media,Buena,"19.419753, -98.975140"
2020-12-07,"HOSPITAL GENERAL DE IXTAPALUCA ""PEDRO LOPEZ""",EDOMEX,Buena,Buena,"19.318829, -98.855366"
2020-12-07,HOSPITAL GENERAL DE CHALCO ,EDOMEX,Buena,Media,"19.268265, -98.893965"
2020-12-07,"HOSPITAL GENERAL TEXCOCO ""GUADALUPE VICTORIA"" BICENTENARIO ",EDOMEX,Media,Buena,"19.514309, -98.871750"
2020-12-07,"HOSPITAL GENERAL VALLE DE CHALCO ""DR. FERNANDO QUIROZ GUTIERREZ"" ",EDOMEX,Buena,Buena,"19.273775, -98.941609"
2020-12-07,"HOSPITAL GENERAL AMECAMECA ""VALENTIN GOMEZ FARIAS"" ",EDOMEX,Buena,Buena,"19.144883, -98.785072"
2020-12-07,HOSPITAL GENERAL DE AXAPUSCO,EDOMEX,Media,Buena,"19.732872, -98.769445"
2020-12-08,INSTITUTO NACIONAL DE NUTRICIÓN,SSA,Media,Media,"19.289599, -99.155441"
2020-12-08,INER,SSA,Crítica,Media,"19.291375, -99.158653"
2020-12-08,HOSPITAL GENERAL DE MÉXICO,SSA,Media,Media,"19.4129258, -99.1520225"
2020-12-08,HOSPITAL JUAREZ,SSA,Media,Buena,"19.481829, -99.135576"
2020-12-08,HOSPITAL GENERAL DR. MANUEL GEA GONZÁLEZ,SSA,Media,Media,"19.290295, -99.160861"
2020-12-08,HOSPITAL INFANTIL DE MÉXICO FEDERICO GÓMEZ,SSA,Buena,Buena,"19.410839, -99.151941"
2020-12-08,INSTITUTO  NACIONAL DE CARDIOLOGÍA IGNACIO CHÁVEZ,SSA,Buena,Buena,"19.290598, -99.153838"
2020-12-08,CITIBANAMEX,SSA,Buena,Crítica,"19.439732, -99.224235"
2020-12-08,HOSPITAL REGIONAL DE ALTA ESPECIALIDAD DE IXTAPALUCA,SSA,Media,Media,"19.318796, -98.855353"
2020-12-08,BELISARIO DOMINGUEZ,SEDESA,Crítica,Buena,"19.307226, -99.065356"
2020-12-08,ENRIQUE CABRERA,SEDESA,Media,Buena,"19.361675, -99.224432"
2020-12-08,GENERAL TLAHUAC,SEDESA,Media,Buena,"19.287492, -99.052665"
2020-12-08,PEDIATRICO DE LA VILLA,SEDESA,Buena,Buena,"19.487355, -99.114316"
2020-12-08,HOSPITAL GENERAL AJUSCO MEDIO,SEDESA,Media,Media,"19.272165, -99.207846"
2020-12-08,HOSPITAL GENERAL IZTAPALAPA,SEDESA,Media,Buena,"19.343426, -99.027236"
2020-12-08,HOSPITAL GENERAL XOCO,SEDESA,Buena,Buena,"19.360313, -99.162275"
2020-12-08,HOSPITAL GENERAL VILLA,SEDESA,Media,Buena,"19.480079, -99.103353"
2020-12-08,HOSPITAL GENERAL DR. RUBÉN LEÑERO,SEDESA,Media,Media,"19.451398, -99.169565"
2020-12-08,HOSPITAL GENERAL MILPA ALTA,SEDESA,Media,Media,"19.200951, -99.011210"
2020-12-08,HOSPITAL GENERAL BALBUENA,SEDESA,Buena,Buena,"19.424195, -99.115412"
2020-12-08,HOSPITAL TEPEPAN,SEDESA,Sin Dato,Sin Dato,"19.275806, -99.144298"
2020-12-08,HOSPITAL DE ESPECIALIDADES 01 CMN SIGLO XXI (CDMX SUR),IMSS,Buena,Buena,"19.466549, -99.145102"
2020-12-08,HOSPITAL DE PEDIATRIA 01 CMN SIGLO XXI (CDMX SUR),IMSS,Buena,Buena,"19.407458, -99.152267"
2020-12-08,HOSPITAL GENERAL DE ZONA 01 CARLOS MC GREGOR (CDMX SUR),IMSS,Crítica,Buena,"19.395912, -99.161610"
2020-12-08,HOSPITAL GENERAL DE ZONA 1A PARQUE DE LOS VENADOS (CDMX SUR),IMSS,Crítica,Buena,"19.374431, -99.151203"
2020-12-08,HOSPITAL DE INFECTOLOGIA 01 LA RAZA (CDMX NORTE),IMSS,Media,Crítica,"19.464865, -99.144859"
2020-12-08,HOSPITAL GENERAL 01 (CDMX NORTE) LA RAZA,IMSS,Media,Media,"19.395740, -99.161677"
2020-12-08,HOSPITAL GENERAL DE ZONA 24 (CDMX NORTE),IMSS,Media,Media,"19.483221, -99.128448"
2020-12-08,HOSPITAL GENERAL DE ZONA 27 (CDMX NORTE),IMSS,Media,Buena,"19.454776, -99.140007"
2020-12-08,HOSPITAL GENERAL DE ZONA 2A (CDMX SUR),IMSS,Media,Media,"19.405495, -99.112200"
2020-12-08,HOSPITAL GENERAL DE ZONA 30 (CDMX SUR),IMSS,Buena,Buena,"19.398836, -99.116913"
2020-12-08,HOSPITAL GENERAL DE ZONA 32 (CDMX SUR),IMSS,Crítica,Buena,"19.307964, -99.130677"
2020-12-08,HOSPITAL GENERAL DE ZONA C/MF 08 (CDMX SUR),IMSS,Crítica,Buena,"19.337137, -99.200142"
2020-12-08,HOSPITAL GENERAL DE ZONA C/UMAA 48 (CDMX NORTE),IMSS,Media,Media,"19.482375, -99.213046"
2020-12-08,HOSPITAL GENERAL 02 (CDMX SUR) VILLA COAPA (COY.),IMSS,Media,Media,"19.309194, -99.129593"
2020-12-08,HOSPITAL DE ESPECIALIDADES 01 (CDMX NORTE) LA RAZA (AZC),IMSS,Crítica,Buena,"19.467169, -99.143785"
2020-12-08,HOSPITAL GENERAL DE ZONA C/MF 29 (S. JUAN ARAGÓN),IMSS,Media,Buena,"19.465117, -99.085162"
2020-12-08,HOSPITAL GENERAL DE ZONA 47 (CDMX SUR) (IZP),IMSS,Media,Crítica,"19.357566, -99.054269"
2020-12-08,UNIDAD MÓVIL TEMPORAL COVID,IMSS,Crítica,Crítica,"19.403082, -99.089177"
2020-12-08,CRIT IZTAPALAPA,IMSS,Buena,Buena,"19.328321, -99.068530"
2020-12-08,HOSPITAL GENERAL REGIONAL 72,IMSS,Media,Buena,"19.356913, -98.990929"
2020-12-08,HOSPITAL GENERAL REGIONAL 196,IMSS,Media,Buena,"19.515133, -98.891450"
2020-12-08,HOSPITAL GENERAL REGIONAL 200,IMSS,Media,Buena,"19.470300, -99.234208"
2020-12-08,HOSPITAL GENERAL DE ZONA 53,IMSS,Media,Media,"19.597387, -99.188426"
2020-12-08,HOSPITAL GENERAL DE ZONA 197,IMSS,Media,Buena,"19.530797, -99.222446"
2020-12-08,HOSPITAL GENERAL DE ZONA 194,IMSS,Crítica,Buena,"19.570070, -99.044009"
2020-12-08,HOSPITAL GENERAL DE ZONA 57 (LA QUEBRADA),IMSS,Crítica,Media,"19.542797, -99.205022"
2020-12-08,HOSPITAL GENERAL DE ZONA 58 (LAS MARGARITAS),IMSS,Media,Media,"19.529016, -99.030983"
2020-12-08,HOSPITAL GENERAL DE ZONA 68 (TULPETLAC),IMSS,Buena,Buena,"19.742905, -98.972971"
2020-12-08,HOSPITAL GENERAL DE ZONA 71 (CHALCO),IMSS,Media,Buena,"19.356913, -98.990929"
2020-12-08,HOSPITAL GENERAL DE ZONA 76 (XALOSTOC),IMSS,Media,Buena,"19.515133, -98.891450"
2020-12-08,HOSPITAL GENERAL DE ZONA 98 (COACALCO),IMSS,Crítica,Buena,"19.470300, -99.234208"
2020-12-08,CRIT NEZAHUALCÓYOTL,IMSS,Buena,Buena,"19.425795, -99.029987"
2020-12-08,CENTRO MEDICO 20 DE NOVIEMBRE,ISSSTE,Media,Buena,"19.372720, -99.171205"
2020-12-08,HG DARIO FERNANDEZ FIERRO,ISSSTE,Media,Crítica,"19.363602, -99.188608"
2020-12-08,HG JOSE MARIA MORELOS,ISSSTE,Buena,Crítica,"19.363918, -98.995393"
2020-12-08,HG TACUBA,ISSSTE,Crítica,Buena,"19.454384, -99.191231"
2020-12-08,HG DR FERNANDO QUIROZ,ISSSTE,Media,Buena,"19.394242, -99.194187"
2020-12-08,HG IGNACIO ZARAGOZA,ISSSTE,Media,Media,"19.389472, -99.045019"
2020-12-08,HR PRIMERO DE OCTUBRE,ISSSTE,Crítica,Media,"19.486751, -99.133249"
2020-12-08,HR LIC. ADOLFO LÓPEZ MATEOS,ISSSTE,Media,Buena,"19.358451, -99.172716"
2020-12-08,HR BICENTENARIO DE LA INDEPENDENCIA,ISSSTE,Crítica,Media,"19.628814, -99.163343"
2020-12-08,ALTA ESPECIALIDAD DE ZUMPANGO,EDOMEX,Buena,Media,"19.815198, -99.089196"
2020-12-08,HOSPITAL REGIONAL TLALNEPANTLA ISSEMYM,EDOMEX,Crítica,Media,"19.521706, -99.187341"
2020-12-08,"HOSPITAL GENERAL ECATEPEC ""LAS AMÉRICAS""",EDOMEX,Buena,Media,"19.594136, -99.018679"
2020-12-08,"HOSPITAL GENERAL DE NAUCALPAN ""DR. MAXIMILIANO RUIZ CASTAÑEDA"" ",EDOMEX,Buena,Buena,"19.468662, -99.234348"
2020-12-08,"HOSPITAL GENERAL ATIZAPAN DE ZARAGOZA ""DR. SALVADOR GONZALEZ HERREJÓN""",EDOMEX,Buena,Media,"19.546322, -99.237491"
2020-12-08,"HOSPITAL GENERAL CUAUTITLAN ""GRAL. JOSE VICENTE VILLADA""",EDOMEX,Media,Buena,"19.664586, -99.178557"
2020-12-08,"HOSPITAL GENERAL DE NEZAHUALCOYOTL ""GUSTAVO BAZ PRADA""",EDOMEX,Buena,Media,"19.422253, -99.014892"
2020-12-08,"HOSPITAL GENERAL DE ECATEPEC ""JOSÉ MARÍA RODRÍGUEZ""",EDOMEX,Buena,Buena,"19.514412, -99.038087"
2020-12-08,"HOSPITAL GENERAL NEZAHUALCOYOTL ""LA PERLA"" ",EDOMEX,Buena,Media,"19.387963, -98.989442"
2020-12-08,HOSPITAL GENERAL DE CHIMALHUACAN,EDOMEX,Media,Buena,"19.419753, -98.975140"
2020-12-08,"HOSPITAL GENERAL DE IXTAPALUCA ""PEDRO LOPEZ""",EDOMEX,Buena,Buena,"19.318829, -98.855366"
2020-12-08,HOSPITAL GENERAL DE CHALCO ,EDOMEX,Media,Media,"19.268265, -98.893965"
2020-12-08,"HOSPITAL GENERAL TEXCOCO ""GUADALUPE VICTORIA"" BICENTENARIO ",EDOMEX,Media,Buena,"19.514309, -98.871750"
2020-12-08,"HOSPITAL GENERAL VALLE DE CHALCO ""DR. FERNANDO QUIROZ GUTIERREZ"" ",EDOMEX,Buena,Buena,"19.273775, -98.941609"
2020-12-08,"HOSPITAL GENERAL AMECAMECA ""VALENTIN GOMEZ FARIAS"" ",EDOMEX,Buena,Buena,"19.144883, -98.785072"
2020-12-08,HOSPITAL GENERAL DE AXAPUSCO,EDOMEX,Media,Media,"19.732872, -98.769445"
2020-12-09,INSTITUTO NACIONAL DE NUTRICIÓN,SSA,Media,Media,"19.289599, -99.155441"
2020-12-09,INER,SSA,Crítica,Media,"19.291375, -99.158653"
2020-12-09,HOSPITAL GENERAL DE MÉXICO,SSA,Media,Media,"19.4129258, -99.1520225"
2020-12-09,HOSPITAL JUAREZ,SSA,Media,Media,"19.481829, -99.135576"
2020-12-09,HOSPITAL GENERAL DR. MANUEL GEA GONZÁLEZ,SSA,Media,Media,"19.290295, -99.160861"
2020-12-09,HOSPITAL INFANTIL DE MÉXICO FEDERICO GÓMEZ,SSA,Buena,Buena,"19.410839, -99.151941"
2020-12-09,INSTITUTO  NACIONAL DE CARDIOLOGÍA IGNACIO CHÁVEZ,SSA,Buena,Buena,"19.290598, -99.153838"
2020-12-09,CITIBANAMEX,SSA,Buena,Crítica,"19.439732, -99.224235"
2020-12-09,HOSPITAL REGIONAL DE ALTA ESPECIALIDAD DE IXTAPALUCA,SSA,Media,Media,"19.318796, -98.855353"
2020-12-09,BELISARIO DOMINGUEZ,SEDESA,Crítica,Buena,"19.307226, -99.065356"
2020-12-09,ENRIQUE CABRERA,SEDESA,Media,Buena,"19.361675, -99.224432"
2020-12-09,GENERAL TLAHUAC,SEDESA,Media,Buena,"19.287492, -99.052665"
2020-12-09,PEDIATRICO DE LA VILLA,SEDESA,Buena,Buena,"19.487355, -99.114316"
2020-12-09,HOSPITAL GENERAL AJUSCO MEDIO,SEDESA,Media,Media,"19.272165, -99.207846"
2020-12-09,HOSPITAL GENERAL IZTAPALAPA,SEDESA,Media,Buena,"19.343426, -99.027236"
2020-12-09,HOSPITAL GENERAL XOCO,SEDESA,Buena,Buena,"19.360313, -99.162275"
2020-12-09,HOSPITAL GENERAL VILLA,SEDESA,Media,Buena,"19.480079, -99.103353"
2020-12-09,HOSPITAL GENERAL DR. RUBÉN LEÑERO,SEDESA,Crítica,Media,"19.451398, -99.169565"
2020-12-09,HOSPITAL GENERAL MILPA ALTA,SEDESA,Media,Buena,"19.200951, -99.011210"
2020-12-09,HOSPITAL GENERAL BALBUENA,SEDESA,Buena,Buena,"19.424195, -99.115412"
2020-12-09,HOSPITAL TEPEPAN,SEDESA,Sin Dato,Sin Dato,"19.275806, -99.144298"
2020-12-09,HOSPITAL DE ESPECIALIDADES 01 CMN SIGLO XXI (CDMX SUR),IMSS,Buena,Buena,"19.466549, -99.145102"
2020-12-09,HOSPITAL DE PEDIATRIA 01 CMN SIGLO XXI (CDMX SUR),IMSS,Buena,Buena,"19.407458, -99.152267"
2020-12-09,HOSPITAL GENERAL DE ZONA 01 CARLOS MC GREGOR (CDMX SUR),IMSS,Crítica,Buena,"19.395912, -99.161610"
2020-12-09,HOSPITAL GENERAL DE ZONA 1A PARQUE DE LOS VENADOS (CDMX SUR),IMSS,Crítica,Buena,"19.374431, -99.151203"
2020-12-09,HOSPITAL DE INFECTOLOGIA 01 LA RAZA (CDMX NORTE),IMSS,Media,Media,"19.464865, -99.144859"
2020-12-09,HOSPITAL GENERAL 01 (CDMX NORTE) LA RAZA,IMSS,Media,Media,"19.395740, -99.161677"
2020-12-09,HOSPITAL GENERAL DE ZONA 24 (CDMX NORTE),IMSS,Media,Buena,"19.483221, -99.128448"
2020-12-09,HOSPITAL GENERAL DE ZONA 27 (CDMX NORTE),IMSS,Media,Buena,"19.454776, -99.140007"
2020-12-09,HOSPITAL GENERAL DE ZONA 2A (CDMX SUR),IMSS,Media,Buena,"19.405495, -99.112200"
2020-12-09,HOSPITAL GENERAL DE ZONA 30 (CDMX SUR),IMSS,Media,Media,"19.398836, -99.116913"
2020-12-09,HOSPITAL GENERAL DE ZONA 32 (CDMX SUR),IMSS,Crítica,Buena,"19.307964, -99.130677"
2020-12-09,HOSPITAL GENERAL DE ZONA C/MF 08 (CDMX SUR),IMSS,Crítica,Buena,"19.337137, -99.200142"
2020-12-09,HOSPITAL GENERAL DE ZONA C/UMAA 48 (CDMX NORTE),IMSS,Crítica,Media,"19.482375, -99.213046"
2020-12-09,HOSPITAL GENERAL 02 (CDMX SUR) VILLA COAPA (COY.),IMSS,Media,Buena,"19.309194, -99.129593"
2020-12-09,HOSPITAL DE ESPECIALIDADES 01 (CDMX NORTE) LA RAZA (AZC),IMSS,Crítica,Buena,"19.467169, -99.143785"
2020-12-09,HOSPITAL GENERAL DE ZONA C/MF 29 (S. JUAN ARAGÓN),IMSS,Media,Buena,"19.465117, -99.085162"
2020-12-09,HOSPITAL GENERAL DE ZONA 47 (CDMX SUR) (IZP),IMSS,Media,Crítica,"19.357566, -99.054269"
2020-12-09,UNIDAD MÓVIL TEMPORAL COVID,IMSS,Crítica,Crítica,"19.403082, -99.089177"
2020-12-09,CRIT IZTAPALAPA,IMSS,Buena,Buena,"19.328321, -99.068530"
2020-12-09,HOSPITAL GENERAL REGIONAL 72,IMSS,Media,Buena,"19.356913, -98.990929"
2020-12-09,HOSPITAL GENERAL REGIONAL 196,IMSS,Media,Buena,"19.515133, -98.891450"
2020-12-09,HOSPITAL GENERAL REGIONAL 200,IMSS,Media,Buena,"19.470300, -99.234208"
2020-12-09,HOSPITAL GENERAL DE ZONA 53,IMSS,Media,Media,"19.597387, -99.188426"
2020-12-09,HOSPITAL GENERAL DE ZONA 197,IMSS,Buena,Buena,"19.530797, -99.222446"
2020-12-09,HOSPITAL GENERAL DE ZONA 194,IMSS,Crítica,Buena,"19.570070, -99.044009"
2020-12-09,HOSPITAL GENERAL DE ZONA 57 (LA QUEBRADA),IMSS,Crítica,Media,"19.542797, -99.205022"
2020-12-09,HOSPITAL GENERAL DE ZONA 58 (LAS MARGARITAS),IMSS,Crítica,Buena,"19.529016, -99.030983"
2020-12-09,HOSPITAL GENERAL DE ZONA 68 (TULPETLAC),IMSS,Buena,Buena,"19.742905, -98.972971"
2020-12-09,HOSPITAL GENERAL DE ZONA 71 (CHALCO),IMSS,Media,Buena,"19.356913, -98.990929"
2020-12-09,HOSPITAL GENERAL DE ZONA 76 (XALOSTOC),IMSS,Media,Buena,"19.515133, -98.891450"
2020-12-09,HOSPITAL GENERAL DE ZONA 98 (COACALCO),IMSS,Crítica,Buena,"19.470300, -99.234208"
2020-12-09,CRIT NEZAHUALCÓYOTL,IMSS,Buena,Buena,"19.425795, -99.029987"
2020-12-09,CENTRO MEDICO 20 DE NOVIEMBRE,ISSSTE,Media,Buena,"19.372720, -99.171205"
2020-12-09,HG DARIO FERNANDEZ FIERRO,ISSSTE,Media,Crítica,"19.363602, -99.188608"
2020-12-09,HG JOSE MARIA MORELOS,ISSSTE,Media,Crítica,"19.363918, -98.995393"
2020-12-09,HG TACUBA,ISSSTE,Crítica,Buena,"19.454384, -99.191231"
2020-12-09,HG DR FERNANDO QUIROZ,ISSSTE,Media,Buena,"19.394242, -99.194187"
2020-12-09,HG IGNACIO ZARAGOZA,ISSSTE,Media,Media,"19.389472, -99.045019"
2020-12-09,HR PRIMERO DE OCTUBRE,ISSSTE,Crítica,Media,"19.486751, -99.133249"
2020-12-09,HR LIC. ADOLFO LÓPEZ MATEOS,ISSSTE,Media,Buena,"19.358451, -99.172716"
2020-12-09,HR BICENTENARIO DE LA INDEPENDENCIA,ISSSTE,Crítica,Media,"19.628814, -99.163343"
2020-12-09,ALTA ESPECIALIDAD DE ZUMPANGO,EDOMEX,Buena,Media,"19.815198, -99.089196"
2020-12-09,HOSPITAL REGIONAL TLALNEPANTLA ISSEMYM,EDOMEX,Crítica,Media,"19.521706, -99.187341"
2020-12-09,"HOSPITAL GENERAL ECATEPEC ""LAS AMÉRICAS""",EDOMEX,Buena,Media,"19.594136, -99.018679"
2020-12-09,"HOSPITAL GENERAL DE NAUCALPAN ""DR. MAXIMILIANO RUIZ CASTAÑEDA"" ",EDOMEX,Buena,Buena,"19.468662, -99.234348"
2020-12-09,"HOSPITAL GENERAL ATIZAPAN DE ZARAGOZA ""DR. SALVADOR GONZALEZ HERREJÓN""",EDOMEX,Buena,Media,"19.546322, -99.237491"
2020-12-09,"HOSPITAL GENERAL CUAUTITLAN ""GRAL. JOSE VICENTE VILLADA""",EDOMEX,Media,Buena,"19.664586, -99.178557"
2020-12-09,"HOSPITAL GENERAL DE NEZAHUALCOYOTL ""GUSTAVO BAZ PRADA""",EDOMEX,Buena,Crítica,"19.422253, -99.014892"
2020-12-09,"HOSPITAL GENERAL DE ECATEPEC ""JOSÉ MARÍA RODRÍGUEZ""",EDOMEX,Buena,Buena,"19.514412, -99.038087"
2020-12-09,"HOSPITAL GENERAL NEZAHUALCOYOTL ""LA PERLA"" ",EDOMEX,Buena,Buena,"19.387963, -98.989442"
2020-12-09,HOSPITAL GENERAL DE CHIMALHUACAN,EDOMEX,Media,Media,"19.419753, -98.975140"
2020-12-09,"HOSPITAL GENERAL DE IXTAPALUCA ""PEDRO LOPEZ""",EDOMEX,Buena,Buena,"19.318829, -98.855366"
2020-12-09,HOSPITAL GENERAL DE CHALCO ,EDOMEX,Media,Media,"19.268265, -98.893965"
2020-12-09,"HOSPITAL GENERAL TEXCOCO ""GUADALUPE VICTORIA"" BICENTENARIO ",EDOMEX,Media,Buena,"19.514309, -98.871750"
2020-12-09,"HOSPITAL GENERAL VALLE DE CHALCO ""DR. FERNANDO QUIROZ GUTIERREZ"" ",EDOMEX,Buena,Buena,"19.273775, -98.941609"
2020-12-09,"HOSPITAL GENERAL AMECAMECA ""VALENTIN GOMEZ FARIAS"" ",EDOMEX,Buena,Buena,"19.144883, -98.785072"
2020-12-09,HOSPITAL GENERAL DE AXAPUSCO,EDOMEX,Crítica,Media,"19.732872, -98.769445"
2020-12-10,INSTITUTO NACIONAL DE NUTRICIÓN,SSA,Media,Media,"19.289599, -99.155441"
2020-12-10,INER,SSA,Crítica,Media,"19.291375, -99.158653"
2020-12-10,HOSPITAL GENERAL DE MÉXICO,SSA,Media,Media,"19.4129258, -99.1520225"
2020-12-10,HOSPITAL JUAREZ,SSA,Media,Media,"19.481829, -99.135576"
2020-12-10,HOSPITAL GENERAL DR. MANUEL GEA GONZÁLEZ,SSA,Media,Media,"19.290295, -99.160861"
2020-12-10,HOSPITAL INFANTIL DE MÉXICO FEDERICO GÓMEZ,SSA,Buena,Buena,"19.410839, -99.151941"
2020-12-10,INSTITUTO  NACIONAL DE CARDIOLOGÍA IGNACIO CHÁVEZ,SSA,Buena,Buena,"19.290598, -99.153838"
2020-12-10,CITIBANAMEX,SSA,Buena,Crítica,"19.439732, -99.224235"
2020-12-10,HOSPITAL REGIONAL DE ALTA ESPECIALIDAD DE IXTAPALUCA,SSA,Media,Crítica,"19.318796, -98.855353"
2020-12-10,BELISARIO DOMINGUEZ,SEDESA,Crítica,Buena,"19.307226, -99.065356"
2020-12-10,ENRIQUE CABRERA,SEDESA,Media,Media,"19.361675, -99.224432"
2020-12-10,GENERAL TLAHUAC,SEDESA,Media,Buena,"19.287492, -99.052665"
2020-12-10,PEDIATRICO DE LA VILLA,SEDESA,Buena,Buena,"19.487355, -99.114316"
2020-12-10,HOSPITAL GENERAL AJUSCO MEDIO,SEDESA,Media,Media,"19.272165, -99.207846"
2020-12-10,HOSPITAL GENERAL IZTAPALAPA,SEDESA,Media,Buena,"19.343426, -99.027236"
2020-12-10,HOSPITAL GENERAL XOCO,SEDESA,Media,Buena,"19.360313, -99.162275"
2020-12-10,HOSPITAL GENERAL VILLA,SEDESA,Media,Buena,"19.480079, -99.103353"
2020-12-10,HOSPITAL GENERAL DR. RUBÉN LEÑERO,SEDESA,Media,Media,"19.451398, -99.169565"
2020-12-10,HOSPITAL GENERAL MILPA ALTA,SEDESA,Media,Media,"19.200951, -99.011210"
2020-12-10,HOSPITAL GENERAL BALBUENA,SEDESA,Buena,Buena,"19.424195, -99.115412"
2020-12-10,HOSPITAL TEPEPAN,SEDESA,Sin Dato,Sin Dato,"19.275806, -99.144298"
2020-12-10,HOSPITAL DE ESPECIALIDADES 01 CMN SIGLO XXI (CDMX SUR),IMSS,Buena,Buena,"19.466549, -99.145102"
2020-12-10,HOSPITAL DE PEDIATRIA 01 CMN SIGLO XXI (CDMX SUR),IMSS,Buena,Buena,"19.407458, -99.152267"
2020-12-10,HOSPITAL GENERAL DE ZONA 01 CARLOS MC GREGOR (CDMX SUR),IMSS,Crítica,Crítica,"19.395912, -99.161610"
2020-12-10,HOSPITAL GENERAL DE ZONA 1A PARQUE DE LOS VENADOS (CDMX SUR),IMSS,Crítica,Buena,"19.374431, -99.151203"
2020-12-10,HOSPITAL DE INFECTOLOGIA 01 LA RAZA (CDMX NORTE),IMSS,Media,Media,"19.464865, -99.144859"
2020-12-10,HOSPITAL GENERAL 01 (CDMX NORTE) LA RAZA,IMSS,Media,Media,"19.395740, -99.161677"
2020-12-10,HOSPITAL GENERAL DE ZONA 24 (CDMX NORTE),IMSS,Media,Buena,"19.483221, -99.128448"
2020-12-10,HOSPITAL GENERAL DE ZONA 27 (CDMX NORTE),IMSS,Media,Media,"19.454776, -99.140007"
2020-12-10,HOSPITAL GENERAL DE ZONA 2A (CDMX SUR),IMSS,Crítica,Buena,"19.405495, -99.112200"
2020-12-10,HOSPITAL GENERAL DE ZONA 30 (CDMX SUR),IMSS,Media,Buena,"19.398836, -99.116913"
2020-12-10,HOSPITAL GENERAL DE ZONA 32 (CDMX SUR),IMSS,Crítica,Buena,"19.307964, -99.130677"
2020-12-10,HOSPITAL GENERAL DE ZONA C/MF 08 (CDMX SUR),IMSS,Crítica,Buena,"19.337137, -99.200142"
2020-12-10,HOSPITAL GENERAL DE ZONA C/UMAA 48 (CDMX NORTE),IMSS,Crítica,Media,"19.482375, -99.213046"
2020-12-10,HOSPITAL GENERAL 02 (CDMX SUR) VILLA COAPA (COY.),IMSS,Media,Buena,"19.309194, -99.129593"
2020-12-10,HOSPITAL DE ESPECIALIDADES 01 (CDMX NORTE) LA RAZA (AZC),IMSS,Crítica,Buena,"19.467169, -99.143785"
2020-12-10,HOSPITAL GENERAL DE ZONA C/MF 29 (S. JUAN ARAGÓN),IMSS,Media,Buena,"19.465117, -99.085162"
2020-12-10,HOSPITAL GENERAL DE ZONA 47 (CDMX SUR) (IZP),IMSS,Media,Crítica,"19.357566, -99.054269"
2020-12-10,UNIDAD MÓVIL TEMPORAL COVID,IMSS,Crítica,Crítica,"19.403082, -99.089177"
2020-12-10,CRIT IZTAPALAPA,IMSS,Buena,Buena,"19.328321, -99.068530"
2020-12-10,HOSPITAL GENERAL REGIONAL 72,IMSS,Media,Media,"19.356913, -98.990929"
2020-12-10,HOSPITAL GENERAL REGIONAL 196,IMSS,Media,Buena,"19.515133, -98.891450"
2020-12-10,HOSPITAL GENERAL REGIONAL 200,IMSS,Media,Buena,"19.470300, -99.234208"
2020-12-10,HOSPITAL GENERAL DE ZONA 53,IMSS,Media,Media,"19.597387, -99.188426"
2020-12-10,HOSPITAL GENERAL DE ZONA 197,IMSS,Media,Buena,"19.530797, -99.222446"
2020-12-10,HOSPITAL GENERAL DE ZONA 194,IMSS,Media,Buena,"19.570070, -99.044009"
2020-12-10,HOSPITAL GENERAL DE ZONA 57 (LA QUEBRADA),IMSS,Crítica,Crítica,"19.542797, -99.205022"
2020-12-10,HOSPITAL GENERAL DE ZONA 58 (LAS MARGARITAS),IMSS,Crítica,Buena,"19.529016, -99.030983"
2020-12-10,HOSPITAL GENERAL DE ZONA 68 (TULPETLAC),IMSS,Buena,Buena,"19.742905, -98.972971"
2020-12-10,HOSPITAL GENERAL DE ZONA 71 (CHALCO),IMSS,Media,Buena,"19.356913, -98.990929"
2020-12-10,HOSPITAL GENERAL DE ZONA 76 (XALOSTOC),IMSS,Media,Media,"19.515133, -98.891450"
2020-12-10,HOSPITAL GENERAL DE ZONA 98 (COACALCO),IMSS,Crítica,Buena,"19.470300, -99.234208"
2020-12-10,CRIT NEZAHUALCÓYOTL,IMSS,Buena,Buena,"19.425795, -99.029987"
2020-12-10,CENTRO MEDICO 20 DE NOVIEMBRE,ISSSTE,Buena,Buena,"19.372720, -99.171205"
2020-12-10,HG DARIO FERNANDEZ FIERRO,ISSSTE,Media,Crítica,"19.363602, -99.188608"
2020-12-10,HG JOSE MARIA MORELOS,ISSSTE,Media,Crítica,"19.363918, -98.995393"
2020-12-10,HG TACUBA,ISSSTE,Crítica,Media,"19.454384, -99.191231"
2020-12-10,HG DR FERNANDO QUIROZ,ISSSTE,Crítica,Buena,"19.394242, -99.194187"
2020-12-10,HG IGNACIO ZARAGOZA,ISSSTE,Media,Media,"19.389472, -99.045019"
2020-12-10,HR PRIMERO DE OCTUBRE,ISSSTE,Crítica,Media,"19.486751, -99.133249"
2020-12-10,HR LIC. ADOLFO LÓPEZ MATEOS,ISSSTE,Media,Buena,"19.358451, -99.172716"
2020-12-10,HR BICENTENARIO DE LA INDEPENDENCIA,ISSSTE,Crítica,Media,"19.628814, -99.163343"
2020-12-10,ALTA ESPECIALIDAD DE ZUMPANGO,EDOMEX,Buena,Media,"19.815198, -99.089196"
2020-12-10,HOSPITAL REGIONAL TLALNEPANTLA ISSEMYM,EDOMEX,Crítica,Media,"19.521706, -99.187341"
2020-12-10,"HOSPITAL GENERAL ECATEPEC ""LAS AMÉRICAS""",EDOMEX,Media,Crítica,"19.594136, -99.018679"
2020-12-10,"HOSPITAL GENERAL DE NAUCALPAN ""DR. MAXIMILIANO RUIZ CASTAÑEDA"" ",EDOMEX,Buena,Buena,"19.468662, -99.234348"
2020-12-10,"HOSPITAL GENERAL ATIZAPAN DE ZARAGOZA ""DR. SALVADOR GONZALEZ HERREJÓN""",EDOMEX,Buena,Media,"19.546322, -99.237491"
2020-12-10,"HOSPITAL GENERAL CUAUTITLAN ""GRAL. JOSE VICENTE VILLADA""",EDOMEX,Media,Buena,"19.664586, -99.178557"
2020-12-10,"HOSPITAL GENERAL DE NEZAHUALCOYOTL ""GUSTAVO BAZ PRADA""",EDOMEX,Buena,Crítica,"19.422253, -99.014892"
2020-12-10,"HOSPITAL GENERAL DE ECATEPEC ""JOSÉ MARÍA RODRÍGUEZ""",EDOMEX,Buena,Buena,"19.514412, -99.038087"
2020-12-10,"HOSPITAL GENERAL NEZAHUALCOYOTL ""LA PERLA"" ",EDOMEX,Buena,Buena,"19.387963, -98.989442"
2020-12-10,HOSPITAL GENERAL DE CHIMALHUACAN,EDOMEX,Buena,Buena,"19.419753, -98.975140"
2020-12-10,"HOSPITAL GENERAL DE IXTAPALUCA ""PEDRO LOPEZ""",EDOMEX,Buena,Buena,"19.318829, -98.855366"
2020-12-10,HOSPITAL GENERAL DE CHALCO ,EDOMEX,Media,Media,"19.268265, -98.893965"
2020-12-10,"HOSPITAL GENERAL TEXCOCO ""GUADALUPE VICTORIA"" BICENTENARIO ",EDOMEX,Media,Buena,"19.514309, -98.871750"
2020-12-10,"HOSPITAL GENERAL VALLE DE CHALCO ""DR. FERNANDO QUIROZ GUTIERREZ"" ",EDOMEX,Buena,Buena,"19.273775, -98.941609"
2020-12-10,"HOSPITAL GENERAL AMECAMECA ""VALENTIN GOMEZ FARIAS"" ",EDOMEX,Buena,Buena,"19.144883, -98.785072"
2020-12-10,HOSPITAL GENERAL DE AXAPUSCO,EDOMEX,Crítica,Media,"19.732872, -98.769445"
2020-12-11,INSTITUTO NACIONAL DE NUTRICIÓN,SSA,Media,Media,"19.289599, -99.155441"
2020-12-11,INER,SSA,Crítica,Media,"19.291375, -99.158653"
2020-12-11,HOSPITAL GENERAL DE MÉXICO,SSA,Media,Media,"19.4129258, -99.1520225"
2020-12-11,HOSPITAL JUAREZ,SSA,Media,Media,"19.481829, -99.135576"
2020-12-11,HOSPITAL GENERAL DR. MANUEL GEA GONZÁLEZ,SSA,Media,Media,"19.290295, -99.160861"
2020-12-11,HOSPITAL INFANTIL DE MÉXICO FEDERICO GÓMEZ,SSA,Buena,Buena,"19.410839, -99.151941"
2020-12-11,INSTITUTO  NACIONAL DE CARDIOLOGÍA IGNACIO CHÁVEZ,SSA,Buena,Buena,"19.290598, -99.153838"
2020-12-11,CITIBANAMEX,SSA,Media,Crítica,"19.439732, -99.224235"
2020-12-11,HOSPITAL REGIONAL DE ALTA ESPECIALIDAD DE IXTAPALUCA,SSA,Media,Media,"19.318796, -98.855353"
2020-12-11,BELISARIO DOMINGUEZ,SEDESA,Crítica,Buena,"19.307226, -99.065356"
2020-12-11,ENRIQUE CABRERA,SEDESA,Media,Media,"19.361675, -99.224432"
2020-12-11,GENERAL TLAHUAC,SEDESA,Media,Buena,"19.287492, -99.052665"
2020-12-11,PEDIATRICO DE LA VILLA,SEDESA,Buena,Buena,"19.487355, -99.114316"
2020-12-11,HOSPITAL GENERAL AJUSCO MEDIO,SEDESA,Media,Media,"19.272165, -99.207846"
2020-12-11,HOSPITAL GENERAL IZTAPALAPA,SEDESA,Media,Buena,"19.343426, -99.027236"
2020-12-11,HOSPITAL GENERAL XOCO,SEDESA,Buena,Buena,"19.360313, -99.162275"
2020-12-11,HOSPITAL GENERAL VILLA,SEDESA,Media,Buena,"19.480079, -99.103353"
2020-12-11,HOSPITAL GENERAL DR. RUBÉN LEÑERO,SEDESA,Media,Buena,"19.451398, -99.169565"
2020-12-11,HOSPITAL GENERAL MILPA ALTA,SEDESA,Media,Media,"19.200951, -99.011210"
2020-12-11,HOSPITAL GENERAL BALBUENA,SEDESA,Buena,Buena,"19.424195, -99.115412"
2020-12-11,HOSPITAL TEPEPAN,SEDESA,Sin Dato,Sin Dato,"19.275806, -99.144298"
2020-12-11,HOSPITAL DE ESPECIALIDADES 01 CMN SIGLO XXI (CDMX SUR),IMSS,Buena,Buena,"19.466549, -99.145102"
2020-12-11,HOSPITAL DE PEDIATRIA 01 CMN SIGLO XXI (CDMX SUR),IMSS,Buena,Buena,"19.407458, -99.152267"
2020-12-11,HOSPITAL GENERAL DE ZONA 01 CARLOS MC GREGOR (CDMX SUR),IMSS,Crítica,Crítica,"19.395912, -99.161610"
2020-12-11,HOSPITAL GENERAL DE ZONA 1A PARQUE DE LOS VENADOS (CDMX SUR),IMSS,Crítica,Buena,"19.374431, -99.151203"
2020-12-11,HOSPITAL DE INFECTOLOGIA 01 LA RAZA (CDMX NORTE),IMSS,Media,Media,"19.464865, -99.144859"
2020-12-11,HOSPITAL GENERAL 01 (CDMX NORTE) LA RAZA,IMSS,Media,Media,"19.395740, -99.161677"
2020-12-11,HOSPITAL GENERAL DE ZONA 24 (CDMX NORTE),IMSS,Media,Media,"19.483221, -99.128448"
2020-12-11,HOSPITAL GENERAL DE ZONA 27 (CDMX NORTE),IMSS,Media,Media,"19.454776, -99.140007"
2020-12-11,HOSPITAL GENERAL DE ZONA 2A (CDMX SUR),IMSS,Crítica,Media,"19.405495, -99.112200"
2020-12-11,HOSPITAL GENERAL DE ZONA 30 (CDMX SUR),IMSS,Media,Buena,"19.398836, -99.116913"
2020-12-11,HOSPITAL GENERAL DE ZONA 32 (CDMX SUR),IMSS,Crítica,Buena,"19.307964, -99.130677"
2020-12-11,HOSPITAL GENERAL DE ZONA C/MF 08 (CDMX SUR),IMSS,Crítica,Buena,"19.337137, -99.200142"
2020-12-11,HOSPITAL GENERAL DE ZONA C/UMAA 48 (CDMX NORTE),IMSS,Crítica,Media,"19.482375, -99.213046"
2020-12-11,HOSPITAL GENERAL 02 (CDMX SUR) VILLA COAPA (COY.),IMSS,Media,Media,"19.309194, -99.129593"
2020-12-11,HOSPITAL DE ESPECIALIDADES 01 (CDMX NORTE) LA RAZA (AZC),IMSS,Crítica,Buena,"19.467169, -99.143785"
2020-12-11,HOSPITAL GENERAL DE ZONA C/MF 29 (S. JUAN ARAGÓN),IMSS,Media,Buena,"19.465117, -99.085162"
2020-12-11,HOSPITAL GENERAL DE ZONA 47 (CDMX SUR) (IZP),IMSS,Media,Crítica,"19.357566, -99.054269"
2020-12-11,UNIDAD MÓVIL TEMPORAL COVID,IMSS,Crítica,Crítica,"19.403082, -99.089177"
2020-12-11,CRIT IZTAPALAPA,IMSS,Buena,Buena,"19.328321, -99.068530"
2020-12-11,HOSPITAL GENERAL REGIONAL 72,IMSS,Media,Media,"19.356913, -98.990929"
2020-12-11,HOSPITAL GENERAL REGIONAL 196,IMSS,Media,Buena,"19.515133, -98.891450"
2020-12-11,HOSPITAL GENERAL REGIONAL 200,IMSS,Media,Buena,"19.470300, -99.234208"
2020-12-11,HOSPITAL GENERAL DE ZONA 53,IMSS,Media,Buena,"19.597387, -99.188426"
2020-12-11,HOSPITAL GENERAL DE ZONA 197,IMSS,Buena,Buena,"19.530797, -99.222446"
2020-12-11,HOSPITAL GENERAL DE ZONA 194,IMSS,Media,Buena,"19.570070, -99.044009"
2020-12-11,HOSPITAL GENERAL DE ZONA 57 (LA QUEBRADA),IMSS,Crítica,Crítica,"19.542797, -99.205022"
2020-12-11,HOSPITAL GENERAL DE ZONA 58 (LAS MARGARITAS),IMSS,Crítica,Buena,"19.529016, -99.030983"
2020-12-11,HOSPITAL GENERAL DE ZONA 68 (TULPETLAC),IMSS,Media,Buena,"19.742905, -98.972971"
2020-12-11,HOSPITAL GENERAL DE ZONA 71 (CHALCO),IMSS,Media,Buena,"19.356913, -98.990929"
2020-12-11,HOSPITAL GENERAL DE ZONA 76 (XALOSTOC),IMSS,Media,Media,"19.515133, -98.891450"
2020-12-11,HOSPITAL GENERAL DE ZONA 98 (COACALCO),IMSS,Crítica,Buena,"19.470300, -99.234208"
2020-12-11,CRIT NEZAHUALCÓYOTL,IMSS,Buena,Buena,"19.425795, -99.029987"
2020-12-11,CENTRO MEDICO 20 DE NOVIEMBRE,ISSSTE,Buena,Buena,"19.372720, -99.171205"
2020-12-11,HG DARIO FERNANDEZ FIERRO,ISSSTE,Media,Crítica,"19.363602, -99.188608"
2020-12-11,HG JOSE MARIA MORELOS,ISSSTE,Media,Crítica,"19.363918, -98.995393"
2020-12-11,HG TACUBA,ISSSTE,Crítica,Media,"19.454384, -99.191231"
2020-12-11,HG DR FERNANDO QUIROZ,ISSSTE,Crítica,Media,"19.394242, -99.194187"
2020-12-11,HG IGNACIO ZARAGOZA,ISSSTE,Media,Media,"19.389472, -99.045019"
2020-12-11,HR PRIMERO DE OCTUBRE,ISSSTE,Crítica,Media,"19.486751, -99.133249"
2020-12-11,HR LIC. ADOLFO LÓPEZ MATEOS,ISSSTE,Media,Media,"19.358451, -99.172716"
2020-12-11,HR BICENTENARIO DE LA INDEPENDENCIA,ISSSTE,Crítica,Media,"19.628814, -99.163343"
2020-12-11,ALTA ESPECIALIDAD DE ZUMPANGO,EDOMEX,Media,Media,"19.815198, -99.089196"
2020-12-11,HOSPITAL REGIONAL TLALNEPANTLA ISSEMYM,EDOMEX,Crítica,Media,"19.521706, -99.187341"
2020-12-11,"HOSPITAL GENERAL ECATEPEC ""LAS AMÉRICAS""",EDOMEX,Media,Media,"19.594136, -99.018679"
2020-12-11,"HOSPITAL GENERAL DE NAUCALPAN ""DR. MAXIMILIANO RUIZ CASTAÑEDA"" ",EDOMEX,Buena,Buena,"19.468662, -99.234348"
2020-12-11,"HOSPITAL GENERAL ATIZAPAN DE ZARAGOZA ""DR. SALVADOR GONZALEZ HERREJÓN""",EDOMEX,Buena,Media,"19.546322, -99.237491"
2020-12-11,"HOSPITAL GENERAL CUAUTITLAN ""GRAL. JOSE VICENTE VILLADA""",EDOMEX,Media,Buena,"19.664586, -99.178557"
2020-12-11,"HOSPITAL GENERAL DE NEZAHUALCOYOTL ""GUSTAVO BAZ PRADA""",EDOMEX,Buena,Media,"19.422253, -99.014892"
2020-12-11,"HOSPITAL GENERAL DE ECATEPEC ""JOSÉ MARÍA RODRÍGUEZ""",EDOMEX,Buena,Buena,"19.514412, -99.038087"
2020-12-11,"HOSPITAL GENERAL NEZAHUALCOYOTL ""LA PERLA"" ",EDOMEX,Buena,Buena,"19.387963, -98.989442"
2020-12-11,HOSPITAL GENERAL DE CHIMALHUACAN,EDOMEX,Buena,Buena,"19.419753, -98.975140"
2020-12-11,"HOSPITAL GENERAL DE IXTAPALUCA ""PEDRO LOPEZ""",EDOMEX,Buena,Buena,"19.318829, -98.855366"
2020-12-11,HOSPITAL GENERAL DE CHALCO ,EDOMEX,Media,Media,"19.268265, -98.893965"
2020-12-11,"HOSPITAL GENERAL TEXCOCO ""GUADALUPE VICTORIA"" BICENTENARIO ",EDOMEX,Media,Buena,"19.514309, -98.871750"
2020-12-11,"HOSPITAL GENERAL VALLE DE CHALCO ""DR. FERNANDO QUIROZ GUTIERREZ"" ",EDOMEX,Buena,Buena,"19.273775, -98.941609"
2020-12-11,"HOSPITAL GENERAL AMECAMECA ""VALENTIN GOMEZ FARIAS"" ",EDOMEX,Buena,Buena,"19.144883, -98.785072"
2020-12-11,HOSPITAL GENERAL DE AXAPUSCO,EDOMEX,Crítica,Media,"19.732872, -98.769445"
2020-12-12,INSTITUTO NACIONAL DE NUTRICIÓN,SSA,Media,Media,"19.289599, -99.155441"
2020-12-12,INER,SSA,Crítica,Media,"19.291375, -99.158653"
2020-12-12,HOSPITAL GENERAL DE MÉXICO,SSA,Media,Buena,"19.4129258, -99.1520225"
2020-12-12,HOSPITAL JUAREZ,SSA,Media,Media,"19.481829, -99.135576"
2020-12-12,HOSPITAL GENERAL DR. MANUEL GEA GONZÁLEZ,SSA,Media,Media,"19.290295, -99.160861"
2020-12-12,HOSPITAL INFANTIL DE MÉXICO FEDERICO GÓMEZ,SSA,Buena,Buena,"19.410839, -99.151941"
2020-12-12,INSTITUTO  NACIONAL DE CARDIOLOGÍA IGNACIO CHÁVEZ,SSA,Buena,Buena,"19.290598, -99.153838"
2020-12-12,CITIBANAMEX,SSA,Media,Crítica,"19.439732, -99.224235"
2020-12-12,HOSPITAL REGIONAL DE ALTA ESPECIALIDAD DE IXTAPALUCA,SSA,Media,Media,"19.318796, -98.855353"
2020-12-12,BELISARIO DOMINGUEZ,SEDESA,Crítica,Buena,"19.307226, -99.065356"
2020-12-12,ENRIQUE CABRERA,SEDESA,Media,Media,"19.361675, -99.224432"
2020-12-12,GENERAL TLAHUAC,SEDESA,Media,Buena,"19.287492, -99.052665"
2020-12-12,PEDIATRICO DE LA VILLA,SEDESA,Buena,Buena,"19.487355, -99.114316"
2020-12-12,HOSPITAL GENERAL AJUSCO MEDIO,SEDESA,Crítica,Media,"19.272165, -99.207846"
2020-12-12,HOSPITAL GENERAL IZTAPALAPA,SEDESA,Media,Buena,"19.343426, -99.027236"
2020-12-12,HOSPITAL GENERAL XOCO,SEDESA,Buena,Buena,"19.360313, -99.162275"
2020-12-12,HOSPITAL GENERAL VILLA,SEDESA,Media,Buena,"19.480079, -99.103353"
2020-12-12,HOSPITAL GENERAL DR. RUBÉN LEÑERO,SEDESA,Media,Media,"19.451398, -99.169565"
2020-12-12,HOSPITAL GENERAL MILPA ALTA,SEDESA,Media,Buena,"19.200951, -99.011210"
2020-12-12,HOSPITAL GENERAL BALBUENA,SEDESA,Buena,Buena,"19.424195, -99.115412"
2020-12-12,HOSPITAL TEPEPAN,SEDESA,Sin Dato,Sin Dato,"19.275806, -99.144298"
2020-12-12,HOSPITAL DE ESPECIALIDADES 01 CMN SIGLO XXI (CDMX SUR),IMSS,Buena,Buena,"19.466549, -99.145102"
2020-12-12,HOSPITAL DE PEDIATRIA 01 CMN SIGLO XXI (CDMX SUR),IMSS,Buena,Buena,"19.407458, -99.152267"
2020-12-12,HOSPITAL GENERAL DE ZONA 01 CARLOS MC GREGOR (CDMX SUR),IMSS,Crítica,Media,"19.395912, -99.161610"
2020-12-12,HOSPITAL GENERAL DE ZONA 1A PARQUE DE LOS VENADOS (CDMX SUR),IMSS,Crítica,Buena,"19.374431, -99.151203"
2020-12-12,HOSPITAL DE INFECTOLOGIA 01 LA RAZA (CDMX NORTE),IMSS,Media,Media,"19.464865, -99.144859"
2020-12-12,HOSPITAL GENERAL 01 (CDMX NORTE) LA RAZA,IMSS,Crítica,Media,"19.395740, -99.161677"
2020-12-12,HOSPITAL GENERAL DE ZONA 24 (CDMX NORTE),IMSS,Media,Media,"19.483221, -99.128448"
2020-12-12,HOSPITAL GENERAL DE ZONA 27 (CDMX NORTE),IMSS,Media,Media,"19.454776, -99.140007"
2020-12-12,HOSPITAL GENERAL DE ZONA 2A (CDMX SUR),IMSS,Crítica,Media,"19.405495, -99.112200"
2020-12-12,HOSPITAL GENERAL DE ZONA 30 (CDMX SUR),IMSS,Media,Buena,"19.398836, -99.116913"
2020-12-12,HOSPITAL GENERAL DE ZONA 32 (CDMX SUR),IMSS,Crítica,Buena,"19.307964, -99.130677"
2020-12-12,HOSPITAL GENERAL DE ZONA C/MF 08 (CDMX SUR),IMSS,Crítica,Buena,"19.337137, -99.200142"
2020-12-12,HOSPITAL GENERAL DE ZONA C/UMAA 48 (CDMX NORTE),IMSS,Crítica,Media,"19.482375, -99.213046"
2020-12-12,HOSPITAL GENERAL 02 (CDMX SUR) VILLA COAPA (COY.),IMSS,Media,Buena,"19.309194, -99.129593"
2020-12-12,HOSPITAL DE ESPECIALIDADES 01 (CDMX NORTE) LA RAZA (AZC),IMSS,Crítica,Buena,"19.467169, -99.143785"
2020-12-12,HOSPITAL GENERAL DE ZONA C/MF 29 (S. JUAN ARAGÓN),IMSS,Media,Buena,"19.465117, -99.085162"
2020-12-12,HOSPITAL GENERAL DE ZONA 47 (CDMX SUR) (IZP),IMSS,Media,Crítica,"19.357566, -99.054269"
2020-12-12,UNIDAD MÓVIL TEMPORAL COVID,IMSS,Crítica,Crítica,"19.403082, -99.089177"
2020-12-12,CRIT IZTAPALAPA,IMSS,Buena,Buena,"19.328321, -99.068530"
2020-12-12,HOSPITAL GENERAL REGIONAL 72,IMSS,Media,Media,"19.356913, -98.990929"
2020-12-12,HOSPITAL GENERAL REGIONAL 196,IMSS,Media,Media,"19.515133, -98.891450"
2020-12-12,HOSPITAL GENERAL REGIONAL 200,IMSS,Media,Buena,"19.470300, -99.234208"
2020-12-12,HOSPITAL GENERAL DE ZONA 53,IMSS,Media,Buena,"19.597387, -99.188426"
2020-12-12,HOSPITAL GENERAL DE ZONA 197,IMSS,Buena,Buena,"19.530797, -99.222446"
2020-12-12,HOSPITAL GENERAL DE ZONA 194,IMSS,Crítica,Buena,"19.570070, -99.044009"
2020-12-12,HOSPITAL GENERAL DE ZONA 57 (LA QUEBRADA),IMSS,Crítica,Media,"19.542797, -99.205022"
2020-12-12,HOSPITAL GENERAL DE ZONA 58 (LAS MARGARITAS),IMSS,Crítica,Buena,"19.529016, -99.030983"
2020-12-12,HOSPITAL GENERAL DE ZONA 68 (TULPETLAC),IMSS,Media,Buena,"19.742905, -98.972971"
2020-12-12,HOSPITAL GENERAL DE ZONA 71 (CHALCO),IMSS,Media,Buena,"19.356913, -98.990929"
2020-12-12,HOSPITAL GENERAL DE ZONA 76 (XALOSTOC),IMSS,Media,Crítica,"19.515133, -98.891450"
2020-12-12,HOSPITAL GENERAL DE ZONA 98 (COACALCO),IMSS,Media,Buena,"19.470300, -99.234208"
2020-12-12,CRIT NEZAHUALCÓYOTL,IMSS,Buena,Buena,"19.425795, -99.029987"
2020-12-12,CENTRO MEDICO 20 DE NOVIEMBRE,ISSSTE,Media,Media,"19.372720, -99.171205"
2020-12-12,HG DARIO FERNANDEZ FIERRO,ISSSTE,Media,Crítica,"19.363602, -99.188608"
2020-12-12,HG JOSE MARIA MORELOS,ISSSTE,Media,Crítica,"19.363918, -98.995393"
2020-12-12,HG TACUBA,ISSSTE,Crítica,Media,"19.454384, -99.191231"
2020-12-12,HG DR FERNANDO QUIROZ,ISSSTE,Crítica,Buena,"19.394242, -99.194187"
2020-12-12,HG IGNACIO ZARAGOZA,ISSSTE,Media,Media,"19.389472, -99.045019"
2020-12-12,HR PRIMERO DE OCTUBRE,ISSSTE,Crítica,Media,"19.486751, -99.133249"
2020-12-12,HR LIC. ADOLFO LÓPEZ MATEOS,ISSSTE,Media,Media,"19.358451, -99.172716"
2020-12-12,HR BICENTENARIO DE LA INDEPENDENCIA,ISSSTE,Crítica,Media,"19.628814, -99.163343"
2020-12-12,ALTA ESPECIALIDAD DE ZUMPANGO,EDOMEX,Media,Media,"19.815198, -99.089196"
2020-12-12,HOSPITAL REGIONAL TLALNEPANTLA ISSEMYM,EDOMEX,Crítica,Media,"19.521706, -99.187341"
2020-12-12,"HOSPITAL GENERAL ECATEPEC ""LAS AMÉRICAS""",EDOMEX,Buena,Media,"19.594136, -99.018679"
2020-12-12,"HOSPITAL GENERAL DE NAUCALPAN ""DR. MAXIMILIANO RUIZ CASTAÑEDA"" ",EDOMEX,Buena,Buena,"19.468662, -99.234348"
2020-12-12,"HOSPITAL GENERAL ATIZAPAN DE ZARAGOZA ""DR. SALVADOR GONZALEZ HERREJÓN""",EDOMEX,Buena,Media,"19.546322, -99.237491"
2020-12-12,"HOSPITAL GENERAL CUAUTITLAN ""GRAL. JOSE VICENTE VILLADA""",EDOMEX,Crítica,Buena,"19.664586, -99.178557"
2020-12-12,"HOSPITAL GENERAL DE NEZAHUALCOYOTL ""GUSTAVO BAZ PRADA""",EDOMEX,Media,Media,"19.422253, -99.014892"
2020-12-12,"HOSPITAL GENERAL DE ECATEPEC ""JOSÉ MARÍA RODRÍGUEZ""",EDOMEX,Buena,Buena,"19.514412, -99.038087"
2020-12-12,"HOSPITAL GENERAL NEZAHUALCOYOTL ""LA PERLA"" ",EDOMEX,Buena,Buena,"19.387963, -98.989442"
2020-12-12,HOSPITAL GENERAL DE CHIMALHUACAN,EDOMEX,Buena,Buena,"19.419753, -98.975140"
2020-12-12,"HOSPITAL GENERAL DE IXTAPALUCA ""PEDRO LOPEZ""",EDOMEX,Buena,Buena,"19.318829, -98.855366"
2020-12-12,HOSPITAL GENERAL DE CHALCO ,EDOMEX,Media,Media,"19.268265, -98.893965"
2020-12-12,"HOSPITAL GENERAL TEXCOCO ""GUADALUPE VICTORIA"" BICENTENARIO ",EDOMEX,Media,Buena,"19.514309, -98.871750"
2020-12-12,"HOSPITAL GENERAL VALLE DE CHALCO ""DR. FERNANDO QUIROZ GUTIERREZ"" ",EDOMEX,Buena,Buena,"19.273775, -98.941609"
2020-12-12,"HOSPITAL GENERAL AMECAMECA ""VALENTIN GOMEZ FARIAS"" ",EDOMEX,Buena,Buena,"19.144883, -98.785072"
2020-12-12,HOSPITAL GENERAL DE AXAPUSCO,EDOMEX,Crítica,Crítica,"19.732872, -98.769445"
2020-12-13,INSTITUTO NACIONAL DE NUTRICIÓN,SSA,Media,Media,"19.289599, -99.155441"
2020-12-13,INER,SSA,Crítica,Media,"19.291375, -99.158653"
2020-12-13,HOSPITAL GENERAL DE MÉXICO,SSA,Media,Buena,"19.4129258, -99.1520225"
2020-12-13,HOSPITAL JUAREZ,SSA,Crítica,Media,"19.481829, -99.135576"
2020-12-13,HOSPITAL GENERAL DR. MANUEL GEA GONZÁLEZ,SSA,Media,Media,"19.290295, -99.160861"
2020-12-13,HOSPITAL INFANTIL DE MÉXICO FEDERICO GÓMEZ,SSA,Buena,Buena,"19.410839, -99.151941"
2020-12-13,INSTITUTO  NACIONAL DE CARDIOLOGÍA IGNACIO CHÁVEZ,SSA,Buena,Buena,"19.290598, -99.153838"
2020-12-13,CITIBANAMEX,SSA,Media,Crítica,"19.439732, -99.224235"
2020-12-13,HOSPITAL REGIONAL DE ALTA ESPECIALIDAD DE IXTAPALUCA,SSA,Media,Media,"19.318796, -98.855353"
2020-12-13,BELISARIO DOMINGUEZ,SEDESA,Crítica,Buena,"19.307226, -99.065356"
2020-12-13,ENRIQUE CABRERA,SEDESA,Media,Media,"19.361675, -99.224432"
2020-12-13,GENERAL TLAHUAC,SEDESA,Media,Buena,"19.287492, -99.052665"
2020-12-13,PEDIATRICO DE LA VILLA,SEDESA,Buena,Buena,"19.487355, -99.114316"
2020-12-13,HOSPITAL GENERAL AJUSCO MEDIO,SEDESA,Crítica,Media,"19.272165, -99.207846"
2020-12-13,HOSPITAL GENERAL IZTAPALAPA,SEDESA,Media,Buena,"19.343426, -99.027236"
2020-12-13,HOSPITAL GENERAL XOCO,SEDESA,Buena,Buena,"19.360313, -99.162275"
2020-12-13,HOSPITAL GENERAL VILLA,SEDESA,Media,Buena,"19.480079, -99.103353"
2020-12-13,HOSPITAL GENERAL DR. RUBÉN LEÑERO,SEDESA,Media,Buena,"19.451398, -99.169565"
2020-12-13,HOSPITAL GENERAL MILPA ALTA,SEDESA,Media,Media,"19.200951, -99.011210"
2020-12-13,HOSPITAL GENERAL BALBUENA,SEDESA,Buena,Buena,"19.424195, -99.115412"
2020-12-13,HOSPITAL TEPEPAN,SEDESA,Sin Dato,Sin Dato,"19.275806, -99.144298"
2020-12-13,HOSPITAL DE ESPECIALIDADES 01 CMN SIGLO XXI (CDMX SUR),IMSS,Buena,Buena,"19.466549, -99.145102"
2020-12-13,HOSPITAL DE PEDIATRIA 01 CMN SIGLO XXI (CDMX SUR),IMSS,Buena,Buena,"19.407458, -99.152267"
2020-12-13,HOSPITAL GENERAL DE ZONA 01 CARLOS MC GREGOR (CDMX SUR),IMSS,Crítica,Media,"19.395912, -99.161610"
2020-12-13,HOSPITAL GENERAL DE ZONA 1A PARQUE DE LOS VENADOS (CDMX SUR),IMSS,Crítica,Media,"19.374431, -99.151203"
2020-12-13,HOSPITAL DE INFECTOLOGIA 01 LA RAZA (CDMX NORTE),IMSS,Media,Media,"19.464865, -99.144859"
2020-12-13,HOSPITAL GENERAL 01 (CDMX NORTE) LA RAZA,IMSS,Media,Buena,"19.395740, -99.161677"
2020-12-13,HOSPITAL GENERAL DE ZONA 24 (CDMX NORTE),IMSS,Media,Media,"19.483221, -99.128448"
2020-12-13,HOSPITAL GENERAL DE ZONA 27 (CDMX NORTE),IMSS,Media,Buena,"19.454776, -99.140007"
2020-12-13,HOSPITAL GENERAL DE ZONA 2A (CDMX SUR),IMSS,Crítica,Media,"19.405495, -99.112200"
2020-12-13,HOSPITAL GENERAL DE ZONA 30 (CDMX SUR),IMSS,Media,Buena,"19.398836, -99.116913"
2020-12-13,HOSPITAL GENERAL DE ZONA 32 (CDMX SUR),IMSS,Crítica,Buena,"19.307964, -99.130677"
2020-12-13,HOSPITAL GENERAL DE ZONA C/MF 08 (CDMX SUR),IMSS,Crítica,Buena,"19.337137, -99.200142"
2020-12-13,HOSPITAL GENERAL DE ZONA C/UMAA 48 (CDMX NORTE),IMSS,Crítica,Media,"19.482375, -99.213046"
2020-12-13,HOSPITAL GENERAL 02 (CDMX SUR) VILLA COAPA (COY.),IMSS,Media,Buena,"19.309194, -99.129593"
2020-12-13,HOSPITAL DE ESPECIALIDADES 01 (CDMX NORTE) LA RAZA (AZC),IMSS,Crítica,Buena,"19.467169, -99.143785"
2020-12-13,HOSPITAL GENERAL DE ZONA C/MF 29 (S. JUAN ARAGÓN),IMSS,Media,Buena,"19.465117, -99.085162"
2020-12-13,HOSPITAL GENERAL DE ZONA 47 (CDMX SUR) (IZP),IMSS,Media,Crítica,"19.357566, -99.054269"
2020-12-13,UNIDAD MÓVIL TEMPORAL COVID,IMSS,Crítica,Crítica,"19.403082, -99.089177"
2020-12-13,CRIT IZTAPALAPA,IMSS,Buena,Buena,"19.328321, -99.068530"
2020-12-13,HOSPITAL GENERAL REGIONAL 72,IMSS,Media,Media,"19.356913, -98.990929"
2020-12-13,HOSPITAL GENERAL REGIONAL 196,IMSS,Media,Buena,"19.515133, -98.891450"
2020-12-13,HOSPITAL GENERAL REGIONAL 200,IMSS,Media,Buena,"19.470300, -99.234208"
2020-12-13,HOSPITAL GENERAL DE ZONA 53,IMSS,Media,Buena,"19.597387, -99.188426"
2020-12-13,HOSPITAL GENERAL DE ZONA 197,IMSS,Buena,Buena,"19.530797, -99.222446"
2020-12-13,HOSPITAL GENERAL DE ZONA 194,IMSS,Crítica,Buena,"19.570070, -99.044009"
2020-12-13,HOSPITAL GENERAL DE ZONA 57 (LA QUEBRADA),IMSS,Crítica,Media,"19.542797, -99.205022"
2020-12-13,HOSPITAL GENERAL DE ZONA 58 (LAS MARGARITAS),IMSS,Crítica,Buena,"19.529016, -99.030983"
2020-12-13,HOSPITAL GENERAL DE ZONA 68 (TULPETLAC),IMSS,Media,Buena,"19.742905, -98.972971"
2020-12-13,HOSPITAL GENERAL DE ZONA 71 (CHALCO),IMSS,Media,Buena,"19.356913, -98.990929"
2020-12-13,HOSPITAL GENERAL DE ZONA 76 (XALOSTOC),IMSS,Media,Media,"19.515133, -98.891450"
2020-12-13,HOSPITAL GENERAL DE ZONA 98 (COACALCO),IMSS,Crítica,Buena,"19.470300, -99.234208"
2020-12-13,CRIT NEZAHUALCÓYOTL,IMSS,Buena,Buena,"19.425795, -99.029987"
2020-12-13,CENTRO MEDICO 20 DE NOVIEMBRE,ISSSTE,Media,Media,"19.372720, -99.171205"
2020-12-13,HG DARIO FERNANDEZ FIERRO,ISSSTE,Media,Crítica,"19.363602, -99.188608"
2020-12-13,HG JOSE MARIA MORELOS,ISSSTE,Media,Crítica,"19.363918, -98.995393"
2020-12-13,HG TACUBA,ISSSTE,Crítica,Media,"19.454384, -99.191231"
2020-12-13,HG DR FERNANDO QUIROZ,ISSSTE,Crítica,Media,"19.394242, -99.194187"
2020-12-13,HG IGNACIO ZARAGOZA,ISSSTE,Media,Media,"19.389472, -99.045019"
2020-12-13,HR PRIMERO DE OCTUBRE,ISSSTE,Crítica,Media,"19.486751, -99.133249"
2020-12-13,HR LIC. ADOLFO LÓPEZ MATEOS,ISSSTE,Media,Media,"19.358451, -99.172716"
2020-12-13,HR BICENTENARIO DE LA INDEPENDENCIA,ISSSTE,Crítica,Media,"19.628814, -99.163343"
2020-12-13,ALTA ESPECIALIDAD DE ZUMPANGO,EDOMEX,Media,Media,"19.815198, -99.089196"
2020-12-13,HOSPITAL REGIONAL TLALNEPANTLA ISSEMYM,EDOMEX,Crítica,Media,"19.521706, -99.187341"
2020-12-13,"HOSPITAL GENERAL ECATEPEC ""LAS AMÉRICAS""",EDOMEX,Buena,Crítica,"19.594136, -99.018679"
2020-12-13,"HOSPITAL GENERAL DE NAUCALPAN ""DR. MAXIMILIANO RUIZ CASTAÑEDA"" ",EDOMEX,Buena,Buena,"19.468662, -99.234348"
2020-12-13,"HOSPITAL GENERAL ATIZAPAN DE ZARAGOZA ""DR. SALVADOR GONZALEZ HERREJÓN""",EDOMEX,Buena,Media,"19.546322, -99.237491"
2020-12-13,"HOSPITAL GENERAL CUAUTITLAN ""GRAL. JOSE VICENTE VILLADA""",EDOMEX,Crítica,Buena,"19.664586, -99.178557"
2020-12-13,"HOSPITAL GENERAL DE NEZAHUALCOYOTL ""GUSTAVO BAZ PRADA""",EDOMEX,Media,Media,"19.422253, -99.014892"
2020-12-13,"HOSPITAL GENERAL DE ECATEPEC ""JOSÉ MARÍA RODRÍGUEZ""",EDOMEX,Buena,Media,"19.514412, -99.038087"
2020-12-13,"HOSPITAL GENERAL NEZAHUALCOYOTL ""LA PERLA"" ",EDOMEX,Buena,Buena,"19.387963, -98.989442"
2020-12-13,HOSPITAL GENERAL DE CHIMALHUACAN,EDOMEX,Buena,Buena,"19.419753, -98.975140"
2020-12-13,"HOSPITAL GENERAL DE IXTAPALUCA ""PEDRO LOPEZ""",EDOMEX,Buena,Buena,"19.318829, -98.855366"
2020-12-13,HOSPITAL GENERAL DE CHALCO ,EDOMEX,Media,Media,"19.268265, -98.893965"
2020-12-13,"HOSPITAL GENERAL TEXCOCO ""GUADALUPE VICTORIA"" BICENTENARIO ",EDOMEX,Media,Buena,"19.514309, -98.871750"
2020-12-13,"HOSPITAL GENERAL VALLE DE CHALCO ""DR. FERNANDO QUIROZ GUTIERREZ"" ",EDOMEX,Buena,Buena,"19.273775, -98.941609"
2020-12-13,"HOSPITAL GENERAL AMECAMECA ""VALENTIN GOMEZ FARIAS"" ",EDOMEX,Buena,Buena,"19.144883, -98.785072"
2020-12-13,HOSPITAL GENERAL DE AXAPUSCO,EDOMEX,Crítica,Crítica,"19.732872, -98.769445"
2020-12-14,INSTITUTO NACIONAL DE NUTRICIÓN,SSA,Media,Media,"19.289599, -99.155441"
2020-12-14,INER,SSA,Crítica,Media,"19.291375, -99.158653"
2020-12-14,HOSPITAL GENERAL DE MÉXICO,SSA,Media,Buena,"19.4129258, -99.1520225"
2020-12-14,HOSPITAL JUAREZ,SSA,Crítica,Media,"19.481829, -99.135576"
2020-12-14,HOSPITAL GENERAL DR. MANUEL GEA GONZÁLEZ,SSA,Media,Media,"19.290295, -99.160861"
2020-12-14,HOSPITAL INFANTIL DE MÉXICO FEDERICO GÓMEZ,SSA,Buena,Buena,"19.410839, -99.151941"
2020-12-14,INSTITUTO  NACIONAL DE CARDIOLOGÍA IGNACIO CHÁVEZ,SSA,Buena,Buena,"19.290598, -99.153838"
2020-12-14,CITIBANAMEX,SSA,Media,Crítica,"19.439732, -99.224235"
2020-12-14,HOSPITAL REGIONAL DE ALTA ESPECIALIDAD DE IXTAPALUCA,SSA,Media,Crítica,"19.318796, -98.855353"
2020-12-14,BELISARIO DOMINGUEZ,SEDESA,Media,Buena,"19.307226, -99.065356"
2020-12-14,ENRIQUE CABRERA,SEDESA,Media,Media,"19.361675, -99.224432"
2020-12-14,GENERAL TLAHUAC,SEDESA,Media,Buena,"19.287492, -99.052665"
2020-12-14,PEDIATRICO DE LA VILLA,SEDESA,Buena,Buena,"19.487355, -99.114316"
2020-12-14,HOSPITAL GENERAL AJUSCO MEDIO,SEDESA,Crítica,Media,"19.272165, -99.207846"
2020-12-14,HOSPITAL GENERAL IZTAPALAPA,SEDESA,Media,Buena,"19.343426, -99.027236"
2020-12-14,HOSPITAL GENERAL XOCO,SEDESA,Buena,Buena,"19.360313, -99.162275"
2020-12-14,HOSPITAL GENERAL VILLA,SEDESA,Media,Buena,"19.480079, -99.103353"
2020-12-14,HOSPITAL GENERAL DR. RUBÉN LEÑERO,SEDESA,Media,Buena,"19.451398, -99.169565"
2020-12-14,HOSPITAL GENERAL MILPA ALTA,SEDESA,Media,Media,"19.200951, -99.011210"
2020-12-14,HOSPITAL GENERAL BALBUENA,SEDESA,Buena,Buena,"19.424195, -99.115412"
2020-12-14,HOSPITAL TEPEPAN,SEDESA,Sin Dato,Sin Dato,"19.275806, -99.144298"
2020-12-14,HOSPITAL DE ESPECIALIDADES 01 CMN SIGLO XXI (CDMX SUR),IMSS,Buena,Buena,"19.466549, -99.145102"
2020-12-14,HOSPITAL DE PEDIATRIA 01 CMN SIGLO XXI (CDMX SUR),IMSS,Buena,Buena,"19.407458, -99.152267"
2020-12-14,HOSPITAL GENERAL DE ZONA 01 CARLOS MC GREGOR (CDMX SUR),IMSS,Crítica,Crítica,"19.395912, -99.161610"
2020-12-14,HOSPITAL GENERAL DE ZONA 1A PARQUE DE LOS VENADOS (CDMX SUR),IMSS,Crítica,Media,"19.374431, -99.151203"
2020-12-14,HOSPITAL DE INFECTOLOGIA 01 LA RAZA (CDMX NORTE),IMSS,Media,Media,"19.464865, -99.144859"
2020-12-14,HOSPITAL GENERAL 01 (CDMX NORTE) LA RAZA,IMSS,Media,Buena,"19.395740, -99.161677"
2020-12-14,HOSPITAL GENERAL DE ZONA 24 (CDMX NORTE),IMSS,Media,Media,"19.483221, -99.128448"
2020-12-14,HOSPITAL GENERAL DE ZONA 27 (CDMX NORTE),IMSS,Crítica,Buena,"19.454776, -99.140007"
2020-12-14,HOSPITAL GENERAL DE ZONA 2A (CDMX SUR),IMSS,Crítica,Media,"19.405495, -99.112200"
2020-12-14,HOSPITAL GENERAL DE ZONA 30 (CDMX SUR),IMSS,Media,Buena,"19.398836, -99.116913"
2020-12-14,HOSPITAL GENERAL DE ZONA 32 (CDMX SUR),IMSS,Crítica,Buena,"19.307964, -99.130677"
2020-12-14,HOSPITAL GENERAL DE ZONA C/MF 08 (CDMX SUR),IMSS,Crítica,Buena,"19.337137, -99.200142"
2020-12-14,HOSPITAL GENERAL DE ZONA C/UMAA 48 (CDMX NORTE),IMSS,Crítica,Media,"19.482375, -99.213046"
2020-12-14,HOSPITAL GENERAL 02 (CDMX SUR) VILLA COAPA (COY.),IMSS,Media,Buena,"19.309194, -99.129593"
2020-12-14,HOSPITAL DE ESPECIALIDADES 01 (CDMX NORTE) LA RAZA (AZC),IMSS,Crítica,Buena,"19.467169, -99.143785"
2020-12-14,HOSPITAL GENERAL DE ZONA C/MF 29 (S. JUAN ARAGÓN),IMSS,Media,Buena,"19.465117, -99.085162"
2020-12-14,HOSPITAL GENERAL DE ZONA 47 (CDMX SUR) (IZP),IMSS,Media,Crítica,"19.357566, -99.054269"
2020-12-14,UNIDAD MÓVIL TEMPORAL COVID,IMSS,Crítica,Crítica,"19.403082, -99.089177"
2020-12-14,CRIT IZTAPALAPA,IMSS,Buena,Buena,"19.328321, -99.068530"
2020-12-14,HOSPITAL GENERAL REGIONAL 72,IMSS,Media,Media,"19.356913, -98.990929"
2020-12-14,HOSPITAL GENERAL REGIONAL 196,IMSS,Crítica,Media,"19.515133, -98.891450"
2020-12-14,HOSPITAL GENERAL REGIONAL 200,IMSS,Media,Buena,"19.470300, -99.234208"
2020-12-14,HOSPITAL GENERAL DE ZONA 53,IMSS,Crítica,Buena,"19.597387, -99.188426"
2020-12-14,HOSPITAL GENERAL DE ZONA 197,IMSS,Media,Buena,"19.530797, -99.222446"
2020-12-14,HOSPITAL GENERAL DE ZONA 194,IMSS,Media,Buena,"19.570070, -99.044009"
2020-12-14,HOSPITAL GENERAL DE ZONA 57 (LA QUEBRADA),IMSS,Crítica,Media,"19.542797, -99.205022"
2020-12-14,HOSPITAL GENERAL DE ZONA 58 (LAS MARGARITAS),IMSS,Crítica,Buena,"19.529016, -99.030983"
2020-12-14,HOSPITAL GENERAL DE ZONA 68 (TULPETLAC),IMSS,Media,Buena,"19.742905, -98.972971"
2020-12-14,HOSPITAL GENERAL DE ZONA 71 (CHALCO),IMSS,Media,Buena,"19.356913, -98.990929"
2020-12-14,HOSPITAL GENERAL DE ZONA 76 (XALOSTOC),IMSS,Media,Media,"19.515133, -98.891450"
2020-12-14,HOSPITAL GENERAL DE ZONA 98 (COACALCO),IMSS,Crítica,Buena,"19.470300, -99.234208"
2020-12-14,CRIT NEZAHUALCÓYOTL,IMSS,Buena,Buena,"19.425795, -99.029987"
2020-12-14,CENTRO MEDICO 20 DE NOVIEMBRE,ISSSTE,Media,Media,"19.372720, -99.171205"
2020-12-14,HG DARIO FERNANDEZ FIERRO,ISSSTE,Media,Crítica,"19.363602, -99.188608"
2020-12-14,HG JOSE MARIA MORELOS,ISSSTE,Media,Crítica,"19.363918, -98.995393"
2020-12-14,HG TACUBA,ISSSTE,Crítica,Media,"19.454384, -99.191231"
2020-12-14,HG DR FERNANDO QUIROZ,ISSSTE,Crítica,Media,"19.394242, -99.194187"
2020-12-14,HG IGNACIO ZARAGOZA,ISSSTE,Media,Media,"19.389472, -99.045019"
2020-12-14,HR PRIMERO DE OCTUBRE,ISSSTE,Crítica,Media,"19.486751, -99.133249"
2020-12-14,HR LIC. ADOLFO LÓPEZ MATEOS,ISSSTE,Media,Buena,"19.358451, -99.172716"
2020-12-14,HR BICENTENARIO DE LA INDEPENDENCIA,ISSSTE,Crítica,Media,"19.628814, -99.163343"
2020-12-14,ALTA ESPECIALIDAD DE ZUMPANGO,EDOMEX,Media,Buena,"19.815198, -99.089196"
2020-12-14,HOSPITAL REGIONAL TLALNEPANTLA ISSEMYM,EDOMEX,Crítica,Media,"19.521706, -99.187341"
2020-12-14,"HOSPITAL GENERAL ECATEPEC ""LAS AMÉRICAS""",EDOMEX,Buena,Crítica,"19.594136, -99.018679"
2020-12-14,"HOSPITAL GENERAL DE NAUCALPAN ""DR. MAXIMILIANO RUIZ CASTAÑEDA"" ",EDOMEX,Buena,Buena,"19.468662, -99.234348"
2020-12-14,"HOSPITAL GENERAL ATIZAPAN DE ZARAGOZA ""DR. SALVADOR GONZALEZ HERREJÓN""",EDOMEX,Buena,Media,"19.546322, -99.237491"
2020-12-14,"HOSPITAL GENERAL CUAUTITLAN ""GRAL. JOSE VICENTE VILLADA""",EDOMEX,Media,Buena,"19.664586, -99.178557"
2020-12-14,"HOSPITAL GENERAL DE NEZAHUALCOYOTL ""GUSTAVO BAZ PRADA""",EDOMEX,Media,Crítica,"19.422253, -99.014892"
2020-12-14,"HOSPITAL GENERAL DE ECATEPEC ""JOSÉ MARÍA RODRÍGUEZ""",EDOMEX,Buena,Media,"19.514412, -99.038087"
2020-12-14,"HOSPITAL GENERAL NEZAHUALCOYOTL ""LA PERLA"" ",EDOMEX,Buena,Buena,"19.387963, -98.989442"
2020-12-14,HOSPITAL GENERAL DE CHIMALHUACAN,EDOMEX,Buena,Buena,"19.419753, -98.975140"
2020-12-14,"HOSPITAL GENERAL DE IXTAPALUCA ""PEDRO LOPEZ""",EDOMEX,Buena,Buena,"19.318829, -98.855366"
2020-12-14,HOSPITAL GENERAL DE CHALCO ,EDOMEX,Media,Media,"19.268265, -98.893965"
2020-12-14,"HOSPITAL GENERAL TEXCOCO ""GUADALUPE VICTORIA"" BICENTENARIO ",EDOMEX,Media,Buena,"19.514309, -98.871750"
2020-12-14,"HOSPITAL GENERAL VALLE DE CHALCO ""DR. FERNANDO QUIROZ GUTIERREZ"" ",EDOMEX,Buena,Buena,"19.273775, -98.941609"
2020-12-14,"HOSPITAL GENERAL AMECAMECA ""VALENTIN GOMEZ FARIAS"" ",EDOMEX,Buena,Buena,"19.144883, -98.785072"
2020-12-14,HOSPITAL GENERAL DE AXAPUSCO,EDOMEX,Crítica,Crítica,"19.732872, -98.769445"
2020-12-15,INSTITUTO NACIONAL DE NUTRICIÓN,SSA,Media,Media,"19.289599, -99.155441"
2020-12-15,INER,SSA,Crítica,Media,"19.291375, -99.158653"
2020-12-15,HOSPITAL GENERAL DE MÉXICO,SSA,Media,Media,"19.4129258, -99.1520225"
2020-12-15,HOSPITAL JUAREZ,SSA,Crítica,Media,"19.481829, -99.135576"
2020-12-15,HOSPITAL GENERAL DR. MANUEL GEA GONZÁLEZ,SSA,Media,Media,"19.290295, -99.160861"
2020-12-15,HOSPITAL INFANTIL DE MÉXICO FEDERICO GÓMEZ,SSA,Buena,Buena,"19.410839, -99.151941"
2020-12-15,INSTITUTO  NACIONAL DE CARDIOLOGÍA IGNACIO CHÁVEZ,SSA,Buena,Buena,"19.290598, -99.153838"
2020-12-15,CITIBANAMEX,SSA,Media,Crítica,"19.439732, -99.224235"
2020-12-15,HOSPITAL REGIONAL DE ALTA ESPECIALIDAD DE IXTAPALUCA,SSA,Media,Media,"19.318796, -98.855353"
2020-12-15,BELISARIO DOMINGUEZ,SEDESA,Media,Media,"19.307226, -99.065356"
2020-12-15,ENRIQUE CABRERA,SEDESA,Media,Media,"19.361675, -99.224432"
2020-12-15,GENERAL TLAHUAC,SEDESA,Media,Buena,"19.287492, -99.052665"
2020-12-15,PEDIATRICO DE LA VILLA,SEDESA,Buena,Buena,"19.487355, -99.114316"
2020-12-15,HOSPITAL GENERAL AJUSCO MEDIO,SEDESA,Crítica,Media,"19.272165, -99.207846"
2020-12-15,HOSPITAL GENERAL IZTAPALAPA,SEDESA,Media,Buena,"19.343426, -99.027236"
2020-12-15,HOSPITAL GENERAL XOCO,SEDESA,Media,Buena,"19.360313, -99.162275"
2020-12-15,HOSPITAL GENERAL VILLA,SEDESA,Media,Buena,"19.480079, -99.103353"
2020-12-15,HOSPITAL GENERAL DR. RUBÉN LEÑERO,SEDESA,Crítica,Buena,"19.451398, -99.169565"
2020-12-15,HOSPITAL GENERAL MILPA ALTA,SEDESA,Media,Media,"19.200951, -99.011210"
2020-12-15,HOSPITAL GENERAL BALBUENA,SEDESA,Buena,Buena,"19.424195, -99.115412"
2020-12-15,HOSPITAL TEPEPAN,SEDESA,Sin Dato,Sin Dato,"19.275806, -99.144298"
2020-12-15,HOSPITAL DE ESPECIALIDADES 01 CMN SIGLO XXI (CDMX SUR),IMSS,Buena,Buena,"19.466549, -99.145102"
2020-12-15,HOSPITAL DE PEDIATRIA 01 CMN SIGLO XXI (CDMX SUR),IMSS,Buena,Buena,"19.407458, -99.152267"
2020-12-15,HOSPITAL GENERAL DE ZONA 01 CARLOS MC GREGOR (CDMX SUR),IMSS,Crítica,Crítica,"19.395912, -99.161610"
2020-12-15,HOSPITAL GENERAL DE ZONA 1A PARQUE DE LOS VENADOS (CDMX SUR),IMSS,Crítica,Media,"19.374431, -99.151203"
2020-12-15,HOSPITAL DE INFECTOLOGIA 01 LA RAZA (CDMX NORTE),IMSS,Media,Media,"19.464865, -99.144859"
2020-12-15,HOSPITAL GENERAL 01 (CDMX NORTE) LA RAZA,IMSS,Media,Buena,"19.395740, -99.161677"
2020-12-15,HOSPITAL GENERAL DE ZONA 24 (CDMX NORTE),IMSS,Media,Media,"19.483221, -99.128448"
2020-12-15,HOSPITAL GENERAL DE ZONA 27 (CDMX NORTE),IMSS,Media,Buena,"19.454776, -99.140007"
2020-12-15,HOSPITAL GENERAL DE ZONA 2A (CDMX SUR),IMSS,Crítica,Media,"19.405495, -99.112200"
2020-12-15,HOSPITAL GENERAL DE ZONA 30 (CDMX SUR),IMSS,Media,Buena,"19.398836, -99.116913"
2020-12-15,HOSPITAL GENERAL DE ZONA 32 (CDMX SUR),IMSS,Crítica,Media,"19.307964, -99.130677"
2020-12-15,HOSPITAL GENERAL DE ZONA C/MF 08 (CDMX SUR),IMSS,Crítica,Buena,"19.337137, -99.200142"
2020-12-15,HOSPITAL GENERAL DE ZONA C/UMAA 48 (CDMX NORTE),IMSS,Crítica,Media,"19.482375, -99.213046"
2020-12-15,HOSPITAL GENERAL 02 (CDMX SUR) VILLA COAPA (COY.),IMSS,Media,Media,"19.309194, -99.129593"
2020-12-15,HOSPITAL DE ESPECIALIDADES 01 (CDMX NORTE) LA RAZA (AZC),IMSS,Crítica,Buena,"19.467169, -99.143785"
2020-12-15,HOSPITAL GENERAL DE ZONA C/MF 29 (S. JUAN ARAGÓN),IMSS,Media,Buena,"19.465117, -99.085162"
2020-12-15,HOSPITAL GENERAL DE ZONA 47 (CDMX SUR) (IZP),IMSS,Media,Media,"19.357566, -99.054269"
2020-12-15,UNIDAD MÓVIL TEMPORAL COVID,IMSS,Crítica,Media,"19.403082, -99.089177"
2020-12-15,CRIT IZTAPALAPA,IMSS,Buena,Buena,"19.328321, -99.068530"
2020-12-15,HOSPITAL GENERAL REGIONAL 72,IMSS,Media,Media,"19.356913, -98.990929"
2020-12-15,HOSPITAL GENERAL REGIONAL 196,IMSS,Crítica,Media,"19.515133, -98.891450"
2020-12-15,HOSPITAL GENERAL REGIONAL 200,IMSS,Media,Buena,"19.470300, -99.234208"
2020-12-15,HOSPITAL GENERAL DE ZONA 53,IMSS,Media,Media,"19.597387, -99.188426"
2020-12-15,HOSPITAL GENERAL DE ZONA 197,IMSS,Media,Media,"19.530797, -99.222446"
2020-12-15,HOSPITAL GENERAL DE ZONA 194,IMSS,Crítica,Buena,"19.570070, -99.044009"
2020-12-15,HOSPITAL GENERAL DE ZONA 57 (LA QUEBRADA),IMSS,Crítica,Media,"19.542797, -99.205022"
2020-12-15,HOSPITAL GENERAL DE ZONA 58 (LAS MARGARITAS),IMSS,Crítica,Buena,"19.529016, -99.030983"
2020-12-15,HOSPITAL GENERAL DE ZONA 68 (TULPETLAC),IMSS,Media,Buena,"19.742905, -98.972971"
2020-12-15,HOSPITAL GENERAL DE ZONA 71 (CHALCO),IMSS,Media,Buena,"19.356913, -98.990929"
2020-12-15,HOSPITAL GENERAL DE ZONA 76 (XALOSTOC),IMSS,Media,Media,"19.515133, -98.891450"
2020-12-15,HOSPITAL GENERAL DE ZONA 98 (COACALCO),IMSS,Crítica,Buena,"19.470300, -99.234208"
2020-12-15,CRIT NEZAHUALCÓYOTL,IMSS,Buena,Buena,"19.425795, -99.029987"
2020-12-15,CENTRO MEDICO 20 DE NOVIEMBRE,ISSSTE,Media,Media,"19.372720, -99.171205"
2020-12-15,HG DARIO FERNANDEZ FIERRO,ISSSTE,Media,Crítica,"19.363602, -99.188608"
2020-12-15,HG JOSE MARIA MORELOS,ISSSTE,Media,Crítica,"19.363918, -98.995393"
2020-12-15,HG TACUBA,ISSSTE,Crítica,Media,"19.454384, -99.191231"
2020-12-15,HG DR FERNANDO QUIROZ,ISSSTE,Crítica,Buena,"19.394242, -99.194187"
2020-12-15,HG IGNACIO ZARAGOZA,ISSSTE,Media,Media,"19.389472, -99.045019"
2020-12-15,HR PRIMERO DE OCTUBRE,ISSSTE,Crítica,Media,"19.486751, -99.133249"
2020-12-15,HR LIC. ADOLFO LÓPEZ MATEOS,ISSSTE,Media,Buena,"19.358451, -99.172716"
2020-12-15,HR BICENTENARIO DE LA INDEPENDENCIA,ISSSTE,Crítica,Buena,"19.628814, -99.163343"
2020-12-15,ALTA ESPECIALIDAD DE ZUMPANGO,EDOMEX,Media,Media,"19.815198, -99.089196"
2020-12-15,HOSPITAL REGIONAL TLALNEPANTLA ISSEMYM,EDOMEX,Crítica,Media,"19.521706, -99.187341"
2020-12-15,"HOSPITAL GENERAL ECATEPEC ""LAS AMÉRICAS""",EDOMEX,Buena,Media,"19.594136, -99.018679"
2020-12-15,"HOSPITAL GENERAL DE NAUCALPAN ""DR. MAXIMILIANO RUIZ CASTAÑEDA"" ",EDOMEX,Buena,Buena,"19.468662, -99.234348"
2020-12-15,"HOSPITAL GENERAL ATIZAPAN DE ZARAGOZA ""DR. SALVADOR GONZALEZ HERREJÓN""",EDOMEX,Buena,Media,"19.546322, -99.237491"
2020-12-15,"HOSPITAL GENERAL CUAUTITLAN ""GRAL. JOSE VICENTE VILLADA""",EDOMEX,Crítica,Buena,"19.664586, -99.178557"
2020-12-15,"HOSPITAL GENERAL DE NEZAHUALCOYOTL ""GUSTAVO BAZ PRADA""",EDOMEX,Media,Crítica,"19.422253, -99.014892"
2020-12-15,"HOSPITAL GENERAL DE ECATEPEC ""JOSÉ MARÍA RODRÍGUEZ""",EDOMEX,Buena,Buena,"19.514412, -99.038087"
2020-12-15,"HOSPITAL GENERAL NEZAHUALCOYOTL ""LA PERLA"" ",EDOMEX,Buena,Buena,"19.387963, -98.989442"
2020-12-15,HOSPITAL GENERAL DE CHIMALHUACAN,EDOMEX,Buena,Media,"19.419753, -98.975140"
2020-12-15,"HOSPITAL GENERAL DE IXTAPALUCA ""PEDRO LOPEZ""",EDOMEX,Buena,Buena,"19.318829, -98.855366"
2020-12-15,HOSPITAL GENERAL DE CHALCO ,EDOMEX,Media,Media,"19.268265, -98.893965"
2020-12-15,"HOSPITAL GENERAL TEXCOCO ""GUADALUPE VICTORIA"" BICENTENARIO ",EDOMEX,Media,Buena,"19.514309, -98.871750"
2020-12-15,"HOSPITAL GENERAL VALLE DE CHALCO ""DR. FERNANDO QUIROZ GUTIERREZ"" ",EDOMEX,Buena,Buena,"19.273775, -98.941609"
2020-12-15,"HOSPITAL GENERAL AMECAMECA ""VALENTIN GOMEZ FARIAS"" ",EDOMEX,Buena,Buena,"19.144883, -98.785072"
2020-12-15,HOSPITAL GENERAL DE AXAPUSCO,EDOMEX,Crítica,Media,"19.732872, -98.769445"
2020-12-16,INSTITUTO NACIONAL DE NUTRICIÓN,SSA,Crítica,Crítica,"19.289599, -99.155441"
2020-12-16,INER,SSA,Crítica,Media,"19.291375, -99.158653"
2020-12-16,HOSPITAL GENERAL DE MÉXICO,SSA,Crítica,Media,"19.4129258, -99.1520225"
2020-12-16,HOSPITAL JUAREZ,SSA,Media,Media,"19.481829, -99.135576"
2020-12-16,HOSPITAL GENERAL DR. MANUEL GEA GONZÁLEZ,SSA,Media,Crítica,"19.290295, -99.160861"
2020-12-16,HOSPITAL INFANTIL DE MÉXICO FEDERICO GÓMEZ,SSA,Media,Buena,"19.410839, -99.151941"
2020-12-16,INSTITUTO  NACIONAL DE CARDIOLOGÍA IGNACIO CHÁVEZ,SSA,Crítica,Crítica,"19.290598, -99.153838"
2020-12-16,CITIBANAMEX,SSA,Media,Crítica,"19.439732, -99.224235"
2020-12-16,HOSPITAL REGIONAL DE ALTA ESPECIALIDAD DE IXTAPALUCA,SSA,Media,Media,"19.318796, -98.855353"
2020-12-16,BELISARIO DOMINGUEZ,SEDESA,Media,Media,"19.307226, -99.065356"
2020-12-16,ENRIQUE CABRERA,SEDESA,Crítica,Media,"19.361675, -99.224432"
2020-12-16,GENERAL TLAHUAC,SEDESA,Crítica,Buena,"19.287492, -99.052665"
2020-12-16,PEDIATRICO DE LA VILLA,SEDESA,Buena,Buena,"19.487355, -99.114316"
2020-12-16,HOSPITAL GENERAL AJUSCO MEDIO,SEDESA,Crítica,Crítica,"19.272165, -99.207846"
2020-12-16,HOSPITAL GENERAL IZTAPALAPA,SEDESA,Media,Buena,"19.343426, -99.027236"
2020-12-16,HOSPITAL GENERAL XOCO,SEDESA,Crítica,Buena,"19.360313, -99.162275"
2020-12-16,HOSPITAL GENERAL VILLA,SEDESA,Media,Media,"19.480079, -99.103353"
2020-12-16,HOSPITAL GENERAL DR. RUBÉN LEÑERO,SEDESA,Crítica,Buena,"19.451398, -99.169565"
2020-12-16,HOSPITAL GENERAL MILPA ALTA,SEDESA,Crítica,Buena,"19.200951, -99.011210"
2020-12-16,HOSPITAL GENERAL BALBUENA,SEDESA,Buena,Buena,"19.424195, -99.115412"
2020-12-16,HOSPITAL TEPEPAN,SEDESA,Sin Dato,Sin Dato,"19.275806, -99.144298"
2020-12-16,HOSPITAL DE ESPECIALIDADES 01 CMN SIGLO XXI (CDMX SUR),IMSS,Media,Crítica,"19.466549, -99.145102"
2020-12-16,HOSPITAL DE PEDIATRIA 01 CMN SIGLO XXI (CDMX SUR),IMSS,Buena,Buena,"19.407458, -99.152267"
2020-12-16,HOSPITAL GENERAL DE ZONA 01 CARLOS MC GREGOR (CDMX SUR),IMSS,Crítica,Media,"19.395912, -99.161610"
2020-12-16,HOSPITAL GENERAL DE ZONA 1A PARQUE DE LOS VENADOS (CDMX SUR),IMSS,Crítica,Crítica,"19.374431, -99.151203"
2020-12-16,HOSPITAL DE INFECTOLOGIA 01 LA RAZA (CDMX NORTE),IMSS,Media,Media,"19.464865, -99.144859"
2020-12-16,HOSPITAL GENERAL 01 (CDMX NORTE) LA RAZA,IMSS,Media,Media,"19.395740, -99.161677"
2020-12-16,HOSPITAL GENERAL DE ZONA 24 (CDMX NORTE),IMSS,Crítica,Crítica,"19.483221, -99.128448"
2020-12-16,HOSPITAL GENERAL DE ZONA 27 (CDMX NORTE),IMSS,Crítica,Media,"19.454776, -99.140007"
2020-12-16,HOSPITAL GENERAL DE ZONA 2A (CDMX SUR),IMSS,Crítica,Crítica,"19.405495, -99.112200"
2020-12-16,HOSPITAL GENERAL DE ZONA 30 (CDMX SUR),IMSS,Media,Buena,"19.398836, -99.116913"
2020-12-16,HOSPITAL GENERAL DE ZONA 32 (CDMX SUR),IMSS,Media,Media,"19.307964, -99.130677"
2020-12-16,HOSPITAL GENERAL DE ZONA C/MF 08 (CDMX SUR),IMSS,Crítica,Crítica,"19.337137, -99.200142"
2020-12-16,HOSPITAL GENERAL DE ZONA C/UMAA 48 (CDMX NORTE),IMSS,Crítica,Crítica,"19.482375, -99.213046"
2020-12-16,HOSPITAL GENERAL 02 (CDMX SUR) VILLA COAPA (COY.),IMSS,Media,Buena,"19.309194, -99.129593"
2020-12-16,HOSPITAL DE ESPECIALIDADES 01 (CDMX NORTE) LA RAZA (AZC),IMSS,Media,Media,"19.467169, -99.143785"
2020-12-16,HOSPITAL GENERAL DE ZONA C/MF 29 (S. JUAN ARAGÓN),IMSS,Media,Buena,"19.465117, -99.085162"
2020-12-16,HOSPITAL GENERAL DE ZONA 47 (CDMX SUR) (IZP),IMSS,Crítica,Media,"19.357566, -99.054269"
2020-12-16,UNIDAD MÓVIL TEMPORAL COVID,IMSS,Crítica,Media,"19.403082, -99.089177"
2020-12-16,CRIT IZTAPALAPA,IMSS,Sin Dato,Sin Dato,"19.328321, -99.068530"
2020-12-16,HOSPITAL GENERAL REGIONAL 72,IMSS,Crítica,Media,"19.356913, -98.990929"
2020-12-16,HOSPITAL GENERAL REGIONAL 196,IMSS,Crítica,Media,"19.515133, -98.891450"
2020-12-16,HOSPITAL GENERAL REGIONAL 200,IMSS,Crítica,Media,"19.470300, -99.234208"
2020-12-16,HOSPITAL GENERAL DE ZONA 53,IMSS,Crítica,Crítica,"19.597387, -99.188426"
2020-12-16,HOSPITAL GENERAL DE ZONA 197,IMSS,Crítica,Media,"19.530797, -99.222446"
2020-12-16,HOSPITAL GENERAL DE ZONA 194,IMSS,Media,Media,"19.570070, -99.044009"
2020-12-16,HOSPITAL GENERAL DE ZONA 57 (LA QUEBRADA),IMSS,Crítica,Media,"19.542797, -99.205022"
2020-12-16,HOSPITAL GENERAL DE ZONA 58 (LAS MARGARITAS),IMSS,Crítica,Media,"19.529016, -99.030983"
2020-12-16,HOSPITAL GENERAL DE ZONA 68 (TULPETLAC),IMSS,Crítica,Media,"19.742905, -98.972971"
2020-12-16,HOSPITAL GENERAL DE ZONA 71 (CHALCO),IMSS,Crítica,Media,"19.356913, -98.990929"
2020-12-16,HOSPITAL GENERAL DE ZONA 76 (XALOSTOC),IMSS,Crítica,Media,"19.515133, -98.891450"
2020-12-16,HOSPITAL GENERAL DE ZONA 98 (COACALCO),IMSS,Crítica,Buena,"19.470300, -99.234208"
2020-12-16,CRIT NEZAHUALCÓYOTL,IMSS,Sin Dato,Sin Dato,"19.425795, -99.029987"
2020-12-16,CENTRO MEDICO 20 DE NOVIEMBRE,ISSSTE,Crítica,Media,"19.372720, -99.171205"
2020-12-16,HG DARIO FERNANDEZ FIERRO,ISSSTE,Crítica,Crítica,"19.363602, -99.188608"
2020-12-16,HG JOSE MARIA MORELOS,ISSSTE,Media,Crítica,"19.363918, -98.995393"
2020-12-16,HG TACUBA,ISSSTE,Crítica,Media,"19.454384, -99.191231"
2020-12-16,HG DR FERNANDO QUIROZ,ISSSTE,Crítica,Crítica,"19.394242, -99.194187"
2020-12-16,HG IGNACIO ZARAGOZA,ISSSTE,Media,Media,"19.389472, -99.045019"
2020-12-16,HR PRIMERO DE OCTUBRE,ISSSTE,Media,Buena,"19.486751, -99.133249"
2020-12-16,HR LIC. ADOLFO LÓPEZ MATEOS,ISSSTE,Media,Buena,"19.358451, -99.172716"
2020-12-16,HR BICENTENARIO DE LA INDEPENDENCIA,ISSSTE,Crítica,Media,"19.628814, -99.163343"
2020-12-16,ALTA ESPECIALIDAD DE ZUMPANGO,EDOMEX,Buena,Media,"19.815198, -99.089196"
2020-12-16,HOSPITAL REGIONAL TLALNEPANTLA ISSEMYM,EDOMEX,Crítica,Media,"19.521706, -99.187341"
2020-12-16,"HOSPITAL GENERAL ECATEPEC ""LAS AMÉRICAS""",EDOMEX,Buena,Media,"19.594136, -99.018679"
2020-12-16,"HOSPITAL GENERAL DE NAUCALPAN ""DR. MAXIMILIANO RUIZ CASTAÑEDA"" ",EDOMEX,Buena,Buena,"19.468662, -99.234348"
2020-12-16,"HOSPITAL GENERAL ATIZAPAN DE ZARAGOZA ""DR. SALVADOR GONZALEZ HERREJÓN""",EDOMEX,Buena,Media,"19.546322, -99.237491"
2020-12-16,"HOSPITAL GENERAL CUAUTITLAN ""GRAL. JOSE VICENTE VILLADA""",EDOMEX,Media,Buena,"19.664586, -99.178557"
2020-12-16,"HOSPITAL GENERAL DE NEZAHUALCOYOTL ""GUSTAVO BAZ PRADA""",EDOMEX,Media,Crítica,"19.422253, -99.014892"
2020-12-16,"HOSPITAL GENERAL DE ECATEPEC ""JOSÉ MARÍA RODRÍGUEZ""",EDOMEX,Buena,Buena,"19.514412, -99.038087"
2020-12-16,"HOSPITAL GENERAL NEZAHUALCOYOTL ""LA PERLA"" ",EDOMEX,Buena,Buena,"19.387963, -98.989442"
2020-12-16,HOSPITAL GENERAL DE CHIMALHUACAN,EDOMEX,Buena,Buena,"19.419753, -98.975140"
2020-12-16,"HOSPITAL GENERAL DE IXTAPALUCA ""PEDRO LOPEZ""",EDOMEX,Buena,Buena,"19.318829, -98.855366"
2020-12-16,HOSPITAL GENERAL DE CHALCO ,EDOMEX,Buena,Media,"19.268265, -98.893965"
2020-12-16,"HOSPITAL GENERAL TEXCOCO ""GUADALUPE VICTORIA"" BICENTENARIO ",EDOMEX,Media,Buena,"19.514309, -98.871750"
2020-12-16,"HOSPITAL GENERAL VALLE DE CHALCO ""DR. FERNANDO QUIROZ GUTIERREZ"" ",EDOMEX,Media,Buena,"19.273775, -98.941609"
2020-12-16,"HOSPITAL GENERAL AMECAMECA ""VALENTIN GOMEZ FARIAS"" ",EDOMEX,Buena,Buena,"19.144883, -98.785072"
2020-12-16,HOSPITAL GENERAL DE AXAPUSCO,EDOMEX,Crítica,Media,"19.732872, -98.769445"
2020-12-17,INSTITUTO NACIONAL DE NUTRICIÓN,SSA,Crítica,Crítica,"19.289599, -99.155441"
2020-12-17,INER,SSA,Crítica,Media,"19.291375, -99.158653"
2020-12-17,HOSPITAL GENERAL DE MÉXICO,SSA,Crítica,Media,"19.4129258, -99.1520225"
2020-12-17,HOSPITAL JUAREZ,SSA,Media,Media,"19.481829, -99.135576"
2020-12-17,HOSPITAL GENERAL DR. MANUEL GEA GONZÁLEZ,SSA,Media,Crítica,"19.290295, -99.160861"
2020-12-17,HOSPITAL INFANTIL DE MÉXICO FEDERICO GÓMEZ,SSA,Buena,Buena,"19.410839, -99.151941"
2020-12-17,INSTITUTO  NACIONAL DE CARDIOLOGÍA IGNACIO CHÁVEZ,SSA,Crítica,Crítica,"19.290598, -99.153838"
2020-12-17,CITIBANAMEX,SSA,Media,Crítica,"19.439732, -99.224235"
2020-12-17,HOSPITAL REGIONAL DE ALTA ESPECIALIDAD DE IXTAPALUCA,SSA,Media,Media,"19.318796, -98.855353"
2020-12-17,BELISARIO DOMINGUEZ,SEDESA,Media,Media,"19.307226, -99.065356"
2020-12-17,ENRIQUE CABRERA,SEDESA,Crítica,Media,"19.361675, -99.224432"
2020-12-17,GENERAL TLAHUAC,SEDESA,Crítica,Media,"19.287492, -99.052665"
2020-12-17,PEDIATRICO DE LA VILLA,SEDESA,Buena,Buena,"19.487355, -99.114316"
2020-12-17,HOSPITAL GENERAL AJUSCO MEDIO,SEDESA,Crítica,Crítica,"19.272165, -99.207846"
2020-12-17,HOSPITAL GENERAL IZTAPALAPA,SEDESA,Media,Buena,"19.343426, -99.027236"
2020-12-17,HOSPITAL GENERAL XOCO,SEDESA,Crítica,Media,"19.360313, -99.162275"
2020-12-17,HOSPITAL GENERAL VILLA,SEDESA,Media,Media,"19.480079, -99.103353"
2020-12-17,HOSPITAL GENERAL DR. RUBÉN LEÑERO,SEDESA,Crítica,Media,"19.451398, -99.169565"
2020-12-17,HOSPITAL GENERAL MILPA ALTA,SEDESA,Crítica,Buena,"19.200951, -99.011210"
2020-12-17,HOSPITAL GENERAL BALBUENA,SEDESA,Buena,Buena,"19.424195, -99.115412"
2020-12-17,HOSPITAL TEPEPAN,SEDESA,Sin Dato,Sin Dato,"19.275806, -99.144298"
2020-12-17,HOSPITAL DE ESPECIALIDADES 01 CMN SIGLO XXI (CDMX SUR),IMSS,Media,Media,"19.466549, -99.145102"
2020-12-17,HOSPITAL DE PEDIATRIA 01 CMN SIGLO XXI (CDMX SUR),IMSS,Buena,Buena,"19.407458, -99.152267"
2020-12-17,HOSPITAL GENERAL DE ZONA 01 CARLOS MC GREGOR (CDMX SUR),IMSS,Crítica,Media,"19.395912, -99.161610"
2020-12-17,HOSPITAL GENERAL DE ZONA 1A PARQUE DE LOS VENADOS (CDMX SUR),IMSS,Crítica,Crítica,"19.374431, -99.151203"
2020-12-17,HOSPITAL DE INFECTOLOGIA 01 LA RAZA (CDMX NORTE),IMSS,Media,Media,"19.464865, -99.144859"
2020-12-17,HOSPITAL GENERAL 01 (CDMX NORTE) LA RAZA,IMSS,Media,Media,"19.395740, -99.161677"
2020-12-17,HOSPITAL GENERAL DE ZONA 24 (CDMX NORTE),IMSS,Media,Media,"19.483221, -99.128448"
2020-12-17,HOSPITAL GENERAL DE ZONA 27 (CDMX NORTE),IMSS,Crítica,Buena,"19.454776, -99.140007"
2020-12-17,HOSPITAL GENERAL DE ZONA 2A (CDMX SUR),IMSS,Media,Crítica,"19.405495, -99.112200"
2020-12-17,HOSPITAL GENERAL DE ZONA 30 (CDMX SUR),IMSS,Media,Media,"19.398836, -99.116913"
2020-12-17,HOSPITAL GENERAL DE ZONA 32 (CDMX SUR),IMSS,Media,Crítica,"19.307964, -99.130677"
2020-12-17,HOSPITAL GENERAL DE ZONA C/MF 08 (CDMX SUR),IMSS,Crítica,Media,"19.337137, -99.200142"
2020-12-17,HOSPITAL GENERAL DE ZONA C/UMAA 48 (CDMX NORTE),IMSS,Crítica,Media,"19.482375, -99.213046"
2020-12-17,HOSPITAL GENERAL 02 (CDMX SUR) VILLA COAPA (COY.),IMSS,Media,Buena,"19.309194, -99.129593"
2020-12-17,HOSPITAL DE ESPECIALIDADES 01 (CDMX NORTE) LA RAZA (AZC),IMSS,Media,Media,"19.467169, -99.143785"
2020-12-17,HOSPITAL GENERAL DE ZONA C/MF 29 (S. JUAN ARAGÓN),IMSS,Crítica,Buena,"19.465117, -99.085162"
2020-12-17,HOSPITAL GENERAL DE ZONA 47 (CDMX SUR) (IZP),IMSS,Media,Media,"19.357566, -99.054269"
2020-12-17,UNIDAD MÓVIL TEMPORAL COVID,IMSS,Crítica,Media,"19.403082, -99.089177"
2020-12-17,CRIT IZTAPALAPA,IMSS,Sin Dato,Sin Dato,"19.328321, -99.068530"
2020-12-17,HOSPITAL GENERAL REGIONAL 72,IMSS,Crítica,Media,"19.356913, -98.990929"
2020-12-17,HOSPITAL GENERAL REGIONAL 196,IMSS,Crítica,Crítica,"19.515133, -98.891450"
2020-12-17,HOSPITAL GENERAL REGIONAL 200,IMSS,Crítica,Media,"19.470300, -99.234208"
2020-12-17,HOSPITAL GENERAL DE ZONA 53,IMSS,Crítica,Crítica,"19.597387, -99.188426"
2020-12-17,HOSPITAL GENERAL DE ZONA 197,IMSS,Crítica,Media,"19.530797, -99.222446"
2020-12-17,HOSPITAL GENERAL DE ZONA 194,IMSS,Media,Crítica,"19.570070, -99.044009"
2020-12-17,HOSPITAL GENERAL DE ZONA 57 (LA QUEBRADA),IMSS,Crítica,Media,"19.542797, -99.205022"
2020-12-17,HOSPITAL GENERAL DE ZONA 58 (LAS MARGARITAS),IMSS,Crítica,Media,"19.529016, -99.030983"
2020-12-17,HOSPITAL GENERAL DE ZONA 68 (TULPETLAC),IMSS,Crítica,Crítica,"19.742905, -98.972971"
2020-12-17,HOSPITAL GENERAL DE ZONA 71 (CHALCO),IMSS,Crítica,Buena,"19.356913, -98.990929"
2020-12-17,HOSPITAL GENERAL DE ZONA 76 (XALOSTOC),IMSS,Crítica,Media,"19.515133, -98.891450"
2020-12-17,HOSPITAL GENERAL DE ZONA 98 (COACALCO),IMSS,Crítica,Media,"19.470300, -99.234208"
2020-12-17,CRIT NEZAHUALCÓYOTL,IMSS,Sin Dato,Sin Dato,"19.425795, -99.029987"
2020-12-17,CENTRO MEDICO 20 DE NOVIEMBRE,ISSSTE,Crítica,Media,"19.372720, -99.171205"
2020-12-17,HG DARIO FERNANDEZ FIERRO,ISSSTE,Crítica,Crítica,"19.363602, -99.188608"
2020-12-17,HG JOSE MARIA MORELOS,ISSSTE,Media,Media,"19.363918, -98.995393"
2020-12-17,HG TACUBA,ISSSTE,Crítica,Media,"19.454384, -99.191231"
2020-12-17,HG DR FERNANDO QUIROZ,ISSSTE,Crítica,Crítica,"19.394242, -99.194187"
2020-12-17,HG IGNACIO ZARAGOZA,ISSSTE,Media,Media,"19.389472, -99.045019"
2020-12-17,HR PRIMERO DE OCTUBRE,ISSSTE,Media,Buena,"19.486751, -99.133249"
2020-12-17,HR LIC. ADOLFO LÓPEZ MATEOS,ISSSTE,Media,Buena,"19.358451, -99.172716"
2020-12-17,HR BICENTENARIO DE LA INDEPENDENCIA,ISSSTE,Crítica,Media,"19.628814, -99.163343"
2020-12-17,ALTA ESPECIALIDAD DE ZUMPANGO,EDOMEX,Buena,Media,"19.815198, -99.089196"
2020-12-17,HOSPITAL REGIONAL TLALNEPANTLA ISSEMYM,EDOMEX,Crítica,Media,"19.521706, -99.187341"
2020-12-17,"HOSPITAL GENERAL ECATEPEC ""LAS AMÉRICAS""",EDOMEX,Buena,Media,"19.594136, -99.018679"
2020-12-17,"HOSPITAL GENERAL DE NAUCALPAN ""DR. MAXIMILIANO RUIZ CASTAÑEDA"" ",EDOMEX,Buena,Media,"19.468662, -99.234348"
2020-12-17,"HOSPITAL GENERAL ATIZAPAN DE ZARAGOZA ""DR. SALVADOR GONZALEZ HERREJÓN""",EDOMEX,Buena,Media,"19.546322, -99.237491"
2020-12-17,"HOSPITAL GENERAL CUAUTITLAN ""GRAL. JOSE VICENTE VILLADA""",EDOMEX,Crítica,Buena,"19.664586, -99.178557"
2020-12-17,"HOSPITAL GENERAL DE NEZAHUALCOYOTL ""GUSTAVO BAZ PRADA""",EDOMEX,Media,Crítica,"19.422253, -99.014892"
2020-12-17,"HOSPITAL GENERAL DE ECATEPEC ""JOSÉ MARÍA RODRÍGUEZ""",EDOMEX,Buena,Buena,"19.514412, -99.038087"
2020-12-17,"HOSPITAL GENERAL NEZAHUALCOYOTL ""LA PERLA"" ",EDOMEX,Buena,Buena,"19.387963, -98.989442"
2020-12-17,HOSPITAL GENERAL DE CHIMALHUACAN,EDOMEX,Media,Media,"19.419753, -98.975140"
2020-12-17,"HOSPITAL GENERAL DE IXTAPALUCA ""PEDRO LOPEZ""",EDOMEX,Buena,Buena,"19.318829, -98.855366"
2020-12-17,HOSPITAL GENERAL DE CHALCO ,EDOMEX,Media,Buena,"19.268265, -98.893965"
2020-12-17,"HOSPITAL GENERAL TEXCOCO ""GUADALUPE VICTORIA"" BICENTENARIO ",EDOMEX,Media,Buena,"19.514309, -98.871750"
2020-12-17,"HOSPITAL GENERAL VALLE DE CHALCO ""DR. FERNANDO QUIROZ GUTIERREZ"" ",EDOMEX,Media,Buena,"19.273775, -98.941609"
2020-12-17,"HOSPITAL GENERAL AMECAMECA ""VALENTIN GOMEZ FARIAS"" ",EDOMEX,Buena,Buena,"19.144883, -98.785072"
2020-12-17,HOSPITAL GENERAL DE AXAPUSCO,EDOMEX,Crítica,Crítica,"19.732872, -98.769445"
2020-12-18,INSTITUTO NACIONAL DE NUTRICIÓN,SSA,Crítica,Crítica,"19.289599, -99.155441"
2020-12-18,INER,SSA,Crítica,Crítica,"19.291375, -99.158653"
2020-12-18,HOSPITAL GENERAL DE MÉXICO,SSA,Crítica,Media,"19.4129258, -99.1520225"
2020-12-18,HOSPITAL JUAREZ,SSA,Media,Media,"19.481829, -99.135576"
2020-12-18,HOSPITAL GENERAL DR. MANUEL GEA GONZÁLEZ,SSA,Media,Crítica,"19.290295, -99.160861"
2020-12-18,HOSPITAL INFANTIL DE MÉXICO FEDERICO GÓMEZ,SSA,Media,Media,"19.410839, -99.151941"
2020-12-18,INSTITUTO  NACIONAL DE CARDIOLOGÍA IGNACIO CHÁVEZ,SSA,Crítica,Crítica,"19.290598, -99.153838"
2020-12-18,CITIBANAMEX,SSA,Media,Crítica,"19.439732, -99.224235"
2020-12-18,HOSPITAL REGIONAL DE ALTA ESPECIALIDAD DE IXTAPALUCA,SSA,Media,Media,"19.318796, -98.855353"
2020-12-18,BELISARIO DOMINGUEZ,SEDESA,Media,Media,"19.307226, -99.065356"
2020-12-18,ENRIQUE CABRERA,SEDESA,Crítica,Media,"19.361675, -99.224432"
2020-12-18,GENERAL TLAHUAC,SEDESA,Crítica,Buena,"19.287492, -99.052665"
2020-12-18,PEDIATRICO DE LA VILLA,SEDESA,Buena,Buena,"19.487355, -99.114316"
2020-12-18,HOSPITAL GENERAL AJUSCO MEDIO,SEDESA,Crítica,Crítica,"19.272165, -99.207846"
2020-12-18,HOSPITAL GENERAL IZTAPALAPA,SEDESA,Media,Buena,"19.343426, -99.027236"
2020-12-18,HOSPITAL GENERAL XOCO,SEDESA,Crítica,Media,"19.360313, -99.162275"
2020-12-18,HOSPITAL GENERAL VILLA,SEDESA,Media,Media,"19.480079, -99.103353"
2020-12-18,HOSPITAL GENERAL DR. RUBÉN LEÑERO,SEDESA,Crítica,Buena,"19.451398, -99.169565"
2020-12-18,HOSPITAL GENERAL MILPA ALTA,SEDESA,Crítica,Media,"19.200951, -99.011210"
2020-12-18,HOSPITAL GENERAL BALBUENA,SEDESA,Buena,Media,"19.424195, -99.115412"
2020-12-18,HOSPITAL TEPEPAN,SEDESA,Sin Dato,Sin Dato,"19.275806, -99.144298"
2020-12-18,HOSPITAL DE ESPECIALIDADES 01 CMN SIGLO XXI (CDMX SUR),IMSS,Media,Crítica,"19.466549, -99.145102"
2020-12-18,HOSPITAL DE PEDIATRIA 01 CMN SIGLO XXI (CDMX SUR),IMSS,Buena,Buena,"19.407458, -99.152267"
2020-12-18,HOSPITAL GENERAL DE ZONA 01 CARLOS MC GREGOR (CDMX SUR),IMSS,Crítica,Media,"19.395912, -99.161610"
2020-12-18,HOSPITAL GENERAL DE ZONA 1A PARQUE DE LOS VENADOS (CDMX SUR),IMSS,Crítica,Crítica,"19.374431, -99.151203"
2020-12-18,HOSPITAL DE INFECTOLOGIA 01 LA RAZA (CDMX NORTE),IMSS,Media,Buena,"19.464865, -99.144859"
2020-12-18,HOSPITAL GENERAL 01 (CDMX NORTE) LA RAZA,IMSS,Media,Media,"19.395740, -99.161677"
2020-12-18,HOSPITAL GENERAL DE ZONA 24 (CDMX NORTE),IMSS,Crítica,Media,"19.483221, -99.128448"
2020-12-18,HOSPITAL GENERAL DE ZONA 27 (CDMX NORTE),IMSS,Crítica,Media,"19.454776, -99.140007"
2020-12-18,HOSPITAL GENERAL DE ZONA 2A (CDMX SUR),IMSS,Media,Crítica,"19.405495, -99.112200"
2020-12-18,HOSPITAL GENERAL DE ZONA 30 (CDMX SUR),IMSS,Crítica,Media,"19.398836, -99.116913"
2020-12-18,HOSPITAL GENERAL DE ZONA 32 (CDMX SUR),IMSS,Media,Crítica,"19.307964, -99.130677"
2020-12-18,HOSPITAL GENERAL DE ZONA C/MF 08 (CDMX SUR),IMSS,Crítica,Media,"19.337137, -99.200142"
2020-12-18,HOSPITAL GENERAL DE ZONA C/UMAA 48 (CDMX NORTE),IMSS,Crítica,Crítica,"19.482375, -99.213046"
2020-12-18,HOSPITAL GENERAL 02 (CDMX SUR) VILLA COAPA (COY.),IMSS,Media,Buena,"19.309194, -99.129593"
2020-12-18,HOSPITAL DE ESPECIALIDADES 01 (CDMX NORTE) LA RAZA (AZC),IMSS,Media,Media,"19.467169, -99.143785"
2020-12-18,HOSPITAL GENERAL DE ZONA C/MF 29 (S. JUAN ARAGÓN),IMSS,Crítica,Buena,"19.465117, -99.085162"
2020-12-18,HOSPITAL GENERAL DE ZONA 47 (CDMX SUR) (IZP),IMSS,Crítica,Media,"19.357566, -99.054269"
2020-12-18,UNIDAD MÓVIL TEMPORAL COVID,IMSS,Crítica,Media,"19.403082, -99.089177"
2020-12-18,CRIT IZTAPALAPA,IMSS,Sin Dato,Sin Dato,"19.328321, -99.068530"
2020-12-18,HOSPITAL GENERAL REGIONAL 72,IMSS,Crítica,Media,"19.356913, -98.990929"
2020-12-18,HOSPITAL GENERAL REGIONAL 196,IMSS,Crítica,Crítica,"19.515133, -98.891450"
2020-12-18,HOSPITAL GENERAL REGIONAL 200,IMSS,Crítica,Media,"19.470300, -99.234208"
2020-12-18,HOSPITAL GENERAL DE ZONA 53,IMSS,Media,Crítica,"19.597387, -99.188426"
2020-12-18,HOSPITAL GENERAL DE ZONA 197,IMSS,Media,Crítica,"19.530797, -99.222446"
2020-12-18,HOSPITAL GENERAL DE ZONA 194,IMSS,Media,Crítica,"19.570070, -99.044009"
2020-12-18,HOSPITAL GENERAL DE ZONA 57 (LA QUEBRADA),IMSS,Crítica,Media,"19.542797, -99.205022"
2020-12-18,HOSPITAL GENERAL DE ZONA 58 (LAS MARGARITAS),IMSS,Crítica,Media,"19.529016, -99.030983"
2020-12-18,HOSPITAL GENERAL DE ZONA 68 (TULPETLAC),IMSS,Crítica,Crítica,"19.742905, -98.972971"
2020-12-18,HOSPITAL GENERAL DE ZONA 71 (CHALCO),IMSS,Crítica,Buena,"19.356913, -98.990929"
2020-12-18,HOSPITAL GENERAL DE ZONA 76 (XALOSTOC),IMSS,Crítica,Media,"19.515133, -98.891450"
2020-12-18,HOSPITAL GENERAL DE ZONA 98 (COACALCO),IMSS,Crítica,Buena,"19.470300, -99.234208"
2020-12-18,CRIT NEZAHUALCÓYOTL,IMSS,Sin Dato,Sin Dato,"19.425795, -99.029987"
2020-12-18,CENTRO MEDICO 20 DE NOVIEMBRE,ISSSTE,Crítica,Media,"19.372720, -99.171205"
2020-12-18,HG DARIO FERNANDEZ FIERRO,ISSSTE,Crítica,Media,"19.363602, -99.188608"
2020-12-18,HG JOSE MARIA MORELOS,ISSSTE,Media,Media,"19.363918, -98.995393"
2020-12-18,HG TACUBA,ISSSTE,Crítica,Media,"19.454384, -99.191231"
2020-12-18,HG DR FERNANDO QUIROZ,ISSSTE,Crítica,Crítica,"19.394242, -99.194187"
2020-12-18,HG IGNACIO ZARAGOZA,ISSSTE,Media,Media,"19.389472, -99.045019"
2020-12-18,HR PRIMERO DE OCTUBRE,ISSSTE,Media,Buena,"19.486751, -99.133249"
2020-12-18,HR LIC. ADOLFO LÓPEZ MATEOS,ISSSTE,Media,Media,"19.358451, -99.172716"
2020-12-18,HR BICENTENARIO DE LA INDEPENDENCIA,ISSSTE,Crítica,Media,"19.628814, -99.163343"
2020-12-18,ALTA ESPECIALIDAD DE ZUMPANGO,EDOMEX,Buena,Media,"19.815198, -99.089196"
2020-12-18,HOSPITAL REGIONAL TLALNEPANTLA ISSEMYM,EDOMEX,Crítica,Media,"19.521706, -99.187341"
2020-12-18,"HOSPITAL GENERAL ECATEPEC ""LAS AMÉRICAS""",EDOMEX,Buena,Buena,"19.594136, -99.018679"
2020-12-18,"HOSPITAL GENERAL DE NAUCALPAN ""DR. MAXIMILIANO RUIZ CASTAÑEDA"" ",EDOMEX,Buena,Buena,"19.468662, -99.234348"
2020-12-18,"HOSPITAL GENERAL ATIZAPAN DE ZARAGOZA ""DR. SALVADOR GONZALEZ HERREJÓN""",EDOMEX,Buena,Media,"19.546322, -99.237491"
2020-12-18,"HOSPITAL GENERAL CUAUTITLAN ""GRAL. JOSE VICENTE VILLADA""",EDOMEX,Crítica,Buena,"19.664586, -99.178557"
2020-12-18,"HOSPITAL GENERAL DE NEZAHUALCOYOTL ""GUSTAVO BAZ PRADA""",EDOMEX,Media,Crítica,"19.422253, -99.014892"
2020-12-18,"HOSPITAL GENERAL DE ECATEPEC ""JOSÉ MARÍA RODRÍGUEZ""",EDOMEX,Buena,Buena,"19.514412, -99.038087"
2020-12-18,"HOSPITAL GENERAL NEZAHUALCOYOTL ""LA PERLA"" ",EDOMEX,Buena,Buena,"19.387963, -98.989442"
2020-12-18,HOSPITAL GENERAL DE CHIMALHUACAN,EDOMEX,Buena,Crítica,"19.419753, -98.975140"
2020-12-18,"HOSPITAL GENERAL DE IXTAPALUCA ""PEDRO LOPEZ""",EDOMEX,Buena,Buena,"19.318829, -98.855366"
2020-12-18,HOSPITAL GENERAL DE CHALCO ,EDOMEX,Media,Buena,"19.268265, -98.893965"
2020-12-18,"HOSPITAL GENERAL TEXCOCO ""GUADALUPE VICTORIA"" BICENTENARIO ",EDOMEX,Media,Buena,"19.514309, -98.871750"
2020-12-18,"HOSPITAL GENERAL VALLE DE CHALCO ""DR. FERNANDO QUIROZ GUTIERREZ"" ",EDOMEX,Buena,Buena,"19.273775, -98.941609"
2020-12-18,"HOSPITAL GENERAL AMECAMECA ""VALENTIN GOMEZ FARIAS"" ",EDOMEX,Buena,Media,"19.144883, -98.785072"
2020-12-18,HOSPITAL GENERAL DE AXAPUSCO,EDOMEX,Media,Crítica,"19.732872, -98.769445"
2020-12-19,INSTITUTO NACIONAL DE NUTRICIÓN,SSA,Crítica,Crítica,"19.289599, -99.155441"
2020-12-19,INER,SSA,Crítica,Crítica,"19.291375, -99.158653"
2020-12-19,HOSPITAL GENERAL DE MÉXICO,SSA,Media,Media,"19.4129258, -99.1520225"
2020-12-19,HOSPITAL JUAREZ,SSA,Media,Media,"19.481829, -99.135576"
2020-12-19,HOSPITAL GENERAL DR. MANUEL GEA GONZÁLEZ,SSA,Crítica,Crítica,"19.290295, -99.160861"
2020-12-19,HOSPITAL INFANTIL DE MÉXICO FEDERICO GÓMEZ,SSA,Media,Buena,"19.410839, -99.151941"
2020-12-19,INSTITUTO  NACIONAL DE CARDIOLOGÍA IGNACIO CHÁVEZ,SSA,Crítica,Crítica,"19.290598, -99.153838"
2020-12-19,CITIBANAMEX,SSA,Media,Crítica,"19.439732, -99.224235"
2020-12-19,HOSPITAL REGIONAL DE ALTA ESPECIALIDAD DE IXTAPALUCA,SSA,Crítica,Media,"19.318796, -98.855353"
2020-12-19,BELISARIO DOMINGUEZ,SEDESA,Media,Media,"19.307226, -99.065356"
2020-12-19,ENRIQUE CABRERA,SEDESA,Crítica,Media,"19.361675, -99.224432"
2020-12-19,GENERAL TLAHUAC,SEDESA,Crítica,Buena,"19.287492, -99.052665"
2020-12-19,PEDIATRICO DE LA VILLA,SEDESA,Buena,Buena,"19.487355, -99.114316"
2020-12-19,HOSPITAL GENERAL AJUSCO MEDIO,SEDESA,Crítica,Crítica,"19.272165, -99.207846"
2020-12-19,HOSPITAL GENERAL IZTAPALAPA,SEDESA,Media,Buena,"19.343426, -99.027236"
2020-12-19,HOSPITAL GENERAL XOCO,SEDESA,Crítica,Media,"19.360313, -99.162275"
2020-12-19,HOSPITAL GENERAL VILLA,SEDESA,Media,Media,"19.480079, -99.103353"
2020-12-19,HOSPITAL GENERAL DR. RUBÉN LEÑERO,SEDESA,Media,Media,"19.451398, -99.169565"
2020-12-19,HOSPITAL GENERAL MILPA ALTA,SEDESA,Media,Media,"19.200951, -99.011210"
2020-12-19,HOSPITAL GENERAL BALBUENA,SEDESA,Buena,Media,"19.424195, -99.115412"
2020-12-19,HOSPITAL TEPEPAN,SEDESA,Sin Dato,Sin Dato,"19.275806, -99.144298"
2020-12-19,HOSPITAL DE ESPECIALIDADES 01 CMN SIGLO XXI (CDMX SUR),IMSS,Media,Media,"19.466549, -99.145102"
2020-12-19,HOSPITAL DE PEDIATRIA 01 CMN SIGLO XXI (CDMX SUR),IMSS,Buena,Buena,"19.407458, -99.152267"
2020-12-19,HOSPITAL GENERAL DE ZONA 01 CARLOS MC GREGOR (CDMX SUR),IMSS,Crítica,Media,"19.395912, -99.161610"
2020-12-19,HOSPITAL GENERAL DE ZONA 1A PARQUE DE LOS VENADOS (CDMX SUR),IMSS,Crítica,Crítica,"19.374431, -99.151203"
2020-12-19,HOSPITAL DE INFECTOLOGIA 01 LA RAZA (CDMX NORTE),IMSS,Media,Buena,"19.464865, -99.144859"
2020-12-19,HOSPITAL GENERAL 01 (CDMX NORTE) LA RAZA,IMSS,Crítica,Media,"19.395740, -99.161677"
2020-12-19,HOSPITAL GENERAL DE ZONA 24 (CDMX NORTE),IMSS,Crítica,Media,"19.483221, -99.128448"
2020-12-19,HOSPITAL GENERAL DE ZONA 27 (CDMX NORTE),IMSS,Crítica,Media,"19.454776, -99.140007"
2020-12-19,HOSPITAL GENERAL DE ZONA 2A (CDMX SUR),IMSS,Media,Crítica,"19.405495, -99.112200"
2020-12-19,HOSPITAL GENERAL DE ZONA 30 (CDMX SUR),IMSS,Crítica,Buena,"19.398836, -99.116913"
2020-12-19,HOSPITAL GENERAL DE ZONA 32 (CDMX SUR),IMSS,Media,Crítica,"19.307964, -99.130677"
2020-12-19,HOSPITAL GENERAL DE ZONA C/MF 08 (CDMX SUR),IMSS,Crítica,Media,"19.337137, -99.200142"
2020-12-19,HOSPITAL GENERAL DE ZONA C/UMAA 48 (CDMX NORTE),IMSS,Crítica,Crítica,"19.482375, -99.213046"
2020-12-19,HOSPITAL GENERAL 02 (CDMX SUR) VILLA COAPA (COY.),IMSS,Media,Buena,"19.309194, -99.129593"
2020-12-19,HOSPITAL DE ESPECIALIDADES 01 (CDMX NORTE) LA RAZA (AZC),IMSS,Media,Media,"19.467169, -99.143785"
2020-12-19,HOSPITAL GENERAL DE ZONA C/MF 29 (S. JUAN ARAGÓN),IMSS,Crítica,Buena,"19.465117, -99.085162"
2020-12-19,HOSPITAL GENERAL DE ZONA 47 (CDMX SUR) (IZP),IMSS,Media,Media,"19.357566, -99.054269"
2020-12-19,UNIDAD MÓVIL TEMPORAL COVID,IMSS,Crítica,Media,"19.403082, -99.089177"
2020-12-19,CRIT IZTAPALAPA,IMSS,Sin Dato,Sin Dato,"19.328321, -99.068530"
2020-12-19,HOSPITAL GENERAL REGIONAL 72,IMSS,Crítica,Media,"19.356913, -98.990929"
2020-12-19,HOSPITAL GENERAL REGIONAL 196,IMSS,Crítica,Media,"19.515133, -98.891450"
2020-12-19,HOSPITAL GENERAL REGIONAL 200,IMSS,Crítica,Media,"19.470300, -99.234208"
2020-12-19,HOSPITAL GENERAL DE ZONA 53,IMSS,Media,Crítica,"19.597387, -99.188426"
2020-12-19,HOSPITAL GENERAL DE ZONA 197,IMSS,Crítica,Media,"19.530797, -99.222446"
2020-12-19,HOSPITAL GENERAL DE ZONA 194,IMSS,Media,Crítica,"19.570070, -99.044009"
2020-12-19,HOSPITAL GENERAL DE ZONA 57 (LA QUEBRADA),IMSS,Crítica,Media,"19.542797, -99.205022"
2020-12-19,HOSPITAL GENERAL DE ZONA 58 (LAS MARGARITAS),IMSS,Crítica,Media,"19.529016, -99.030983"
2020-12-19,HOSPITAL GENERAL DE ZONA 68 (TULPETLAC),IMSS,Crítica,Crítica,"19.742905, -98.972971"
2020-12-19,HOSPITAL GENERAL DE ZONA 71 (CHALCO),IMSS,Crítica,Media,"19.356913, -98.990929"
2020-12-19,HOSPITAL GENERAL DE ZONA 76 (XALOSTOC),IMSS,Crítica,Buena,"19.515133, -98.891450"
2020-12-19,HOSPITAL GENERAL DE ZONA 98 (COACALCO),IMSS,Crítica,Buena,"19.470300, -99.234208"
2020-12-19,CRIT NEZAHUALCÓYOTL,IMSS,Sin Dato,Sin Dato,"19.425795, -99.029987"
2020-12-19,CENTRO MEDICO 20 DE NOVIEMBRE,ISSSTE,Crítica,Media,"19.372720, -99.171205"
2020-12-19,HG DARIO FERNANDEZ FIERRO,ISSSTE,Crítica,Media,"19.363602, -99.188608"
2020-12-19,HG JOSE MARIA MORELOS,ISSSTE,Media,Media,"19.363918, -98.995393"
2020-12-19,HG TACUBA,ISSSTE,Media,Buena,"19.454384, -99.191231"
2020-12-19,HG DR FERNANDO QUIROZ,ISSSTE,Crítica,Crítica,"19.394242, -99.194187"
2020-12-19,HG IGNACIO ZARAGOZA,ISSSTE,Media,Media,"19.389472, -99.045019"
2020-12-19,HR PRIMERO DE OCTUBRE,ISSSTE,Media,Buena,"19.486751, -99.133249"
2020-12-19,HR LIC. ADOLFO LÓPEZ MATEOS,ISSSTE,Media,Buena,"19.358451, -99.172716"
2020-12-19,HR BICENTENARIO DE LA INDEPENDENCIA,ISSSTE,Crítica,Media,"19.628814, -99.163343"
2020-12-19,ALTA ESPECIALIDAD DE ZUMPANGO,EDOMEX,Buena,Media,"19.815198, -99.089196"
2020-12-19,HOSPITAL REGIONAL TLALNEPANTLA ISSEMYM,EDOMEX,Crítica,Media,"19.521706, -99.187341"
2020-12-19,"HOSPITAL GENERAL ECATEPEC ""LAS AMÉRICAS""",EDOMEX,Buena,Media,"19.594136, -99.018679"
2020-12-19,"HOSPITAL GENERAL DE NAUCALPAN ""DR. MAXIMILIANO RUIZ CASTAÑEDA"" ",EDOMEX,Buena,Media,"19.468662, -99.234348"
2020-12-19,"HOSPITAL GENERAL ATIZAPAN DE ZARAGOZA ""DR. SALVADOR GONZALEZ HERREJÓN""",EDOMEX,Buena,Media,"19.546322, -99.237491"
2020-12-19,"HOSPITAL GENERAL CUAUTITLAN ""GRAL. JOSE VICENTE VILLADA""",EDOMEX,Crítica,Buena,"19.664586, -99.178557"
2020-12-19,"HOSPITAL GENERAL DE NEZAHUALCOYOTL ""GUSTAVO BAZ PRADA""",EDOMEX,Media,Media,"19.422253, -99.014892"
2020-12-19,"HOSPITAL GENERAL DE ECATEPEC ""JOSÉ MARÍA RODRÍGUEZ""",EDOMEX,Buena,Buena,"19.514412, -99.038087"
2020-12-19,"HOSPITAL GENERAL NEZAHUALCOYOTL ""LA PERLA"" ",EDOMEX,Buena,Buena,"19.387963, -98.989442"
2020-12-19,HOSPITAL GENERAL DE CHIMALHUACAN,EDOMEX,Buena,Crítica,"19.419753, -98.975140"
2020-12-19,"HOSPITAL GENERAL DE IXTAPALUCA ""PEDRO LOPEZ""",EDOMEX,Buena,Buena,"19.318829, -98.855366"
2020-12-19,HOSPITAL GENERAL DE CHALCO ,EDOMEX,Media,Media,"19.268265, -98.893965"
2020-12-19,"HOSPITAL GENERAL TEXCOCO ""GUADALUPE VICTORIA"" BICENTENARIO ",EDOMEX,Media,Buena,"19.514309, -98.871750"
2020-12-19,"HOSPITAL GENERAL VALLE DE CHALCO ""DR. FERNANDO QUIROZ GUTIERREZ"" ",EDOMEX,Media,Media,"19.273775, -98.941609"
2020-12-19,"HOSPITAL GENERAL AMECAMECA ""VALENTIN GOMEZ FARIAS"" ",EDOMEX,Buena,Media,"19.144883, -98.785072"
2020-12-19,HOSPITAL GENERAL DE AXAPUSCO,EDOMEX,Media,Crítica,"19.732872, -98.769445"
2020-12-20,INSTITUTO NACIONAL DE NUTRICIÓN,SSA,Crítica,Crítica,"19.289599, -99.155441"
2020-12-20,INER,SSA,Crítica,Media,"19.291375, -99.158653"
2020-12-20,HOSPITAL GENERAL DE MÉXICO,SSA,Crítica,Media,"19.4129258, -99.1520225"
2020-12-20,HOSPITAL JUAREZ,SSA,Media,Media,"19.481829, -99.135576"
2020-12-20,HOSPITAL GENERAL DR. MANUEL GEA GONZÁLEZ,SSA,Media,Crítica,"19.290295, -99.160861"
2020-12-20,HOSPITAL INFANTIL DE MÉXICO FEDERICO GÓMEZ,SSA,Media,Buena,"19.410839, -99.151941"
2020-12-20,INSTITUTO  NACIONAL DE CARDIOLOGÍA IGNACIO CHÁVEZ,SSA,Crítica,Crítica,"19.290598, -99.153838"
2020-12-20,CITIBANAMEX,SSA,Media,Crítica,"19.439732, -99.224235"
2020-12-20,HOSPITAL REGIONAL DE ALTA ESPECIALIDAD DE IXTAPALUCA,SSA,Crítica,Crítica,"19.318796, -98.855353"
2020-12-20,BELISARIO DOMINGUEZ,SEDESA,Media,Media,"19.307226, -99.065356"
2020-12-20,ENRIQUE CABRERA,SEDESA,Crítica,Media,"19.361675, -99.224432"
2020-12-20,GENERAL TLAHUAC,SEDESA,Crítica,Media,"19.287492, -99.052665"
2020-12-20,PEDIATRICO DE LA VILLA,SEDESA,Buena,Buena,"19.487355, -99.114316"
2020-12-20,HOSPITAL GENERAL AJUSCO MEDIO,SEDESA,Crítica,Crítica,"19.272165, -99.207846"
2020-12-20,HOSPITAL GENERAL IZTAPALAPA,SEDESA,Media,Buena,"19.343426, -99.027236"
2020-12-20,HOSPITAL GENERAL XOCO,SEDESA,Crítica,Media,"19.360313, -99.162275"
2020-12-20,HOSPITAL GENERAL VILLA,SEDESA,Media,Buena,"19.480079, -99.103353"
2020-12-20,HOSPITAL GENERAL DR. RUBÉN LEÑERO,SEDESA,Media,Media,"19.451398, -99.169565"
2020-12-20,HOSPITAL GENERAL MILPA ALTA,SEDESA,Crítica,Buena,"19.200951, -99.011210"
2020-12-20,HOSPITAL GENERAL BALBUENA,SEDESA,Media,Media,"19.424195, -99.115412"
2020-12-20,HOSPITAL TEPEPAN,SEDESA,Sin Dato,Sin Dato,"19.275806, -99.144298"
2020-12-20,HOSPITAL DE ESPECIALIDADES 01 CMN SIGLO XXI (CDMX SUR),IMSS,Media,Crítica,"19.466549, -99.145102"
2020-12-20,HOSPITAL DE PEDIATRIA 01 CMN SIGLO XXI (CDMX SUR),IMSS,Buena,Buena,"19.407458, -99.152267"
2020-12-20,HOSPITAL GENERAL DE ZONA 01 CARLOS MC GREGOR (CDMX SUR),IMSS,Crítica,Crítica,"19.395912, -99.161610"
2020-12-20,HOSPITAL GENERAL DE ZONA 1A PARQUE DE LOS VENADOS (CDMX SUR),IMSS,Crítica,Crítica,"19.374431, -99.151203"
2020-12-20,HOSPITAL DE INFECTOLOGIA 01 LA RAZA (CDMX NORTE),IMSS,Crítica,Buena,"19.464865, -99.144859"
2020-12-20,HOSPITAL GENERAL 01 (CDMX NORTE) LA RAZA,IMSS,Crítica,Crítica,"19.395740, -99.161677"
2020-12-20,HOSPITAL GENERAL DE ZONA 24 (CDMX NORTE),IMSS,Crítica,Media,"19.483221, -99.128448"
2020-12-20,HOSPITAL GENERAL DE ZONA 27 (CDMX NORTE),IMSS,Crítica,Media,"19.454776, -99.140007"
2020-12-20,HOSPITAL GENERAL DE ZONA 2A (CDMX SUR),IMSS,Media,Crítica,"19.405495, -99.112200"
2020-12-20,HOSPITAL GENERAL DE ZONA 30 (CDMX SUR),IMSS,Media,Buena,"19.398836, -99.116913"
2020-12-20,HOSPITAL GENERAL DE ZONA 32 (CDMX SUR),IMSS,Media,Media,"19.307964, -99.130677"
2020-12-20,HOSPITAL GENERAL DE ZONA C/MF 08 (CDMX SUR),IMSS,Crítica,Media,"19.337137, -99.200142"
2020-12-20,HOSPITAL GENERAL DE ZONA C/UMAA 48 (CDMX NORTE),IMSS,Crítica,Media,"19.482375, -99.213046"
2020-12-20,HOSPITAL GENERAL 02 (CDMX SUR) VILLA COAPA (COY.),IMSS,Media,Buena,"19.309194, -99.129593"
2020-12-20,HOSPITAL DE ESPECIALIDADES 01 (CDMX NORTE) LA RAZA (AZC),IMSS,Media,Media,"19.467169, -99.143785"
2020-12-20,HOSPITAL GENERAL DE ZONA C/MF 29 (S. JUAN ARAGÓN),IMSS,Media,Buena,"19.465117, -99.085162"
2020-12-20,HOSPITAL GENERAL DE ZONA 47 (CDMX SUR) (IZP),IMSS,Media,Media,"19.357566, -99.054269"
2020-12-20,UNIDAD MÓVIL TEMPORAL COVID,IMSS,Crítica,Media,"19.403082, -99.089177"
2020-12-20,CRIT IZTAPALAPA,IMSS,Sin Dato,Sin Dato,"19.328321, -99.068530"
2020-12-20,HOSPITAL GENERAL REGIONAL 72,IMSS,Crítica,Media,"19.356913, -98.990929"
2020-12-20,HOSPITAL GENERAL REGIONAL 196,IMSS,Crítica,Media,"19.515133, -98.891450"
2020-12-20,HOSPITAL GENERAL REGIONAL 200,IMSS,Crítica,Media,"19.470300, -99.234208"
2020-12-20,HOSPITAL GENERAL DE ZONA 53,IMSS,Media,Crítica,"19.597387, -99.188426"
2020-12-20,HOSPITAL GENERAL DE ZONA 197,IMSS,Crítica,Media,"19.530797, -99.222446"
2020-12-20,HOSPITAL GENERAL DE ZONA 194,IMSS,Media,Crítica,"19.570070, -99.044009"
2020-12-20,HOSPITAL GENERAL DE ZONA 57 (LA QUEBRADA),IMSS,Crítica,Media,"19.542797, -99.205022"
2020-12-20,HOSPITAL GENERAL DE ZONA 58 (LAS MARGARITAS),IMSS,Crítica,Media,"19.529016, -99.030983"
2020-12-20,HOSPITAL GENERAL DE ZONA 68 (TULPETLAC),IMSS,Crítica,Crítica,"19.742905, -98.972971"
2020-12-20,HOSPITAL GENERAL DE ZONA 71 (CHALCO),IMSS,Crítica,Media,"19.356913, -98.990929"
2020-12-20,HOSPITAL GENERAL DE ZONA 76 (XALOSTOC),IMSS,Crítica,Buena,"19.515133, -98.891450"
2020-12-20,HOSPITAL GENERAL DE ZONA 98 (COACALCO),IMSS,Crítica,Buena,"19.470300, -99.234208"
2020-12-20,CRIT NEZAHUALCÓYOTL,IMSS,Sin Dato,Sin Dato,"19.425795, -99.029987"
2020-12-20,CENTRO MEDICO 20 DE NOVIEMBRE,ISSSTE,Crítica,Crítica,"19.372720, -99.171205"
2020-12-20,HG DARIO FERNANDEZ FIERRO,ISSSTE,Crítica,Media,"19.363602, -99.188608"
2020-12-20,HG JOSE MARIA MORELOS,ISSSTE,Media,Crítica,"19.363918, -98.995393"
2020-12-20,HG TACUBA,ISSSTE,Media,Media,"19.454384, -99.191231"
2020-12-20,HG DR FERNANDO QUIROZ,ISSSTE,Crítica,Crítica,"19.394242, -99.194187"
2020-12-20,HG IGNACIO ZARAGOZA,ISSSTE,Media,Media,"19.389472, -99.045019"
2020-12-20,HR PRIMERO DE OCTUBRE,ISSSTE,Media,Buena,"19.486751, -99.133249"
2020-12-20,HR LIC. ADOLFO LÓPEZ MATEOS,ISSSTE,Media,Buena,"19.358451, -99.172716"
2020-12-20,HR BICENTENARIO DE LA INDEPENDENCIA,ISSSTE,Crítica,Media,"19.628814, -99.163343"
2020-12-20,ALTA ESPECIALIDAD DE ZUMPANGO,EDOMEX,Buena,Media,"19.815198, -99.089196"
2020-12-20,HOSPITAL REGIONAL TLALNEPANTLA ISSEMYM,EDOMEX,Crítica,Media,"19.521706, -99.187341"
2020-12-20,"HOSPITAL GENERAL ECATEPEC ""LAS AMÉRICAS""",EDOMEX,Buena,Media,"19.594136, -99.018679"
2020-12-20,"HOSPITAL GENERAL DE NAUCALPAN ""DR. MAXIMILIANO RUIZ CASTAÑEDA"" ",EDOMEX,Buena,Media,"19.468662, -99.234348"
2020-12-20,"HOSPITAL GENERAL ATIZAPAN DE ZARAGOZA ""DR. SALVADOR GONZALEZ HERREJÓN""",EDOMEX,Buena,Media,"19.546322, -99.237491"
2020-12-20,"HOSPITAL GENERAL CUAUTITLAN ""GRAL. JOSE VICENTE VILLADA""",EDOMEX,Media,Buena,"19.664586, -99.178557"
2020-12-20,"HOSPITAL GENERAL DE NEZAHUALCOYOTL ""GUSTAVO BAZ PRADA""",EDOMEX,Buena,Media,"19.422253, -99.014892"
2020-12-20,"HOSPITAL GENERAL DE ECATEPEC ""JOSÉ MARÍA RODRÍGUEZ""",EDOMEX,Buena,Buena,"19.514412, -99.038087"
2020-12-20,"HOSPITAL GENERAL NEZAHUALCOYOTL ""LA PERLA"" ",EDOMEX,Media,Buena,"19.387963, -98.989442"
2020-12-20,HOSPITAL GENERAL DE CHIMALHUACAN,EDOMEX,Buena,Crítica,"19.419753, -98.975140"
2020-12-20,"HOSPITAL GENERAL DE IXTAPALUCA ""PEDRO LOPEZ""",EDOMEX,Buena,Buena,"19.318829, -98.855366"
2020-12-20,HOSPITAL GENERAL DE CHALCO ,EDOMEX,Media,Media,"19.268265, -98.893965"
2020-12-20,"HOSPITAL GENERAL TEXCOCO ""GUADALUPE VICTORIA"" BICENTENARIO ",EDOMEX,Media,Buena,"19.514309, -98.871750"
2020-12-20,"HOSPITAL GENERAL VALLE DE CHALCO ""DR. FERNANDO QUIROZ GUTIERREZ"" ",EDOMEX,Buena,Media,"19.273775, -98.941609"
2020-12-20,"HOSPITAL GENERAL AMECAMECA ""VALENTIN GOMEZ FARIAS"" ",EDOMEX,Buena,Media,"19.144883, -98.785072"
2020-12-20,HOSPITAL GENERAL DE AXAPUSCO,EDOMEX,Media,Media,"19.732872, -98.769445"
2020-12-21,INSTITUTO NACIONAL DE NUTRICIÓN,SSA,Crítica,Crítica,"19.289599, -99.155441"
2020-12-21,INER,SSA,Buena,Crítica,"19.291375, -99.158653"
2020-12-21,HOSPITAL GENERAL DE MÉXICO,SSA,Crítica,Crítica,"19.4129258, -99.1520225"
2020-12-21,HOSPITAL JUAREZ,SSA,Media,Media,"19.481829, -99.135576"
2020-12-21,HOSPITAL GENERAL DR. MANUEL GEA GONZÁLEZ,SSA,Crítica,Crítica,"19.290295, -99.160861"
2020-12-21,HOSPITAL INFANTIL DE MÉXICO FEDERICO GÓMEZ,SSA,Buena,Buena,"19.410839, -99.151941"
2020-12-21,INSTITUTO  NACIONAL DE CARDIOLOGÍA IGNACIO CHÁVEZ,SSA,Crítica,Crítica,"19.290598, -99.153838"
2020-12-21,CITIBANAMEX,SSA,Media,Crítica,"19.439732, -99.224235"
2020-12-21,HOSPITAL REGIONAL DE ALTA ESPECIALIDAD DE IXTAPALUCA,SSA,Crítica,Crítica,"19.318796, -98.855353"
2020-12-21,BELISARIO DOMINGUEZ,SEDESA,Media,Media,"19.307226, -99.065356"
2020-12-21,ENRIQUE CABRERA,SEDESA,Crítica,Media,"19.361675, -99.224432"
2020-12-21,GENERAL TLAHUAC,SEDESA,Crítica,Media,"19.287492, -99.052665"
2020-12-21,PEDIATRICO DE LA VILLA,SEDESA,Buena,Buena,"19.487355, -99.114316"
2020-12-21,HOSPITAL GENERAL AJUSCO MEDIO,SEDESA,Crítica,Crítica,"19.272165, -99.207846"
2020-12-21,HOSPITAL GENERAL IZTAPALAPA,SEDESA,Media,Media,"19.343426, -99.027236"
2020-12-21,HOSPITAL GENERAL XOCO,SEDESA,Crítica,Media,"19.360313, -99.162275"
2020-12-21,HOSPITAL GENERAL VILLA,SEDESA,Media,Media,"19.480079, -99.103353"
2020-12-21,HOSPITAL GENERAL DR. RUBÉN LEÑERO,SEDESA,Media,Media,"19.451398, -99.169565"
2020-12-21,HOSPITAL GENERAL MILPA ALTA,SEDESA,Crítica,Media,"19.200951, -99.011210"
2020-12-21,HOSPITAL GENERAL BALBUENA,SEDESA,Buena,Media,"19.424195, -99.115412"
2020-12-21,HOSPITAL TEPEPAN,SEDESA,Sin Dato,Sin Dato,"19.275806, -99.144298"
2020-12-21,HOSPITAL DE ESPECIALIDADES 01 CMN SIGLO XXI (CDMX SUR),IMSS,Media,Crítica,"19.466549, -99.145102"
2020-12-21,HOSPITAL DE PEDIATRIA 01 CMN SIGLO XXI (CDMX SUR),IMSS,Buena,Buena,"19.407458, -99.152267"
2020-12-21,HOSPITAL GENERAL DE ZONA 01 CARLOS MC GREGOR (CDMX SUR),IMSS,Crítica,Crítica,"19.395912, -99.161610"
2020-12-21,HOSPITAL GENERAL DE ZONA 1A PARQUE DE LOS VENADOS (CDMX SUR),IMSS,Crítica,Crítica,"19.374431, -99.151203"
2020-12-21,HOSPITAL DE INFECTOLOGIA 01 LA RAZA (CDMX NORTE),IMSS,Crítica,Buena,"19.464865, -99.144859"
2020-12-21,HOSPITAL GENERAL 01 (CDMX NORTE) LA RAZA,IMSS,Crítica,Crítica,"19.395740, -99.161677"
2020-12-21,HOSPITAL GENERAL DE ZONA 24 (CDMX NORTE),IMSS,Media,Media,"19.483221, -99.128448"
2020-12-21,HOSPITAL GENERAL DE ZONA 27 (CDMX NORTE),IMSS,Crítica,Media,"19.454776, -99.140007"
2020-12-21,HOSPITAL GENERAL DE ZONA 2A (CDMX SUR),IMSS,Media,Crítica,"19.405495, -99.112200"
2020-12-21,HOSPITAL GENERAL DE ZONA 30 (CDMX SUR),IMSS,Media,Buena,"19.398836, -99.116913"
2020-12-21,HOSPITAL GENERAL DE ZONA 32 (CDMX SUR),IMSS,Crítica,Media,"19.307964, -99.130677"
2020-12-21,HOSPITAL GENERAL DE ZONA C/MF 08 (CDMX SUR),IMSS,Crítica,Media,"19.337137, -99.200142"
2020-12-21,HOSPITAL GENERAL DE ZONA C/UMAA 48 (CDMX NORTE),IMSS,Crítica,Media,"19.482375, -99.213046"
2020-12-21,HOSPITAL GENERAL 02 (CDMX SUR) VILLA COAPA (COY.),IMSS,Media,Buena,"19.309194, -99.129593"
2020-12-21,HOSPITAL DE ESPECIALIDADES 01 (CDMX NORTE) LA RAZA (AZC),IMSS,Media,Media,"19.467169, -99.143785"
2020-12-21,HOSPITAL GENERAL DE ZONA C/MF 29 (S. JUAN ARAGÓN),IMSS,Crítica,Media,"19.465117, -99.085162"
2020-12-21,HOSPITAL GENERAL DE ZONA 47 (CDMX SUR) (IZP),IMSS,Media,Media,"19.357566, -99.054269"
2020-12-21,UNIDAD MÓVIL TEMPORAL COVID,IMSS,Crítica,Media,"19.403082, -99.089177"
2020-12-21,CRIT IZTAPALAPA,IMSS,Sin Dato,Sin Dato,"19.328321, -99.068530"
2020-12-21,HOSPITAL GENERAL REGIONAL 72,IMSS,Crítica,Media,"19.356913, -98.990929"
2020-12-21,HOSPITAL GENERAL REGIONAL 196,IMSS,Crítica,Crítica,"19.515133, -98.891450"
2020-12-21,HOSPITAL GENERAL REGIONAL 200,IMSS,Crítica,Crítica,"19.470300, -99.234208"
2020-12-21,HOSPITAL GENERAL DE ZONA 53,IMSS,Media,Crítica,"19.597387, -99.188426"
2020-12-21,HOSPITAL GENERAL DE ZONA 197,IMSS,Crítica,Media,"19.530797, -99.222446"
2020-12-21,HOSPITAL GENERAL DE ZONA 194,IMSS,Crítica,Crítica,"19.570070, -99.044009"
2020-12-21,HOSPITAL GENERAL DE ZONA 57 (LA QUEBRADA),IMSS,Crítica,Crítica,"19.542797, -99.205022"
2020-12-21,HOSPITAL GENERAL DE ZONA 58 (LAS MARGARITAS),IMSS,Crítica,Media,"19.529016, -99.030983"
2020-12-21,HOSPITAL GENERAL DE ZONA 68 (TULPETLAC),IMSS,Media,Crítica,"19.742905, -98.972971"
2020-12-21,HOSPITAL GENERAL DE ZONA 71 (CHALCO),IMSS,Crítica,Crítica,"19.356913, -98.990929"
2020-12-21,HOSPITAL GENERAL DE ZONA 76 (XALOSTOC),IMSS,Crítica,Media,"19.515133, -98.891450"
2020-12-21,HOSPITAL GENERAL DE ZONA 98 (COACALCO),IMSS,Crítica,Media,"19.470300, -99.234208"
2020-12-21,CRIT NEZAHUALCÓYOTL,IMSS,Sin Dato,Sin Dato,"19.425795, -99.029987"
2020-12-21,CENTRO MEDICO 20 DE NOVIEMBRE,ISSSTE,Crítica,Crítica,"19.372720, -99.171205"
2020-12-21,HG DARIO FERNANDEZ FIERRO,ISSSTE,Crítica,Media,"19.363602, -99.188608"
2020-12-21,HG JOSE MARIA MORELOS,ISSSTE,Media,Media,"19.363918, -98.995393"
2020-12-21,HG TACUBA,ISSSTE,Media,Media,"19.454384, -99.191231"
2020-12-21,HG DR FERNANDO QUIROZ,ISSSTE,Media,Media,"19.394242, -99.194187"
2020-12-21,HG IGNACIO ZARAGOZA,ISSSTE,Media,Media,"19.389472, -99.045019"
2020-12-21,HR PRIMERO DE OCTUBRE,ISSSTE,Media,Media,"19.486751, -99.133249"
2020-12-21,HR LIC. ADOLFO LÓPEZ MATEOS,ISSSTE,Media,Buena,"19.358451, -99.172716"
2020-12-21,HR BICENTENARIO DE LA INDEPENDENCIA,ISSSTE,Crítica,Media,"19.628814, -99.163343"
2020-12-21,ALTA ESPECIALIDAD DE ZUMPANGO,EDOMEX,Buena,Media,"19.815198, -99.089196"
2020-12-21,HOSPITAL REGIONAL TLALNEPANTLA ISSEMYM,EDOMEX,Crítica,Media,"19.521706, -99.187341"
2020-12-21,"HOSPITAL GENERAL ECATEPEC ""LAS AMÉRICAS""",EDOMEX,Buena,Buena,"19.594136, -99.018679"
2020-12-21,"HOSPITAL GENERAL DE NAUCALPAN ""DR. MAXIMILIANO RUIZ CASTAÑEDA"" ",EDOMEX,Buena,Media,"19.468662, -99.234348"
2020-12-21,"HOSPITAL GENERAL ATIZAPAN DE ZARAGOZA ""DR. SALVADOR GONZALEZ HERREJÓN""",EDOMEX,Buena,Media,"19.546322, -99.237491"
2020-12-21,"HOSPITAL GENERAL CUAUTITLAN ""GRAL. JOSE VICENTE VILLADA""",EDOMEX,Media,Media,"19.664586, -99.178557"
2020-12-21,"HOSPITAL GENERAL DE NEZAHUALCOYOTL ""GUSTAVO BAZ PRADA""",EDOMEX,Buena,Media,"19.422253, -99.014892"
2020-12-21,"HOSPITAL GENERAL DE ECATEPEC ""JOSÉ MARÍA RODRÍGUEZ""",EDOMEX,Buena,Media,"19.514412, -99.038087"
2020-12-21,"HOSPITAL GENERAL NEZAHUALCOYOTL ""LA PERLA"" ",EDOMEX,Buena,Buena,"19.387963, -98.989442"
2020-12-21,HOSPITAL GENERAL DE CHIMALHUACAN,EDOMEX,Buena,Crítica,"19.419753, -98.975140"
2020-12-21,"HOSPITAL GENERAL DE IXTAPALUCA ""PEDRO LOPEZ""",EDOMEX,Buena,Buena,"19.318829, -98.855366"
2020-12-21,HOSPITAL GENERAL DE CHALCO ,EDOMEX,Media,Media,"19.268265, -98.893965"
2020-12-21,"HOSPITAL GENERAL TEXCOCO ""GUADALUPE VICTORIA"" BICENTENARIO ",EDOMEX,Media,Buena,"19.514309, -98.871750"
2020-12-21,"HOSPITAL GENERAL VALLE DE CHALCO ""DR. FERNANDO QUIROZ GUTIERREZ"" ",EDOMEX,Buena,Buena,"19.273775, -98.941609"
2020-12-21,"HOSPITAL GENERAL AMECAMECA ""VALENTIN GOMEZ FARIAS"" ",EDOMEX,Buena,Media,"19.144883, -98.785072"
2020-12-21,HOSPITAL GENERAL DE AXAPUSCO,EDOMEX,Media,Media,"19.732872, -98.769445"
2020-12-22,INSTITUTO NACIONAL DE NUTRICIÓN,SSA,Crítica,Crítica,"19.289599, -99.155441"
2020-12-22,INER,SSA,Buena,Crítica,"19.291375, -99.158653"
2020-12-22,HOSPITAL GENERAL DE MÉXICO,SSA,Media,Crítica,"19.4129258, -99.1520225"
2020-12-22,HOSPITAL JUAREZ,SSA,Media,Media,"19.481829, -99.135576"
2020-12-22,HOSPITAL GENERAL DR. MANUEL GEA GONZÁLEZ,SSA,Media,Crítica,"19.290295, -99.160861"
2020-12-22,HOSPITAL INFANTIL DE MÉXICO FEDERICO GÓMEZ,SSA,Crítica,Buena,"19.410839, -99.151941"
2020-12-22,INSTITUTO  NACIONAL DE CARDIOLOGÍA IGNACIO CHÁVEZ,SSA,Media,Crítica,"19.290598, -99.153838"
2020-12-22,CITIBANAMEX,SSA,Media,Crítica,"19.439732, -99.224235"
2020-12-22,HOSPITAL REGIONAL DE ALTA ESPECIALIDAD DE IXTAPALUCA,SSA,Crítica,Crítica,"19.318796, -98.855353"
2020-12-22,BELISARIO DOMINGUEZ,SEDESA,Media,Media,"19.307226, -99.065356"
2020-12-22,ENRIQUE CABRERA,SEDESA,Crítica,Media,"19.361675, -99.224432"
2020-12-22,GENERAL TLAHUAC,SEDESA,Crítica,Buena,"19.287492, -99.052665"
2020-12-22,PEDIATRICO DE LA VILLA,SEDESA,Buena,Buena,"19.487355, -99.114316"
2020-12-22,HOSPITAL GENERAL AJUSCO MEDIO,SEDESA,Crítica,Crítica,"19.272165, -99.207846"
2020-12-22,HOSPITAL GENERAL IZTAPALAPA,SEDESA,Media,Media,"19.343426, -99.027236"
2020-12-22,HOSPITAL GENERAL XOCO,SEDESA,Crítica,Media,"19.360313, -99.162275"
2020-12-22,HOSPITAL GENERAL VILLA,SEDESA,Media,Media,"19.480079, -99.103353"
2020-12-22,HOSPITAL GENERAL DR. RUBÉN LEÑERO,SEDESA,Media,Media,"19.451398, -99.169565"
2020-12-22,HOSPITAL GENERAL MILPA ALTA,SEDESA,Crítica,Media,"19.200951, -99.011210"
2020-12-22,HOSPITAL GENERAL BALBUENA,SEDESA,Media,Media,"19.424195, -99.115412"
2020-12-22,HOSPITAL TEPEPAN,SEDESA,Sin Dato,Sin Dato,"19.275806, -99.144298"
2020-12-22,HOSPITAL DE ESPECIALIDADES 01 CMN SIGLO XXI (CDMX SUR),IMSS,Media,Crítica,"19.466549, -99.145102"
2020-12-22,HOSPITAL DE PEDIATRIA 01 CMN SIGLO XXI (CDMX SUR),IMSS,Buena,Buena,"19.407458, -99.152267"
2020-12-22,HOSPITAL GENERAL DE ZONA 01 CARLOS MC GREGOR (CDMX SUR),IMSS,Crítica,Crítica,"19.395912, -99.161610"
2020-12-22,HOSPITAL GENERAL DE ZONA 1A PARQUE DE LOS VENADOS (CDMX SUR),IMSS,Crítica,Crítica,"19.374431, -99.151203"
2020-12-22,HOSPITAL DE INFECTOLOGIA 01 LA RAZA (CDMX NORTE),IMSS,Crítica,Buena,"19.464865, -99.144859"
2020-12-22,HOSPITAL GENERAL 01 (CDMX NORTE) LA RAZA,IMSS,Crítica,Crítica,"19.395740, -99.161677"
2020-12-22,HOSPITAL GENERAL DE ZONA 24 (CDMX NORTE),IMSS,Crítica,Media,"19.483221, -99.128448"
2020-12-22,HOSPITAL GENERAL DE ZONA 27 (CDMX NORTE),IMSS,Crítica,Media,"19.454776, -99.140007"
2020-12-22,HOSPITAL GENERAL DE ZONA 2A (CDMX SUR),IMSS,Media,Crítica,"19.405495, -99.112200"
2020-12-22,HOSPITAL GENERAL DE ZONA 30 (CDMX SUR),IMSS,Media,Media,"19.398836, -99.116913"
2020-12-22,HOSPITAL GENERAL DE ZONA 32 (CDMX SUR),IMSS,Crítica,Crítica,"19.307964, -99.130677"
2020-12-22,HOSPITAL GENERAL DE ZONA C/MF 08 (CDMX SUR),IMSS,Crítica,Media,"19.337137, -99.200142"
2020-12-22,HOSPITAL GENERAL DE ZONA C/UMAA 48 (CDMX NORTE),IMSS,Crítica,Media,"19.482375, -99.213046"
2020-12-22,HOSPITAL GENERAL 02 (CDMX SUR) VILLA COAPA (COY.),IMSS,Crítica,Buena,"19.309194, -99.129593"
2020-12-22,HOSPITAL DE ESPECIALIDADES 01 (CDMX NORTE) LA RAZA (AZC),IMSS,Crítica,Media,"19.467169, -99.143785"
2020-12-22,HOSPITAL GENERAL DE ZONA C/MF 29 (S. JUAN ARAGÓN),IMSS,Crítica,Media,"19.465117, -99.085162"
2020-12-22,HOSPITAL GENERAL DE ZONA 47 (CDMX SUR) (IZP),IMSS,Crítica,Media,"19.357566, -99.054269"
2020-12-22,UNIDAD MÓVIL TEMPORAL COVID,IMSS,Crítica,Media,"19.403082, -99.089177"
2020-12-22,CRIT IZTAPALAPA,IMSS,Sin Dato,Sin Dato,"19.328321, -99.068530"
2020-12-22,HOSPITAL GENERAL REGIONAL 72,IMSS,Crítica,Media,"19.356913, -98.990929"
2020-12-22,HOSPITAL GENERAL REGIONAL 196,IMSS,Crítica,Media,"19.515133, -98.891450"
2020-12-22,HOSPITAL GENERAL REGIONAL 200,IMSS,Crítica,Crítica,"19.470300, -99.234208"
2020-12-22,HOSPITAL GENERAL DE ZONA 53,IMSS,Media,Crítica,"19.597387, -99.188426"
2020-12-22,HOSPITAL GENERAL DE ZONA 197,IMSS,Crítica,Media,"19.530797, -99.222446"
2020-12-22,HOSPITAL GENERAL DE ZONA 194,IMSS,Crítica,Media,"19.570070, -99.044009"
2020-12-22,HOSPITAL GENERAL DE ZONA 57 (LA QUEBRADA),IMSS,Crítica,Media,"19.542797, -99.205022"
2020-12-22,HOSPITAL GENERAL DE ZONA 58 (LAS MARGARITAS),IMSS,Crítica,Crítica,"19.529016, -99.030983"
2020-12-22,HOSPITAL GENERAL DE ZONA 68 (TULPETLAC),IMSS,Crítica,Crítica,"19.742905, -98.972971"
2020-12-22,HOSPITAL GENERAL DE ZONA 71 (CHALCO),IMSS,Crítica,Media,"19.356913, -98.990929"
2020-12-22,HOSPITAL GENERAL DE ZONA 76 (XALOSTOC),IMSS,Crítica,Buena,"19.515133, -98.891450"
2020-12-22,HOSPITAL GENERAL DE ZONA 98 (COACALCO),IMSS,Crítica,Media,"19.470300, -99.234208"
2020-12-22,CRIT NEZAHUALCÓYOTL,IMSS,Sin Dato,Sin Dato,"19.425795, -99.029987"
2020-12-22,CENTRO MEDICO 20 DE NOVIEMBRE,ISSSTE,Crítica,Media,"19.372720, -99.171205"
2020-12-22,HG DARIO FERNANDEZ FIERRO,ISSSTE,Crítica,Media,"19.363602, -99.188608"
2020-12-22,HG JOSE MARIA MORELOS,ISSSTE,Media,Crítica,"19.363918, -98.995393"
2020-12-22,HG TACUBA,ISSSTE,Media,Media,"19.454384, -99.191231"
2020-12-22,HG DR FERNANDO QUIROZ,ISSSTE,Crítica,Media,"19.394242, -99.194187"
2020-12-22,HG IGNACIO ZARAGOZA,ISSSTE,Media,Media,"19.389472, -99.045019"
2020-12-22,HR PRIMERO DE OCTUBRE,ISSSTE,Media,Buena,"19.486751, -99.133249"
2020-12-22,HR LIC. ADOLFO LÓPEZ MATEOS,ISSSTE,Media,Buena,"19.358451, -99.172716"
2020-12-22,HR BICENTENARIO DE LA INDEPENDENCIA,ISSSTE,Crítica,Media,"19.628814, -99.163343"
2020-12-22,ALTA ESPECIALIDAD DE ZUMPANGO,EDOMEX,Buena,Buena,"19.815198, -99.089196"
2020-12-22,HOSPITAL REGIONAL TLALNEPANTLA ISSEMYM,EDOMEX,Crítica,Media,"19.521706, -99.187341"
2020-12-22,"HOSPITAL GENERAL ECATEPEC ""LAS AMÉRICAS""",EDOMEX,Buena,Media,"19.594136, -99.018679"
2020-12-22,"HOSPITAL GENERAL DE NAUCALPAN ""DR. MAXIMILIANO RUIZ CASTAÑEDA"" ",EDOMEX,Buena,Media,"19.468662, -99.234348"
2020-12-22,"HOSPITAL GENERAL ATIZAPAN DE ZARAGOZA ""DR. SALVADOR GONZALEZ HERREJÓN""",EDOMEX,Buena,Media,"19.546322, -99.237491"
2020-12-22,"HOSPITAL GENERAL CUAUTITLAN ""GRAL. JOSE VICENTE VILLADA""",EDOMEX,Media,Media,"19.664586, -99.178557"
2020-12-22,"HOSPITAL GENERAL DE NEZAHUALCOYOTL ""GUSTAVO BAZ PRADA""",EDOMEX,Buena,Media,"19.422253, -99.014892"
2020-12-22,"HOSPITAL GENERAL DE ECATEPEC ""JOSÉ MARÍA RODRÍGUEZ""",EDOMEX,Buena,Media,"19.514412, -99.038087"
2020-12-22,"HOSPITAL GENERAL NEZAHUALCOYOTL ""LA PERLA"" ",EDOMEX,Buena,Buena,"19.387963, -98.989442"
2020-12-22,HOSPITAL GENERAL DE CHIMALHUACAN,EDOMEX,Buena,Crítica,"19.419753, -98.975140"
2020-12-22,"HOSPITAL GENERAL DE IXTAPALUCA ""PEDRO LOPEZ""",EDOMEX,Buena,Buena,"19.318829, -98.855366"
2020-12-22,HOSPITAL GENERAL DE CHALCO ,EDOMEX,Media,Media,"19.268265, -98.893965"
2020-12-22,"HOSPITAL GENERAL TEXCOCO ""GUADALUPE VICTORIA"" BICENTENARIO ",EDOMEX,Media,Buena,"19.514309, -98.871750"
2020-12-22,"HOSPITAL GENERAL VALLE DE CHALCO ""DR. FERNANDO QUIROZ GUTIERREZ"" ",EDOMEX,Media,Buena,"19.273775, -98.941609"
2020-12-22,"HOSPITAL GENERAL AMECAMECA ""VALENTIN GOMEZ FARIAS"" ",EDOMEX,Buena,Media,"19.144883, -98.785072"
2020-12-22,HOSPITAL GENERAL DE AXAPUSCO,EDOMEX,Media,Buena,"19.732872, -98.769445"
2020-12-23,INSTITUTO NACIONAL DE NUTRICIÓN,SSA,Crítica,Crítica,"19.289599, -99.155441"
2020-12-23,INER,SSA,Buena,Crítica,"19.291375, -99.158653"
2020-12-23,HOSPITAL GENERAL DE MÉXICO,SSA,Media,Crítica,"19.4129258, -99.1520225"
2020-12-23,HOSPITAL JUAREZ,SSA,Media,Media,"19.481829, -99.135576"
2020-12-23,HOSPITAL GENERAL DR. MANUEL GEA GONZÁLEZ,SSA,Media,Crítica,"19.290295, -99.160861"
2020-12-23,HOSPITAL INFANTIL DE MÉXICO FEDERICO GÓMEZ,SSA,Media,Buena,"19.410839, -99.151941"
2020-12-23,INSTITUTO  NACIONAL DE CARDIOLOGÍA IGNACIO CHÁVEZ,SSA,Crítica,Media,"19.290598, -99.153838"
2020-12-23,CITIBANAMEX,SSA,Media,Crítica,"19.439732, -99.224235"
2020-12-23,HOSPITAL REGIONAL DE ALTA ESPECIALIDAD DE IXTAPALUCA,SSA,Media,Crítica,"19.318796, -98.855353"
2020-12-23,BELISARIO DOMINGUEZ,SEDESA,Media,Media,"19.307226, -99.065356"
2020-12-23,ENRIQUE CABRERA,SEDESA,Crítica,Media,"19.361675, -99.224432"
2020-12-23,GENERAL TLAHUAC,SEDESA,Crítica,Buena,"19.287492, -99.052665"
2020-12-23,PEDIATRICO DE LA VILLA,SEDESA,Buena,Buena,"19.487355, -99.114316"
2020-12-23,HOSPITAL GENERAL AJUSCO MEDIO,SEDESA,Crítica,Crítica,"19.272165, -99.207846"
2020-12-23,HOSPITAL GENERAL IZTAPALAPA,SEDESA,Media,Media,"19.343426, -99.027236"
2020-12-23,HOSPITAL GENERAL XOCO,SEDESA,Crítica,Media,"19.360313, -99.162275"
2020-12-23,HOSPITAL GENERAL VILLA,SEDESA,Crítica,Media,"19.480079, -99.103353"
2020-12-23,HOSPITAL GENERAL DR. RUBÉN LEÑERO,SEDESA,Crítica,Media,"19.451398, -99.169565"
2020-12-23,HOSPITAL GENERAL MILPA ALTA,SEDESA,Crítica,Buena,"19.200951, -99.011210"
2020-12-23,HOSPITAL GENERAL BALBUENA,SEDESA,Media,Media,"19.424195, -99.115412"
2020-12-23,HOSPITAL TEPEPAN,SEDESA,Sin Dato,Sin Dato,"19.275806, -99.144298"
2020-12-23,HOSPITAL DE ESPECIALIDADES 01 CMN SIGLO XXI (CDMX SUR),IMSS,Media,Crítica,"19.466549, -99.145102"
2020-12-23,HOSPITAL DE PEDIATRIA 01 CMN SIGLO XXI (CDMX SUR),IMSS,Buena,Buena,"19.407458, -99.152267"
2020-12-23,HOSPITAL GENERAL DE ZONA 01 CARLOS MC GREGOR (CDMX SUR),IMSS,Crítica,Crítica,"19.395912, -99.161610"
2020-12-23,HOSPITAL GENERAL DE ZONA 1A PARQUE DE LOS VENADOS (CDMX SUR),IMSS,Crítica,Crítica,"19.374431, -99.151203"
2020-12-23,HOSPITAL DE INFECTOLOGIA 01 LA RAZA (CDMX NORTE),IMSS,Crítica,Media,"19.464865, -99.144859"
2020-12-23,HOSPITAL GENERAL 01 (CDMX NORTE) LA RAZA,IMSS,Crítica,Crítica,"19.395740, -99.161677"
2020-12-23,HOSPITAL GENERAL DE ZONA 24 (CDMX NORTE),IMSS,Crítica,Crítica,"19.483221, -99.128448"
2020-12-23,HOSPITAL GENERAL DE ZONA 27 (CDMX NORTE),IMSS,Crítica,Crítica,"19.454776, -99.140007"
2020-12-23,HOSPITAL GENERAL DE ZONA 2A (CDMX SUR),IMSS,Media,Crítica,"19.405495, -99.112200"
2020-12-23,HOSPITAL GENERAL DE ZONA 30 (CDMX SUR),IMSS,Crítica,Buena,"19.398836, -99.116913"
2020-12-23,HOSPITAL GENERAL DE ZONA 32 (CDMX SUR),IMSS,Crítica,Crítica,"19.307964, -99.130677"
2020-12-23,HOSPITAL GENERAL DE ZONA C/MF 08 (CDMX SUR),IMSS,Crítica,Media,"19.337137, -99.200142"
2020-12-23,HOSPITAL GENERAL DE ZONA C/UMAA 48 (CDMX NORTE),IMSS,Crítica,Crítica,"19.482375, -99.213046"
2020-12-23,HOSPITAL GENERAL 02 (CDMX SUR) VILLA COAPA (COY.),IMSS,Crítica,Buena,"19.309194, -99.129593"
2020-12-23,HOSPITAL DE ESPECIALIDADES 01 (CDMX NORTE) LA RAZA (AZC),IMSS,Crítica,Media,"19.467169, -99.143785"
2020-12-23,HOSPITAL GENERAL DE ZONA C/MF 29 (S. JUAN ARAGÓN),IMSS,Crítica,Buena,"19.465117, -99.085162"
2020-12-23,HOSPITAL GENERAL DE ZONA 47 (CDMX SUR) (IZP),IMSS,Crítica,Media,"19.357566, -99.054269"
2020-12-23,UNIDAD MÓVIL TEMPORAL COVID,IMSS,Crítica,Media,"19.403082, -99.089177"
2020-12-23,CRIT IZTAPALAPA,IMSS,Sin Dato,Sin Dato,"19.328321, -99.068530"
2020-12-23,HOSPITAL GENERAL REGIONAL 72,IMSS,Crítica,Media,"19.356913, -98.990929"
2020-12-23,HOSPITAL GENERAL REGIONAL 196,IMSS,Crítica,Media,"19.515133, -98.891450"
2020-12-23,HOSPITAL GENERAL REGIONAL 200,IMSS,Crítica,Crítica,"19.470300, -99.234208"
2020-12-23,HOSPITAL GENERAL DE ZONA 53,IMSS,Crítica,Crítica,"19.597387, -99.188426"
2020-12-23,HOSPITAL GENERAL DE ZONA 197,IMSS,Media,Media,"19.530797, -99.222446"
2020-12-23,HOSPITAL GENERAL DE ZONA 194,IMSS,Media,Crítica,"19.570070, -99.044009"
2020-12-23,HOSPITAL GENERAL DE ZONA 57 (LA QUEBRADA),IMSS,Crítica,Media,"19.542797, -99.205022"
2020-12-23,HOSPITAL GENERAL DE ZONA 58 (LAS MARGARITAS),IMSS,Crítica,Crítica,"19.529016, -99.030983"
2020-12-23,HOSPITAL GENERAL DE ZONA 68 (TULPETLAC),IMSS,Crítica,Crítica,"19.742905, -98.972971"
2020-12-23,HOSPITAL GENERAL DE ZONA 71 (CHALCO),IMSS,Crítica,Media,"19.356913, -98.990929"
2020-12-23,HOSPITAL GENERAL DE ZONA 76 (XALOSTOC),IMSS,Crítica,Media,"19.515133, -98.891450"
2020-12-23,HOSPITAL GENERAL DE ZONA 98 (COACALCO),IMSS,Crítica,Buena,"19.470300, -99.234208"
2020-12-23,CRIT NEZAHUALCÓYOTL,IMSS,Sin Dato,Sin Dato,"19.425795, -99.029987"
2020-12-23,CENTRO MEDICO 20 DE NOVIEMBRE,ISSSTE,Crítica,Media,"19.372720, -99.171205"
2020-12-23,HG DARIO FERNANDEZ FIERRO,ISSSTE,Crítica,Media,"19.363602, -99.188608"
2020-12-23,HG JOSE MARIA MORELOS,ISSSTE,Crítica,Media,"19.363918, -98.995393"
2020-12-23,HG TACUBA,ISSSTE,Crítica,Media,"19.454384, -99.191231"
2020-12-23,HG DR FERNANDO QUIROZ,ISSSTE,Crítica,Media,"19.394242, -99.194187"
2020-12-23,HG IGNACIO ZARAGOZA,ISSSTE,Media,Media,"19.389472, -99.045019"
2020-12-23,HR PRIMERO DE OCTUBRE,ISSSTE,Media,Buena,"19.486751, -99.133249"
2020-12-23,HR LIC. ADOLFO LÓPEZ MATEOS,ISSSTE,Media,Media,"19.358451, -99.172716"
2020-12-23,HR BICENTENARIO DE LA INDEPENDENCIA,ISSSTE,Crítica,Media,"19.628814, -99.163343"
2020-12-23,ALTA ESPECIALIDAD DE ZUMPANGO,EDOMEX,Buena,Media,"19.815198, -99.089196"
2020-12-23,HOSPITAL REGIONAL TLALNEPANTLA ISSEMYM,EDOMEX,Crítica,Media,"19.521706, -99.187341"
2020-12-23,"HOSPITAL GENERAL ECATEPEC ""LAS AMÉRICAS""",EDOMEX,Buena,Media,"19.594136, -99.018679"
2020-12-23,"HOSPITAL GENERAL DE NAUCALPAN ""DR. MAXIMILIANO RUIZ CASTAÑEDA"" ",EDOMEX,Buena,Crítica,"19.468662, -99.234348"
2020-12-23,"HOSPITAL GENERAL ATIZAPAN DE ZARAGOZA ""DR. SALVADOR GONZALEZ HERREJÓN""",EDOMEX,Buena,Media,"19.546322, -99.237491"
2020-12-23,"HOSPITAL GENERAL CUAUTITLAN ""GRAL. JOSE VICENTE VILLADA""",EDOMEX,Media,Media,"19.664586, -99.178557"
2020-12-23,"HOSPITAL GENERAL DE NEZAHUALCOYOTL ""GUSTAVO BAZ PRADA""",EDOMEX,Buena,Crítica,"19.422253, -99.014892"
2020-12-23,"HOSPITAL GENERAL DE ECATEPEC ""JOSÉ MARÍA RODRÍGUEZ""",EDOMEX,Buena,Media,"19.514412, -99.038087"
2020-12-23,"HOSPITAL GENERAL NEZAHUALCOYOTL ""LA PERLA"" ",EDOMEX,Buena,Buena,"19.387963, -98.989442"
2020-12-23,HOSPITAL GENERAL DE CHIMALHUACAN,EDOMEX,Buena,Crítica,"19.419753, -98.975140"
2020-12-23,"HOSPITAL GENERAL DE IXTAPALUCA ""PEDRO LOPEZ""",EDOMEX,Buena,Buena,"19.318829, -98.855366"
2020-12-23,HOSPITAL GENERAL DE CHALCO ,EDOMEX,Media,Crítica,"19.268265, -98.893965"
2020-12-23,"HOSPITAL GENERAL TEXCOCO ""GUADALUPE VICTORIA"" BICENTENARIO ",EDOMEX,Media,Buena,"19.514309, -98.871750"
2020-12-23,"HOSPITAL GENERAL VALLE DE CHALCO ""DR. FERNANDO QUIROZ GUTIERREZ"" ",EDOMEX,Buena,Media,"19.273775, -98.941609"
2020-12-23,"HOSPITAL GENERAL AMECAMECA ""VALENTIN GOMEZ FARIAS"" ",EDOMEX,Buena,Media,"19.144883, -98.785072"
2020-12-23,HOSPITAL GENERAL DE AXAPUSCO,EDOMEX,Media,Media,"19.732872, -98.769445"
2020-12-24,INSTITUTO NACIONAL DE NUTRICIÓN,SSA,Crítica,Crítica,"19.289599, -99.155441"
2020-12-24,INER,SSA,Buena,Crítica,"19.291375, -99.158653"
2020-12-24,HOSPITAL GENERAL DE MÉXICO,SSA,Media,Crítica,"19.4129258, -99.1520225"
2020-12-24,HOSPITAL JUAREZ,SSA,Media,Media,"19.481829, -99.135576"
2020-12-24,HOSPITAL GENERAL DR. MANUEL GEA GONZÁLEZ,SSA,Media,Crítica,"19.290295, -99.160861"
2020-12-24,HOSPITAL INFANTIL DE MÉXICO FEDERICO GÓMEZ,SSA,Media,Buena,"19.410839, -99.151941"
2020-12-24,INSTITUTO  NACIONAL DE CARDIOLOGÍA IGNACIO CHÁVEZ,SSA,Crítica,Crítica,"19.290598, -99.153838"
2020-12-24,CITIBANAMEX,SSA,Media,Crítica,"19.439732, -99.224235"
2020-12-24,HOSPITAL REGIONAL DE ALTA ESPECIALIDAD DE IXTAPALUCA,SSA,Crítica,Crítica,"19.318796, -98.855353"
2020-12-24,BELISARIO DOMINGUEZ,SEDESA,Media,Media,"19.307226, -99.065356"
2020-12-24,ENRIQUE CABRERA,SEDESA,Crítica,Media,"19.361675, -99.224432"
2020-12-24,GENERAL TLAHUAC,SEDESA,Crítica,Buena,"19.287492, -99.052665"
2020-12-24,PEDIATRICO DE LA VILLA,SEDESA,Buena,Buena,"19.487355, -99.114316"
2020-12-24,HOSPITAL GENERAL AJUSCO MEDIO,SEDESA,Crítica,Crítica,"19.272165, -99.207846"
2020-12-24,HOSPITAL GENERAL IZTAPALAPA,SEDESA,Media,Media,"19.343426, -99.027236"
2020-12-24,HOSPITAL GENERAL XOCO,SEDESA,Crítica,Media,"19.360313, -99.162275"
2020-12-24,HOSPITAL GENERAL VILLA,SEDESA,Crítica,Media,"19.480079, -99.103353"
2020-12-24,HOSPITAL GENERAL DR. RUBÉN LEÑERO,SEDESA,Media,Media,"19.451398, -99.169565"
2020-12-24,HOSPITAL GENERAL MILPA ALTA,SEDESA,Crítica,Buena,"19.200951, -99.011210"
2020-12-24,HOSPITAL GENERAL BALBUENA,SEDESA,Media,Buena,"19.424195, -99.115412"
2020-12-24,HOSPITAL TEPEPAN,SEDESA,Sin Dato,Sin Dato,"19.275806, -99.144298"
2020-12-24,HOSPITAL DE ESPECIALIDADES 01 CMN SIGLO XXI (CDMX SUR),IMSS,Buena,Crítica,"19.466549, -99.145102"
2020-12-24,HOSPITAL DE PEDIATRIA 01 CMN SIGLO XXI (CDMX SUR),IMSS,Buena,Buena,"19.407458, -99.152267"
2020-12-24,HOSPITAL GENERAL DE ZONA 01 CARLOS MC GREGOR (CDMX SUR),IMSS,Crítica,Media,"19.395912, -99.161610"
2020-12-24,HOSPITAL GENERAL DE ZONA 1A PARQUE DE LOS VENADOS (CDMX SUR),IMSS,Crítica,Crítica,"19.374431, -99.151203"
2020-12-24,HOSPITAL DE INFECTOLOGIA 01 LA RAZA (CDMX NORTE),IMSS,Crítica,Buena,"19.464865, -99.144859"
2020-12-24,HOSPITAL GENERAL 01 (CDMX NORTE) LA RAZA,IMSS,Crítica,Crítica,"19.395740, -99.161677"
2020-12-24,HOSPITAL GENERAL DE ZONA 24 (CDMX NORTE),IMSS,Media,Crítica,"19.483221, -99.128448"
2020-12-24,HOSPITAL GENERAL DE ZONA 27 (CDMX NORTE),IMSS,Crítica,Crítica,"19.454776, -99.140007"
2020-12-24,HOSPITAL GENERAL DE ZONA 2A (CDMX SUR),IMSS,Media,Crítica,"19.405495, -99.112200"
2020-12-24,HOSPITAL GENERAL DE ZONA 30 (CDMX SUR),IMSS,Crítica,Media,"19.398836, -99.116913"
2020-12-24,HOSPITAL GENERAL DE ZONA 32 (CDMX SUR),IMSS,Crítica,Crítica,"19.307964, -99.130677"
2020-12-24,HOSPITAL GENERAL DE ZONA C/MF 08 (CDMX SUR),IMSS,Crítica,Media,"19.337137, -99.200142"
2020-12-24,HOSPITAL GENERAL DE ZONA C/UMAA 48 (CDMX NORTE),IMSS,Crítica,Crítica,"19.482375, -99.213046"
2020-12-24,HOSPITAL GENERAL 02 (CDMX SUR) VILLA COAPA (COY.),IMSS,Crítica,Buena,"19.309194, -99.129593"
2020-12-24,HOSPITAL DE ESPECIALIDADES 01 (CDMX NORTE) LA RAZA (AZC),IMSS,Crítica,Buena,"19.467169, -99.143785"
2020-12-24,HOSPITAL GENERAL DE ZONA C/MF 29 (S. JUAN ARAGÓN),IMSS,Crítica,Buena,"19.465117, -99.085162"
2020-12-24,HOSPITAL GENERAL DE ZONA 47 (CDMX SUR) (IZP),IMSS,Media,Media,"19.357566, -99.054269"
2020-12-24,UNIDAD MÓVIL TEMPORAL COVID,IMSS,Crítica,Crítica,"19.403082, -99.089177"
2020-12-24,CRIT IZTAPALAPA,IMSS,Sin Dato,Sin Dato,"19.328321, -99.068530"
2020-12-24,HOSPITAL GENERAL REGIONAL 72,IMSS,Crítica,Media,"19.356913, -98.990929"
2020-12-24,HOSPITAL GENERAL REGIONAL 196,IMSS,Crítica,Media,"19.515133, -98.891450"
2020-12-24,HOSPITAL GENERAL REGIONAL 200,IMSS,Crítica,Crítica,"19.470300, -99.234208"
2020-12-24,HOSPITAL GENERAL DE ZONA 53,IMSS,Crítica,Crítica,"19.597387, -99.188426"
2020-12-24,HOSPITAL GENERAL DE ZONA 197,IMSS,Media,Media,"19.530797, -99.222446"
2020-12-24,HOSPITAL GENERAL DE ZONA 194,IMSS,Crítica,Crítica,"19.570070, -99.044009"
2020-12-24,HOSPITAL GENERAL DE ZONA 57 (LA QUEBRADA),IMSS,Crítica,Media,"19.542797, -99.205022"
2020-12-24,HOSPITAL GENERAL DE ZONA 58 (LAS MARGARITAS),IMSS,Crítica,Crítica,"19.529016, -99.030983"
2020-12-24,HOSPITAL GENERAL DE ZONA 68 (TULPETLAC),IMSS,Crítica,Crítica,"19.742905, -98.972971"
2020-12-24,HOSPITAL GENERAL DE ZONA 71 (CHALCO),IMSS,Crítica,Buena,"19.356913, -98.990929"
2020-12-24,HOSPITAL GENERAL DE ZONA 76 (XALOSTOC),IMSS,Crítica,Media,"19.515133, -98.891450"
2020-12-24,HOSPITAL GENERAL DE ZONA 98 (COACALCO),IMSS,Crítica,Media,"19.470300, -99.234208"
2020-12-24,CRIT NEZAHUALCÓYOTL,IMSS,Sin Dato,Sin Dato,"19.425795, -99.029987"
2020-12-24,CENTRO MEDICO 20 DE NOVIEMBRE,ISSSTE,Crítica,Media,"19.372720, -99.171205"
2020-12-24,HG DARIO FERNANDEZ FIERRO,ISSSTE,Crítica,Media,"19.363602, -99.188608"
2020-12-24,HG JOSE MARIA MORELOS,ISSSTE,Crítica,Media,"19.363918, -98.995393"
2020-12-24,HG TACUBA,ISSSTE,Crítica,Buena,"19.454384, -99.191231"
2020-12-24,HG DR FERNANDO QUIROZ,ISSSTE,Crítica,Media,"19.394242, -99.194187"
2020-12-24,HG IGNACIO ZARAGOZA,ISSSTE,Media,Media,"19.389472, -99.045019"
2020-12-24,HR PRIMERO DE OCTUBRE,ISSSTE,Crítica,Buena,"19.486751, -99.133249"
2020-12-24,HR LIC. ADOLFO LÓPEZ MATEOS,ISSSTE,Media,Media,"19.358451, -99.172716"
2020-12-24,HR BICENTENARIO DE LA INDEPENDENCIA,ISSSTE,Crítica,Media,"19.628814, -99.163343"
2020-12-24,HOSPITAL CENTRAL MILITAR,SEDENA,Crítica,Crítica,"19.4373709, -99.216054"
2020-12-24,HOSPITAL MILITAR DE ESPCIALIDADES DE LA MUJER Y NEONATOLOGÍA,SEDENA,Buena,Crítica,"19.4394142,-99.2207869"
2020-12-24,"UNIDAD OPERATIVA DE HOSPITALIZACIÓN COVID-19, 6/O. GRUPO DE MORTEROS 81 MM, CAMPO MILITAR NO. 1-A",SEDENA,Media,Sin Dato,"19.4463797,-99.2483637"
2020-12-24,"UNIDAD OPERATIVA DE TERAPIA Y HOSPITALIZACIÓN COVID-19, 22/O. BATALLÓN DE POLICÍA MILITAR, EL CHIVATITO",SEDENA,Crítica,Crítica,"19.4150009,-99.1841019"
2020-12-24,"UNIDAD OPERATIVA DE TERAPIA Y HOSPITALIZACIÓN COVID-19, 81/O. BATALLÓN DE INFANTERÍA, TLALPAN",SEDENA,Crítica,Crítica,"19.2646093,-99.1551676"
2020-12-24,H.M.Z. EL VERGEL IZTAPALAPA,SEDENA,Sin Dato,Sin Dato,"19.3131938,-99.0836122"
2020-12-24,H.M.Z. CAMPO MILITAR N1-A ,SEDENA,Sin Dato,Sin Dato,"19.3657943,-99.1492117"
2020-12-24,"HOSPITAL MILITAR DE ZONA, TEMAMANTLA, EDO. DE MÉXICO",SEDENA,Buena,Sin Dato,"19.188008,-98.856959"
2020-12-24,U.O.H. 6/O BATALLÓN DE FUERZAS ESPECIALES,SEDENA,Buena,Sin Dato,"19.1922707,-98.8578722"
2020-12-24,H.M.Z. SANTA MARÍA RAYÓN ,SEDENA,Sin Dato,Crítica,"19.1377854,-99.5966327"
2020-12-24,U.O.H. ALMOLOYA DE JUÁREZ ,SEDENA,Media,Sin Dato,"19.4035542,-99.7422616"
2020-12-24,CENTRO MÉDICO NAVAL,SEMAR,Crítica,Crítica,"19.3240164,-99.1274213"
2020-12-24,HOSPITAL CENTRAL SUR DE ALTA ESPECIALIDAD ,PEMEX,Crítica,Crítica,"19.3087458,-99.2209277"
2020-12-24,HOSPITAL CENTRAL NORTE,PEMEX,Crítica,Crítica,"19.479899,-99.2030617"
2020-12-24,ALTA ESPECIALIDAD DE ZUMPANGO,EDOMEX,Buena,Media,"19.815198, -99.089196"
2020-12-24,HOSPITAL REGIONAL TLALNEPANTLA ISSEMYM,EDOMEX,Crítica,Media,"19.521706, -99.187341"
2020-12-24,"HOSPITAL GENERAL ECATEPEC ""LAS AMÉRICAS""",EDOMEX,Buena,Crítica,"19.594136, -99.018679"
2020-12-24,"HOSPITAL GENERAL DE NAUCALPAN ""DR. MAXIMILIANO RUIZ CASTAÑEDA"" ",EDOMEX,Buena,Crítica,"19.468662, -99.234348"
2020-12-24,"HOSPITAL GENERAL ATIZAPAN DE ZARAGOZA ""DR. SALVADOR GONZALEZ HERREJÓN""",EDOMEX,Buena,Media,"19.546322, -99.237491"
2020-12-24,"HOSPITAL GENERAL CUAUTITLAN ""GRAL. JOSE VICENTE VILLADA""",EDOMEX,Media,Media,"19.664586, -99.178557"
2020-12-24,"HOSPITAL GENERAL DE NEZAHUALCOYOTL ""GUSTAVO BAZ PRADA""",EDOMEX,Buena,Crítica,"19.422253, -99.014892"
2020-12-24,"HOSPITAL GENERAL DE ECATEPEC ""JOSÉ MARÍA RODRÍGUEZ""",EDOMEX,Buena,Media,"19.514412, -99.038087"
2020-12-24,"HOSPITAL GENERAL NEZAHUALCOYOTL ""LA PERLA"" ",EDOMEX,Buena,Buena,"19.387963, -98.989442"
2020-12-24,HOSPITAL GENERAL DE CHIMALHUACAN,EDOMEX,Buena,Crítica,"19.419753, -98.975140"
2020-12-24,"HOSPITAL GENERAL DE IXTAPALUCA ""PEDRO LOPEZ""",EDOMEX,Media,Buena,"19.318829, -98.855366"
2020-12-24,HOSPITAL GENERAL DE CHALCO ,EDOMEX,Media,Crítica,"19.268265, -98.893965"
2020-12-24,"HOSPITAL GENERAL TEXCOCO ""GUADALUPE VICTORIA"" BICENTENARIO ",EDOMEX,Media,Buena,"19.514309, -98.871750"
2020-12-24,"HOSPITAL GENERAL VALLE DE CHALCO ""DR. FERNANDO QUIROZ GUTIERREZ"" ",EDOMEX,Buena,Buena,"19.273775, -98.941609"
2020-12-24,"HOSPITAL GENERAL AMECAMECA ""VALENTIN GOMEZ FARIAS"" ",EDOMEX,Buena,Buena,"19.144883, -98.785072"
2020-12-24,HOSPITAL GENERAL DE AXAPUSCO,EDOMEX,Crítica,Media,"19.732872, -98.769445"
2020-12-25,INSTITUTO NACIONAL DE NUTRICIÓN,SSA,Crítica,Crítica,"19.289599, -99.155441"
2020-12-25,INER,SSA,Buena,Crítica,"19.291375, -99.158653"
2020-12-25,HOSPITAL GENERAL DE MÉXICO,SSA,Media,Crítica,"19.4129258, -99.1520225"
2020-12-25,HOSPITAL JUAREZ,SSA,Crítica,Media,"19.481829, -99.135576"
2020-12-25,HOSPITAL GENERAL DR. MANUEL GEA GONZÁLEZ,SSA,Crítica,Crítica,"19.290295, -99.160861"
2020-12-25,HOSPITAL INFANTIL DE MÉXICO FEDERICO GÓMEZ,SSA,Media,Buena,"19.410839, -99.151941"
2020-12-25,INSTITUTO  NACIONAL DE CARDIOLOGÍA IGNACIO CHÁVEZ,SSA,Crítica,Crítica,"19.290598, -99.153838"
2020-12-25,CITIBANAMEX,SSA,Media,Crítica,"19.439732, -99.224235"
2020-12-25,HOSPITAL REGIONAL DE ALTA ESPECIALIDAD DE IXTAPALUCA,SSA,Crítica,Crítica,"19.318796, -98.855353"
2020-12-25,BELISARIO DOMINGUEZ,SEDESA,Media,Media,"19.307226, -99.065356"
2020-12-25,ENRIQUE CABRERA,SEDESA,Crítica,Media,"19.361675, -99.224432"
2020-12-25,GENERAL TLAHUAC,SEDESA,Crítica,Buena,"19.287492, -99.052665"
2020-12-25,PEDIATRICO DE LA VILLA,SEDESA,Buena,Buena,"19.487355, -99.114316"
2020-12-25,HOSPITAL GENERAL AJUSCO MEDIO,SEDESA,Crítica,Crítica,"19.272165, -99.207846"
2020-12-25,HOSPITAL GENERAL IZTAPALAPA,SEDESA,Media,Media,"19.343426, -99.027236"
2020-12-25,HOSPITAL GENERAL XOCO,SEDESA,Crítica,Media,"19.360313, -99.162275"
2020-12-25,HOSPITAL GENERAL VILLA,SEDESA,Crítica,Media,"19.480079, -99.103353"
2020-12-25,HOSPITAL GENERAL DR. RUBÉN LEÑERO,SEDESA,Crítica,Buena,"19.451398, -99.169565"
2020-12-25,HOSPITAL GENERAL MILPA ALTA,SEDESA,Crítica,Buena,"19.200951, -99.011210"
2020-12-25,HOSPITAL GENERAL BALBUENA,SEDESA,Media,Media,"19.424195, -99.115412"
2020-12-25,HOSPITAL TEPEPAN,SEDESA,Sin Dato,Sin Dato,"19.275806, -99.144298"
2020-12-25,HOSPITAL DE ESPECIALIDADES 01 CMN SIGLO XXI (CDMX SUR),IMSS,Media,Crítica,"19.466549, -99.145102"
2020-12-25,HOSPITAL DE PEDIATRIA 01 CMN SIGLO XXI (CDMX SUR),IMSS,Buena,Buena,"19.407458, -99.152267"
2020-12-25,HOSPITAL GENERAL DE ZONA 01 CARLOS MC GREGOR (CDMX SUR),IMSS,Crítica,Crítica,"19.395912, -99.161610"
2020-12-25,HOSPITAL GENERAL DE ZONA 1A PARQUE DE LOS VENADOS (CDMX SUR),IMSS,Media,Crítica,"19.374431, -99.151203"
2020-12-25,HOSPITAL DE INFECTOLOGIA 01 LA RAZA (CDMX NORTE),IMSS,Crítica,Buena,"19.464865, -99.144859"
2020-12-25,HOSPITAL GENERAL 01 (CDMX NORTE) LA RAZA,IMSS,Crítica,Crítica,"19.395740, -99.161677"
2020-12-25,HOSPITAL GENERAL DE ZONA 24 (CDMX NORTE),IMSS,Media,Crítica,"19.483221, -99.128448"
2020-12-25,HOSPITAL GENERAL DE ZONA 27 (CDMX NORTE),IMSS,Crítica,Crítica,"19.454776, -99.140007"
2020-12-25,HOSPITAL GENERAL DE ZONA 2A (CDMX SUR),IMSS,Media,Crítica,"19.405495, -99.112200"
2020-12-25,HOSPITAL GENERAL DE ZONA 30 (CDMX SUR),IMSS,Crítica,Media,"19.398836, -99.116913"
2020-12-25,HOSPITAL GENERAL DE ZONA 32 (CDMX SUR),IMSS,Crítica,Crítica,"19.307964, -99.130677"
2020-12-25,HOSPITAL GENERAL DE ZONA C/MF 08 (CDMX SUR),IMSS,Crítica,Media,"19.337137, -99.200142"
2020-12-25,HOSPITAL GENERAL DE ZONA C/UMAA 48 (CDMX NORTE),IMSS,Crítica,Crítica,"19.482375, -99.213046"
2020-12-25,HOSPITAL GENERAL 02 (CDMX SUR) VILLA COAPA (COY.),IMSS,Crítica,Buena,"19.309194, -99.129593"
2020-12-25,HOSPITAL DE ESPECIALIDADES 01 (CDMX NORTE) LA RAZA (AZC),IMSS,Crítica,Media,"19.467169, -99.143785"
2020-12-25,HOSPITAL GENERAL DE ZONA C/MF 29 (S. JUAN ARAGÓN),IMSS,Crítica,Buena,"19.465117, -99.085162"
2020-12-25,HOSPITAL GENERAL DE ZONA 47 (CDMX SUR) (IZP),IMSS,Crítica,Crítica,"19.357566, -99.054269"
2020-12-25,UNIDAD MÓVIL TEMPORAL COVID,IMSS,Crítica,Crítica,"19.403082, -99.089177"
2020-12-25,CRIT IZTAPALAPA,IMSS,Sin Dato,Sin Dato,"19.328321, -99.068530"
2020-12-25,HOSPITAL GENERAL REGIONAL 72,IMSS,Crítica,Media,"19.356913, -98.990929"
2020-12-25,HOSPITAL GENERAL REGIONAL 196,IMSS,Crítica,Media,"19.515133, -98.891450"
2020-12-25,HOSPITAL GENERAL REGIONAL 200,IMSS,Crítica,Media,"19.470300, -99.234208"
2020-12-25,HOSPITAL GENERAL DE ZONA 53,IMSS,Crítica,Crítica,"19.597387, -99.188426"
2020-12-25,HOSPITAL GENERAL DE ZONA 197,IMSS,Media,Buena,"19.530797, -99.222446"
2020-12-25,HOSPITAL GENERAL DE ZONA 194,IMSS,Crítica,Crítica,"19.570070, -99.044009"
2020-12-25,HOSPITAL GENERAL DE ZONA 57 (LA QUEBRADA),IMSS,Crítica,Media,"19.542797, -99.205022"
2020-12-25,HOSPITAL GENERAL DE ZONA 58 (LAS MARGARITAS),IMSS,Crítica,Media,"19.529016, -99.030983"
2020-12-25,HOSPITAL GENERAL DE ZONA 68 (TULPETLAC),IMSS,Crítica,Crítica,"19.742905, -98.972971"
2020-12-25,HOSPITAL GENERAL DE ZONA 71 (CHALCO),IMSS,Media,Crítica,"19.356913, -98.990929"
2020-12-25,HOSPITAL GENERAL DE ZONA 76 (XALOSTOC),IMSS,Crítica,Media,"19.515133, -98.891450"
2020-12-25,HOSPITAL GENERAL DE ZONA 98 (COACALCO),IMSS,Crítica,Buena,"19.470300, -99.234208"
2020-12-25,CRIT NEZAHUALCÓYOTL,IMSS,Sin Dato,Sin Dato,"19.425795, -99.029987"
2020-12-25,CENTRO MEDICO 20 DE NOVIEMBRE,ISSSTE,Media,Crítica,"19.372720, -99.171205"
2020-12-25,HG DARIO FERNANDEZ FIERRO,ISSSTE,Crítica,Media,"19.363602, -99.188608"
2020-12-25,HG JOSE MARIA MORELOS,ISSSTE,Media,Media,"19.363918, -98.995393"
2020-12-25,HG TACUBA,ISSSTE,Crítica,Buena,"19.454384, -99.191231"
2020-12-25,HG DR FERNANDO QUIROZ,ISSSTE,Crítica,Crítica,"19.394242, -99.194187"
2020-12-25,HG IGNACIO ZARAGOZA,ISSSTE,Crítica,Media,"19.389472, -99.045019"
2020-12-25,HR PRIMERO DE OCTUBRE,ISSSTE,Crítica,Buena,"19.486751, -99.133249"
2020-12-25,HR LIC. ADOLFO LÓPEZ MATEOS,ISSSTE,Media,Crítica,"19.358451, -99.172716"
2020-12-25,HR BICENTENARIO DE LA INDEPENDENCIA,ISSSTE,Crítica,Media,"19.628814, -99.163343"
2020-12-25,HOSPITAL CENTRAL MILITAR,SEDENA,Crítica,Crítica,"19.4373709, -99.216054"
2020-12-25,HOSPITAL MILITAR DE ESPCIALIDADES DE LA MUJER Y NEONATOLOGÍA,SEDENA,Crítica,Crítica,"19.4394142,-99.2207869"
2020-12-25,"UNIDAD OPERATIVA DE HOSPITALIZACIÓN COVID-19, 6/O. GRUPO DE MORTEROS 81 MM, CAMPO MILITAR NO. 1-A",SEDENA,Media,Sin Dato,"19.4463797,-99.2483637"
2020-12-25,"UNIDAD OPERATIVA DE TERAPIA Y HOSPITALIZACIÓN COVID-19, 22/O. BATALLÓN DE POLICÍA MILITAR, EL CHIVATITO",SEDENA,Crítica,Crítica,"19.4150009,-99.1841019"
2020-12-25,"UNIDAD OPERATIVA DE TERAPIA Y HOSPITALIZACIÓN COVID-19, 81/O. BATALLÓN DE INFANTERÍA, TLALPAN",SEDENA,Crítica,Crítica,"19.2646093,-99.1551676"
2020-12-25,H.M.Z. EL VERGEL IZTAPALAPA,SEDENA,Sin Dato,Sin Dato,"19.3131938,-99.0836122"
2020-12-25,H.M.Z. CAMPO MILITAR N1-A ,SEDENA,Sin Dato,Sin Dato,"19.3657943,-99.1492117"
2020-12-25,"HOSPITAL MILITAR DE ZONA, TEMAMANTLA, EDO. DE MÉXICO",SEDENA,Buena,Sin Dato,"19.188008,-98.856959"
2020-12-25,U.O.H. 6/O BATALLÓN DE FUERZAS ESPECIALES,SEDENA,Media,Sin Dato,"19.1922707,-98.8578722"
2020-12-25,H.M.Z. SANTA MARÍA RAYÓN ,SEDENA,Sin Dato,Crítica,"19.1377854,-99.5966327"
2020-12-25,U.O.H. ALMOLOYA DE JUÁREZ ,SEDENA,Media,Sin Dato,"19.4035542,-99.7422616"
2020-12-25,CENTRO MÉDICO NAVAL,SEMAR,Crítica,Crítica,"19.3240164,-99.1274213"
2020-12-25,HOSPITAL CENTRAL SUR DE ALTA ESPECIALIDAD ,PEMEX,Media,Crítica,"19.3087458,-99.2209277"
2020-12-25,HOSPITAL CENTRAL NORTE,PEMEX,Crítica,Crítica,"19.479899,-99.2030617"
2020-12-25,ALTA ESPECIALIDAD DE ZUMPANGO,EDOMEX,Buena,Media,"19.815198, -99.089196"
2020-12-25,HOSPITAL REGIONAL TLALNEPANTLA ISSEMYM,EDOMEX,Crítica,Media,"19.521706, -99.187341"
2020-12-25,"HOSPITAL GENERAL ECATEPEC ""LAS AMÉRICAS""",EDOMEX,Buena,Media,"19.594136, -99.018679"
2020-12-25,"HOSPITAL GENERAL DE NAUCALPAN ""DR. MAXIMILIANO RUIZ CASTAÑEDA"" ",EDOMEX,Buena,Crítica,"19.468662, -99.234348"
2020-12-25,"HOSPITAL GENERAL ATIZAPAN DE ZARAGOZA ""DR. SALVADOR GONZALEZ HERREJÓN""",EDOMEX,Buena,Media,"19.546322, -99.237491"
2020-12-25,"HOSPITAL GENERAL CUAUTITLAN ""GRAL. JOSE VICENTE VILLADA""",EDOMEX,Crítica,Media,"19.664586, -99.178557"
2020-12-25,"HOSPITAL GENERAL DE NEZAHUALCOYOTL ""GUSTAVO BAZ PRADA""",EDOMEX,Buena,Crítica,"19.422253, -99.014892"
2020-12-25,"HOSPITAL GENERAL DE ECATEPEC ""JOSÉ MARÍA RODRÍGUEZ""",EDOMEX,Buena,Buena,"19.514412, -99.038087"
2020-12-25,"HOSPITAL GENERAL NEZAHUALCOYOTL ""LA PERLA"" ",EDOMEX,Buena,Buena,"19.387963, -98.989442"
2020-12-25,HOSPITAL GENERAL DE CHIMALHUACAN,EDOMEX,Buena,Crítica,"19.419753, -98.975140"
2020-12-25,"HOSPITAL GENERAL DE IXTAPALUCA ""PEDRO LOPEZ""",EDOMEX,Media,Buena,"19.318829, -98.855366"
2020-12-25,HOSPITAL GENERAL DE CHALCO ,EDOMEX,Media,Crítica,"19.268265, -98.893965"
2020-12-25,"HOSPITAL GENERAL TEXCOCO ""GUADALUPE VICTORIA"" BICENTENARIO ",EDOMEX,Media,Buena,"19.514309, -98.871750"
2020-12-25,"HOSPITAL GENERAL VALLE DE CHALCO ""DR. FERNANDO QUIROZ GUTIERREZ"" ",EDOMEX,Media,Media,"19.273775, -98.941609"
2020-12-25,"HOSPITAL GENERAL AMECAMECA ""VALENTIN GOMEZ FARIAS"" ",EDOMEX,Buena,Buena,"19.144883, -98.785072"
2020-12-25,HOSPITAL GENERAL DE AXAPUSCO,EDOMEX,Crítica,Media,"19.732872, -98.769445"
2020-12-26,INSTITUTO NACIONAL DE NUTRICIÓN,SSA,Crítica,Crítica,"19.289599, -99.155441"
2020-12-26,INER,SSA,Buena,Crítica,"19.291375, -99.158653"
2020-12-26,HOSPITAL GENERAL DE MÉXICO,SSA,Media,Crítica,"19.4129258, -99.1520225"
2020-12-26,HOSPITAL JUAREZ,SSA,Crítica,Media,"19.481829, -99.135576"
2020-12-26,HOSPITAL GENERAL DR. MANUEL GEA GONZÁLEZ,SSA,Media,Crítica,"19.290295, -99.160861"
2020-12-26,HOSPITAL INFANTIL DE MÉXICO FEDERICO GÓMEZ,SSA,Media,Buena,"19.410839, -99.151941"
2020-12-26,INSTITUTO  NACIONAL DE CARDIOLOGÍA IGNACIO CHÁVEZ,SSA,Crítica,Media,"19.290598, -99.153838"
2020-12-26,CITIBANAMEX,SSA,Media,Crítica,"19.439732, -99.224235"
2020-12-26,HOSPITAL REGIONAL DE ALTA ESPECIALIDAD DE IXTAPALUCA,SSA,Crítica,Crítica,"19.318796, -98.855353"
2020-12-26,BELISARIO DOMINGUEZ,SEDESA,Media,Media,"19.307226, -99.065356"
2020-12-26,ENRIQUE CABRERA,SEDESA,Crítica,Media,"19.361675, -99.224432"
2020-12-26,GENERAL TLAHUAC,SEDESA,Crítica,Media,"19.287492, -99.052665"
2020-12-26,PEDIATRICO DE LA VILLA,SEDESA,Buena,Buena,"19.487355, -99.114316"
2020-12-26,HOSPITAL GENERAL AJUSCO MEDIO,SEDESA,Crítica,Crítica,"19.272165, -99.207846"
2020-12-26,HOSPITAL GENERAL IZTAPALAPA,SEDESA,Media,Crítica,"19.343426, -99.027236"
2020-12-26,HOSPITAL GENERAL XOCO,SEDESA,Crítica,Media,"19.360313, -99.162275"
2020-12-26,HOSPITAL GENERAL VILLA,SEDESA,Crítica,Media,"19.480079, -99.103353"
2020-12-26,HOSPITAL GENERAL DR. RUBÉN LEÑERO,SEDESA,Media,Media,"19.451398, -99.169565"
2020-12-26,HOSPITAL GENERAL MILPA ALTA,SEDESA,Crítica,Media,"19.200951, -99.011210"
2020-12-26,HOSPITAL GENERAL BALBUENA,SEDESA,Media,Buena,"19.424195, -99.115412"
2020-12-26,HOSPITAL TEPEPAN,SEDESA,Sin Dato,Sin Dato,"19.275806, -99.144298"
2020-12-26,HOSPITAL DE ESPECIALIDADES 01 CMN SIGLO XXI (CDMX SUR),IMSS,Buena,Crítica,"19.466549, -99.145102"
2020-12-26,HOSPITAL DE PEDIATRIA 01 CMN SIGLO XXI (CDMX SUR),IMSS,Buena,Buena,"19.407458, -99.152267"
2020-12-26,HOSPITAL GENERAL DE ZONA 01 CARLOS MC GREGOR (CDMX SUR),IMSS,Crítica,Crítica,"19.395912, -99.161610"
2020-12-26,HOSPITAL GENERAL DE ZONA 1A PARQUE DE LOS VENADOS (CDMX SUR),IMSS,Crítica,Crítica,"19.374431, -99.151203"
2020-12-26,HOSPITAL DE INFECTOLOGIA 01 LA RAZA (CDMX NORTE),IMSS,Crítica,Media,"19.464865, -99.144859"
2020-12-26,HOSPITAL GENERAL 01 (CDMX NORTE) LA RAZA,IMSS,Media,Crítica,"19.395740, -99.161677"
2020-12-26,HOSPITAL GENERAL DE ZONA 24 (CDMX NORTE),IMSS,Media,Crítica,"19.483221, -99.128448"
2020-12-26,HOSPITAL GENERAL DE ZONA 27 (CDMX NORTE),IMSS,Media,Crítica,"19.454776, -99.140007"
2020-12-26,HOSPITAL GENERAL DE ZONA 2A (CDMX SUR),IMSS,Media,Crítica,"19.405495, -99.112200"
2020-12-26,HOSPITAL GENERAL DE ZONA 30 (CDMX SUR),IMSS,Crítica,Media,"19.398836, -99.116913"
2020-12-26,HOSPITAL GENERAL DE ZONA 32 (CDMX SUR),IMSS,Crítica,Crítica,"19.307964, -99.130677"
2020-12-26,HOSPITAL GENERAL DE ZONA C/MF 08 (CDMX SUR),IMSS,Media,Media,"19.337137, -99.200142"
2020-12-26,HOSPITAL GENERAL DE ZONA C/UMAA 48 (CDMX NORTE),IMSS,Crítica,Crítica,"19.482375, -99.213046"
2020-12-26,HOSPITAL GENERAL 02 (CDMX SUR) VILLA COAPA (COY.),IMSS,Crítica,Buena,"19.309194, -99.129593"
2020-12-26,HOSPITAL DE ESPECIALIDADES 01 (CDMX NORTE) LA RAZA (AZC),IMSS,Media,Media,"19.467169, -99.143785"
2020-12-26,HOSPITAL GENERAL DE ZONA C/MF 29 (S. JUAN ARAGÓN),IMSS,Crítica,Media,"19.465117, -99.085162"
2020-12-26,HOSPITAL GENERAL DE ZONA 47 (CDMX SUR) (IZP),IMSS,Media,Crítica,"19.357566, -99.054269"
2020-12-26,UNIDAD MÓVIL TEMPORAL COVID,IMSS,Crítica,Crítica,"19.403082, -99.089177"
2020-12-26,CRIT IZTAPALAPA,IMSS,Sin Dato,Sin Dato,"19.328321, -99.068530"
2020-12-26,HOSPITAL GENERAL REGIONAL 72,IMSS,Crítica,Media,"19.356913, -98.990929"
2020-12-26,HOSPITAL GENERAL REGIONAL 196,IMSS,Crítica,Crítica,"19.515133, -98.891450"
2020-12-26,HOSPITAL GENERAL REGIONAL 200,IMSS,Crítica,Media,"19.470300, -99.234208"
2020-12-26,HOSPITAL GENERAL DE ZONA 53,IMSS,Crítica,Crítica,"19.597387, -99.188426"
2020-12-26,HOSPITAL GENERAL DE ZONA 197,IMSS,Crítica,Media,"19.530797, -99.222446"
2020-12-26,HOSPITAL GENERAL DE ZONA 194,IMSS,Crítica,Crítica,"19.570070, -99.044009"
2020-12-26,HOSPITAL GENERAL DE ZONA 57 (LA QUEBRADA),IMSS,Crítica,Media,"19.542797, -99.205022"
2020-12-26,HOSPITAL GENERAL DE ZONA 58 (LAS MARGARITAS),IMSS,Crítica,Crítica,"19.529016, -99.030983"
2020-12-26,HOSPITAL GENERAL DE ZONA 68 (TULPETLAC),IMSS,Crítica,Crítica,"19.742905, -98.972971"
2020-12-26,HOSPITAL GENERAL DE ZONA 71 (CHALCO),IMSS,Crítica,Media,"19.356913, -98.990929"
2020-12-26,HOSPITAL GENERAL DE ZONA 76 (XALOSTOC),IMSS,Crítica,Media,"19.515133, -98.891450"
2020-12-26,HOSPITAL GENERAL DE ZONA 98 (COACALCO),IMSS,Crítica,Media,"19.470300, -99.234208"
2020-12-26,CRIT NEZAHUALCÓYOTL,IMSS,Sin Dato,Sin Dato,"19.425795, -99.029987"
2020-12-26,CENTRO MEDICO 20 DE NOVIEMBRE,ISSSTE,Media,Crítica,"19.372720, -99.171205"
2020-12-26,HG DARIO FERNANDEZ FIERRO,ISSSTE,Crítica,Media,"19.363602, -99.188608"
2020-12-26,HG JOSE MARIA MORELOS,ISSSTE,Media,Media,"19.363918, -98.995393"
2020-12-26,HG TACUBA,ISSSTE,Crítica,Media,"19.454384, -99.191231"
2020-12-26,HG DR FERNANDO QUIROZ,ISSSTE,Crítica,Crítica,"19.394242, -99.194187"
2020-12-26,HG IGNACIO ZARAGOZA,ISSSTE,Media,Media,"19.389472, -99.045019"
2020-12-26,HR PRIMERO DE OCTUBRE,ISSSTE,Crítica,Buena,"19.486751, -99.133249"
2020-12-26,HR LIC. ADOLFO LÓPEZ MATEOS,ISSSTE,Media,Media,"19.358451, -99.172716"
2020-12-26,HR BICENTENARIO DE LA INDEPENDENCIA,ISSSTE,Crítica,Media,"19.628814, -99.163343"
2020-12-26,HOSPITAL CENTRAL MILITAR,SEDENA,Crítica,Crítica,"19.4373709, -99.216054"
2020-12-26,HOSPITAL MILITAR DE ESPCIALIDADES DE LA MUJER Y NEONATOLOGÍA,SEDENA,Crítica,Crítica,"19.4394142,-99.2207869"
2020-12-26,"UNIDAD OPERATIVA DE HOSPITALIZACIÓN COVID-19, 6/O. GRUPO DE MORTEROS 81 MM, CAMPO MILITAR NO. 1-A",SEDENA,Media,Sin Dato,"19.4463797,-99.2483637"
2020-12-26,"UNIDAD OPERATIVA DE TERAPIA Y HOSPITALIZACIÓN COVID-19, 22/O. BATALLÓN DE POLICÍA MILITAR, EL CHIVATITO",SEDENA,Crítica,Crítica,"19.4150009,-99.1841019"
2020-12-26,"UNIDAD OPERATIVA DE TERAPIA Y HOSPITALIZACIÓN COVID-19, 81/O. BATALLÓN DE INFANTERÍA, TLALPAN",SEDENA,Crítica,Crítica,"19.2646093,-99.1551676"
2020-12-26,H.M.Z. EL VERGEL IZTAPALAPA,SEDENA,Sin Dato,Sin Dato,"19.3131938,-99.0836122"
2020-12-26,H.M.Z. CAMPO MILITAR N1-A ,SEDENA,Sin Dato,Sin Dato,"19.3657943,-99.1492117"
2020-12-26,"HOSPITAL MILITAR DE ZONA, TEMAMANTLA, EDO. DE MÉXICO",SEDENA,Buena,Sin Dato,"19.188008,-98.856959"
2020-12-26,U.O.H. 6/O BATALLÓN DE FUERZAS ESPECIALES,SEDENA,Buena,Sin Dato,"19.1922707,-98.8578722"
2020-12-26,H.M.Z. SANTA MARÍA RAYÓN ,SEDENA,Sin Dato,Crítica,"19.1377854,-99.5966327"
2020-12-26,U.O.H. ALMOLOYA DE JUÁREZ ,SEDENA,Media,Sin Dato,"19.4035542,-99.7422616"
2020-12-26,CENTRO MÉDICO NAVAL,SEMAR,Crítica,Crítica,"19.3240164,-99.1274213"
2020-12-26,HOSPITAL CENTRAL SUR DE ALTA ESPECIALIDAD ,PEMEX,Media,Crítica,"19.3087458,-99.2209277"
2020-12-26,HOSPITAL CENTRAL NORTE,PEMEX,Crítica,Crítica,"19.479899,-99.2030617"
2020-12-26,ALTA ESPECIALIDAD DE ZUMPANGO,EDOMEX,Buena,Media,"19.815198, -99.089196"
2020-12-26,HOSPITAL REGIONAL TLALNEPANTLA ISSEMYM,EDOMEX,Crítica,Media,"19.521706, -99.187341"
2020-12-26,"HOSPITAL GENERAL ECATEPEC ""LAS AMÉRICAS""",EDOMEX,Media,Media,"19.594136, -99.018679"
2020-12-26,"HOSPITAL GENERAL DE NAUCALPAN ""DR. MAXIMILIANO RUIZ CASTAÑEDA"" ",EDOMEX,Buena,Media,"19.468662, -99.234348"
2020-12-26,"HOSPITAL GENERAL ATIZAPAN DE ZARAGOZA ""DR. SALVADOR GONZALEZ HERREJÓN""",EDOMEX,Buena,Media,"19.546322, -99.237491"
2020-12-26,"HOSPITAL GENERAL CUAUTITLAN ""GRAL. JOSE VICENTE VILLADA""",EDOMEX,Media,Buena,"19.664586, -99.178557"
2020-12-26,"HOSPITAL GENERAL DE NEZAHUALCOYOTL ""GUSTAVO BAZ PRADA""",EDOMEX,Media,Media,"19.422253, -99.014892"
2020-12-26,"HOSPITAL GENERAL DE ECATEPEC ""JOSÉ MARÍA RODRÍGUEZ""",EDOMEX,Buena,Buena,"19.514412, -99.038087"
2020-12-26,"HOSPITAL GENERAL NEZAHUALCOYOTL ""LA PERLA"" ",EDOMEX,Buena,Buena,"19.387963, -98.989442"
2020-12-26,HOSPITAL GENERAL DE CHIMALHUACAN,EDOMEX,Media,Media,"19.419753, -98.975140"
2020-12-26,"HOSPITAL GENERAL DE IXTAPALUCA ""PEDRO LOPEZ""",EDOMEX,Media,Buena,"19.318829, -98.855366"
2020-12-26,HOSPITAL GENERAL DE CHALCO ,EDOMEX,Media,Crítica,"19.268265, -98.893965"
2020-12-26,"HOSPITAL GENERAL TEXCOCO ""GUADALUPE VICTORIA"" BICENTENARIO ",EDOMEX,Media,Buena,"19.514309, -98.871750"
2020-12-26,"HOSPITAL GENERAL VALLE DE CHALCO ""DR. FERNANDO QUIROZ GUTIERREZ"" ",EDOMEX,Media,Buena,"19.273775, -98.941609"
2020-12-26,"HOSPITAL GENERAL AMECAMECA ""VALENTIN GOMEZ FARIAS"" ",EDOMEX,Buena,Buena,"19.144883, -98.785072"
2020-12-26,HOSPITAL GENERAL DE AXAPUSCO,EDOMEX,Crítica,Crítica,"19.732872, -98.769445"
2020-12-27,INSTITUTO NACIONAL DE NUTRICIÓN,SSA,Crítica,Crítica,"19.289599, -99.155441"
2020-12-27,INER,SSA,Buena,Crítica,"19.291375, -99.158653"
2020-12-27,HOSPITAL GENERAL DE MÉXICO,SSA,Media,Crítica,"19.4129258, -99.1520225"
2020-12-27,HOSPITAL JUAREZ,SSA,Crítica,Media,"19.481829, -99.135576"
2020-12-27,HOSPITAL GENERAL DR. MANUEL GEA GONZÁLEZ,SSA,Media,Crítica,"19.290295, -99.160861"
2020-12-27,HOSPITAL INFANTIL DE MÉXICO FEDERICO GÓMEZ,SSA,Media,Buena,"19.410839, -99.151941"
2020-12-27,INSTITUTO  NACIONAL DE CARDIOLOGÍA IGNACIO CHÁVEZ,SSA,Crítica,Media,"19.290598, -99.153838"
2020-12-27,CITIBANAMEX,SSA,Media,Crítica,"19.439732, -99.224235"
2020-12-27,HOSPITAL REGIONAL DE ALTA ESPECIALIDAD DE IXTAPALUCA,SSA,Crítica,Crítica,"19.318796, -98.855353"
2020-12-27,BELISARIO DOMINGUEZ,SEDESA,Media,Media,"19.307226, -99.065356"
2020-12-27,ENRIQUE CABRERA,SEDESA,Crítica,Buena,"19.361675, -99.224432"
2020-12-27,GENERAL TLAHUAC,SEDESA,Crítica,Media,"19.287492, -99.052665"
2020-12-27,PEDIATRICO DE LA VILLA,SEDESA,Buena,Buena,"19.487355, -99.114316"
2020-12-27,HOSPITAL GENERAL AJUSCO MEDIO,SEDESA,Crítica,Crítica,"19.272165, -99.207846"
2020-12-27,HOSPITAL GENERAL IZTAPALAPA,SEDESA,Media,Crítica,"19.343426, -99.027236"
2020-12-27,HOSPITAL GENERAL XOCO,SEDESA,Crítica,Crítica,"19.360313, -99.162275"
2020-12-27,HOSPITAL GENERAL VILLA,SEDESA,Crítica,Media,"19.480079, -99.103353"
2020-12-27,HOSPITAL GENERAL DR. RUBÉN LEÑERO,SEDESA,Media,Media,"19.451398, -99.169565"
2020-12-27,HOSPITAL GENERAL MILPA ALTA,SEDESA,Crítica,Media,"19.200951, -99.011210"
2020-12-27,HOSPITAL GENERAL BALBUENA,SEDESA,Media,Buena,"19.424195, -99.115412"
2020-12-27,HOSPITAL TEPEPAN,SEDESA,Sin Dato,Sin Dato,"19.275806, -99.144298"
2020-12-27,HOSPITAL DE ESPECIALIDADES 01 CMN SIGLO XXI (CDMX SUR),IMSS,Buena,Crítica,"19.466549, -99.145102"
2020-12-27,HOSPITAL DE PEDIATRIA 01 CMN SIGLO XXI (CDMX SUR),IMSS,Buena,Buena,"19.407458, -99.152267"
2020-12-27,HOSPITAL GENERAL DE ZONA 01 CARLOS MC GREGOR (CDMX SUR),IMSS,Crítica,Crítica,"19.395912, -99.161610"
2020-12-27,HOSPITAL GENERAL DE ZONA 1A PARQUE DE LOS VENADOS (CDMX SUR),IMSS,Crítica,Crítica,"19.374431, -99.151203"
2020-12-27,HOSPITAL DE INFECTOLOGIA 01 LA RAZA (CDMX NORTE),IMSS,Crítica,Media,"19.464865, -99.144859"
2020-12-27,HOSPITAL GENERAL 01 (CDMX NORTE) LA RAZA,IMSS,Media,Crítica,"19.395740, -99.161677"
2020-12-27,HOSPITAL GENERAL DE ZONA 24 (CDMX NORTE),IMSS,Crítica,Crítica,"19.483221, -99.128448"
2020-12-27,HOSPITAL GENERAL DE ZONA 27 (CDMX NORTE),IMSS,Crítica,Crítica,"19.454776, -99.140007"
2020-12-27,HOSPITAL GENERAL DE ZONA 2A (CDMX SUR),IMSS,Media,Crítica,"19.405495, -99.112200"
2020-12-27,HOSPITAL GENERAL DE ZONA 30 (CDMX SUR),IMSS,Media,Media,"19.398836, -99.116913"
2020-12-27,HOSPITAL GENERAL DE ZONA 32 (CDMX SUR),IMSS,Crítica,Crítica,"19.307964, -99.130677"
2020-12-27,HOSPITAL GENERAL DE ZONA C/MF 08 (CDMX SUR),IMSS,Crítica,Media,"19.337137, -99.200142"
2020-12-27,HOSPITAL GENERAL DE ZONA C/UMAA 48 (CDMX NORTE),IMSS,Crítica,Crítica,"19.482375, -99.213046"
2020-12-27,HOSPITAL GENERAL 02 (CDMX SUR) VILLA COAPA (COY.),IMSS,Crítica,Buena,"19.309194, -99.129593"
2020-12-27,HOSPITAL DE ESPECIALIDADES 01 (CDMX NORTE) LA RAZA (AZC),IMSS,Crítica,Media,"19.467169, -99.143785"
2020-12-27,HOSPITAL GENERAL DE ZONA C/MF 29 (S. JUAN ARAGÓN),IMSS,Crítica,Media,"19.465117, -99.085162"
2020-12-27,HOSPITAL GENERAL DE ZONA 47 (CDMX SUR) (IZP),IMSS,Crítica,Media,"19.357566, -99.054269"
2020-12-27,UNIDAD MÓVIL TEMPORAL COVID,IMSS,Crítica,Crítica,"19.403082, -99.089177"
2020-12-27,CRIT IZTAPALAPA,IMSS,Sin Dato,Sin Dato,"19.328321, -99.068530"
2020-12-27,HOSPITAL GENERAL REGIONAL 72,IMSS,Crítica,Crítica,"19.356913, -98.990929"
2020-12-27,HOSPITAL GENERAL REGIONAL 196,IMSS,Crítica,Crítica,"19.515133, -98.891450"
2020-12-27,HOSPITAL GENERAL REGIONAL 200,IMSS,Crítica,Media,"19.470300, -99.234208"
2020-12-27,HOSPITAL GENERAL DE ZONA 53,IMSS,Crítica,Crítica,"19.597387, -99.188426"
2020-12-27,HOSPITAL GENERAL DE ZONA 197,IMSS,Crítica,Media,"19.530797, -99.222446"
2020-12-27,HOSPITAL GENERAL DE ZONA 194,IMSS,Crítica,Crítica,"19.570070, -99.044009"
2020-12-27,HOSPITAL GENERAL DE ZONA 57 (LA QUEBRADA),IMSS,Crítica,Media,"19.542797, -99.205022"
2020-12-27,HOSPITAL GENERAL DE ZONA 58 (LAS MARGARITAS),IMSS,Crítica,Crítica,"19.529016, -99.030983"
2020-12-27,HOSPITAL GENERAL DE ZONA 68 (TULPETLAC),IMSS,Crítica,Crítica,"19.742905, -98.972971"
2020-12-27,HOSPITAL GENERAL DE ZONA 71 (CHALCO),IMSS,Crítica,Crítica,"19.356913, -98.990929"
2020-12-27,HOSPITAL GENERAL DE ZONA 76 (XALOSTOC),IMSS,Crítica,Media,"19.515133, -98.891450"
2020-12-27,HOSPITAL GENERAL DE ZONA 98 (COACALCO),IMSS,Crítica,Media,"19.470300, -99.234208"
2020-12-27,CRIT NEZAHUALCÓYOTL,IMSS,Sin Dato,Sin Dato,"19.425795, -99.029987"
2020-12-27,CENTRO MEDICO 20 DE NOVIEMBRE,ISSSTE,Media,Media,"19.372720, -99.171205"
2020-12-27,HG DARIO FERNANDEZ FIERRO,ISSSTE,Crítica,Media,"19.363602, -99.188608"
2020-12-27,HG JOSE MARIA MORELOS,ISSSTE,Media,Crítica,"19.363918, -98.995393"
2020-12-27,HG TACUBA,ISSSTE,Crítica,Media,"19.454384, -99.191231"
2020-12-27,HG DR FERNANDO QUIROZ,ISSSTE,Crítica,Crítica,"19.394242, -99.194187"
2020-12-27,HG IGNACIO ZARAGOZA,ISSSTE,Media,Media,"19.389472, -99.045019"
2020-12-27,HR PRIMERO DE OCTUBRE,ISSSTE,Media,Media,"19.486751, -99.133249"
2020-12-27,HR LIC. ADOLFO LÓPEZ MATEOS,ISSSTE,Media,Crítica,"19.358451, -99.172716"
2020-12-27,HR BICENTENARIO DE LA INDEPENDENCIA,ISSSTE,Crítica,Media,"19.628814, -99.163343"
2020-12-27,HOSPITAL CENTRAL MILITAR,SEDENA,Crítica,Crítica,"19.4373709, -99.216054"
2020-12-27,HOSPITAL MILITAR DE ESPCIALIDADES DE LA MUJER Y NEONATOLOGÍA,SEDENA,Media,Crítica,"19.4394142,-99.2207869"
2020-12-27,"UNIDAD OPERATIVA DE HOSPITALIZACIÓN COVID-19, 6/O. GRUPO DE MORTEROS 81 MM, CAMPO MILITAR NO. 1-A",SEDENA,Media,Sin Dato,"19.4463797,-99.2483637"
2020-12-27,"UNIDAD OPERATIVA DE TERAPIA Y HOSPITALIZACIÓN COVID-19, 22/O. BATALLÓN DE POLICÍA MILITAR, EL CHIVATITO",SEDENA,Crítica,Crítica,"19.4150009,-99.1841019"
2020-12-27,"UNIDAD OPERATIVA DE TERAPIA Y HOSPITALIZACIÓN COVID-19, 81/O. BATALLÓN DE INFANTERÍA, TLALPAN",SEDENA,Crítica,Crítica,"19.2646093,-99.1551676"
2020-12-27,H.M.Z. EL VERGEL IZTAPALAPA,SEDENA,Sin Dato,Sin Dato,"19.3131938,-99.0836122"
2020-12-27,H.M.Z. CAMPO MILITAR N1-A ,SEDENA,Sin Dato,Sin Dato,"19.3657943,-99.1492117"
2020-12-27,"HOSPITAL MILITAR DE ZONA, TEMAMANTLA, EDO. DE MÉXICO",SEDENA,Buena,Sin Dato,"19.188008,-98.856959"
2020-12-27,U.O.H. 6/O BATALLÓN DE FUERZAS ESPECIALES,SEDENA,Media,Sin Dato,"19.1922707,-98.8578722"
2020-12-27,H.M.Z. SANTA MARÍA RAYÓN ,SEDENA,Sin Dato,Media,"19.1377854,-99.5966327"
2020-12-27,U.O.H. ALMOLOYA DE JUÁREZ ,SEDENA,Media,Sin Dato,"19.4035542,-99.7422616"
2020-12-27,CENTRO MÉDICO NAVAL,SEMAR,Crítica,Crítica,"19.3240164,-99.1274213"
2020-12-27,HOSPITAL CENTRAL SUR DE ALTA ESPECIALIDAD ,PEMEX,Media,Crítica,"19.3087458,-99.2209277"
2020-12-27,HOSPITAL CENTRAL NORTE,PEMEX,Crítica,Crítica,"19.479899,-99.2030617"
2020-12-27,ALTA ESPECIALIDAD DE ZUMPANGO,EDOMEX,Buena,Media,"19.815198, -99.089196"
2020-12-27,HOSPITAL REGIONAL TLALNEPANTLA ISSEMYM,EDOMEX,Crítica,Media,"19.521706, -99.187341"
2020-12-27,"HOSPITAL GENERAL ECATEPEC ""LAS AMÉRICAS""",EDOMEX,Media,Media,"19.594136, -99.018679"
2020-12-27,"HOSPITAL GENERAL DE NAUCALPAN ""DR. MAXIMILIANO RUIZ CASTAÑEDA"" ",EDOMEX,Buena,Media,"19.468662, -99.234348"
2020-12-27,"HOSPITAL GENERAL ATIZAPAN DE ZARAGOZA ""DR. SALVADOR GONZALEZ HERREJÓN""",EDOMEX,Buena,Media,"19.546322, -99.237491"
2020-12-27,"HOSPITAL GENERAL CUAUTITLAN ""GRAL. JOSE VICENTE VILLADA""",EDOMEX,Crítica,Media,"19.664586, -99.178557"
2020-12-27,"HOSPITAL GENERAL DE NEZAHUALCOYOTL ""GUSTAVO BAZ PRADA""",EDOMEX,Buena,Crítica,"19.422253, -99.014892"
2020-12-27,"HOSPITAL GENERAL DE ECATEPEC ""JOSÉ MARÍA RODRÍGUEZ""",EDOMEX,Buena,Crítica,"19.514412, -99.038087"
2020-12-27,"HOSPITAL GENERAL NEZAHUALCOYOTL ""LA PERLA"" ",EDOMEX,Buena,Media,"19.387963, -98.989442"
2020-12-27,HOSPITAL GENERAL DE CHIMALHUACAN,EDOMEX,Media,Crítica,"19.419753, -98.975140"
2020-12-27,"HOSPITAL GENERAL DE IXTAPALUCA ""PEDRO LOPEZ""",EDOMEX,Buena,Media,"19.318829, -98.855366"
2020-12-27,HOSPITAL GENERAL DE CHALCO ,EDOMEX,Media,Media,"19.268265, -98.893965"
2020-12-27,"HOSPITAL GENERAL TEXCOCO ""GUADALUPE VICTORIA"" BICENTENARIO ",EDOMEX,Media,Media,"19.514309, -98.871750"
2020-12-27,"HOSPITAL GENERAL VALLE DE CHALCO ""DR. FERNANDO QUIROZ GUTIERREZ"" ",EDOMEX,Media,Media,"19.273775, -98.941609"
2020-12-27,"HOSPITAL GENERAL AMECAMECA ""VALENTIN GOMEZ FARIAS"" ",EDOMEX,Buena,Buena,"19.144883, -98.785072"
2020-12-27,HOSPITAL GENERAL DE AXAPUSCO,EDOMEX,Crítica,Crítica,"19.732872, -98.769445"
2020-12-28,INSTITUTO NACIONAL DE NUTRICIÓN,SSA,Crítica,Crítica,"19.289599, -99.155441"
2020-12-28,INER,SSA,Buena,Crítica,"19.291375, -99.158653"
2020-12-28,HOSPITAL GENERAL DE MÉXICO,SSA,Media,Crítica,"19.4129258, -99.1520225"
2020-12-28,HOSPITAL JUAREZ,SSA,Media,Media,"19.481829, -99.135576"
2020-12-28,HOSPITAL GENERAL DR. MANUEL GEA GONZÁLEZ,SSA,Media,Crítica,"19.290295, -99.160861"
2020-12-28,HOSPITAL INFANTIL DE MÉXICO FEDERICO GÓMEZ,SSA,Buena,Buena,"19.410839, -99.151941"
2020-12-28,INSTITUTO  NACIONAL DE CARDIOLOGÍA IGNACIO CHÁVEZ,SSA,Crítica,Media,"19.290598, -99.153838"
2020-12-28,CITIBANAMEX,SSA,Media,Crítica,"19.439732, -99.224235"
2020-12-28,HOSPITAL REGIONAL DE ALTA ESPECIALIDAD DE IXTAPALUCA,SSA,Crítica,Crítica,"19.318796, -98.855353"
2020-12-28,BELISARIO DOMINGUEZ,SEDESA,Media,Media,"19.307226, -99.065356"
2020-12-28,ENRIQUE CABRERA,SEDESA,Crítica,Media,"19.361675, -99.224432"
2020-12-28,GENERAL TLAHUAC,SEDESA,Crítica,Media,"19.287492, -99.052665"
2020-12-28,PEDIATRICO DE LA VILLA,SEDESA,Buena,Buena,"19.487355, -99.114316"
2020-12-28,HOSPITAL GENERAL AJUSCO MEDIO,SEDESA,Crítica,Crítica,"19.272165, -99.207846"
2020-12-28,HOSPITAL GENERAL IZTAPALAPA,SEDESA,Media,Crítica,"19.343426, -99.027236"
2020-12-28,HOSPITAL GENERAL XOCO,SEDESA,Crítica,Crítica,"19.360313, -99.162275"
2020-12-28,HOSPITAL GENERAL VILLA,SEDESA,Crítica,Media,"19.480079, -99.103353"
2020-12-28,HOSPITAL GENERAL DR. RUBÉN LEÑERO,SEDESA,Crítica,Media,"19.451398, -99.169565"
2020-12-28,HOSPITAL GENERAL MILPA ALTA,SEDESA,Media,Media,"19.200951, -99.011210"
2020-12-28,HOSPITAL GENERAL BALBUENA,SEDESA,Media,Buena,"19.424195, -99.115412"
2020-12-28,HOSPITAL TEPEPAN,SEDESA,Sin Dato,Sin Dato,"19.275806, -99.144298"
2020-12-28,HOSPITAL DE ESPECIALIDADES 01 CMN SIGLO XXI (CDMX SUR),IMSS,Buena,Crítica,"19.466549, -99.145102"
2020-12-28,HOSPITAL DE PEDIATRIA 01 CMN SIGLO XXI (CDMX SUR),IMSS,Buena,Buena,"19.407458, -99.152267"
2020-12-28,HOSPITAL GENERAL DE ZONA 01 CARLOS MC GREGOR (CDMX SUR),IMSS,Crítica,Crítica,"19.395912, -99.161610"
2020-12-28,HOSPITAL GENERAL DE ZONA 1A PARQUE DE LOS VENADOS (CDMX SUR),IMSS,Crítica,Crítica,"19.374431, -99.151203"
2020-12-28,HOSPITAL DE INFECTOLOGIA 01 LA RAZA (CDMX NORTE),IMSS,Crítica,Media,"19.464865, -99.144859"
2020-12-28,HOSPITAL GENERAL 01 (CDMX NORTE) LA RAZA,IMSS,Media,Crítica,"19.395740, -99.161677"
2020-12-28,HOSPITAL GENERAL DE ZONA 24 (CDMX NORTE),IMSS,Crítica,Media,"19.483221, -99.128448"
2020-12-28,HOSPITAL GENERAL DE ZONA 27 (CDMX NORTE),IMSS,Crítica,Crítica,"19.454776, -99.140007"
2020-12-28,HOSPITAL GENERAL DE ZONA 2A (CDMX SUR),IMSS,Media,Crítica,"19.405495, -99.112200"
2020-12-28,HOSPITAL GENERAL DE ZONA 30 (CDMX SUR),IMSS,Media,Media,"19.398836, -99.116913"
2020-12-28,HOSPITAL GENERAL DE ZONA 32 (CDMX SUR),IMSS,Media,Crítica,"19.307964, -99.130677"
2020-12-28,HOSPITAL GENERAL DE ZONA C/MF 08 (CDMX SUR),IMSS,Crítica,Crítica,"19.337137, -99.200142"
2020-12-28,HOSPITAL GENERAL DE ZONA C/UMAA 48 (CDMX NORTE),IMSS,Crítica,Crítica,"19.482375, -99.213046"
2020-12-28,HOSPITAL GENERAL 02 (CDMX SUR) VILLA COAPA (COY.),IMSS,Crítica,Media,"19.309194, -99.129593"
2020-12-28,HOSPITAL DE ESPECIALIDADES 01 (CDMX NORTE) LA RAZA (AZC),IMSS,Crítica,Media,"19.467169, -99.143785"
2020-12-28,HOSPITAL GENERAL DE ZONA C/MF 29 (S. JUAN ARAGÓN),IMSS,Crítica,Buena,"19.465117, -99.085162"
2020-12-28,HOSPITAL GENERAL DE ZONA 47 (CDMX SUR) (IZP),IMSS,Crítica,Crítica,"19.357566, -99.054269"
2020-12-28,UNIDAD MÓVIL TEMPORAL COVID,IMSS,Crítica,Crítica,"19.403082, -99.089177"
2020-12-28,CRIT IZTAPALAPA,IMSS,Sin Dato,Sin Dato,"19.328321, -99.068530"
2020-12-28,HOSPITAL GENERAL REGIONAL 72,IMSS,Crítica,Crítica,"19.356913, -98.990929"
2020-12-28,HOSPITAL GENERAL REGIONAL 196,IMSS,Crítica,Crítica,"19.515133, -98.891450"
2020-12-28,HOSPITAL GENERAL REGIONAL 200,IMSS,Crítica,Buena,"19.470300, -99.234208"
2020-12-28,HOSPITAL GENERAL DE ZONA 53,IMSS,Crítica,Crítica,"19.597387, -99.188426"
2020-12-28,HOSPITAL GENERAL DE ZONA 197,IMSS,Crítica,Buena,"19.530797, -99.222446"
2020-12-28,HOSPITAL GENERAL DE ZONA 194,IMSS,Crítica,Crítica,"19.570070, -99.044009"
2020-12-28,HOSPITAL GENERAL DE ZONA 57 (LA QUEBRADA),IMSS,Crítica,Buena,"19.542797, -99.205022"
2020-12-28,HOSPITAL GENERAL DE ZONA 58 (LAS MARGARITAS),IMSS,Crítica,Crítica,"19.529016, -99.030983"
2020-12-28,HOSPITAL GENERAL DE ZONA 68 (TULPETLAC),IMSS,Crítica,Crítica,"19.742905, -98.972971"
2020-12-28,HOSPITAL GENERAL DE ZONA 71 (CHALCO),IMSS,Crítica,Crítica,"19.356913, -98.990929"
2020-12-28,HOSPITAL GENERAL DE ZONA 76 (XALOSTOC),IMSS,Crítica,Crítica,"19.515133, -98.891450"
2020-12-28,HOSPITAL GENERAL DE ZONA 98 (COACALCO),IMSS,Crítica,Media,"19.470300, -99.234208"
2020-12-28,CRIT NEZAHUALCÓYOTL,IMSS,Sin Dato,Sin Dato,"19.425795, -99.029987"
2020-12-28,CENTRO MEDICO 20 DE NOVIEMBRE,ISSSTE,Media,Media,"19.372720, -99.171205"
2020-12-28,HG DARIO FERNANDEZ FIERRO,ISSSTE,Crítica,Media,"19.363602, -99.188608"
2020-12-28,HG JOSE MARIA MORELOS,ISSSTE,Media,Media,"19.363918, -98.995393"
2020-12-28,HG TACUBA,ISSSTE,Crítica,Media,"19.454384, -99.191231"
2020-12-28,HG DR FERNANDO QUIROZ,ISSSTE,Crítica,Crítica,"19.394242, -99.194187"
2020-12-28,HG IGNACIO ZARAGOZA,ISSSTE,Media,Media,"19.389472, -99.045019"
2020-12-28,HR PRIMERO DE OCTUBRE,ISSSTE,Media,Media,"19.486751, -99.133249"
2020-12-28,HR LIC. ADOLFO LÓPEZ MATEOS,ISSSTE,Media,Media,"19.358451, -99.172716"
2020-12-28,HR BICENTENARIO DE LA INDEPENDENCIA,ISSSTE,Crítica,Media,"19.628814, -99.163343"
2020-12-28,HOSPITAL CENTRAL MILITAR,SEDENA,Crítica,Crítica,"19.4373709, -99.216054"
2020-12-28,HOSPITAL MILITAR DE ESPCIALIDADES DE LA MUJER Y NEONATOLOGÍA,SEDENA,Media,Crítica,"19.4394142,-99.2207869"
2020-12-28,"UNIDAD OPERATIVA DE HOSPITALIZACIÓN COVID-19, 6/O. GRUPO DE MORTEROS 81 MM, CAMPO MILITAR NO. 1-A",SEDENA,Media,Sin Dato,"19.4463797,-99.2483637"
2020-12-28,"UNIDAD OPERATIVA DE TERAPIA Y HOSPITALIZACIÓN COVID-19, 22/O. BATALLÓN DE POLICÍA MILITAR, EL CHIVATITO",SEDENA,Crítica,Crítica,"19.4150009,-99.1841019"
2020-12-28,"UNIDAD OPERATIVA DE TERAPIA Y HOSPITALIZACIÓN COVID-19, 81/O. BATALLÓN DE INFANTERÍA, TLALPAN",SEDENA,Crítica,Crítica,"19.2646093,-99.1551676"
2020-12-28,H.M.Z. EL VERGEL IZTAPALAPA,SEDENA,Sin Dato,Sin Dato,"19.3131938,-99.0836122"
2020-12-28,H.M.Z. CAMPO MILITAR N1-A ,SEDENA,Sin Dato,Sin Dato,"19.3657943,-99.1492117"
2020-12-28,"HOSPITAL MILITAR DE ZONA, TEMAMANTLA, EDO. DE MÉXICO",SEDENA,Buena,Sin Dato,"19.188008,-98.856959"
2020-12-28,U.O.H. 6/O BATALLÓN DE FUERZAS ESPECIALES,SEDENA,Media,Sin Dato,"19.1922707,-98.8578722"
2020-12-28,H.M.Z. SANTA MARÍA RAYÓN ,SEDENA,Sin Dato,Media,"19.1377854,-99.5966327"
2020-12-28,U.O.H. ALMOLOYA DE JUÁREZ ,SEDENA,Media,Sin Dato,"19.4035542,-99.7422616"
2020-12-28,CENTRO MÉDICO NAVAL,SEMAR,Crítica,Crítica,"19.3240164,-99.1274213"
2020-12-28,HOSPITAL CENTRAL SUR DE ALTA ESPECIALIDAD ,PEMEX,Media,Crítica,"19.3087458,-99.2209277"
2020-12-28,HOSPITAL CENTRAL NORTE,PEMEX,Crítica,Crítica,"19.479899,-99.2030617"
2020-12-28,ALTA ESPECIALIDAD DE ZUMPANGO,EDOMEX,Buena,Media,"19.815198, -99.089196"
2020-12-28,HOSPITAL REGIONAL TLALNEPANTLA ISSEMYM,EDOMEX,Crítica,Media,"19.521706, -99.187341"
2020-12-28,"HOSPITAL GENERAL ECATEPEC ""LAS AMÉRICAS""",EDOMEX,Media,Crítica,"19.594136, -99.018679"
2020-12-28,"HOSPITAL GENERAL DE NAUCALPAN ""DR. MAXIMILIANO RUIZ CASTAÑEDA"" ",EDOMEX,Media,Media,"19.468662, -99.234348"
2020-12-28,"HOSPITAL GENERAL ATIZAPAN DE ZARAGOZA ""DR. SALVADOR GONZALEZ HERREJÓN""",EDOMEX,Buena,Media,"19.546322, -99.237491"
2020-12-28,"HOSPITAL GENERAL CUAUTITLAN ""GRAL. JOSE VICENTE VILLADA""",EDOMEX,Media,Media,"19.664586, -99.178557"
2020-12-28,"HOSPITAL GENERAL DE NEZAHUALCOYOTL ""GUSTAVO BAZ PRADA""",EDOMEX,Buena,Crítica,"19.422253, -99.014892"
2020-12-28,"HOSPITAL GENERAL DE ECATEPEC ""JOSÉ MARÍA RODRÍGUEZ""",EDOMEX,Buena,Crítica,"19.514412, -99.038087"
2020-12-28,"HOSPITAL GENERAL NEZAHUALCOYOTL ""LA PERLA"" ",EDOMEX,Buena,Media,"19.387963, -98.989442"
2020-12-28,HOSPITAL GENERAL DE CHIMALHUACAN,EDOMEX,Media,Crítica,"19.419753, -98.975140"
2020-12-28,"HOSPITAL GENERAL DE IXTAPALUCA ""PEDRO LOPEZ""",EDOMEX,Buena,Buena,"19.318829, -98.855366"
2020-12-28,HOSPITAL GENERAL DE CHALCO ,EDOMEX,Media,Media,"19.268265, -98.893965"
2020-12-28,"HOSPITAL GENERAL TEXCOCO ""GUADALUPE VICTORIA"" BICENTENARIO ",EDOMEX,Media,Buena,"19.514309, -98.871750"
2020-12-28,"HOSPITAL GENERAL VALLE DE CHALCO ""DR. FERNANDO QUIROZ GUTIERREZ"" ",EDOMEX,Media,Buena,"19.273775, -98.941609"
2020-12-28,"HOSPITAL GENERAL AMECAMECA ""VALENTIN GOMEZ FARIAS"" ",EDOMEX,Buena,Buena,"19.144883, -98.785072"
2020-12-28,HOSPITAL GENERAL DE AXAPUSCO,EDOMEX,Crítica,Crítica,"19.732872, -98.769445"
2020-12-29,INSTITUTO NACIONAL DE NUTRICIÓN,SSA,Crítica,Crítica,"19.289599, -99.155441"
2020-12-29,INER,SSA,Buena,Crítica,"19.291375, -99.158653"
2020-12-29,HOSPITAL GENERAL DE MÉXICO,SSA,Media,Crítica,"19.4129258, -99.1520225"
2020-12-29,HOSPITAL JUAREZ,SSA,Crítica,Media,"19.481829, -99.135576"
2020-12-29,HOSPITAL GENERAL DR. MANUEL GEA GONZÁLEZ,SSA,Media,Crítica,"19.290295, -99.160861"
2020-12-29,HOSPITAL INFANTIL DE MÉXICO FEDERICO GÓMEZ,SSA,Buena,Buena,"19.410839, -99.151941"
2020-12-29,INSTITUTO  NACIONAL DE CARDIOLOGÍA IGNACIO CHÁVEZ,SSA,Crítica,Crítica,"19.290598, -99.153838"
2020-12-29,CITIBANAMEX,SSA,Media,Crítica,"19.439732, -99.224235"
2020-12-29,HOSPITAL REGIONAL DE ALTA ESPECIALIDAD DE IXTAPALUCA,SSA,Crítica,Crítica,"19.318796, -98.855353"
2020-12-29,BELISARIO DOMINGUEZ,SEDESA,Media,Media,"19.307226, -99.065356"
2020-12-29,ENRIQUE CABRERA,SEDESA,Crítica,Buena,"19.361675, -99.224432"
2020-12-29,GENERAL TLAHUAC,SEDESA,Crítica,Media,"19.287492, -99.052665"
2020-12-29,PEDIATRICO DE LA VILLA,SEDESA,Buena,Buena,"19.487355, -99.114316"
2020-12-29,HOSPITAL GENERAL AJUSCO MEDIO,SEDESA,Crítica,Crítica,"19.272165, -99.207846"
2020-12-29,HOSPITAL GENERAL IZTAPALAPA,SEDESA,Media,Crítica,"19.343426, -99.027236"
2020-12-29,HOSPITAL GENERAL XOCO,SEDESA,Crítica,Crítica,"19.360313, -99.162275"
2020-12-29,HOSPITAL GENERAL VILLA,SEDESA,Crítica,Media,"19.480079, -99.103353"
2020-12-29,HOSPITAL GENERAL DR. RUBÉN LEÑERO,SEDESA,Crítica,Media,"19.451398, -99.169565"
2020-12-29,HOSPITAL GENERAL MILPA ALTA,SEDESA,Crítica,Media,"19.200951, -99.011210"
2020-12-29,HOSPITAL GENERAL BALBUENA,SEDESA,Media,Media,"19.424195, -99.115412"
2020-12-29,HOSPITAL TEPEPAN,SEDESA,Sin Dato,Sin Dato,"19.275806, -99.144298"
2020-12-29,HOSPITAL DE ESPECIALIDADES 01 CMN SIGLO XXI (CDMX SUR),IMSS,Buena,Crítica,"19.466549, -99.145102"
2020-12-29,HOSPITAL DE PEDIATRIA 01 CMN SIGLO XXI (CDMX SUR),IMSS,Buena,Buena,"19.407458, -99.152267"
2020-12-29,HOSPITAL GENERAL DE ZONA 01 CARLOS MC GREGOR (CDMX SUR),IMSS,Crítica,Media,"19.395912, -99.161610"
2020-12-29,HOSPITAL GENERAL DE ZONA 1A PARQUE DE LOS VENADOS (CDMX SUR),IMSS,Crítica,Crítica,"19.374431, -99.151203"
2020-12-29,HOSPITAL DE INFECTOLOGIA 01 LA RAZA (CDMX NORTE),IMSS,Crítica,Media,"19.464865, -99.144859"
2020-12-29,HOSPITAL GENERAL 01 (CDMX NORTE) LA RAZA,IMSS,Media,Crítica,"19.395740, -99.161677"
2020-12-29,HOSPITAL GENERAL DE ZONA 24 (CDMX NORTE),IMSS,Crítica,Media,"19.483221, -99.128448"
2020-12-29,HOSPITAL GENERAL DE ZONA 27 (CDMX NORTE),IMSS,Crítica,Crítica,"19.454776, -99.140007"
2020-12-29,HOSPITAL GENERAL DE ZONA 2A (CDMX SUR),IMSS,Media,Crítica,"19.405495, -99.112200"
2020-12-29,HOSPITAL GENERAL DE ZONA 30 (CDMX SUR),IMSS,Crítica,Media,"19.398836, -99.116913"
2020-12-29,HOSPITAL GENERAL DE ZONA 32 (CDMX SUR),IMSS,Crítica,Crítica,"19.307964, -99.130677"
2020-12-29,HOSPITAL GENERAL DE ZONA C/MF 08 (CDMX SUR),IMSS,Crítica,Media,"19.337137, -99.200142"
2020-12-29,HOSPITAL GENERAL DE ZONA C/UMAA 48 (CDMX NORTE),IMSS,Crítica,Crítica,"19.482375, -99.213046"
2020-12-29,HOSPITAL GENERAL 02 (CDMX SUR) VILLA COAPA (COY.),IMSS,Crítica,Media,"19.309194, -99.129593"
2020-12-29,HOSPITAL DE ESPECIALIDADES 01 (CDMX NORTE) LA RAZA (AZC),IMSS,Crítica,Media,"19.467169, -99.143785"
2020-12-29,HOSPITAL GENERAL DE ZONA C/MF 29 (S. JUAN ARAGÓN),IMSS,Crítica,Buena,"19.465117, -99.085162"
2020-12-29,HOSPITAL GENERAL DE ZONA 47 (CDMX SUR) (IZP),IMSS,Crítica,Crítica,"19.357566, -99.054269"
2020-12-29,UNIDAD MÓVIL TEMPORAL COVID,IMSS,Buena,Buena,"19.403082, -99.089177"
2020-12-29,CRIT IZTAPALAPA,IMSS,Sin Dato,Sin Dato,"19.328321, -99.068530"
2020-12-29,HOSPITAL GENERAL REGIONAL 72,IMSS,Crítica,Crítica,"19.356913, -98.990929"
2020-12-29,HOSPITAL GENERAL REGIONAL 196,IMSS,Crítica,Crítica,"19.515133, -98.891450"
2020-12-29,HOSPITAL GENERAL REGIONAL 200,IMSS,Crítica,Media,"19.470300, -99.234208"
2020-12-29,HOSPITAL GENERAL DE ZONA 53,IMSS,Crítica,Crítica,"19.597387, -99.188426"
2020-12-29,HOSPITAL GENERAL DE ZONA 197,IMSS,Crítica,Media,"19.530797, -99.222446"
2020-12-29,HOSPITAL GENERAL DE ZONA 194,IMSS,Crítica,Crítica,"19.570070, -99.044009"
2020-12-29,HOSPITAL GENERAL DE ZONA 57 (LA QUEBRADA),IMSS,Crítica,Buena,"19.542797, -99.205022"
2020-12-29,HOSPITAL GENERAL DE ZONA 58 (LAS MARGARITAS),IMSS,Crítica,Crítica,"19.529016, -99.030983"
2020-12-29,HOSPITAL GENERAL DE ZONA 68 (TULPETLAC),IMSS,Crítica,Crítica,"19.742905, -98.972971"
2020-12-29,HOSPITAL GENERAL DE ZONA 71 (CHALCO),IMSS,Crítica,Crítica,"19.356913, -98.990929"
2020-12-29,HOSPITAL GENERAL DE ZONA 76 (XALOSTOC),IMSS,Crítica,Media,"19.515133, -98.891450"
2020-12-29,HOSPITAL GENERAL DE ZONA 98 (COACALCO),IMSS,Crítica,Crítica,"19.470300, -99.234208"
2020-12-29,CRIT NEZAHUALCÓYOTL,IMSS,Sin Dato,Sin Dato,"19.425795, -99.029987"
2020-12-29,CENTRO MEDICO 20 DE NOVIEMBRE,ISSSTE,Media,Media,"19.372720, -99.171205"
2020-12-29,HG DARIO FERNANDEZ FIERRO,ISSSTE,Crítica,Media,"19.363602, -99.188608"
2020-12-29,HG JOSE MARIA MORELOS,ISSSTE,Media,Media,"19.363918, -98.995393"
2020-12-29,HG TACUBA,ISSSTE,Crítica,Buena,"19.454384, -99.191231"
2020-12-29,HG DR FERNANDO QUIROZ,ISSSTE,Crítica,Media,"19.394242, -99.194187"
2020-12-29,HG IGNACIO ZARAGOZA,ISSSTE,Crítica,Media,"19.389472, -99.045019"
2020-12-29,HR PRIMERO DE OCTUBRE,ISSSTE,Media,Media,"19.486751, -99.133249"
2020-12-29,HR LIC. ADOLFO LÓPEZ MATEOS,ISSSTE,Media,Crítica,"19.358451, -99.172716"
2020-12-29,HR BICENTENARIO DE LA INDEPENDENCIA,ISSSTE,Crítica,Media,"19.628814, -99.163343"
2020-12-29,HOSPITAL CENTRAL MILITAR,SEDENA,Crítica,Crítica,"19.4373709, -99.216054"
2020-12-29,HOSPITAL MILITAR DE ESPCIALIDADES DE LA MUJER Y NEONATOLOGÍA,SEDENA,Media,Crítica,"19.4394142,-99.2207869"
2020-12-29,"UNIDAD OPERATIVA DE HOSPITALIZACIÓN COVID-19, 6/O. GRUPO DE MORTEROS 81 MM, CAMPO MILITAR NO. 1-A",SEDENA,Media,Sin Dato,"19.4463797,-99.2483637"
2020-12-29,"UNIDAD OPERATIVA DE TERAPIA Y HOSPITALIZACIÓN COVID-19, 22/O. BATALLÓN DE POLICÍA MILITAR, EL CHIVATITO",SEDENA,Crítica,Crítica,"19.4150009,-99.1841019"
2020-12-29,"UNIDAD OPERATIVA DE TERAPIA Y HOSPITALIZACIÓN COVID-19, 81/O. BATALLÓN DE INFANTERÍA, TLALPAN",SEDENA,Crítica,Crítica,"19.2646093,-99.1551676"
2020-12-29,H.M.Z. EL VERGEL IZTAPALAPA,SEDENA,Sin Dato,Sin Dato,"19.3131938,-99.0836122"
2020-12-29,H.M.Z. CAMPO MILITAR N1-A ,SEDENA,Sin Dato,Sin Dato,"19.3657943,-99.1492117"
2020-12-29,"HOSPITAL MILITAR DE ZONA, TEMAMANTLA, EDO. DE MÉXICO",SEDENA,Buena,Sin Dato,"19.188008,-98.856959"
2020-12-29,U.O.H. 6/O BATALLÓN DE FUERZAS ESPECIALES,SEDENA,Media,Sin Dato,"19.1922707,-98.8578722"
2020-12-29,H.M.Z. SANTA MARÍA RAYÓN ,SEDENA,Sin Dato,Crítica,"19.1377854,-99.5966327"
2020-12-29,U.O.H. ALMOLOYA DE JUÁREZ ,SEDENA,Media,Sin Dato,"19.4035542,-99.7422616"
2020-12-29,CENTRO MÉDICO NAVAL,SEMAR,Crítica,Crítica,"19.3240164,-99.1274213"
2020-12-29,HOSPITAL CENTRAL SUR DE ALTA ESPECIALIDAD ,PEMEX,Crítica,Crítica,"19.3087458,-99.2209277"
2020-12-29,HOSPITAL CENTRAL NORTE,PEMEX,Crítica,Crítica,"19.479899,-99.2030617"
2020-12-29,ALTA ESPECIALIDAD DE ZUMPANGO,EDOMEX,Buena,Media,"19.815198, -99.089196"
2020-12-29,HOSPITAL REGIONAL TLALNEPANTLA ISSEMYM,EDOMEX,Crítica,Media,"19.521706, -99.187341"
2020-12-29,"HOSPITAL GENERAL ECATEPEC ""LAS AMÉRICAS""",EDOMEX,Media,Crítica,"19.594136, -99.018679"
2020-12-29,"HOSPITAL GENERAL DE NAUCALPAN ""DR. MAXIMILIANO RUIZ CASTAÑEDA"" ",EDOMEX,Buena,Media,"19.468662, -99.234348"
2020-12-29,"HOSPITAL GENERAL ATIZAPAN DE ZARAGOZA ""DR. SALVADOR GONZALEZ HERREJÓN""",EDOMEX,Buena,Media,"19.546322, -99.237491"
2020-12-29,"HOSPITAL GENERAL CUAUTITLAN ""GRAL. JOSE VICENTE VILLADA""",EDOMEX,Media,Buena,"19.664586, -99.178557"
2020-12-29,"HOSPITAL GENERAL DE NEZAHUALCOYOTL ""GUSTAVO BAZ PRADA""",EDOMEX,Buena,Crítica,"19.422253, -99.014892"
2020-12-29,"HOSPITAL GENERAL DE ECATEPEC ""JOSÉ MARÍA RODRÍGUEZ""",EDOMEX,Buena,Media,"19.514412, -99.038087"
2020-12-29,"HOSPITAL GENERAL NEZAHUALCOYOTL ""LA PERLA"" ",EDOMEX,Buena,Media,"19.387963, -98.989442"
2020-12-29,HOSPITAL GENERAL DE CHIMALHUACAN,EDOMEX,Media,Crítica,"19.419753, -98.975140"
2020-12-29,"HOSPITAL GENERAL DE IXTAPALUCA ""PEDRO LOPEZ""",EDOMEX,Buena,Buena,"19.318829, -98.855366"
2020-12-29,HOSPITAL GENERAL DE CHALCO ,EDOMEX,Media,Media,"19.268265, -98.893965"
2020-12-29,"HOSPITAL GENERAL TEXCOCO ""GUADALUPE VICTORIA"" BICENTENARIO ",EDOMEX,Media,Buena,"19.514309, -98.871750"
2020-12-29,"HOSPITAL GENERAL VALLE DE CHALCO ""DR. FERNANDO QUIROZ GUTIERREZ"" ",EDOMEX,Buena,Buena,"19.273775, -98.941609"
2020-12-29,"HOSPITAL GENERAL AMECAMECA ""VALENTIN GOMEZ FARIAS"" ",EDOMEX,Buena,Buena,"19.144883, -98.785072"
2020-12-29,HOSPITAL GENERAL DE AXAPUSCO,EDOMEX,Crítica,Crítica,"19.732872, -98.769445"
2020-12-30,INSTITUTO NACIONAL DE NUTRICIÓN,SSA,Crítica,Crítica,"19.289599, -99.155441"
2020-12-30,INER,SSA,Buena,Crítica,"19.291375, -99.158653"
2020-12-30,HOSPITAL GENERAL DE MÉXICO,SSA,Media,Crítica,"19.4129258, -99.1520225"
2020-12-30,HOSPITAL JUAREZ,SSA,Crítica,Media,"19.481829, -99.135576"
2020-12-30,HOSPITAL GENERAL DR. MANUEL GEA GONZÁLEZ,SSA,Media,Crítica,"19.290295, -99.160861"
2020-12-30,HOSPITAL INFANTIL DE MÉXICO FEDERICO GÓMEZ,SSA,Buena,Buena,"19.410839, -99.151941"
2020-12-30,INSTITUTO  NACIONAL DE CARDIOLOGÍA IGNACIO CHÁVEZ,SSA,Crítica,Crítica,"19.290598, -99.153838"
2020-12-30,CITIBANAMEX,SSA,Media,Crítica,"19.439732, -99.224235"
2020-12-30,HOSPITAL REGIONAL DE ALTA ESPECIALIDAD DE IXTAPALUCA,SSA,Crítica,Crítica,"19.318796, -98.855353"
2020-12-30,BELISARIO DOMINGUEZ,SEDESA,Media,Media,"19.307226, -99.065356"
2020-12-30,ENRIQUE CABRERA,SEDESA,Crítica,Media,"19.361675, -99.224432"
2020-12-30,GENERAL TLAHUAC,SEDESA,Crítica,Media,"19.287492, -99.052665"
2020-12-30,PEDIATRICO DE LA VILLA,SEDESA,Buena,Buena,"19.487355, -99.114316"
2020-12-30,HOSPITAL GENERAL AJUSCO MEDIO,SEDESA,Crítica,Crítica,"19.272165, -99.207846"
2020-12-30,HOSPITAL GENERAL IZTAPALAPA,SEDESA,Media,Crítica,"19.343426, -99.027236"
2020-12-30,HOSPITAL GENERAL XOCO,SEDESA,Crítica,Crítica,"19.360313, -99.162275"
2020-12-30,HOSPITAL GENERAL VILLA,SEDESA,Crítica,Media,"19.480079, -99.103353"
2020-12-30,HOSPITAL GENERAL DR. RUBÉN LEÑERO,SEDESA,Crítica,Media,"19.451398, -99.169565"
2020-12-30,HOSPITAL GENERAL MILPA ALTA,SEDESA,Crítica,Media,"19.200951, -99.011210"
2020-12-30,HOSPITAL GENERAL BALBUENA,SEDESA,Media,Media,"19.424195, -99.115412"
2020-12-30,HOSPITAL TEPEPAN,SEDESA,Sin Dato,Sin Dato,"19.275806, -99.144298"
2020-12-30,HOSPITAL DE ESPECIALIDADES 01 CMN SIGLO XXI (CDMX SUR),IMSS,Buena,Crítica,"19.466549, -99.145102"
2020-12-30,HOSPITAL DE PEDIATRIA 01 CMN SIGLO XXI (CDMX SUR),IMSS,Buena,Buena,"19.407458, -99.152267"
2020-12-30,HOSPITAL GENERAL DE ZONA 01 CARLOS MC GREGOR (CDMX SUR),IMSS,Crítica,Crítica,"19.395912, -99.161610"
2020-12-30,HOSPITAL GENERAL DE ZONA 1A PARQUE DE LOS VENADOS (CDMX SUR),IMSS,Crítica,Crítica,"19.374431, -99.151203"
2020-12-30,HOSPITAL DE INFECTOLOGIA 01 LA RAZA (CDMX NORTE),IMSS,Media,Media,"19.464865, -99.144859"
2020-12-30,HOSPITAL GENERAL 01 (CDMX NORTE) LA RAZA,IMSS,Media,Crítica,"19.395740, -99.161677"
2020-12-30,HOSPITAL GENERAL DE ZONA 24 (CDMX NORTE),IMSS,Crítica,Media,"19.483221, -99.128448"
2020-12-30,HOSPITAL GENERAL DE ZONA 27 (CDMX NORTE),IMSS,Crítica,Crítica,"19.454776, -99.140007"
2020-12-30,HOSPITAL GENERAL DE ZONA 2A (CDMX SUR),IMSS,Crítica,Crítica,"19.405495, -99.112200"
2020-12-30,HOSPITAL GENERAL DE ZONA 30 (CDMX SUR),IMSS,Crítica,Media,"19.398836, -99.116913"
2020-12-30,HOSPITAL GENERAL DE ZONA 32 (CDMX SUR),IMSS,Crítica,Crítica,"19.307964, -99.130677"
2020-12-30,HOSPITAL GENERAL DE ZONA C/MF 08 (CDMX SUR),IMSS,Crítica,Crítica,"19.337137, -99.200142"
2020-12-30,HOSPITAL GENERAL DE ZONA C/UMAA 48 (CDMX NORTE),IMSS,Crítica,Crítica,"19.482375, -99.213046"
2020-12-30,HOSPITAL GENERAL 02 (CDMX SUR) VILLA COAPA (COY.),IMSS,Crítica,Buena,"19.309194, -99.129593"
2020-12-30,HOSPITAL DE ESPECIALIDADES 01 (CDMX NORTE) LA RAZA (AZC),IMSS,Crítica,Media,"19.467169, -99.143785"
2020-12-30,HOSPITAL GENERAL DE ZONA C/MF 29 (S. JUAN ARAGÓN),IMSS,Crítica,Buena,"19.465117, -99.085162"
2020-12-30,HOSPITAL GENERAL DE ZONA 47 (CDMX SUR) (IZP),IMSS,Crítica,Crítica,"19.357566, -99.054269"
2020-12-30,UNIDAD MÓVIL TEMPORAL COVID,IMSS,Crítica,Media,"19.403082, -99.089177"
2020-12-30,CRIT IZTAPALAPA,IMSS,Sin Dato,Sin Dato,"19.328321, -99.068530"
2020-12-30,HOSPITAL GENERAL REGIONAL 72,IMSS,Crítica,Crítica,"19.356913, -98.990929"
2020-12-30,HOSPITAL GENERAL REGIONAL 196,IMSS,Crítica,Crítica,"19.515133, -98.891450"
2020-12-30,HOSPITAL GENERAL REGIONAL 200,IMSS,Crítica,Media,"19.470300, -99.234208"
2020-12-30,HOSPITAL GENERAL DE ZONA 53,IMSS,Crítica,Crítica,"19.597387, -99.188426"
2020-12-30,HOSPITAL GENERAL DE ZONA 197,IMSS,Crítica,Media,"19.530797, -99.222446"
2020-12-30,HOSPITAL GENERAL DE ZONA 194,IMSS,Crítica,Crítica,"19.570070, -99.044009"
2020-12-30,HOSPITAL GENERAL DE ZONA 57 (LA QUEBRADA),IMSS,Crítica,Buena,"19.542797, -99.205022"
2020-12-30,HOSPITAL GENERAL DE ZONA 58 (LAS MARGARITAS),IMSS,Crítica,Crítica,"19.529016, -99.030983"
2020-12-30,HOSPITAL GENERAL DE ZONA 68 (TULPETLAC),IMSS,Media,Crítica,"19.742905, -98.972971"
2020-12-30,HOSPITAL GENERAL DE ZONA 71 (CHALCO),IMSS,Crítica,Crítica,"19.356913, -98.990929"
2020-12-30,HOSPITAL GENERAL DE ZONA 76 (XALOSTOC),IMSS,Crítica,Media,"19.515133, -98.891450"
2020-12-30,HOSPITAL GENERAL DE ZONA 98 (COACALCO),IMSS,Crítica,Media,"19.470300, -99.234208"
2020-12-30,CRIT NEZAHUALCÓYOTL,IMSS,Sin Dato,Sin Dato,"19.425795, -99.029987"
2020-12-30,CENTRO MEDICO 20 DE NOVIEMBRE,ISSSTE,Media,Crítica,"19.372720, -99.171205"
2020-12-30,HG DARIO FERNANDEZ FIERRO,ISSSTE,Crítica,Media,"19.363602, -99.188608"
2020-12-30,HG JOSE MARIA MORELOS,ISSSTE,Media,Media,"19.363918, -98.995393"
2020-12-30,HG TACUBA,ISSSTE,Crítica,Buena,"19.454384, -99.191231"
2020-12-30,HG DR FERNANDO QUIROZ,ISSSTE,Crítica,Crítica,"19.394242, -99.194187"
2020-12-30,HG IGNACIO ZARAGOZA,ISSSTE,Crítica,Media,"19.389472, -99.045019"
2020-12-30,HR PRIMERO DE OCTUBRE,ISSSTE,Media,Buena,"19.486751, -99.133249"
2020-12-30,HR LIC. ADOLFO LÓPEZ MATEOS,ISSSTE,Media,Crítica,"19.358451, -99.172716"
2020-12-30,HR BICENTENARIO DE LA INDEPENDENCIA,ISSSTE,Crítica,Media,"19.628814, -99.163343"
2020-12-30,HOSPITAL CENTRAL MILITAR,SEDENA,Crítica,Crítica,"19.4373709, -99.216054"
2020-12-30,HOSPITAL MILITAR DE ESPCIALIDADES DE LA MUJER Y NEONATOLOGÍA,SEDENA,Media,Media,"19.4394142,-99.2207869"
2020-12-30,"UNIDAD OPERATIVA DE HOSPITALIZACIÓN COVID-19, 6/O. GRUPO DE MORTEROS 81 MM, CAMPO MILITAR NO. 1-A",SEDENA,Media,Sin Dato,"19.4463797,-99.2483637"
2020-12-30,"UNIDAD OPERATIVA DE TERAPIA Y HOSPITALIZACIÓN COVID-19, 22/O. BATALLÓN DE POLICÍA MILITAR, EL CHIVATITO",SEDENA,Media,Crítica,"19.4150009,-99.1841019"
2020-12-30,"UNIDAD OPERATIVA DE TERAPIA Y HOSPITALIZACIÓN COVID-19, 81/O. BATALLÓN DE INFANTERÍA, TLALPAN",SEDENA,Crítica,Crítica,"19.2646093,-99.1551676"
2020-12-30,H.M.Z. EL VERGEL IZTAPALAPA,SEDENA,Sin Dato,Sin Dato,"19.3131938,-99.0836122"
2020-12-30,H.M.Z. CAMPO MILITAR N1-A ,SEDENA,Sin Dato,Sin Dato,"19.3657943,-99.1492117"
2020-12-30,"HOSPITAL MILITAR DE ZONA, TEMAMANTLA, EDO. DE MÉXICO",SEDENA,Buena,Sin Dato,"19.188008,-98.856959"
2020-12-30,U.O.H. 6/O BATALLÓN DE FUERZAS ESPECIALES,SEDENA,Media,Sin Dato,"19.1922707,-98.8578722"
2020-12-30,H.M.Z. SANTA MARÍA RAYÓN ,SEDENA,Sin Dato,Crítica,"19.1377854,-99.5966327"
2020-12-30,U.O.H. ALMOLOYA DE JUÁREZ ,SEDENA,Media,Sin Dato,"19.4035542,-99.7422616"
2020-12-30,CENTRO MÉDICO NAVAL,SEMAR,Crítica,Crítica,"19.3240164,-99.1274213"
2020-12-30,HOSPITAL CENTRAL SUR DE ALTA ESPECIALIDAD ,PEMEX,Crítica,Crítica,"19.3087458,-99.2209277"
2020-12-30,HOSPITAL CENTRAL NORTE,PEMEX,Crítica,Crítica,"19.479899,-99.2030617"
2020-12-30,ALTA ESPECIALIDAD DE ZUMPANGO,EDOMEX,Buena,Media,"19.815198, -99.089196"
2020-12-30,HOSPITAL REGIONAL TLALNEPANTLA ISSEMYM,EDOMEX,Crítica,Media,"19.521706, -99.187341"
2020-12-30,"HOSPITAL GENERAL ECATEPEC ""LAS AMÉRICAS""",EDOMEX,Media,Crítica,"19.594136, -99.018679"
2020-12-30,"HOSPITAL GENERAL DE NAUCALPAN ""DR. MAXIMILIANO RUIZ CASTAÑEDA"" ",EDOMEX,Buena,Crítica,"19.468662, -99.234348"
2020-12-30,"HOSPITAL GENERAL ATIZAPAN DE ZARAGOZA ""DR. SALVADOR GONZALEZ HERREJÓN""",EDOMEX,Buena,Media,"19.546322, -99.237491"
2020-12-30,"HOSPITAL GENERAL CUAUTITLAN ""GRAL. JOSE VICENTE VILLADA""",EDOMEX,Crítica,Media,"19.664586, -99.178557"
2020-12-30,"HOSPITAL GENERAL DE NEZAHUALCOYOTL ""GUSTAVO BAZ PRADA""",EDOMEX,Buena,Crítica,"19.422253, -99.014892"
2020-12-30,"HOSPITAL GENERAL DE ECATEPEC ""JOSÉ MARÍA RODRÍGUEZ""",EDOMEX,Buena,Media,"19.514412, -99.038087"
2020-12-30,"HOSPITAL GENERAL NEZAHUALCOYOTL ""LA PERLA"" ",EDOMEX,Buena,Media,"19.387963, -98.989442"
2020-12-30,HOSPITAL GENERAL DE CHIMALHUACAN,EDOMEX,Media,Crítica,"19.419753, -98.975140"
2020-12-30,"HOSPITAL GENERAL DE IXTAPALUCA ""PEDRO LOPEZ""",EDOMEX,Buena,Buena,"19.318829, -98.855366"
2020-12-30,HOSPITAL GENERAL DE CHALCO ,EDOMEX,Media,Media,"19.268265, -98.893965"
2020-12-30,"HOSPITAL GENERAL TEXCOCO ""GUADALUPE VICTORIA"" BICENTENARIO ",EDOMEX,Media,Buena,"19.514309, -98.871750"
2020-12-30,"HOSPITAL GENERAL VALLE DE CHALCO ""DR. FERNANDO QUIROZ GUTIERREZ"" ",EDOMEX,Buena,Media,"19.273775, -98.941609"
2020-12-30,"HOSPITAL GENERAL AMECAMECA ""VALENTIN GOMEZ FARIAS"" ",EDOMEX,Buena,Media,"19.144883, -98.785072"
2020-12-30,HOSPITAL GENERAL DE AXAPUSCO,EDOMEX,Crítica,Crítica,"19.732872, -98.769445"
2020-12-31,INSTITUTO NACIONAL DE NUTRICIÓN,SSA,Crítica,Crítica,"19.289599, -99.155441"
2020-12-31,INER,SSA,Buena,Crítica,"19.291375, -99.158653"
2020-12-31,HOSPITAL GENERAL DE MÉXICO,SSA,Crítica,Crítica,"19.4129258, -99.1520225"
2020-12-31,HOSPITAL JUAREZ,SSA,Crítica,Media,"19.481829, -99.135576"
2020-12-31,HOSPITAL GENERAL DR. MANUEL GEA GONZÁLEZ,SSA,Media,Crítica,"19.290295, -99.160861"
2020-12-31,HOSPITAL INFANTIL DE MÉXICO FEDERICO GÓMEZ,SSA,Media,Buena,"19.410839, -99.151941"
2020-12-31,INSTITUTO  NACIONAL DE CARDIOLOGÍA IGNACIO CHÁVEZ,SSA,Crítica,Crítica,"19.290598, -99.153838"
2020-12-31,CITIBANAMEX,SSA,Media,Crítica,"19.439732, -99.224235"
2020-12-31,HOSPITAL REGIONAL DE ALTA ESPECIALIDAD DE IXTAPALUCA,SSA,Crítica,Crítica,"19.318796, -98.855353"
2020-12-31,BELISARIO DOMINGUEZ,SEDESA,Media,Media,"19.307226, -99.065356"
2020-12-31,ENRIQUE CABRERA,SEDESA,Crítica,Media,"19.361675, -99.224432"
2020-12-31,GENERAL TLAHUAC,SEDESA,Crítica,Media,"19.287492, -99.052665"
2020-12-31,PEDIATRICO DE LA VILLA,SEDESA,Buena,Buena,"19.487355, -99.114316"
2020-12-31,HOSPITAL GENERAL AJUSCO MEDIO,SEDESA,Crítica,Crítica,"19.272165, -99.207846"
2020-12-31,HOSPITAL GENERAL IZTAPALAPA,SEDESA,Media,Crítica,"19.343426, -99.027236"
2020-12-31,HOSPITAL GENERAL XOCO,SEDESA,Crítica,Crítica,"19.360313, -99.162275"
2020-12-31,HOSPITAL GENERAL VILLA,SEDESA,Crítica,Media,"19.480079, -99.103353"
2020-12-31,HOSPITAL GENERAL DR. RUBÉN LEÑERO,SEDESA,Crítica,Media,"19.451398, -99.169565"
2020-12-31,HOSPITAL GENERAL MILPA ALTA,SEDESA,Crítica,Media,"19.200951, -99.011210"
2020-12-31,HOSPITAL GENERAL BALBUENA,SEDESA,Media,Media,"19.424195, -99.115412"
2020-12-31,HOSPITAL TEPEPAN,SEDESA,Sin Dato,Sin Dato,"19.275806, -99.144298"
2020-12-31,HOSPITAL DE ESPECIALIDADES 01 CMN SIGLO XXI (CDMX SUR),IMSS,Media,Crítica,"19.466549, -99.145102"
2020-12-31,HOSPITAL DE PEDIATRIA 01 CMN SIGLO XXI (CDMX SUR),IMSS,Buena,Buena,"19.407458, -99.152267"
2020-12-31,HOSPITAL GENERAL DE ZONA 01 CARLOS MC GREGOR (CDMX SUR),IMSS,Crítica,Media,"19.395912, -99.161610"
2020-12-31,HOSPITAL GENERAL DE ZONA 1A PARQUE DE LOS VENADOS (CDMX SUR),IMSS,Crítica,Crítica,"19.374431, -99.151203"
2020-12-31,HOSPITAL DE INFECTOLOGIA 01 LA RAZA (CDMX NORTE),IMSS,Crítica,Buena,"19.464865, -99.144859"
2020-12-31,HOSPITAL GENERAL 01 (CDMX NORTE) LA RAZA,IMSS,Crítica,Crítica,"19.395740, -99.161677"
2020-12-31,HOSPITAL GENERAL DE ZONA 24 (CDMX NORTE),IMSS,Crítica,Media,"19.483221, -99.128448"
2020-12-31,HOSPITAL GENERAL DE ZONA 27 (CDMX NORTE),IMSS,Crítica,Crítica,"19.454776, -99.140007"
2020-12-31,HOSPITAL GENERAL DE ZONA 2A (CDMX SUR),IMSS,Crítica,Crítica,"19.405495, -99.112200"
2020-12-31,HOSPITAL GENERAL DE ZONA 30 (CDMX SUR),IMSS,Crítica,Media,"19.398836, -99.116913"
2020-12-31,HOSPITAL GENERAL DE ZONA 32 (CDMX SUR),IMSS,Crítica,Crítica,"19.307964, -99.130677"
2020-12-31,HOSPITAL GENERAL DE ZONA C/MF 08 (CDMX SUR),IMSS,Crítica,Crítica,"19.337137, -99.200142"
2020-12-31,HOSPITAL GENERAL DE ZONA C/UMAA 48 (CDMX NORTE),IMSS,Crítica,Crítica,"19.482375, -99.213046"
2020-12-31,HOSPITAL GENERAL 02 (CDMX SUR) VILLA COAPA (COY.),IMSS,Crítica,Media,"19.309194, -99.129593"
2020-12-31,HOSPITAL DE ESPECIALIDADES 01 (CDMX NORTE) LA RAZA (AZC),IMSS,Crítica,Crítica,"19.467169, -99.143785"
2020-12-31,HOSPITAL GENERAL DE ZONA C/MF 29 (S. JUAN ARAGÓN),IMSS,Crítica,Buena,"19.465117, -99.085162"
2020-12-31,HOSPITAL GENERAL DE ZONA 47 (CDMX SUR) (IZP),IMSS,Crítica,Crítica,"19.357566, -99.054269"
2020-12-31,UNIDAD MÓVIL TEMPORAL COVID,IMSS,Crítica,Crítica,"19.403082, -99.089177"
2020-12-31,CRIT IZTAPALAPA,IMSS,Sin Dato,Sin Dato,"19.328321, -99.068530"
2020-12-31,HOSPITAL GENERAL REGIONAL 72,IMSS,Crítica,Crítica,"19.356913, -98.990929"
2020-12-31,HOSPITAL GENERAL REGIONAL 196,IMSS,Crítica,Crítica,"19.515133, -98.891450"
2020-12-31,HOSPITAL GENERAL REGIONAL 200,IMSS,Crítica,Media,"19.470300, -99.234208"
2020-12-31,HOSPITAL GENERAL DE ZONA 53,IMSS,Crítica,Crítica,"19.597387, -99.188426"
2020-12-31,HOSPITAL GENERAL DE ZONA 197,IMSS,Crítica,Buena,"19.530797, -99.222446"
2020-12-31,HOSPITAL GENERAL DE ZONA 194,IMSS,Crítica,Crítica,"19.570070, -99.044009"
2020-12-31,HOSPITAL GENERAL DE ZONA 57 (LA QUEBRADA),IMSS,Crítica,Buena,"19.542797, -99.205022"
2020-12-31,HOSPITAL GENERAL DE ZONA 58 (LAS MARGARITAS),IMSS,Crítica,Crítica,"19.529016, -99.030983"
2020-12-31,HOSPITAL GENERAL DE ZONA 68 (TULPETLAC),IMSS,Crítica,Crítica,"19.742905, -98.972971"
2020-12-31,HOSPITAL GENERAL DE ZONA 71 (CHALCO),IMSS,Crítica,Crítica,"19.356913, -98.990929"
2020-12-31,HOSPITAL GENERAL DE ZONA 76 (XALOSTOC),IMSS,Crítica,Media,"19.515133, -98.891450"
2020-12-31,HOSPITAL GENERAL DE ZONA 98 (COACALCO),IMSS,Crítica,Media,"19.470300, -99.234208"
2020-12-31,CRIT NEZAHUALCÓYOTL,IMSS,Sin Dato,Sin Dato,"19.425795, -99.029987"
2020-12-31,CENTRO MEDICO 20 DE NOVIEMBRE,ISSSTE,Media,Crítica,"19.372720, -99.171205"
2020-12-31,HG DARIO FERNANDEZ FIERRO,ISSSTE,Crítica,Media,"19.363602, -99.188608"
2020-12-31,HG JOSE MARIA MORELOS,ISSSTE,Crítica,Media,"19.363918, -98.995393"
2020-12-31,HG TACUBA,ISSSTE,Crítica,Buena,"19.454384, -99.191231"
2020-12-31,HG DR FERNANDO QUIROZ,ISSSTE,Crítica,Media,"19.394242, -99.194187"
2020-12-31,HG IGNACIO ZARAGOZA,ISSSTE,Crítica,Media,"19.389472, -99.045019"
2020-12-31,HR PRIMERO DE OCTUBRE,ISSSTE,Crítica,Media,"19.486751, -99.133249"
2020-12-31,HR LIC. ADOLFO LÓPEZ MATEOS,ISSSTE,Media,Crítica,"19.358451, -99.172716"
2020-12-31,HR BICENTENARIO DE LA INDEPENDENCIA,ISSSTE,Crítica,Media,"19.628814, -99.163343"
2020-12-31,HOSPITAL CENTRAL MILITAR,SEDENA,Crítica,Crítica,"19.4373709, -99.216054"
2020-12-31,HOSPITAL MILITAR DE ESPCIALIDADES DE LA MUJER Y NEONATOLOGÍA,SEDENA,Media,Media,"19.4394142,-99.2207869"
2020-12-31,"UNIDAD OPERATIVA DE HOSPITALIZACIÓN COVID-19, 6/O. GRUPO DE MORTEROS 81 MM, CAMPO MILITAR NO. 1-A",SEDENA,Media,Sin Dato,"19.4463797,-99.2483637"
2020-12-31,"UNIDAD OPERATIVA DE TERAPIA Y HOSPITALIZACIÓN COVID-19, 22/O. BATALLÓN DE POLICÍA MILITAR, EL CHIVATITO",SEDENA,Media,Crítica,"19.4150009,-99.1841019"
2020-12-31,"UNIDAD OPERATIVA DE TERAPIA Y HOSPITALIZACIÓN COVID-19, 81/O. BATALLÓN DE INFANTERÍA, TLALPAN",SEDENA,Crítica,Crítica,"19.2646093,-99.1551676"
2020-12-31,H.M.Z. EL VERGEL IZTAPALAPA,SEDENA,Sin Dato,Sin Dato,"19.3131938,-99.0836122"
2020-12-31,H.M.Z. CAMPO MILITAR N1-A ,SEDENA,Sin Dato,Sin Dato,"19.3657943,-99.1492117"
2020-12-31,"HOSPITAL MILITAR DE ZONA, TEMAMANTLA, EDO. DE MÉXICO",SEDENA,Buena,Sin Dato,"19.188008,-98.856959"
2020-12-31,U.O.H. 6/O BATALLÓN DE FUERZAS ESPECIALES,SEDENA,Media,Sin Dato,"19.1922707,-98.8578722"
2020-12-31,H.M.Z. SANTA MARÍA RAYÓN ,SEDENA,Sin Dato,Crítica,"19.1377854,-99.5966327"
2020-12-31,U.O.H. ALMOLOYA DE JUÁREZ ,SEDENA,Media,Sin Dato,"19.4035542,-99.7422616"
2020-12-31,CENTRO MÉDICO NAVAL,SEMAR,Crítica,Crítica,"19.3240164,-99.1274213"
2020-12-31,HOSPITAL CENTRAL SUR DE ALTA ESPECIALIDAD ,PEMEX,Crítica,Crítica,"19.3087458,-99.2209277"
2020-12-31,HOSPITAL CENTRAL NORTE,PEMEX,Crítica,Crítica,"19.479899,-99.2030617"
2020-12-31,ALTA ESPECIALIDAD DE ZUMPANGO,EDOMEX,Buena,Media,"19.815198, -99.089196"
2020-12-31,HOSPITAL REGIONAL TLALNEPANTLA ISSEMYM,EDOMEX,Crítica,Media,"19.521706, -99.187341"
2020-12-31,"HOSPITAL GENERAL ECATEPEC ""LAS AMÉRICAS""",EDOMEX,Media,Crítica,"19.594136, -99.018679"
2020-12-31,"HOSPITAL GENERAL DE NAUCALPAN ""DR. MAXIMILIANO RUIZ CASTAÑEDA"" ",EDOMEX,Media,Crítica,"19.468662, -99.234348"
2020-12-31,"HOSPITAL GENERAL ATIZAPAN DE ZARAGOZA ""DR. SALVADOR GONZALEZ HERREJÓN""",EDOMEX,Buena,Media,"19.546322, -99.237491"
2020-12-31,"HOSPITAL GENERAL CUAUTITLAN ""GRAL. JOSE VICENTE VILLADA""",EDOMEX,Crítica,Media,"19.664586, -99.178557"
2020-12-31,"HOSPITAL GENERAL DE NEZAHUALCOYOTL ""GUSTAVO BAZ PRADA""",EDOMEX,Buena,Crítica,"19.422253, -99.014892"
2020-12-31,"HOSPITAL GENERAL DE ECATEPEC ""JOSÉ MARÍA RODRÍGUEZ""",EDOMEX,Buena,Media,"19.514412, -99.038087"
2020-12-31,"HOSPITAL GENERAL NEZAHUALCOYOTL ""LA PERLA"" ",EDOMEX,Buena,Media,"19.387963, -98.989442"
2020-12-31,HOSPITAL GENERAL DE CHIMALHUACAN,EDOMEX,Media,Crítica,"19.419753, -98.975140"
2020-12-31,"HOSPITAL GENERAL DE IXTAPALUCA ""PEDRO LOPEZ""",EDOMEX,Media,Buena,"19.318829, -98.855366"
2020-12-31,HOSPITAL GENERAL DE CHALCO ,EDOMEX,Media,Media,"19.268265, -98.893965"
2020-12-31,"HOSPITAL GENERAL TEXCOCO ""GUADALUPE VICTORIA"" BICENTENARIO ",EDOMEX,Media,Buena,"19.514309, -98.871750"
2020-12-31,"HOSPITAL GENERAL VALLE DE CHALCO ""DR. FERNANDO QUIROZ GUTIERREZ"" ",EDOMEX,Buena,Crítica,"19.273775, -98.941609"
2020-12-31,"HOSPITAL GENERAL AMECAMECA ""VALENTIN GOMEZ FARIAS"" ",EDOMEX,Media,Buena,"19.144883, -98.785072"
2020-12-31,HOSPITAL GENERAL DE AXAPUSCO,EDOMEX,Media,Crítica,"19.732872, -98.769445"
2021-01-01,INSTITUTO NACIONAL DE NUTRICIÓN,SSA,Crítica,Crítica,"19.289599, -99.155441"
2021-01-01,INER,SSA,Buena,Crítica,"19.291375, -99.158653"
2021-01-01,HOSPITAL GENERAL DE MÉXICO,SSA,Crítica,Crítica,"19.4129258, -99.1520225"
2021-01-01,HOSPITAL JUAREZ,SSA,Crítica,Media,"19.481829, -99.135576"
2021-01-01,HOSPITAL GENERAL DR. MANUEL GEA GONZÁLEZ,SSA,Media,Crítica,"19.290295, -99.160861"
2021-01-01,HOSPITAL INFANTIL DE MÉXICO FEDERICO GÓMEZ,SSA,Media,Buena,"19.410839, -99.151941"
2021-01-01,INSTITUTO  NACIONAL DE CARDIOLOGÍA IGNACIO CHÁVEZ,SSA,Crítica,Crítica,"19.290598, -99.153838"
2021-01-01,CITIBANAMEX,SSA,Media,Crítica,"19.439732, -99.224235"
2021-01-01,HOSPITAL REGIONAL DE ALTA ESPECIALIDAD DE IXTAPALUCA,SSA,Crítica,Crítica,"19.318796, -98.855353"
2021-01-01,BELISARIO DOMINGUEZ,SEDESA,Media,Media,"19.307226, -99.065356"
2021-01-01,ENRIQUE CABRERA,SEDESA,Crítica,Media,"19.361675, -99.224432"
2021-01-01,GENERAL TLAHUAC,SEDESA,Crítica,Media,"19.287492, -99.052665"
2021-01-01,PEDIATRICO DE LA VILLA,SEDESA,Buena,Buena,"19.487355, -99.114316"
2021-01-01,HOSPITAL GENERAL AJUSCO MEDIO,SEDESA,Crítica,Crítica,"19.272165, -99.207846"
2021-01-01,HOSPITAL GENERAL IZTAPALAPA,SEDESA,Media,Crítica,"19.343426, -99.027236"
2021-01-01,HOSPITAL GENERAL XOCO,SEDESA,Crítica,Media,"19.360313, -99.162275"
2021-01-01,HOSPITAL GENERAL VILLA,SEDESA,Crítica,Media,"19.480079, -99.103353"
2021-01-01,HOSPITAL GENERAL DR. RUBÉN LEÑERO,SEDESA,Crítica,Media,"19.451398, -99.169565"
2021-01-01,HOSPITAL GENERAL MILPA ALTA,SEDESA,Media,Media,"19.200951, -99.011210"
2021-01-01,HOSPITAL GENERAL BALBUENA,SEDESA,Media,Media,"19.424195, -99.115412"
2021-01-01,HOSPITAL TEPEPAN,SEDESA,Sin Dato,Sin Dato,"19.275806, -99.144298"
2021-01-01,HOSPITAL DE ESPECIALIDADES 01 CMN SIGLO XXI (CDMX SUR),IMSS,Media,Crítica,"19.466549, -99.145102"
2021-01-01,HOSPITAL DE PEDIATRIA 01 CMN SIGLO XXI (CDMX SUR),IMSS,Buena,Buena,"19.407458, -99.152267"
2021-01-01,HOSPITAL GENERAL DE ZONA 01 CARLOS MC GREGOR (CDMX SUR),IMSS,Crítica,Media,"19.395912, -99.161610"
2021-01-01,HOSPITAL GENERAL DE ZONA 1A PARQUE DE LOS VENADOS (CDMX SUR),IMSS,Crítica,Crítica,"19.374431, -99.151203"
2021-01-01,HOSPITAL DE INFECTOLOGIA 01 LA RAZA (CDMX NORTE),IMSS,Crítica,Buena,"19.464865, -99.144859"
2021-01-01,HOSPITAL GENERAL 01 (CDMX NORTE) LA RAZA,IMSS,Crítica,Crítica,"19.395740, -99.161677"
2021-01-01,HOSPITAL GENERAL DE ZONA 24 (CDMX NORTE),IMSS,Crítica,Media,"19.483221, -99.128448"
2021-01-01,HOSPITAL GENERAL DE ZONA 27 (CDMX NORTE),IMSS,Crítica,Crítica,"19.454776, -99.140007"
2021-01-01,HOSPITAL GENERAL DE ZONA 2A (CDMX SUR),IMSS,Crítica,Crítica,"19.405495, -99.112200"
2021-01-01,HOSPITAL GENERAL DE ZONA 30 (CDMX SUR),IMSS,Crítica,Media,"19.398836, -99.116913"
2021-01-01,HOSPITAL GENERAL DE ZONA 32 (CDMX SUR),IMSS,Crítica,Crítica,"19.307964, -99.130677"
2021-01-01,HOSPITAL GENERAL DE ZONA C/MF 08 (CDMX SUR),IMSS,Crítica,Crítica,"19.337137, -99.200142"
2021-01-01,HOSPITAL GENERAL DE ZONA C/UMAA 48 (CDMX NORTE),IMSS,Crítica,Crítica,"19.482375, -99.213046"
2021-01-01,HOSPITAL GENERAL 02 (CDMX SUR) VILLA COAPA (COY.),IMSS,Crítica,Buena,"19.309194, -99.129593"
2021-01-01,HOSPITAL DE ESPECIALIDADES 01 (CDMX NORTE) LA RAZA (AZC),IMSS,Crítica,Media,"19.467169, -99.143785"
2021-01-01,HOSPITAL GENERAL DE ZONA C/MF 29 (S. JUAN ARAGÓN),IMSS,Crítica,Buena,"19.465117, -99.085162"
2021-01-01,HOSPITAL GENERAL DE ZONA 47 (CDMX SUR) (IZP),IMSS,Crítica,Crítica,"19.357566, -99.054269"
2021-01-01,UNIDAD MÓVIL TEMPORAL COVID,IMSS,Crítica,Crítica,"19.403082, -99.089177"
2021-01-01,CRIT IZTAPALAPA,IMSS,Sin Dato,Sin Dato,"19.328321, -99.068530"
2021-01-01,HOSPITAL GENERAL REGIONAL 72,IMSS,Crítica,Crítica,"19.356913, -98.990929"
2021-01-01,HOSPITAL GENERAL REGIONAL 196,IMSS,Crítica,Crítica,"19.515133, -98.891450"
2021-01-01,HOSPITAL GENERAL REGIONAL 200,IMSS,Crítica,Crítica,"19.470300, -99.234208"
2021-01-01,HOSPITAL GENERAL DE ZONA 53,IMSS,Crítica,Crítica,"19.597387, -99.188426"
2021-01-01,HOSPITAL GENERAL DE ZONA 197,IMSS,Crítica,Media,"19.530797, -99.222446"
2021-01-01,HOSPITAL GENERAL DE ZONA 194,IMSS,Crítica,Crítica,"19.570070, -99.044009"
2021-01-01,HOSPITAL GENERAL DE ZONA 57 (LA QUEBRADA),IMSS,Crítica,Buena,"19.542797, -99.205022"
2021-01-01,HOSPITAL GENERAL DE ZONA 58 (LAS MARGARITAS),IMSS,Crítica,Media,"19.529016, -99.030983"
2021-01-01,HOSPITAL GENERAL DE ZONA 68 (TULPETLAC),IMSS,Crítica,Crítica,"19.742905, -98.972971"
2021-01-01,HOSPITAL GENERAL DE ZONA 71 (CHALCO),IMSS,Crítica,Media,"19.356913, -98.990929"
2021-01-01,HOSPITAL GENERAL DE ZONA 76 (XALOSTOC),IMSS,Crítica,Media,"19.515133, -98.891450"
2021-01-01,HOSPITAL GENERAL DE ZONA 98 (COACALCO),IMSS,Crítica,Media,"19.470300, -99.234208"
2021-01-01,CRIT NEZAHUALCÓYOTL,IMSS,Sin Dato,Sin Dato,"19.425795, -99.029987"
2021-01-01,CENTRO MEDICO 20 DE NOVIEMBRE,ISSSTE,Media,Crítica,"19.372720, -99.171205"
2021-01-01,HG DARIO FERNANDEZ FIERRO,ISSSTE,Crítica,Media,"19.363602, -99.188608"
2021-01-01,HG JOSE MARIA MORELOS,ISSSTE,Media,Media,"19.363918, -98.995393"
2021-01-01,HG TACUBA,ISSSTE,Crítica,Buena,"19.454384, -99.191231"
2021-01-01,HG DR FERNANDO QUIROZ,ISSSTE,Crítica,Crítica,"19.394242, -99.194187"
2021-01-01,HG IGNACIO ZARAGOZA,ISSSTE,Crítica,Media,"19.389472, -99.045019"
2021-01-01,HR PRIMERO DE OCTUBRE,ISSSTE,Crítica,Buena,"19.486751, -99.133249"
2021-01-01,HR LIC. ADOLFO LÓPEZ MATEOS,ISSSTE,Media,Crítica,"19.358451, -99.172716"
2021-01-01,HR BICENTENARIO DE LA INDEPENDENCIA,ISSSTE,Crítica,Media,"19.628814, -99.163343"
2021-01-01,HOSPITAL CENTRAL MILITAR,SEDENA,Crítica,Crítica,"19.4373709, -99.216054"
2021-01-01,HOSPITAL MILITAR DE ESPCIALIDADES DE LA MUJER Y NEONATOLOGÍA,SEDENA,Media,Media,"19.4394142,-99.2207869"
2021-01-01,"UNIDAD OPERATIVA DE HOSPITALIZACIÓN COVID-19, 6/O. GRUPO DE MORTEROS 81 MM, CAMPO MILITAR NO. 1-A",SEDENA,Media,Sin Dato,"19.4463797,-99.2483637"
2021-01-01,"UNIDAD OPERATIVA DE TERAPIA Y HOSPITALIZACIÓN COVID-19, 22/O. BATALLÓN DE POLICÍA MILITAR, EL CHIVATITO",SEDENA,Media,Crítica,"19.4150009,-99.1841019"
2021-01-01,"UNIDAD OPERATIVA DE TERAPIA Y HOSPITALIZACIÓN COVID-19, 81/O. BATALLÓN DE INFANTERÍA, TLALPAN",SEDENA,Crítica,Crítica,"19.2646093,-99.1551676"
2021-01-01,H.M.Z. EL VERGEL IZTAPALAPA,SEDENA,Sin Dato,Sin Dato,"19.3131938,-99.0836122"
2021-01-01,H.M.Z. CAMPO MILITAR N1-A ,SEDENA,Sin Dato,Sin Dato,"19.3657943,-99.1492117"
2021-01-01,"HOSPITAL MILITAR DE ZONA, TEMAMANTLA, EDO. DE MÉXICO",SEDENA,Buena,Sin Dato,"19.188008,-98.856959"
2021-01-01,U.O.H. 6/O BATALLÓN DE FUERZAS ESPECIALES,SEDENA,Media,Sin Dato,"19.1922707,-98.8578722"
2021-01-01,H.M.Z. SANTA MARÍA RAYÓN ,SEDENA,Sin Dato,Crítica,"19.1377854,-99.5966327"
2021-01-01,U.O.H. ALMOLOYA DE JUÁREZ ,SEDENA,Media,Sin Dato,"19.4035542,-99.7422616"
2021-01-01,CENTRO MÉDICO NAVAL,SEMAR,Crítica,Crítica,"19.3240164,-99.1274213"
2021-01-01,HOSPITAL CENTRAL SUR DE ALTA ESPECIALIDAD ,PEMEX,Crítica,Crítica,"19.3087458,-99.2209277"
2021-01-01,HOSPITAL CENTRAL NORTE,PEMEX,Crítica,Crítica,"19.479899,-99.2030617"
2021-01-01,ALTA ESPECIALIDAD DE ZUMPANGO,EDOMEX,Buena,Media,"19.815198, -99.089196"
2021-01-01,HOSPITAL REGIONAL TLALNEPANTLA ISSEMYM,EDOMEX,Crítica,Media,"19.521706, -99.187341"
2021-01-01,"HOSPITAL GENERAL ECATEPEC ""LAS AMÉRICAS""",EDOMEX,Media,Crítica,"19.594136, -99.018679"
2021-01-01,"HOSPITAL GENERAL DE NAUCALPAN ""DR. MAXIMILIANO RUIZ CASTAÑEDA"" ",EDOMEX,Media,Crítica,"19.468662, -99.234348"
2021-01-01,"HOSPITAL GENERAL ATIZAPAN DE ZARAGOZA ""DR. SALVADOR GONZALEZ HERREJÓN""",EDOMEX,Buena,Media,"19.546322, -99.237491"
2021-01-01,"HOSPITAL GENERAL CUAUTITLAN ""GRAL. JOSE VICENTE VILLADA""",EDOMEX,Crítica,Media,"19.664586, -99.178557"
2021-01-01,"HOSPITAL GENERAL DE NEZAHUALCOYOTL ""GUSTAVO BAZ PRADA""",EDOMEX,Buena,Crítica,"19.422253, -99.014892"
2021-01-01,"HOSPITAL GENERAL DE ECATEPEC ""JOSÉ MARÍA RODRÍGUEZ""",EDOMEX,Media,Crítica,"19.514412, -99.038087"
2021-01-01,"HOSPITAL GENERAL NEZAHUALCOYOTL ""LA PERLA"" ",EDOMEX,Buena,Buena,"19.387963, -98.989442"
2021-01-01,HOSPITAL GENERAL DE CHIMALHUACAN,EDOMEX,Media,Crítica,"19.419753, -98.975140"
2021-01-01,"HOSPITAL GENERAL DE IXTAPALUCA ""PEDRO LOPEZ""",EDOMEX,Media,Buena,"19.318829, -98.855366"
2021-01-01,HOSPITAL GENERAL DE CHALCO ,EDOMEX,Media,Crítica,"19.268265, -98.893965"
2021-01-01,"HOSPITAL GENERAL TEXCOCO ""GUADALUPE VICTORIA"" BICENTENARIO ",EDOMEX,Media,Buena,"19.514309, -98.871750"
2021-01-01,"HOSPITAL GENERAL VALLE DE CHALCO ""DR. FERNANDO QUIROZ GUTIERREZ"" ",EDOMEX,Buena,Crítica,"19.273775, -98.941609"
2021-01-01,"HOSPITAL GENERAL AMECAMECA ""VALENTIN GOMEZ FARIAS"" ",EDOMEX,Media,Media,"19.144883, -98.785072"
2021-01-01,HOSPITAL GENERAL DE AXAPUSCO,EDOMEX,Media,Crítica,"19.732872, -98.769445"
2021-01-02,INSTITUTO NACIONAL DE NUTRICIÓN,SSA,Crítica,Crítica,"19.289599, -99.155441"
2021-01-02,INER,SSA,Buena,Crítica,"19.291375, -99.158653"
2021-01-02,HOSPITAL GENERAL DE MÉXICO,SSA,Crítica,Crítica,"19.4129258, -99.1520225"
2021-01-02,HOSPITAL JUAREZ,SSA,Media,Media,"19.481829, -99.135576"
2021-01-02,HOSPITAL GENERAL DR. MANUEL GEA GONZÁLEZ,SSA,Media,Crítica,"19.290295, -99.160861"
2021-01-02,HOSPITAL INFANTIL DE MÉXICO FEDERICO GÓMEZ,SSA,Media,Buena,"19.410839, -99.151941"
2021-01-02,INSTITUTO  NACIONAL DE CARDIOLOGÍA IGNACIO CHÁVEZ,SSA,Crítica,Crítica,"19.290598, -99.153838"
2021-01-02,CITIBANAMEX,SSA,Media,Crítica,"19.439732, -99.224235"
2021-01-02,HOSPITAL REGIONAL DE ALTA ESPECIALIDAD DE IXTAPALUCA,SSA,Crítica,Crítica,"19.318796, -98.855353"
2021-01-02,BELISARIO DOMINGUEZ,SEDESA,Media,Media,"19.307226, -99.065356"
2021-01-02,ENRIQUE CABRERA,SEDESA,Crítica,Media,"19.361675, -99.224432"
2021-01-02,GENERAL TLAHUAC,SEDESA,Crítica,Media,"19.287492, -99.052665"
2021-01-02,PEDIATRICO DE LA VILLA,SEDESA,Buena,Buena,"19.487355, -99.114316"
2021-01-02,HOSPITAL GENERAL AJUSCO MEDIO,SEDESA,Crítica,Crítica,"19.272165, -99.207846"
2021-01-02,HOSPITAL GENERAL IZTAPALAPA,SEDESA,Media,Crítica,"19.343426, -99.027236"
2021-01-02,HOSPITAL GENERAL XOCO,SEDESA,Crítica,Media,"19.360313, -99.162275"
2021-01-02,HOSPITAL GENERAL VILLA,SEDESA,Crítica,Media,"19.480079, -99.103353"
2021-01-02,HOSPITAL GENERAL DR. RUBÉN LEÑERO,SEDESA,Crítica,Media,"19.451398, -99.169565"
2021-01-02,HOSPITAL GENERAL MILPA ALTA,SEDESA,Media,Crítica,"19.200951, -99.011210"
2021-01-02,HOSPITAL GENERAL BALBUENA,SEDESA,Media,Media,"19.424195, -99.115412"
2021-01-02,HOSPITAL TEPEPAN,SEDESA,Sin Dato,Sin Dato,"19.275806, -99.144298"
2021-01-02,HOSPITAL DE ESPECIALIDADES 01 CMN SIGLO XXI (CDMX SUR),IMSS,Media,Crítica,"19.466549, -99.145102"
2021-01-02,HOSPITAL DE PEDIATRIA 01 CMN SIGLO XXI (CDMX SUR),IMSS,Buena,Buena,"19.407458, -99.152267"
2021-01-02,HOSPITAL GENERAL DE ZONA 01 CARLOS MC GREGOR (CDMX SUR),IMSS,Crítica,Media,"19.395912, -99.161610"
2021-01-02,HOSPITAL GENERAL DE ZONA 1A PARQUE DE LOS VENADOS (CDMX SUR),IMSS,Crítica,Crítica,"19.374431, -99.151203"
2021-01-02,HOSPITAL DE INFECTOLOGIA 01 LA RAZA (CDMX NORTE),IMSS,Crítica,Buena,"19.464865, -99.144859"
2021-01-02,HOSPITAL GENERAL 01 (CDMX NORTE) LA RAZA,IMSS,Crítica,Crítica,"19.395740, -99.161677"
2021-01-02,HOSPITAL GENERAL DE ZONA 24 (CDMX NORTE),IMSS,Crítica,Media,"19.483221, -99.128448"
2021-01-02,HOSPITAL GENERAL DE ZONA 27 (CDMX NORTE),IMSS,Crítica,Crítica,"19.454776, -99.140007"
2021-01-02,HOSPITAL GENERAL DE ZONA 2A (CDMX SUR),IMSS,Crítica,Crítica,"19.405495, -99.112200"
2021-01-02,HOSPITAL GENERAL DE ZONA 30 (CDMX SUR),IMSS,Crítica,Media,"19.398836, -99.116913"
2021-01-02,HOSPITAL GENERAL DE ZONA 32 (CDMX SUR),IMSS,Crítica,Crítica,"19.307964, -99.130677"
2021-01-02,HOSPITAL GENERAL DE ZONA C/MF 08 (CDMX SUR),IMSS,Crítica,Crítica,"19.337137, -99.200142"
2021-01-02,HOSPITAL GENERAL DE ZONA C/UMAA 48 (CDMX NORTE),IMSS,Crítica,Crítica,"19.482375, -99.213046"
2021-01-02,HOSPITAL GENERAL 02 (CDMX SUR) VILLA COAPA (COY.),IMSS,Crítica,Buena,"19.309194, -99.129593"
2021-01-02,HOSPITAL DE ESPECIALIDADES 01 (CDMX NORTE) LA RAZA (AZC),IMSS,Crítica,Crítica,"19.467169, -99.143785"
2021-01-02,HOSPITAL GENERAL DE ZONA C/MF 29 (S. JUAN ARAGÓN),IMSS,Crítica,Buena,"19.465117, -99.085162"
2021-01-02,HOSPITAL GENERAL DE ZONA 47 (CDMX SUR) (IZP),IMSS,Crítica,Crítica,"19.357566, -99.054269"
2021-01-02,UNIDAD MÓVIL TEMPORAL COVID,IMSS,Crítica,Crítica,"19.403082, -99.089177"
2021-01-02,CRIT IZTAPALAPA,IMSS,Sin Dato,Sin Dato,"19.328321, -99.068530"
2021-01-02,HOSPITAL GENERAL REGIONAL 72,IMSS,Crítica,Crítica,"19.356913, -98.990929"
2021-01-02,HOSPITAL GENERAL REGIONAL 196,IMSS,Crítica,Crítica,"19.515133, -98.891450"
2021-01-02,HOSPITAL GENERAL REGIONAL 200,IMSS,Crítica,Crítica,"19.470300, -99.234208"
2021-01-02,HOSPITAL GENERAL DE ZONA 53,IMSS,Media,Crítica,"19.597387, -99.188426"
2021-01-02,HOSPITAL GENERAL DE ZONA 197,IMSS,Crítica,Media,"19.530797, -99.222446"
2021-01-02,HOSPITAL GENERAL DE ZONA 194,IMSS,Crítica,Crítica,"19.570070, -99.044009"
2021-01-02,HOSPITAL GENERAL DE ZONA 57 (LA QUEBRADA),IMSS,Crítica,Buena,"19.542797, -99.205022"
2021-01-02,HOSPITAL GENERAL DE ZONA 58 (LAS MARGARITAS),IMSS,Crítica,Crítica,"19.529016, -99.030983"
2021-01-02,HOSPITAL GENERAL DE ZONA 68 (TULPETLAC),IMSS,Crítica,Crítica,"19.742905, -98.972971"
2021-01-02,HOSPITAL GENERAL DE ZONA 71 (CHALCO),IMSS,Crítica,Crítica,"19.356913, -98.990929"
2021-01-02,HOSPITAL GENERAL DE ZONA 76 (XALOSTOC),IMSS,Crítica,Media,"19.515133, -98.891450"
2021-01-02,HOSPITAL GENERAL DE ZONA 98 (COACALCO),IMSS,Crítica,Buena,"19.470300, -99.234208"
2021-01-02,CRIT NEZAHUALCÓYOTL,IMSS,Sin Dato,Sin Dato,"19.425795, -99.029987"
2021-01-02,CENTRO MEDICO 20 DE NOVIEMBRE,ISSSTE,Crítica,Crítica,"19.372720, -99.171205"
2021-01-02,HG DARIO FERNANDEZ FIERRO,ISSSTE,Crítica,Media,"19.363602, -99.188608"
2021-01-02,HG JOSE MARIA MORELOS,ISSSTE,Media,Media,"19.363918, -98.995393"
2021-01-02,HG TACUBA,ISSSTE,Crítica,Crítica,"19.454384, -99.191231"
2021-01-02,HG DR FERNANDO QUIROZ,ISSSTE,Crítica,Media,"19.394242, -99.194187"
2021-01-02,HG IGNACIO ZARAGOZA,ISSSTE,Crítica,Media,"19.389472, -99.045019"
2021-01-02,HR PRIMERO DE OCTUBRE,ISSSTE,Media,Media,"19.486751, -99.133249"
2021-01-02,HR LIC. ADOLFO LÓPEZ MATEOS,ISSSTE,Media,Media,"19.358451, -99.172716"
2021-01-02,HR BICENTENARIO DE LA INDEPENDENCIA,ISSSTE,Crítica,Media,"19.628814, -99.163343"
2021-01-02,HOSPITAL CENTRAL MILITAR,SEDENA,Crítica,Crítica,"19.4373709, -99.216054"
2021-01-02,HOSPITAL MILITAR DE ESPCIALIDADES DE LA MUJER Y NEONATOLOGÍA,SEDENA,Media,Crítica,"19.4394142,-99.2207869"
2021-01-02,"UNIDAD OPERATIVA DE HOSPITALIZACIÓN COVID-19, 6/O. GRUPO DE MORTEROS 81 MM, CAMPO MILITAR NO. 1-A",SEDENA,Media,Sin Dato,"19.4463797,-99.2483637"
2021-01-02,"UNIDAD OPERATIVA DE TERAPIA Y HOSPITALIZACIÓN COVID-19, 22/O. BATALLÓN DE POLICÍA MILITAR, EL CHIVATITO",SEDENA,Media,Crítica,"19.4150009,-99.1841019"
2021-01-02,"UNIDAD OPERATIVA DE TERAPIA Y HOSPITALIZACIÓN COVID-19, 81/O. BATALLÓN DE INFANTERÍA, TLALPAN",SEDENA,Crítica,Crítica,"19.2646093,-99.1551676"
2021-01-02,H.M.Z. EL VERGEL IZTAPALAPA,SEDENA,Sin Dato,Sin Dato,"19.3131938,-99.0836122"
2021-01-02,H.M.Z. CAMPO MILITAR N1-A ,SEDENA,Sin Dato,Sin Dato,"19.3657943,-99.1492117"
2021-01-02,"HOSPITAL MILITAR DE ZONA, TEMAMANTLA, EDO. DE MÉXICO",SEDENA,Buena,Sin Dato,"19.188008,-98.856959"
2021-01-02,U.O.H. 6/O BATALLÓN DE FUERZAS ESPECIALES,SEDENA,Media,Sin Dato,"19.1922707,-98.8578722"
2021-01-02,H.M.Z. SANTA MARÍA RAYÓN ,SEDENA,Sin Dato,Crítica,"19.1377854,-99.5966327"
2021-01-02,U.O.H. ALMOLOYA DE JUÁREZ ,SEDENA,Media,Sin Dato,"19.4035542,-99.7422616"
2021-01-02,CENTRO MÉDICO NAVAL,SEMAR,Crítica,Crítica,"19.3240164,-99.1274213"
2021-01-02,HOSPITAL CENTRAL SUR DE ALTA ESPECIALIDAD ,PEMEX,Crítica,Crítica,"19.3087458,-99.2209277"
2021-01-02,HOSPITAL CENTRAL NORTE,PEMEX,Crítica,Crítica,"19.479899,-99.2030617"
2021-01-02,ALTA ESPECIALIDAD DE ZUMPANGO,EDOMEX,Buena,Media,"19.815198, -99.089196"
2021-01-02,HOSPITAL REGIONAL TLALNEPANTLA ISSEMYM,EDOMEX,Crítica,Media,"19.521706, -99.187341"
2021-01-02,"HOSPITAL GENERAL ECATEPEC ""LAS AMÉRICAS""",EDOMEX,Media,Crítica,"19.594136, -99.018679"
2021-01-02,"HOSPITAL GENERAL DE NAUCALPAN ""DR. MAXIMILIANO RUIZ CASTAÑEDA"" ",EDOMEX,Media,Crítica,"19.468662, -99.234348"
2021-01-02,"HOSPITAL GENERAL ATIZAPAN DE ZARAGOZA ""DR. SALVADOR GONZALEZ HERREJÓN""",EDOMEX,Buena,Media,"19.546322, -99.237491"
2021-01-02,"HOSPITAL GENERAL CUAUTITLAN ""GRAL. JOSE VICENTE VILLADA""",EDOMEX,Crítica,Media,"19.664586, -99.178557"
2021-01-02,"HOSPITAL GENERAL DE NEZAHUALCOYOTL ""GUSTAVO BAZ PRADA""",EDOMEX,Buena,Crítica,"19.422253, -99.014892"
2021-01-02,"HOSPITAL GENERAL DE ECATEPEC ""JOSÉ MARÍA RODRÍGUEZ""",EDOMEX,Media,Crítica,"19.514412, -99.038087"
2021-01-02,"HOSPITAL GENERAL NEZAHUALCOYOTL ""LA PERLA"" ",EDOMEX,Buena,Media,"19.387963, -98.989442"
2021-01-02,HOSPITAL GENERAL DE CHIMALHUACAN,EDOMEX,Media,Crítica,"19.419753, -98.975140"
2021-01-02,"HOSPITAL GENERAL DE IXTAPALUCA ""PEDRO LOPEZ""",EDOMEX,Media,Buena,"19.318829, -98.855366"
2021-01-02,HOSPITAL GENERAL DE CHALCO ,EDOMEX,Media,Crítica,"19.268265, -98.893965"
2021-01-02,"HOSPITAL GENERAL TEXCOCO ""GUADALUPE VICTORIA"" BICENTENARIO ",EDOMEX,Media,Crítica,"19.514309, -98.871750"
2021-01-02,"HOSPITAL GENERAL VALLE DE CHALCO ""DR. FERNANDO QUIROZ GUTIERREZ"" ",EDOMEX,Media,Media,"19.273775, -98.941609"
2021-01-02,"HOSPITAL GENERAL AMECAMECA ""VALENTIN GOMEZ FARIAS"" ",EDOMEX,Media,Media,"19.144883, -98.785072"
2021-01-02,HOSPITAL GENERAL DE AXAPUSCO,EDOMEX,Media,Crítica,"19.732872, -98.769445"
2021-01-03,INSTITUTO NACIONAL DE NUTRICIÓN,SSA,Crítica,Crítica,"19.289599, -99.155441"
2021-01-03,INER,SSA,Buena,Crítica,"19.291375, -99.158653"
2021-01-03,HOSPITAL GENERAL DE MÉXICO,SSA,Media,Crítica,"19.4129258, -99.1520225"
2021-01-03,HOSPITAL JUAREZ,SSA,Media,Media,"19.481829, -99.135576"
2021-01-03,HOSPITAL GENERAL DR. MANUEL GEA GONZÁLEZ,SSA,Crítica,Crítica,"19.290295, -99.160861"
2021-01-03,HOSPITAL INFANTIL DE MÉXICO FEDERICO GÓMEZ,SSA,Buena,Buena,"19.410839, -99.151941"
2021-01-03,INSTITUTO  NACIONAL DE CARDIOLOGÍA IGNACIO CHÁVEZ,SSA,Crítica,Crítica,"19.290598, -99.153838"
2021-01-03,CITIBANAMEX,SSA,Media,Crítica,"19.439732, -99.224235"
2021-01-03,HOSPITAL REGIONAL DE ALTA ESPECIALIDAD DE IXTAPALUCA,SSA,Crítica,Crítica,"19.318796, -98.855353"
2021-01-03,BELISARIO DOMINGUEZ,SEDESA,Media,Media,"19.307226, -99.065356"
2021-01-03,ENRIQUE CABRERA,SEDESA,Crítica,Media,"19.361675, -99.224432"
2021-01-03,GENERAL TLAHUAC,SEDESA,Crítica,Media,"19.287492, -99.052665"
2021-01-03,PEDIATRICO DE LA VILLA,SEDESA,Buena,Buena,"19.487355, -99.114316"
2021-01-03,HOSPITAL GENERAL AJUSCO MEDIO,SEDESA,Crítica,Crítica,"19.272165, -99.207846"
2021-01-03,HOSPITAL GENERAL IZTAPALAPA,SEDESA,Media,Crítica,"19.343426, -99.027236"
2021-01-03,HOSPITAL GENERAL XOCO,SEDESA,Crítica,Media,"19.360313, -99.162275"
2021-01-03,HOSPITAL GENERAL VILLA,SEDESA,Crítica,Media,"19.480079, -99.103353"
2021-01-03,HOSPITAL GENERAL DR. RUBÉN LEÑERO,SEDESA,Crítica,Media,"19.451398, -99.169565"
2021-01-03,HOSPITAL GENERAL MILPA ALTA,SEDESA,Crítica,Crítica,"19.200951, -99.011210"
2021-01-03,HOSPITAL GENERAL BALBUENA,SEDESA,Media,Media,"19.424195, -99.115412"
2021-01-03,HOSPITAL TEPEPAN,SEDESA,Sin Dato,Sin Dato,"19.275806, -99.144298"
2021-01-03,HOSPITAL DE ESPECIALIDADES 01 CMN SIGLO XXI (CDMX SUR),IMSS,Media,Crítica,"19.466549, -99.145102"
2021-01-03,HOSPITAL DE PEDIATRIA 01 CMN SIGLO XXI (CDMX SUR),IMSS,Buena,Buena,"19.407458, -99.152267"
2021-01-03,HOSPITAL GENERAL DE ZONA 01 CARLOS MC GREGOR (CDMX SUR),IMSS,Crítica,Crítica,"19.395912, -99.161610"
2021-01-03,HOSPITAL GENERAL DE ZONA 1A PARQUE DE LOS VENADOS (CDMX SUR),IMSS,Crítica,Crítica,"19.374431, -99.151203"
2021-01-03,HOSPITAL DE INFECTOLOGIA 01 LA RAZA (CDMX NORTE),IMSS,Crítica,Media,"19.464865, -99.144859"
2021-01-03,HOSPITAL GENERAL 01 (CDMX NORTE) LA RAZA,IMSS,Crítica,Crítica,"19.395740, -99.161677"
2021-01-03,HOSPITAL GENERAL DE ZONA 24 (CDMX NORTE),IMSS,Crítica,Media,"19.483221, -99.128448"
2021-01-03,HOSPITAL GENERAL DE ZONA 27 (CDMX NORTE),IMSS,Crítica,Crítica,"19.454776, -99.140007"
2021-01-03,HOSPITAL GENERAL DE ZONA 2A (CDMX SUR),IMSS,Crítica,Crítica,"19.405495, -99.112200"
2021-01-03,HOSPITAL GENERAL DE ZONA 30 (CDMX SUR),IMSS,Crítica,Media,"19.398836, -99.116913"
2021-01-03,HOSPITAL GENERAL DE ZONA 32 (CDMX SUR),IMSS,Crítica,Crítica,"19.307964, -99.130677"
2021-01-03,HOSPITAL GENERAL DE ZONA C/MF 08 (CDMX SUR),IMSS,Crítica,Media,"19.337137, -99.200142"
2021-01-03,HOSPITAL GENERAL DE ZONA C/UMAA 48 (CDMX NORTE),IMSS,Crítica,Crítica,"19.482375, -99.213046"
2021-01-03,HOSPITAL GENERAL 02 (CDMX SUR) VILLA COAPA (COY.),IMSS,Crítica,Media,"19.309194, -99.129593"
2021-01-03,HOSPITAL DE ESPECIALIDADES 01 (CDMX NORTE) LA RAZA (AZC),IMSS,Crítica,Crítica,"19.467169, -99.143785"
2021-01-03,HOSPITAL GENERAL DE ZONA C/MF 29 (S. JUAN ARAGÓN),IMSS,Crítica,Buena,"19.465117, -99.085162"
2021-01-03,HOSPITAL GENERAL DE ZONA 47 (CDMX SUR) (IZP),IMSS,Crítica,Crítica,"19.357566, -99.054269"
2021-01-03,UNIDAD MÓVIL TEMPORAL COVID,IMSS,Crítica,Crítica,"19.403082, -99.089177"
2021-01-03,CRIT IZTAPALAPA,IMSS,Sin Dato,Sin Dato,"19.328321, -99.068530"
2021-01-03,HOSPITAL GENERAL REGIONAL 72,IMSS,Crítica,Crítica,"19.356913, -98.990929"
2021-01-03,HOSPITAL GENERAL REGIONAL 196,IMSS,Crítica,Crítica,"19.515133, -98.891450"
2021-01-03,HOSPITAL GENERAL REGIONAL 200,IMSS,Crítica,Media,"19.470300, -99.234208"
2021-01-03,HOSPITAL GENERAL DE ZONA 53,IMSS,Crítica,Crítica,"19.597387, -99.188426"
2021-01-03,HOSPITAL GENERAL DE ZONA 197,IMSS,Crítica,Media,"19.530797, -99.222446"
2021-01-03,HOSPITAL GENERAL DE ZONA 194,IMSS,Media,Crítica,"19.570070, -99.044009"
2021-01-03,HOSPITAL GENERAL DE ZONA 57 (LA QUEBRADA),IMSS,Crítica,Buena,"19.542797, -99.205022"
2021-01-03,HOSPITAL GENERAL DE ZONA 58 (LAS MARGARITAS),IMSS,Crítica,Crítica,"19.529016, -99.030983"
2021-01-03,HOSPITAL GENERAL DE ZONA 68 (TULPETLAC),IMSS,Crítica,Crítica,"19.742905, -98.972971"
2021-01-03,HOSPITAL GENERAL DE ZONA 71 (CHALCO),IMSS,Crítica,Crítica,"19.356913, -98.990929"
2021-01-03,HOSPITAL GENERAL DE ZONA 76 (XALOSTOC),IMSS,Crítica,Crítica,"19.515133, -98.891450"
2021-01-03,HOSPITAL GENERAL DE ZONA 98 (COACALCO),IMSS,Crítica,Buena,"19.470300, -99.234208"
2021-01-03,CRIT NEZAHUALCÓYOTL,IMSS,Sin Dato,Sin Dato,"19.425795, -99.029987"
2021-01-03,CENTRO MEDICO 20 DE NOVIEMBRE,ISSSTE,Media,Crítica,"19.372720, -99.171205"
2021-01-03,HG DARIO FERNANDEZ FIERRO,ISSSTE,Crítica,Media,"19.363602, -99.188608"
2021-01-03,HG JOSE MARIA MORELOS,ISSSTE,Media,Media,"19.363918, -98.995393"
2021-01-03,HG TACUBA,ISSSTE,Crítica,Crítica,"19.454384, -99.191231"
2021-01-03,HG DR FERNANDO QUIROZ,ISSSTE,Crítica,Media,"19.394242, -99.194187"
2021-01-03,HG IGNACIO ZARAGOZA,ISSSTE,Crítica,Media,"19.389472, -99.045019"
2021-01-03,HR PRIMERO DE OCTUBRE,ISSSTE,Media,Media,"19.486751, -99.133249"
2021-01-03,HR LIC. ADOLFO LÓPEZ MATEOS,ISSSTE,Media,Media,"19.358451, -99.172716"
2021-01-03,HR BICENTENARIO DE LA INDEPENDENCIA,ISSSTE,Crítica,Media,"19.628814, -99.163343"
2021-01-03,HOSPITAL CENTRAL MILITAR,SEDENA,Crítica,Crítica,"19.4373709, -99.216054"
2021-01-03,HOSPITAL MILITAR DE ESPCIALIDADES DE LA MUJER Y NEONATOLOGÍA,SEDENA,Media,Crítica,"19.4394142,-99.2207869"
2021-01-03,"UNIDAD OPERATIVA DE HOSPITALIZACIÓN COVID-19, 6/O. GRUPO DE MORTEROS 81 MM, CAMPO MILITAR NO. 1-A",SEDENA,Media,Sin Dato,"19.4463797,-99.2483637"
2021-01-03,"UNIDAD OPERATIVA DE TERAPIA Y HOSPITALIZACIÓN COVID-19, 22/O. BATALLÓN DE POLICÍA MILITAR, EL CHIVATITO",SEDENA,Media,Crítica,"19.4150009,-99.1841019"
2021-01-03,"UNIDAD OPERATIVA DE TERAPIA Y HOSPITALIZACIÓN COVID-19, 81/O. BATALLÓN DE INFANTERÍA, TLALPAN",SEDENA,Crítica,Crítica,"19.2646093,-99.1551676"
2021-01-03,H.M.Z. EL VERGEL IZTAPALAPA,SEDENA,Sin Dato,Sin Dato,"19.3131938,-99.0836122"
2021-01-03,H.M.Z. CAMPO MILITAR N1-A ,SEDENA,Sin Dato,Sin Dato,"19.3657943,-99.1492117"
2021-01-03,"HOSPITAL MILITAR DE ZONA, TEMAMANTLA, EDO. DE MÉXICO",SEDENA,Buena,Sin Dato,"19.188008,-98.856959"
2021-01-03,U.O.H. 6/O BATALLÓN DE FUERZAS ESPECIALES,SEDENA,Media,Sin Dato,"19.1922707,-98.8578722"
2021-01-03,H.M.Z. SANTA MARÍA RAYÓN ,SEDENA,Sin Dato,Crítica,"19.1377854,-99.5966327"
2021-01-03,U.O.H. ALMOLOYA DE JUÁREZ ,SEDENA,Media,Sin Dato,"19.4035542,-99.7422616"
2021-01-03,CENTRO MÉDICO NAVAL,SEMAR,Crítica,Crítica,"19.3240164,-99.1274213"
2021-01-03,HOSPITAL CENTRAL SUR DE ALTA ESPECIALIDAD ,PEMEX,Crítica,Crítica,"19.3087458,-99.2209277"
2021-01-03,HOSPITAL CENTRAL NORTE,PEMEX,Crítica,Crítica,"19.479899,-99.2030617"
2021-01-03,ALTA ESPECIALIDAD DE ZUMPANGO,EDOMEX,Buena,Media,"19.815198, -99.089196"
2021-01-03,HOSPITAL REGIONAL TLALNEPANTLA ISSEMYM,EDOMEX,Crítica,Media,"19.521706, -99.187341"
2021-01-03,"HOSPITAL GENERAL ECATEPEC ""LAS AMÉRICAS""",EDOMEX,Media,Crítica,"19.594136, -99.018679"
2021-01-03,"HOSPITAL GENERAL DE NAUCALPAN ""DR. MAXIMILIANO RUIZ CASTAÑEDA"" ",EDOMEX,Buena,Crítica,"19.468662, -99.234348"
2021-01-03,"HOSPITAL GENERAL ATIZAPAN DE ZARAGOZA ""DR. SALVADOR GONZALEZ HERREJÓN""",EDOMEX,Buena,Media,"19.546322, -99.237491"
2021-01-03,"HOSPITAL GENERAL CUAUTITLAN ""GRAL. JOSE VICENTE VILLADA""",EDOMEX,Crítica,Media,"19.664586, -99.178557"
2021-01-03,"HOSPITAL GENERAL DE NEZAHUALCOYOTL ""GUSTAVO BAZ PRADA""",EDOMEX,Buena,Crítica,"19.422253, -99.014892"
2021-01-03,"HOSPITAL GENERAL DE ECATEPEC ""JOSÉ MARÍA RODRÍGUEZ""",EDOMEX,Media,Crítica,"19.514412, -99.038087"
2021-01-03,"HOSPITAL GENERAL NEZAHUALCOYOTL ""LA PERLA"" ",EDOMEX,Buena,Media,"19.387963, -98.989442"
2021-01-03,HOSPITAL GENERAL DE CHIMALHUACAN,EDOMEX,Media,Crítica,"19.419753, -98.975140"
2021-01-03,"HOSPITAL GENERAL DE IXTAPALUCA ""PEDRO LOPEZ""",EDOMEX,Media,Buena,"19.318829, -98.855366"
2021-01-03,HOSPITAL GENERAL DE CHALCO ,EDOMEX,Media,Media,"19.268265, -98.893965"
2021-01-03,"HOSPITAL GENERAL TEXCOCO ""GUADALUPE VICTORIA"" BICENTENARIO ",EDOMEX,Media,Crítica,"19.514309, -98.871750"
2021-01-03,"HOSPITAL GENERAL VALLE DE CHALCO ""DR. FERNANDO QUIROZ GUTIERREZ"" ",EDOMEX,Media,Media,"19.273775, -98.941609"
2021-01-03,"HOSPITAL GENERAL AMECAMECA ""VALENTIN GOMEZ FARIAS"" ",EDOMEX,Buena,Media,"19.144883, -98.785072"
2021-01-03,HOSPITAL GENERAL DE AXAPUSCO,EDOMEX,Media,Crítica,"19.732872, -98.769445"
2021-01-04,INSTITUTO NACIONAL DE NUTRICIÓN,SSA,Crítica,Crítica,"19.289599, -99.155441"
2021-01-04,INER,SSA,Buena,Crítica,"19.291375, -99.158653"
2021-01-04,HOSPITAL GENERAL DE MÉXICO,SSA,Media,Crítica,"19.4129258, -99.1520225"
2021-01-04,HOSPITAL JUAREZ,SSA,Media,Media,"19.481829, -99.135576"
2021-01-04,HOSPITAL GENERAL DR. MANUEL GEA GONZÁLEZ,SSA,Crítica,Crítica,"19.290295, -99.160861"
2021-01-04,HOSPITAL INFANTIL DE MÉXICO FEDERICO GÓMEZ,SSA,Buena,Buena,"19.410839, -99.151941"
2021-01-04,INSTITUTO  NACIONAL DE CARDIOLOGÍA IGNACIO CHÁVEZ,SSA,Crítica,Crítica,"19.290598, -99.153838"
2021-01-04,CITIBANAMEX,SSA,Media,Crítica,"19.439732, -99.224235"
2021-01-04,HOSPITAL REGIONAL DE ALTA ESPECIALIDAD DE IXTAPALUCA,SSA,Crítica,Crítica,"19.318796, -98.855353"
2021-01-04,BELISARIO DOMINGUEZ,SEDESA,Media,Media,"19.307226, -99.065356"
2021-01-04,ENRIQUE CABRERA,SEDESA,Crítica,Media,"19.361675, -99.224432"
2021-01-04,GENERAL TLAHUAC,SEDESA,Crítica,Media,"19.287492, -99.052665"
2021-01-04,PEDIATRICO DE LA VILLA,SEDESA,Buena,Buena,"19.487355, -99.114316"
2021-01-04,HOSPITAL GENERAL AJUSCO MEDIO,SEDESA,Crítica,Crítica,"19.272165, -99.207846"
2021-01-04,HOSPITAL GENERAL IZTAPALAPA,SEDESA,Media,Crítica,"19.343426, -99.027236"
2021-01-04,HOSPITAL GENERAL XOCO,SEDESA,Crítica,Crítica,"19.360313, -99.162275"
2021-01-04,HOSPITAL GENERAL VILLA,SEDESA,Crítica,Media,"19.480079, -99.103353"
2021-01-04,HOSPITAL GENERAL DR. RUBÉN LEÑERO,SEDESA,Crítica,Media,"19.451398, -99.169565"
2021-01-04,HOSPITAL GENERAL MILPA ALTA,SEDESA,Crítica,Crítica,"19.200951, -99.011210"
2021-01-04,HOSPITAL GENERAL BALBUENA,SEDESA,Media,Crítica,"19.424195, -99.115412"
2021-01-04,HOSPITAL TEPEPAN,SEDESA,Sin Dato,Sin Dato,"19.275806, -99.144298"
2021-01-04,HOSPITAL DE ESPECIALIDADES 01 CMN SIGLO XXI (CDMX SUR),IMSS,Media,Crítica,"19.466549, -99.145102"
2021-01-04,HOSPITAL DE PEDIATRIA 01 CMN SIGLO XXI (CDMX SUR),IMSS,Buena,Buena,"19.407458, -99.152267"
2021-01-04,HOSPITAL GENERAL DE ZONA 01 CARLOS MC GREGOR (CDMX SUR),IMSS,Crítica,Crítica,"19.395912, -99.161610"
2021-01-04,HOSPITAL GENERAL DE ZONA 1A PARQUE DE LOS VENADOS (CDMX SUR),IMSS,Crítica,Crítica,"19.374431, -99.151203"
2021-01-04,HOSPITAL DE INFECTOLOGIA 01 LA RAZA (CDMX NORTE),IMSS,Crítica,Media,"19.464865, -99.144859"
2021-01-04,HOSPITAL GENERAL 01 (CDMX NORTE) LA RAZA,IMSS,Crítica,Crítica,"19.395740, -99.161677"
2021-01-04,HOSPITAL GENERAL DE ZONA 24 (CDMX NORTE),IMSS,Crítica,Media,"19.483221, -99.128448"
2021-01-04,HOSPITAL GENERAL DE ZONA 27 (CDMX NORTE),IMSS,Crítica,Crítica,"19.454776, -99.140007"
2021-01-04,HOSPITAL GENERAL DE ZONA 2A (CDMX SUR),IMSS,Crítica,Crítica,"19.405495, -99.112200"
2021-01-04,HOSPITAL GENERAL DE ZONA 30 (CDMX SUR),IMSS,Crítica,Media,"19.398836, -99.116913"
2021-01-04,HOSPITAL GENERAL DE ZONA 32 (CDMX SUR),IMSS,Crítica,Crítica,"19.307964, -99.130677"
2021-01-04,HOSPITAL GENERAL DE ZONA C/MF 08 (CDMX SUR),IMSS,Media,Media,"19.337137, -99.200142"
2021-01-04,HOSPITAL GENERAL DE ZONA C/UMAA 48 (CDMX NORTE),IMSS,Crítica,Crítica,"19.482375, -99.213046"
2021-01-04,HOSPITAL GENERAL 02 (CDMX SUR) VILLA COAPA (COY.),IMSS,Crítica,Media,"19.309194, -99.129593"
2021-01-04,HOSPITAL DE ESPECIALIDADES 01 (CDMX NORTE) LA RAZA (AZC),IMSS,Crítica,Crítica,"19.467169, -99.143785"
2021-01-04,HOSPITAL GENERAL DE ZONA C/MF 29 (S. JUAN ARAGÓN),IMSS,Crítica,Buena,"19.465117, -99.085162"
2021-01-04,HOSPITAL GENERAL DE ZONA 47 (CDMX SUR) (IZP),IMSS,Crítica,Crítica,"19.357566, -99.054269"
2021-01-04,UNIDAD MÓVIL TEMPORAL COVID,IMSS,Crítica,Crítica,"19.403082, -99.089177"
2021-01-04,CRIT IZTAPALAPA,IMSS,Sin Dato,Sin Dato,"19.328321, -99.068530"
2021-01-04,HOSPITAL GENERAL REGIONAL 72,IMSS,Crítica,Crítica,"19.356913, -98.990929"
2021-01-04,HOSPITAL GENERAL REGIONAL 196,IMSS,Crítica,Crítica,"19.515133, -98.891450"
2021-01-04,HOSPITAL GENERAL REGIONAL 200,IMSS,Crítica,Media,"19.470300, -99.234208"
2021-01-04,HOSPITAL GENERAL DE ZONA 53,IMSS,Crítica,Crítica,"19.597387, -99.188426"
2021-01-04,HOSPITAL GENERAL DE ZONA 197,IMSS,Crítica,Media,"19.530797, -99.222446"
2021-01-04,HOSPITAL GENERAL DE ZONA 194,IMSS,Crítica,Media,"19.570070, -99.044009"
2021-01-04,HOSPITAL GENERAL DE ZONA 57 (LA QUEBRADA),IMSS,Crítica,Buena,"19.542797, -99.205022"
2021-01-04,HOSPITAL GENERAL DE ZONA 58 (LAS MARGARITAS),IMSS,Crítica,Crítica,"19.529016, -99.030983"
2021-01-04,HOSPITAL GENERAL DE ZONA 68 (TULPETLAC),IMSS,Crítica,Crítica,"19.742905, -98.972971"
2021-01-04,HOSPITAL GENERAL DE ZONA 71 (CHALCO),IMSS,Crítica,Crítica,"19.356913, -98.990929"
2021-01-04,HOSPITAL GENERAL DE ZONA 76 (XALOSTOC),IMSS,Crítica,Crítica,"19.515133, -98.891450"
2021-01-04,HOSPITAL GENERAL DE ZONA 98 (COACALCO),IMSS,Crítica,Media,"19.470300, -99.234208"
2021-01-04,CRIT NEZAHUALCÓYOTL,IMSS,Sin Dato,Sin Dato,"19.425795, -99.029987"
2021-01-04,CENTRO MEDICO 20 DE NOVIEMBRE,ISSSTE,Crítica,Crítica,"19.372720, -99.171205"
2021-01-04,HG DARIO FERNANDEZ FIERRO,ISSSTE,Crítica,Media,"19.363602, -99.188608"
2021-01-04,HG JOSE MARIA MORELOS,ISSSTE,Media,Media,"19.363918, -98.995393"
2021-01-04,HG TACUBA,ISSSTE,Crítica,Media,"19.454384, -99.191231"
2021-01-04,HG DR FERNANDO QUIROZ,ISSSTE,Crítica,Media,"19.394242, -99.194187"
2021-01-04,HG IGNACIO ZARAGOZA,ISSSTE,Crítica,Media,"19.389472, -99.045019"
2021-01-04,HR PRIMERO DE OCTUBRE,ISSSTE,Media,Media,"19.486751, -99.133249"
2021-01-04,HR LIC. ADOLFO LÓPEZ MATEOS,ISSSTE,Media,Media,"19.358451, -99.172716"
2021-01-04,HR BICENTENARIO DE LA INDEPENDENCIA,ISSSTE,Crítica,Media,"19.628814, -99.163343"
2021-01-04,HOSPITAL CENTRAL MILITAR,SEDENA,Crítica,Crítica,"19.4373709, -99.216054"
2021-01-04,HOSPITAL MILITAR DE ESPCIALIDADES DE LA MUJER Y NEONATOLOGÍA,SEDENA,Media,Crítica,"19.4394142,-99.2207869"
2021-01-04,"UNIDAD OPERATIVA DE HOSPITALIZACIÓN COVID-19, 6/O. GRUPO DE MORTEROS 81 MM, CAMPO MILITAR NO. 1-A",SEDENA,Media,Sin Dato,"19.4463797,-99.2483637"
2021-01-04,"UNIDAD OPERATIVA DE TERAPIA Y HOSPITALIZACIÓN COVID-19, 22/O. BATALLÓN DE POLICÍA MILITAR, EL CHIVATITO",SEDENA,Media,Crítica,"19.4150009,-99.1841019"
2021-01-04,"UNIDAD OPERATIVA DE TERAPIA Y HOSPITALIZACIÓN COVID-19, 81/O. BATALLÓN DE INFANTERÍA, TLALPAN",SEDENA,Crítica,Crítica,"19.2646093,-99.1551676"
2021-01-04,H.M.Z. EL VERGEL IZTAPALAPA,SEDENA,Sin Dato,Sin Dato,"19.3131938,-99.0836122"
2021-01-04,H.M.Z. CAMPO MILITAR N1-A ,SEDENA,Sin Dato,Sin Dato,"19.3657943,-99.1492117"
2021-01-04,"HOSPITAL MILITAR DE ZONA, TEMAMANTLA, EDO. DE MÉXICO",SEDENA,Buena,Sin Dato,"19.188008,-98.856959"
2021-01-04,U.O.H. 6/O BATALLÓN DE FUERZAS ESPECIALES,SEDENA,Media,Sin Dato,"19.1922707,-98.8578722"
2021-01-04,H.M.Z. SANTA MARÍA RAYÓN ,SEDENA,Sin Dato,Crítica,"19.1377854,-99.5966327"
2021-01-04,U.O.H. ALMOLOYA DE JUÁREZ ,SEDENA,Media,Sin Dato,"19.4035542,-99.7422616"
2021-01-04,CENTRO MÉDICO NAVAL,SEMAR,Crítica,Crítica,"19.3240164,-99.1274213"
2021-01-04,HOSPITAL CENTRAL SUR DE ALTA ESPECIALIDAD ,PEMEX,Crítica,Crítica,"19.3087458,-99.2209277"
2021-01-04,HOSPITAL CENTRAL NORTE,PEMEX,Crítica,Crítica,"19.479899,-99.2030617"
2021-01-04,ALTA ESPECIALIDAD DE ZUMPANGO,EDOMEX,Buena,Media,"19.815198, -99.089196"
2021-01-04,HOSPITAL REGIONAL TLALNEPANTLA ISSEMYM,EDOMEX,Crítica,Media,"19.521706, -99.187341"
2021-01-04,"HOSPITAL GENERAL ECATEPEC ""LAS AMÉRICAS""",EDOMEX,Media,Crítica,"19.594136, -99.018679"
2021-01-04,"HOSPITAL GENERAL DE NAUCALPAN ""DR. MAXIMILIANO RUIZ CASTAÑEDA"" ",EDOMEX,Media,Media,"19.468662, -99.234348"
2021-01-04,"HOSPITAL GENERAL ATIZAPAN DE ZARAGOZA ""DR. SALVADOR GONZALEZ HERREJÓN""",EDOMEX,Buena,Media,"19.546322, -99.237491"
2021-01-04,"HOSPITAL GENERAL CUAUTITLAN ""GRAL. JOSE VICENTE VILLADA""",EDOMEX,Crítica,Media,"19.664586, -99.178557"
2021-01-04,"HOSPITAL GENERAL DE NEZAHUALCOYOTL ""GUSTAVO BAZ PRADA""",EDOMEX,Buena,Crítica,"19.422253, -99.014892"
2021-01-04,"HOSPITAL GENERAL DE ECATEPEC ""JOSÉ MARÍA RODRÍGUEZ""",EDOMEX,Media,Crítica,"19.514412, -99.038087"
2021-01-04,"HOSPITAL GENERAL NEZAHUALCOYOTL ""LA PERLA"" ",EDOMEX,Buena,Media,"19.387963, -98.989442"
2021-01-04,HOSPITAL GENERAL DE CHIMALHUACAN,EDOMEX,Media,Crítica,"19.419753, -98.975140"
2021-01-04,"HOSPITAL GENERAL DE IXTAPALUCA ""PEDRO LOPEZ""",EDOMEX,Media,Buena,"19.318829, -98.855366"
2021-01-04,HOSPITAL GENERAL DE CHALCO ,EDOMEX,Buena,Media,"19.268265, -98.893965"
2021-01-04,"HOSPITAL GENERAL TEXCOCO ""GUADALUPE VICTORIA"" BICENTENARIO ",EDOMEX,Media,Crítica,"19.514309, -98.871750"
2021-01-04,"HOSPITAL GENERAL VALLE DE CHALCO ""DR. FERNANDO QUIROZ GUTIERREZ"" ",EDOMEX,Media,Buena,"19.273775, -98.941609"
2021-01-04,"HOSPITAL GENERAL AMECAMECA ""VALENTIN GOMEZ FARIAS"" ",EDOMEX,Buena,Media,"19.144883, -98.785072"
2021-01-04,HOSPITAL GENERAL DE AXAPUSCO,EDOMEX,Crítica,Crítica,"19.732872, -98.769445"
2021-01-05,INSTITUTO NACIONAL DE NUTRICIÓN,SSA,Crítica,Crítica,"19.289599, -99.155441"
2021-01-05,INER,SSA,Buena,Crítica,"19.291375, -99.158653"
2021-01-05,HOSPITAL GENERAL DE MÉXICO,SSA,Media,Crítica,"19.4129258, -99.1520225"
2021-01-05,HOSPITAL JUAREZ,SSA,Media,Media,"19.481829, -99.135576"
2021-01-05,HOSPITAL GENERAL DR. MANUEL GEA GONZÁLEZ,SSA,Crítica,Crítica,"19.290295, -99.160861"
2021-01-05,HOSPITAL INFANTIL DE MÉXICO FEDERICO GÓMEZ,SSA,Media,Buena,"19.410839, -99.151941"
2021-01-05,INSTITUTO  NACIONAL DE CARDIOLOGÍA IGNACIO CHÁVEZ,SSA,Crítica,Crítica,"19.290598, -99.153838"
2021-01-05,CITIBANAMEX,SSA,Media,Crítica,"19.439732, -99.224235"
2021-01-05,HOSPITAL REGIONAL DE ALTA ESPECIALIDAD DE IXTAPALUCA,SSA,Crítica,Crítica,"19.318796, -98.855353"
2021-01-05,BELISARIO DOMINGUEZ,SEDESA,Media,Media,"19.307226, -99.065356"
2021-01-05,ENRIQUE CABRERA,SEDESA,Crítica,Media,"19.361675, -99.224432"
2021-01-05,GENERAL TLAHUAC,SEDESA,Crítica,Media,"19.287492, -99.052665"
2021-01-05,PEDIATRICO DE LA VILLA,SEDESA,Buena,Buena,"19.487355, -99.114316"
2021-01-05,HOSPITAL GENERAL AJUSCO MEDIO,SEDESA,Crítica,Crítica,"19.272165, -99.207846"
2021-01-05,HOSPITAL GENERAL IZTAPALAPA,SEDESA,Media,Crítica,"19.343426, -99.027236"
2021-01-05,HOSPITAL GENERAL XOCO,SEDESA,Crítica,Media,"19.360313, -99.162275"
2021-01-05,HOSPITAL GENERAL VILLA,SEDESA,Crítica,Media,"19.480079, -99.103353"
2021-01-05,HOSPITAL GENERAL DR. RUBÉN LEÑERO,SEDESA,Crítica,Media,"19.451398, -99.169565"
2021-01-05,HOSPITAL GENERAL MILPA ALTA,SEDESA,Media,Crítica,"19.200951, -99.011210"
2021-01-05,HOSPITAL GENERAL BALBUENA,SEDESA,Media,Media,"19.424195, -99.115412"
2021-01-05,HOSPITAL TEPEPAN,SEDESA,Sin Dato,Sin Dato,"19.275806, -99.144298"
2021-01-05,HOSPITAL DE ESPECIALIDADES 01 CMN SIGLO XXI (CDMX SUR),IMSS,Buena,Crítica,"19.466549, -99.145102"
2021-01-05,HOSPITAL DE PEDIATRIA 01 CMN SIGLO XXI (CDMX SUR),IMSS,Buena,Buena,"19.407458, -99.152267"
2021-01-05,HOSPITAL GENERAL DE ZONA 01 CARLOS MC GREGOR (CDMX SUR),IMSS,Crítica,Media,"19.395912, -99.161610"
2021-01-05,HOSPITAL GENERAL DE ZONA 1A PARQUE DE LOS VENADOS (CDMX SUR),IMSS,Crítica,Crítica,"19.374431, -99.151203"
2021-01-05,HOSPITAL DE INFECTOLOGIA 01 LA RAZA (CDMX NORTE),IMSS,Crítica,Media,"19.464865, -99.144859"
2021-01-05,HOSPITAL GENERAL 01 (CDMX NORTE) LA RAZA,IMSS,Crítica,Crítica,"19.395740, -99.161677"
2021-01-05,HOSPITAL GENERAL DE ZONA 24 (CDMX NORTE),IMSS,Crítica,Media,"19.483221, -99.128448"
2021-01-05,HOSPITAL GENERAL DE ZONA 27 (CDMX NORTE),IMSS,Crítica,Crítica,"19.454776, -99.140007"
2021-01-05,HOSPITAL GENERAL DE ZONA 2A (CDMX SUR),IMSS,Crítica,Crítica,"19.405495, -99.112200"
2021-01-05,HOSPITAL GENERAL DE ZONA 30 (CDMX SUR),IMSS,Crítica,Media,"19.398836, -99.116913"
2021-01-05,HOSPITAL GENERAL DE ZONA 32 (CDMX SUR),IMSS,Crítica,Crítica,"19.307964, -99.130677"
2021-01-05,HOSPITAL GENERAL DE ZONA C/MF 08 (CDMX SUR),IMSS,Media,Media,"19.337137, -99.200142"
2021-01-05,HOSPITAL GENERAL DE ZONA C/UMAA 48 (CDMX NORTE),IMSS,Crítica,Crítica,"19.482375, -99.213046"
2021-01-05,HOSPITAL GENERAL 02 (CDMX SUR) VILLA COAPA (COY.),IMSS,Crítica,Media,"19.309194, -99.129593"
2021-01-05,HOSPITAL DE ESPECIALIDADES 01 (CDMX NORTE) LA RAZA (AZC),IMSS,Crítica,Crítica,"19.467169, -99.143785"
2021-01-05,HOSPITAL GENERAL DE ZONA C/MF 29 (S. JUAN ARAGÓN),IMSS,Crítica,Buena,"19.465117, -99.085162"
2021-01-05,HOSPITAL GENERAL DE ZONA 47 (CDMX SUR) (IZP),IMSS,Crítica,Crítica,"19.357566, -99.054269"
2021-01-05,UNIDAD MÓVIL TEMPORAL COVID,IMSS,Crítica,Crítica,"19.403082, -99.089177"
2021-01-05,CRIT IZTAPALAPA,IMSS,Sin Dato,Sin Dato,"19.328321, -99.068530"
2021-01-05,HOSPITAL GENERAL REGIONAL 72,IMSS,Crítica,Crítica,"19.356913, -98.990929"
2021-01-05,HOSPITAL GENERAL REGIONAL 196,IMSS,Crítica,Crítica,"19.515133, -98.891450"
2021-01-05,HOSPITAL GENERAL REGIONAL 200,IMSS,Crítica,Crítica,"19.470300, -99.234208"
2021-01-05,HOSPITAL GENERAL DE ZONA 53,IMSS,Media,Crítica,"19.597387, -99.188426"
2021-01-05,HOSPITAL GENERAL DE ZONA 197,IMSS,Crítica,Media,"19.530797, -99.222446"
2021-01-05,HOSPITAL GENERAL DE ZONA 194,IMSS,Crítica,Media,"19.570070, -99.044009"
2021-01-05,HOSPITAL GENERAL DE ZONA 57 (LA QUEBRADA),IMSS,Crítica,Media,"19.542797, -99.205022"
2021-01-05,HOSPITAL GENERAL DE ZONA 58 (LAS MARGARITAS),IMSS,Crítica,Crítica,"19.529016, -99.030983"
2021-01-05,HOSPITAL GENERAL DE ZONA 68 (TULPETLAC),IMSS,Crítica,Crítica,"19.742905, -98.972971"
2021-01-05,HOSPITAL GENERAL DE ZONA 71 (CHALCO),IMSS,Crítica,Media,"19.356913, -98.990929"
2021-01-05,HOSPITAL GENERAL DE ZONA 76 (XALOSTOC),IMSS,Crítica,Media,"19.515133, -98.891450"
2021-01-05,HOSPITAL GENERAL DE ZONA 98 (COACALCO),IMSS,Crítica,Media,"19.470300, -99.234208"
2021-01-05,CRIT NEZAHUALCÓYOTL,IMSS,Sin Dato,Sin Dato,"19.425795, -99.029987"
2021-01-05,CENTRO MEDICO 20 DE NOVIEMBRE,ISSSTE,Media,Crítica,"19.372720, -99.171205"
2021-01-05,HG DARIO FERNANDEZ FIERRO,ISSSTE,Crítica,Media,"19.363602, -99.188608"
2021-01-05,HG JOSE MARIA MORELOS,ISSSTE,Media,Media,"19.363918, -98.995393"
2021-01-05,HG TACUBA,ISSSTE,Crítica,Media,"19.454384, -99.191231"
2021-01-05,HG DR FERNANDO QUIROZ,ISSSTE,Crítica,Buena,"19.394242, -99.194187"
2021-01-05,HG IGNACIO ZARAGOZA,ISSSTE,Crítica,Media,"19.389472, -99.045019"
2021-01-05,HR PRIMERO DE OCTUBRE,ISSSTE,Media,Media,"19.486751, -99.133249"
2021-01-05,HR LIC. ADOLFO LÓPEZ MATEOS,ISSSTE,Media,Crítica,"19.358451, -99.172716"
2021-01-05,HR BICENTENARIO DE LA INDEPENDENCIA,ISSSTE,Crítica,Media,"19.628814, -99.163343"
2021-01-05,HOSPITAL CENTRAL MILITAR,SEDENA,Crítica,Crítica,"19.4373709, -99.216054"
2021-01-05,HOSPITAL MILITAR DE ESPCIALIDADES DE LA MUJER Y NEONATOLOGÍA,SEDENA,Media,Crítica,"19.4394142,-99.2207869"
2021-01-05,"UNIDAD OPERATIVA DE HOSPITALIZACIÓN COVID-19, 6/O. GRUPO DE MORTEROS 81 MM, CAMPO MILITAR NO. 1-A",SEDENA,Media,Sin Dato,"19.4463797,-99.2483637"
2021-01-05,"UNIDAD OPERATIVA DE TERAPIA Y HOSPITALIZACIÓN COVID-19, 22/O. BATALLÓN DE POLICÍA MILITAR, EL CHIVATITO",SEDENA,Media,Crítica,"19.4150009,-99.1841019"
2021-01-05,"UNIDAD OPERATIVA DE TERAPIA Y HOSPITALIZACIÓN COVID-19, 81/O. BATALLÓN DE INFANTERÍA, TLALPAN",SEDENA,Crítica,Crítica,"19.2646093,-99.1551676"
2021-01-05,H.M.Z. EL VERGEL IZTAPALAPA,SEDENA,Sin Dato,Sin Dato,"19.3131938,-99.0836122"
2021-01-05,H.M.Z. CAMPO MILITAR N1-A ,SEDENA,Sin Dato,Sin Dato,"19.3657943,-99.1492117"
2021-01-05,"HOSPITAL MILITAR DE ZONA, TEMAMANTLA, EDO. DE MÉXICO",SEDENA,Buena,Sin Dato,"19.188008,-98.856959"
2021-01-05,U.O.H. 6/O BATALLÓN DE FUERZAS ESPECIALES,SEDENA,Media,Sin Dato,"19.1922707,-98.8578722"
2021-01-05,H.M.Z. SANTA MARÍA RAYÓN ,SEDENA,Sin Dato,Crítica,"19.1377854,-99.5966327"
2021-01-05,U.O.H. ALMOLOYA DE JUÁREZ ,SEDENA,Media,Sin Dato,"19.4035542,-99.7422616"
2021-01-05,CENTRO MÉDICO NAVAL,SEMAR,Crítica,Crítica,"19.3240164,-99.1274213"
2021-01-05,HOSPITAL CENTRAL SUR DE ALTA ESPECIALIDAD ,PEMEX,Crítica,Crítica,"19.3087458,-99.2209277"
2021-01-05,HOSPITAL CENTRAL NORTE,PEMEX,Crítica,Crítica,"19.479899,-99.2030617"
2021-01-05,ALTA ESPECIALIDAD DE ZUMPANGO,EDOMEX,Buena,Media,"19.815198, -99.089196"
2021-01-05,HOSPITAL REGIONAL TLALNEPANTLA ISSEMYM,EDOMEX,Crítica,Media,"19.521706, -99.187341"
2021-01-05,"HOSPITAL GENERAL ECATEPEC ""LAS AMÉRICAS""",EDOMEX,Media,Crítica,"19.594136, -99.018679"
2021-01-05,"HOSPITAL GENERAL DE NAUCALPAN ""DR. MAXIMILIANO RUIZ CASTAÑEDA"" ",EDOMEX,Media,Media,"19.468662, -99.234348"
2021-01-05,"HOSPITAL GENERAL ATIZAPAN DE ZARAGOZA ""DR. SALVADOR GONZALEZ HERREJÓN""",EDOMEX,Buena,Buena,"19.546322, -99.237491"
2021-01-05,"HOSPITAL GENERAL CUAUTITLAN ""GRAL. JOSE VICENTE VILLADA""",EDOMEX,Media,Media,"19.664586, -99.178557"
2021-01-05,"HOSPITAL GENERAL DE NEZAHUALCOYOTL ""GUSTAVO BAZ PRADA""",EDOMEX,Media,Crítica,"19.422253, -99.014892"
2021-01-05,"HOSPITAL GENERAL DE ECATEPEC ""JOSÉ MARÍA RODRÍGUEZ""",EDOMEX,Media,Crítica,"19.514412, -99.038087"
2021-01-05,"HOSPITAL GENERAL NEZAHUALCOYOTL ""LA PERLA"" ",EDOMEX,Buena,Media,"19.387963, -98.989442"
2021-01-05,HOSPITAL GENERAL DE CHIMALHUACAN,EDOMEX,Media,Crítica,"19.419753, -98.975140"
2021-01-05,"HOSPITAL GENERAL DE IXTAPALUCA ""PEDRO LOPEZ""",EDOMEX,Media,Buena,"19.318829, -98.855366"
2021-01-05,HOSPITAL GENERAL DE CHALCO ,EDOMEX,Buena,Media,"19.268265, -98.893965"
2021-01-05,"HOSPITAL GENERAL TEXCOCO ""GUADALUPE VICTORIA"" BICENTENARIO ",EDOMEX,Media,Crítica,"19.514309, -98.871750"
2021-01-05,"HOSPITAL GENERAL VALLE DE CHALCO ""DR. FERNANDO QUIROZ GUTIERREZ"" ",EDOMEX,Media,Buena,"19.273775, -98.941609"
2021-01-05,"HOSPITAL GENERAL AMECAMECA ""VALENTIN GOMEZ FARIAS"" ",EDOMEX,Media,Media,"19.144883, -98.785072"
2021-01-05,HOSPITAL GENERAL DE AXAPUSCO,EDOMEX,Media,Crítica,"19.732872, -98.769445"
2021-01-06,INSTITUTO NACIONAL DE NUTRICIÓN,SSA,Crítica,Crítica,"19.289599, -99.155441"
2021-01-06,INER,SSA,Buena,Crítica,"19.291375, -99.158653"
2021-01-06,HOSPITAL GENERAL DE MÉXICO,SSA,Crítica,Crítica,"19.4129258, -99.1520225"
2021-01-06,HOSPITAL JUAREZ,SSA,Crítica,Media,"19.481829, -99.135576"
2021-01-06,HOSPITAL GENERAL DR. MANUEL GEA GONZÁLEZ,SSA,Crítica,Crítica,"19.290295, -99.160861"
2021-01-06,HOSPITAL INFANTIL DE MÉXICO FEDERICO GÓMEZ,SSA,Media,Buena,"19.410839, -99.151941"
2021-01-06,INSTITUTO  NACIONAL DE CARDIOLOGÍA IGNACIO CHÁVEZ,SSA,Crítica,Crítica,"19.290598, -99.153838"
2021-01-06,CITIBANAMEX,SSA,Crítica,Crítica,"19.439732, -99.224235"
2021-01-06,HOSPITAL REGIONAL DE ALTA ESPECIALIDAD DE IXTAPALUCA,SSA,Crítica,Crítica,"19.318796, -98.855353"
2021-01-06,BELISARIO DOMINGUEZ,SEDESA,Media,Media,"19.307226, -99.065356"
2021-01-06,ENRIQUE CABRERA,SEDESA,Crítica,Media,"19.361675, -99.224432"
2021-01-06,GENERAL TLAHUAC,SEDESA,Crítica,Media,"19.287492, -99.052665"
2021-01-06,PEDIATRICO DE LA VILLA,SEDESA,Buena,Buena,"19.487355, -99.114316"
2021-01-06,HOSPITAL GENERAL AJUSCO MEDIO,SEDESA,Crítica,Crítica,"19.272165, -99.207846"
2021-01-06,HOSPITAL GENERAL IZTAPALAPA,SEDESA,Media,Crítica,"19.343426, -99.027236"
2021-01-06,HOSPITAL GENERAL XOCO,SEDESA,Crítica,Media,"19.360313, -99.162275"
2021-01-06,HOSPITAL GENERAL VILLA,SEDESA,Crítica,Media,"19.480079, -99.103353"
2021-01-06,HOSPITAL GENERAL DR. RUBÉN LEÑERO,SEDESA,Crítica,Crítica,"19.451398, -99.169565"
2021-01-06,HOSPITAL GENERAL MILPA ALTA,SEDESA,Crítica,Crítica,"19.200951, -99.011210"
2021-01-06,HOSPITAL GENERAL BALBUENA,SEDESA,Media,Media,"19.424195, -99.115412"
2021-01-06,HOSPITAL TEPEPAN,SEDESA,Sin Dato,Sin Dato,"19.275806, -99.144298"
2021-01-06,HOSPITAL DE ESPECIALIDADES 01 CMN SIGLO XXI (CDMX SUR),IMSS,Media,Crítica,"19.466549, -99.145102"
2021-01-06,HOSPITAL DE PEDIATRIA 01 CMN SIGLO XXI (CDMX SUR),IMSS,Buena,Buena,"19.407458, -99.152267"
2021-01-06,HOSPITAL GENERAL DE ZONA 01 CARLOS MC GREGOR (CDMX SUR),IMSS,Crítica,Media,"19.395912, -99.161610"
2021-01-06,HOSPITAL GENERAL DE ZONA 1A PARQUE DE LOS VENADOS (CDMX SUR),IMSS,Crítica,Crítica,"19.374431, -99.151203"
2021-01-06,HOSPITAL DE INFECTOLOGIA 01 LA RAZA (CDMX NORTE),IMSS,Crítica,Media,"19.464865, -99.144859"
2021-01-06,HOSPITAL GENERAL 01 (CDMX NORTE) LA RAZA,IMSS,Crítica,Crítica,"19.395740, -99.161677"
2021-01-06,HOSPITAL GENERAL DE ZONA 24 (CDMX NORTE),IMSS,Crítica,Media,"19.483221, -99.128448"
2021-01-06,HOSPITAL GENERAL DE ZONA 27 (CDMX NORTE),IMSS,Crítica,Crítica,"19.454776, -99.140007"
2021-01-06,HOSPITAL GENERAL DE ZONA 2A (CDMX SUR),IMSS,Crítica,Crítica,"19.405495, -99.112200"
2021-01-06,HOSPITAL GENERAL DE ZONA 30 (CDMX SUR),IMSS,Crítica,Media,"19.398836, -99.116913"
2021-01-06,HOSPITAL GENERAL DE ZONA 32 (CDMX SUR),IMSS,Crítica,Crítica,"19.307964, -99.130677"
2021-01-06,HOSPITAL GENERAL DE ZONA C/MF 08 (CDMX SUR),IMSS,Media,Buena,"19.337137, -99.200142"
2021-01-06,HOSPITAL GENERAL DE ZONA C/UMAA 48 (CDMX NORTE),IMSS,Crítica,Media,"19.482375, -99.213046"
2021-01-06,HOSPITAL GENERAL 02 (CDMX SUR) VILLA COAPA (COY.),IMSS,Crítica,Media,"19.309194, -99.129593"
2021-01-06,HOSPITAL DE ESPECIALIDADES 01 (CDMX NORTE) LA RAZA (AZC),IMSS,Crítica,Crítica,"19.467169, -99.143785"
2021-01-06,HOSPITAL GENERAL DE ZONA C/MF 29 (S. JUAN ARAGÓN),IMSS,Crítica,Buena,"19.465117, -99.085162"
2021-01-06,HOSPITAL GENERAL DE ZONA 47 (CDMX SUR) (IZP),IMSS,Crítica,Crítica,"19.357566, -99.054269"
2021-01-06,UNIDAD MÓVIL TEMPORAL COVID,IMSS,Crítica,Crítica,"19.403082, -99.089177"
2021-01-06,CRIT IZTAPALAPA,IMSS,Sin Dato,Sin Dato,"19.328321, -99.068530"
2021-01-06,HOSPITAL GENERAL REGIONAL 72,IMSS,Crítica,Crítica,"19.356913, -98.990929"
2021-01-06,HOSPITAL GENERAL REGIONAL 196,IMSS,Crítica,Crítica,"19.515133, -98.891450"
2021-01-06,HOSPITAL GENERAL REGIONAL 200,IMSS,Crítica,Crítica,"19.470300, -99.234208"
2021-01-06,HOSPITAL GENERAL DE ZONA 53,IMSS,Media,Crítica,"19.597387, -99.188426"
2021-01-06,HOSPITAL GENERAL DE ZONA 197,IMSS,Crítica,Crítica,"19.530797, -99.222446"
2021-01-06,HOSPITAL GENERAL DE ZONA 194,IMSS,Crítica,Crítica,"19.570070, -99.044009"
2021-01-06,HOSPITAL GENERAL DE ZONA 57 (LA QUEBRADA),IMSS,Crítica,Media,"19.542797, -99.205022"
2021-01-06,HOSPITAL GENERAL DE ZONA 58 (LAS MARGARITAS),IMSS,Crítica,Crítica,"19.529016, -99.030983"
2021-01-06,HOSPITAL GENERAL DE ZONA 68 (TULPETLAC),IMSS,Crítica,Crítica,"19.742905, -98.972971"
2021-01-06,HOSPITAL GENERAL DE ZONA 71 (CHALCO),IMSS,Crítica,Crítica,"19.356913, -98.990929"
2021-01-06,HOSPITAL GENERAL DE ZONA 76 (XALOSTOC),IMSS,Crítica,Media,"19.515133, -98.891450"
2021-01-06,HOSPITAL GENERAL DE ZONA 98 (COACALCO),IMSS,Crítica,Media,"19.470300, -99.234208"
2021-01-06,CRIT NEZAHUALCÓYOTL,IMSS,Sin Dato,Sin Dato,"19.425795, -99.029987"
2021-01-06,CENTRO MEDICO 20 DE NOVIEMBRE,ISSSTE,Crítica,Media,"19.372720, -99.171205"
2021-01-06,HG DARIO FERNANDEZ FIERRO,ISSSTE,Crítica,Media,"19.363602, -99.188608"
2021-01-06,HG JOSE MARIA MORELOS,ISSSTE,Media,Crítica,"19.363918, -98.995393"
2021-01-06,HG TACUBA,ISSSTE,Crítica,Buena,"19.454384, -99.191231"
2021-01-06,HG DR FERNANDO QUIROZ,ISSSTE,Crítica,Buena,"19.394242, -99.194187"
2021-01-06,HG IGNACIO ZARAGOZA,ISSSTE,Crítica,Media,"19.389472, -99.045019"
2021-01-06,HR PRIMERO DE OCTUBRE,ISSSTE,Media,Media,"19.486751, -99.133249"
2021-01-06,HR LIC. ADOLFO LÓPEZ MATEOS,ISSSTE,Media,Media,"19.358451, -99.172716"
2021-01-06,HR BICENTENARIO DE LA INDEPENDENCIA,ISSSTE,Crítica,Media,"19.628814, -99.163343"
2021-01-06,HOSPITAL CENTRAL MILITAR,SEDENA,Crítica,Crítica,"19.4373709, -99.216054"
2021-01-06,HOSPITAL MILITAR DE ESPCIALIDADES DE LA MUJER Y NEONATOLOGÍA,SEDENA,Media,Crítica,"19.4394142,-99.2207869"
2021-01-06,"UNIDAD OPERATIVA DE HOSPITALIZACIÓN COVID-19, 6/O. GRUPO DE MORTEROS 81 MM, CAMPO MILITAR NO. 1-A",SEDENA,Media,Sin Dato,"19.4463797,-99.2483637"
2021-01-06,"UNIDAD OPERATIVA DE TERAPIA Y HOSPITALIZACIÓN COVID-19, 22/O. BATALLÓN DE POLICÍA MILITAR, EL CHIVATITO",SEDENA,Sin Dato,Sin Dato,"19.4150009,-99.1841019"
2021-01-06,"UNIDAD OPERATIVA DE TERAPIA Y HOSPITALIZACIÓN COVID-19, 81/O. BATALLÓN DE INFANTERÍA, TLALPAN",SEDENA,Sin Dato,Sin Dato,"19.2646093,-99.1551676"
2021-01-06,H.M.Z. EL VERGEL IZTAPALAPA,SEDENA,Sin Dato,Sin Dato,"19.3131938,-99.0836122"
2021-01-06,H.M.Z. CAMPO MILITAR N1-A ,SEDENA,Sin Dato,Sin Dato,"19.3657943,-99.1492117"
2021-01-06,"HOSPITAL MILITAR DE ZONA, TEMAMANTLA, EDO. DE MÉXICO",SEDENA,Buena,Sin Dato,"19.188008,-98.856959"
2021-01-06,U.O.H. 6/O BATALLÓN DE FUERZAS ESPECIALES,SEDENA,Media,Sin Dato,"19.1922707,-98.8578722"
2021-01-06,H.M.Z. SANTA MARÍA RAYÓN ,SEDENA,Sin Dato,Crítica,"19.1377854,-99.5966327"
2021-01-06,U.O.H. ALMOLOYA DE JUÁREZ ,SEDENA,Media,Sin Dato,"19.4035542,-99.7422616"
2021-01-06,CENTRO MÉDICO NAVAL,SEMAR,Crítica,Crítica,"19.3240164,-99.1274213"
2021-01-06,HOSPITAL CENTRAL SUR DE ALTA ESPECIALIDAD ,PEMEX,Crítica,Crítica,"19.3087458,-99.2209277"
2021-01-06,HOSPITAL CENTRAL NORTE,PEMEX,Crítica,Crítica,"19.479899,-99.2030617"
2021-01-06,ALTA ESPECIALIDAD DE ZUMPANGO,EDOMEX,Buena,Media,"19.815198, -99.089196"
2021-01-06,HOSPITAL REGIONAL TLALNEPANTLA ISSEMYM,EDOMEX,Crítica,Media,"19.521706, -99.187341"
2021-01-06,"HOSPITAL GENERAL ECATEPEC ""LAS AMÉRICAS""",EDOMEX,Media,Media,"19.594136, -99.018679"
2021-01-06,"HOSPITAL GENERAL DE NAUCALPAN ""DR. MAXIMILIANO RUIZ CASTAÑEDA"" ",EDOMEX,Media,Media,"19.468662, -99.234348"
2021-01-06,"HOSPITAL GENERAL ATIZAPAN DE ZARAGOZA ""DR. SALVADOR GONZALEZ HERREJÓN""",EDOMEX,Buena,Media,"19.546322, -99.237491"
2021-01-06,"HOSPITAL GENERAL CUAUTITLAN ""GRAL. JOSE VICENTE VILLADA""",EDOMEX,Media,Media,"19.664586, -99.178557"
2021-01-06,"HOSPITAL GENERAL DE NEZAHUALCOYOTL ""GUSTAVO BAZ PRADA""",EDOMEX,Buena,Crítica,"19.422253, -99.014892"
2021-01-06,"HOSPITAL GENERAL DE ECATEPEC ""JOSÉ MARÍA RODRÍGUEZ""",EDOMEX,Buena,Crítica,"19.514412, -99.038087"
2021-01-06,"HOSPITAL GENERAL NEZAHUALCOYOTL ""LA PERLA"" ",EDOMEX,Buena,Crítica,"19.387963, -98.989442"
2021-01-06,HOSPITAL GENERAL DE CHIMALHUACAN,EDOMEX,Media,Crítica,"19.419753, -98.975140"
2021-01-06,"HOSPITAL GENERAL DE IXTAPALUCA ""PEDRO LOPEZ""",EDOMEX,Media,Buena,"19.318829, -98.855366"
2021-01-06,HOSPITAL GENERAL DE CHALCO ,EDOMEX,Media,Media,"19.268265, -98.893965"
2021-01-06,"HOSPITAL GENERAL TEXCOCO ""GUADALUPE VICTORIA"" BICENTENARIO ",EDOMEX,Media,Crítica,"19.514309, -98.871750"
2021-01-06,"HOSPITAL GENERAL VALLE DE CHALCO ""DR. FERNANDO QUIROZ GUTIERREZ"" ",EDOMEX,Media,Buena,"19.273775, -98.941609"
2021-01-06,"HOSPITAL GENERAL AMECAMECA ""VALENTIN GOMEZ FARIAS"" ",EDOMEX,Media,Media,"19.144883, -98.785072"
2021-01-06,HOSPITAL GENERAL DE AXAPUSCO,EDOMEX,Buena,Crítica,"19.732872, -98.769445"
2021-01-07,INSTITUTO NACIONAL DE NUTRICIÓN,SSA,Crítica,Crítica,"19.289599, -99.155441"
2021-01-07,INER,SSA,Buena,Crítica,"19.291375, -99.158653"
2021-01-07,HOSPITAL GENERAL DE MÉXICO,SSA,Crítica,Crítica,"19.4129258, -99.1520225"
2021-01-07,HOSPITAL JUAREZ,SSA,Crítica,Media,"19.481829, -99.135576"
2021-01-07,HOSPITAL GENERAL DR. MANUEL GEA GONZÁLEZ,SSA,Crítica,Crítica,"19.290295, -99.160861"
2021-01-07,HOSPITAL INFANTIL DE MÉXICO FEDERICO GÓMEZ,SSA,Media,Buena,"19.410839, -99.151941"
2021-01-07,INSTITUTO  NACIONAL DE CARDIOLOGÍA IGNACIO CHÁVEZ,SSA,Crítica,Crítica,"19.290598, -99.153838"
2021-01-07,CITIBANAMEX,SSA,Crítica,Crítica,"19.439732, -99.224235"
2021-01-07,HOSPITAL REGIONAL DE ALTA ESPECIALIDAD DE IXTAPALUCA,SSA,Crítica,Crítica,"19.318796, -98.855353"
2021-01-07,BELISARIO DOMINGUEZ,SEDESA,Buena,Media,"19.307226, -99.065356"
2021-01-07,ENRIQUE CABRERA,SEDESA,Media,Media,"19.361675, -99.224432"
2021-01-07,GENERAL TLAHUAC,SEDESA,Crítica,Media,"19.287492, -99.052665"
2021-01-07,PEDIATRICO DE LA VILLA,SEDESA,Buena,Buena,"19.487355, -99.114316"
2021-01-07,HOSPITAL GENERAL AJUSCO MEDIO,SEDESA,Media,Crítica,"19.272165, -99.207846"
2021-01-07,HOSPITAL GENERAL IZTAPALAPA,SEDESA,Media,Crítica,"19.343426, -99.027236"
2021-01-07,HOSPITAL GENERAL XOCO,SEDESA,Crítica,Media,"19.360313, -99.162275"
2021-01-07,HOSPITAL GENERAL VILLA,SEDESA,Crítica,Media,"19.480079, -99.103353"
2021-01-07,HOSPITAL GENERAL DR. RUBÉN LEÑERO,SEDESA,Crítica,Buena,"19.451398, -99.169565"
2021-01-07,HOSPITAL GENERAL MILPA ALTA,SEDESA,Buena,Crítica,"19.200951, -99.011210"
2021-01-07,HOSPITAL GENERAL BALBUENA,SEDESA,Buena,Crítica,"19.424195, -99.115412"
2021-01-07,HOSPITAL TEPEPAN,SEDESA,Sin Dato,Sin Dato,"19.275806, -99.144298"
2021-01-07,HOSPITAL DE ESPECIALIDADES 01 CMN SIGLO XXI (CDMX SUR),IMSS,Media,Crítica,"19.466549, -99.145102"
2021-01-07,HOSPITAL DE PEDIATRIA 01 CMN SIGLO XXI (CDMX SUR),IMSS,Buena,Buena,"19.407458, -99.152267"
2021-01-07,HOSPITAL GENERAL DE ZONA 01 CARLOS MC GREGOR (CDMX SUR),IMSS,Crítica,Media,"19.395912, -99.161610"
2021-01-07,HOSPITAL GENERAL DE ZONA 1A PARQUE DE LOS VENADOS (CDMX SUR),IMSS,Crítica,Crítica,"19.374431, -99.151203"
2021-01-07,HOSPITAL DE INFECTOLOGIA 01 LA RAZA (CDMX NORTE),IMSS,Crítica,Buena,"19.464865, -99.144859"
2021-01-07,HOSPITAL GENERAL 01 (CDMX NORTE) LA RAZA,IMSS,Crítica,Crítica,"19.395740, -99.161677"
2021-01-07,HOSPITAL GENERAL DE ZONA 24 (CDMX NORTE),IMSS,Crítica,Media,"19.483221, -99.128448"
2021-01-07,HOSPITAL GENERAL DE ZONA 27 (CDMX NORTE),IMSS,Crítica,Crítica,"19.454776, -99.140007"
2021-01-07,HOSPITAL GENERAL DE ZONA 2A (CDMX SUR),IMSS,Crítica,Crítica,"19.405495, -99.112200"
2021-01-07,HOSPITAL GENERAL DE ZONA 30 (CDMX SUR),IMSS,Media,Media,"19.398836, -99.116913"
2021-01-07,HOSPITAL GENERAL DE ZONA 32 (CDMX SUR),IMSS,Crítica,Crítica,"19.307964, -99.130677"
2021-01-07,HOSPITAL GENERAL DE ZONA C/MF 08 (CDMX SUR),IMSS,Crítica,Buena,"19.337137, -99.200142"
2021-01-07,HOSPITAL GENERAL DE ZONA C/UMAA 48 (CDMX NORTE),IMSS,Crítica,Crítica,"19.482375, -99.213046"
2021-01-07,HOSPITAL GENERAL 02 (CDMX SUR) VILLA COAPA (COY.),IMSS,Crítica,Media,"19.309194, -99.129593"
2021-01-07,HOSPITAL DE ESPECIALIDADES 01 (CDMX NORTE) LA RAZA (AZC),IMSS,Crítica,Crítica,"19.467169, -99.143785"
2021-01-07,HOSPITAL GENERAL DE ZONA C/MF 29 (S. JUAN ARAGÓN),IMSS,Crítica,Buena,"19.465117, -99.085162"
2021-01-07,HOSPITAL GENERAL DE ZONA 47 (CDMX SUR) (IZP),IMSS,Crítica,Media,"19.357566, -99.054269"
2021-01-07,UNIDAD MÓVIL TEMPORAL COVID,IMSS,Crítica,Crítica,"19.403082, -99.089177"
2021-01-07,CRIT IZTAPALAPA,IMSS,Sin Dato,Sin Dato,"19.328321, -99.068530"
2021-01-07,HOSPITAL GENERAL REGIONAL 72,IMSS,Crítica,Crítica,"19.356913, -98.990929"
2021-01-07,HOSPITAL GENERAL REGIONAL 196,IMSS,Crítica,Media,"19.515133, -98.891450"
2021-01-07,HOSPITAL GENERAL REGIONAL 200,IMSS,Crítica,Crítica,"19.470300, -99.234208"
2021-01-07,HOSPITAL GENERAL DE ZONA 53,IMSS,Media,Crítica,"19.597387, -99.188426"
2021-01-07,HOSPITAL GENERAL DE ZONA 197,IMSS,Crítica,Crítica,"19.530797, -99.222446"
2021-01-07,HOSPITAL GENERAL DE ZONA 194,IMSS,Crítica,Crítica,"19.570070, -99.044009"
2021-01-07,HOSPITAL GENERAL DE ZONA 57 (LA QUEBRADA),IMSS,Crítica,Media,"19.542797, -99.205022"
2021-01-07,HOSPITAL GENERAL DE ZONA 58 (LAS MARGARITAS),IMSS,Crítica,Crítica,"19.529016, -99.030983"
2021-01-07,HOSPITAL GENERAL DE ZONA 68 (TULPETLAC),IMSS,Crítica,Crítica,"19.742905, -98.972971"
2021-01-07,HOSPITAL GENERAL DE ZONA 71 (CHALCO),IMSS,Crítica,Media,"19.356913, -98.990929"
2021-01-07,HOSPITAL GENERAL DE ZONA 76 (XALOSTOC),IMSS,Crítica,Media,"19.515133, -98.891450"
2021-01-07,HOSPITAL GENERAL DE ZONA 98 (COACALCO),IMSS,Crítica,Buena,"19.470300, -99.234208"
2021-01-07,CRIT NEZAHUALCÓYOTL,IMSS,Sin Dato,Sin Dato,"19.425795, -99.029987"
2021-01-07,CENTRO MEDICO 20 DE NOVIEMBRE,ISSSTE,Crítica,Media,"19.372720, -99.171205"
2021-01-07,HG DARIO FERNANDEZ FIERRO,ISSSTE,Crítica,Crítica,"19.363602, -99.188608"
2021-01-07,HG JOSE MARIA MORELOS,ISSSTE,Media,Crítica,"19.363918, -98.995393"
2021-01-07,HG TACUBA,ISSSTE,Crítica,Buena,"19.454384, -99.191231"
2021-01-07,HG DR FERNANDO QUIROZ,ISSSTE,Crítica,Media,"19.394242, -99.194187"
2021-01-07,HG IGNACIO ZARAGOZA,ISSSTE,Crítica,Media,"19.389472, -99.045019"
2021-01-07,HR PRIMERO DE OCTUBRE,ISSSTE,Media,Media,"19.486751, -99.133249"
2021-01-07,HR LIC. ADOLFO LÓPEZ MATEOS,ISSSTE,Media,Media,"19.358451, -99.172716"
2021-01-07,HR BICENTENARIO DE LA INDEPENDENCIA,ISSSTE,Crítica,Crítica,"19.628814, -99.163343"
2021-01-07,HOSPITAL CENTRAL MILITAR,SEDENA,Crítica,Crítica,"19.4373709, -99.216054"
2021-01-07,HOSPITAL MILITAR DE ESPCIALIDADES DE LA MUJER Y NEONATOLOGÍA,SEDENA,Crítica,Crítica,"19.4394142,-99.2207869"
2021-01-07,"UNIDAD OPERATIVA DE HOSPITALIZACIÓN COVID-19, 6/O. GRUPO DE MORTEROS 81 MM, CAMPO MILITAR NO. 1-A",SEDENA,Media,Sin Dato,"19.4463797,-99.2483637"
2021-01-07,"UNIDAD OPERATIVA DE TERAPIA Y HOSPITALIZACIÓN COVID-19, 22/O. BATALLÓN DE POLICÍA MILITAR, EL CHIVATITO",SEDENA,Sin Dato,Sin Dato,"19.4150009,-99.1841019"
2021-01-07,"UNIDAD OPERATIVA DE TERAPIA Y HOSPITALIZACIÓN COVID-19, 81/O. BATALLÓN DE INFANTERÍA, TLALPAN",SEDENA,Sin Dato,Sin Dato,"19.2646093,-99.1551676"
2021-01-07,H.M.Z. EL VERGEL IZTAPALAPA,SEDENA,Sin Dato,Sin Dato,"19.3131938,-99.0836122"
2021-01-07,H.M.Z. CAMPO MILITAR N1-A ,SEDENA,Sin Dato,Sin Dato,"19.3657943,-99.1492117"
2021-01-07,"HOSPITAL MILITAR DE ZONA, TEMAMANTLA, EDO. DE MÉXICO",SEDENA,Buena,Sin Dato,"19.188008,-98.856959"
2021-01-07,U.O.H. 6/O BATALLÓN DE FUERZAS ESPECIALES,SEDENA,Media,Sin Dato,"19.1922707,-98.8578722"
2021-01-07,H.M.Z. SANTA MARÍA RAYÓN ,SEDENA,Sin Dato,Crítica,"19.1377854,-99.5966327"
2021-01-07,U.O.H. ALMOLOYA DE JUÁREZ ,SEDENA,Media,Sin Dato,"19.4035542,-99.7422616"
2021-01-07,CENTRO MÉDICO NAVAL,SEMAR,Crítica,Crítica,"19.3240164,-99.1274213"
2021-01-07,HOSPITAL CENTRAL SUR DE ALTA ESPECIALIDAD ,PEMEX,Crítica,Crítica,"19.3087458,-99.2209277"
2021-01-07,HOSPITAL CENTRAL NORTE,PEMEX,Crítica,Crítica,"19.479899,-99.2030617"
2021-01-07,ALTA ESPECIALIDAD DE ZUMPANGO,EDOMEX,Buena,Media,"19.815198, -99.089196"
2021-01-07,HOSPITAL REGIONAL TLALNEPANTLA ISSEMYM,EDOMEX,Crítica,Media,"19.521706, -99.187341"
2021-01-07,"HOSPITAL GENERAL ECATEPEC ""LAS AMÉRICAS""",EDOMEX,Media,Crítica,"19.594136, -99.018679"
2021-01-07,"HOSPITAL GENERAL DE NAUCALPAN ""DR. MAXIMILIANO RUIZ CASTAÑEDA"" ",EDOMEX,Media,Media,"19.468662, -99.234348"
2021-01-07,"HOSPITAL GENERAL ATIZAPAN DE ZARAGOZA ""DR. SALVADOR GONZALEZ HERREJÓN""",EDOMEX,Buena,Media,"19.546322, -99.237491"
2021-01-07,"HOSPITAL GENERAL CUAUTITLAN ""GRAL. JOSE VICENTE VILLADA""",EDOMEX,Media,Media,"19.664586, -99.178557"
2021-01-07,"HOSPITAL GENERAL DE NEZAHUALCOYOTL ""GUSTAVO BAZ PRADA""",EDOMEX,Buena,Crítica,"19.422253, -99.014892"
2021-01-07,"HOSPITAL GENERAL DE ECATEPEC ""JOSÉ MARÍA RODRÍGUEZ""",EDOMEX,Buena,Media,"19.514412, -99.038087"
2021-01-07,"HOSPITAL GENERAL NEZAHUALCOYOTL ""LA PERLA"" ",EDOMEX,Buena,Crítica,"19.387963, -98.989442"
2021-01-07,HOSPITAL GENERAL DE CHIMALHUACAN,EDOMEX,Crítica,Crítica,"19.419753, -98.975140"
2021-01-07,"HOSPITAL GENERAL DE IXTAPALUCA ""PEDRO LOPEZ""",EDOMEX,Media,Buena,"19.318829, -98.855366"
2021-01-07,HOSPITAL GENERAL DE CHALCO ,EDOMEX,Media,Crítica,"19.268265, -98.893965"
2021-01-07,"HOSPITAL GENERAL TEXCOCO ""GUADALUPE VICTORIA"" BICENTENARIO ",EDOMEX,Media,Crítica,"19.514309, -98.871750"
2021-01-07,"HOSPITAL GENERAL VALLE DE CHALCO ""DR. FERNANDO QUIROZ GUTIERREZ"" ",EDOMEX,Media,Buena,"19.273775, -98.941609"
2021-01-07,"HOSPITAL GENERAL AMECAMECA ""VALENTIN GOMEZ FARIAS"" ",EDOMEX,Media,Media,"19.144883, -98.785072"
2021-01-07,HOSPITAL GENERAL DE AXAPUSCO,EDOMEX,Crítica,Crítica,"19.732872, -98.769445"
2021-01-08,INSTITUTO NACIONAL DE NUTRICIÓN,SSA,Crítica,Crítica,"19.289599, -99.155441"
2021-01-08,INER,SSA,Buena,Crítica,"19.291375, -99.158653"
2021-01-08,HOSPITAL GENERAL DE MÉXICO,SSA,Crítica,Crítica,"19.4129258, -99.1520225"
2021-01-08,HOSPITAL JUAREZ,SSA,Media,Crítica,"19.481829, -99.135576"
2021-01-08,HOSPITAL GENERAL DR. MANUEL GEA GONZÁLEZ,SSA,Crítica,Crítica,"19.290295, -99.160861"
2021-01-08,HOSPITAL INFANTIL DE MÉXICO FEDERICO GÓMEZ,SSA,Media,Buena,"19.410839, -99.151941"
2021-01-08,INSTITUTO  NACIONAL DE CARDIOLOGÍA IGNACIO CHÁVEZ,SSA,Crítica,Crítica,"19.290598, -99.153838"
2021-01-08,CITIBANAMEX,SSA,Crítica,Crítica,"19.439732, -99.224235"
2021-01-08,HOSPITAL REGIONAL DE ALTA ESPECIALIDAD DE IXTAPALUCA,SSA,Crítica,Crítica,"19.318796, -98.855353"
2021-01-08,BELISARIO DOMINGUEZ,SEDESA,Buena,Media,"19.307226, -99.065356"
2021-01-08,ENRIQUE CABRERA,SEDESA,Crítica,Media,"19.361675, -99.224432"
2021-01-08,GENERAL TLAHUAC,SEDESA,Crítica,Media,"19.287492, -99.052665"
2021-01-08,PEDIATRICO DE LA VILLA,SEDESA,Buena,Buena,"19.487355, -99.114316"
2021-01-08,HOSPITAL GENERAL AJUSCO MEDIO,SEDESA,Media,Crítica,"19.272165, -99.207846"
2021-01-08,HOSPITAL GENERAL IZTAPALAPA,SEDESA,Media,Media,"19.343426, -99.027236"
2021-01-08,HOSPITAL GENERAL XOCO,SEDESA,Crítica,Media,"19.360313, -99.162275"
2021-01-08,HOSPITAL GENERAL VILLA,SEDESA,Crítica,Media,"19.480079, -99.103353"
2021-01-08,HOSPITAL GENERAL DR. RUBÉN LEÑERO,SEDESA,Crítica,Buena,"19.451398, -99.169565"
2021-01-08,HOSPITAL GENERAL MILPA ALTA,SEDESA,Crítica,Crítica,"19.200951, -99.011210"
2021-01-08,HOSPITAL GENERAL BALBUENA,SEDESA,Buena,Crítica,"19.424195, -99.115412"
2021-01-08,HOSPITAL TEPEPAN,SEDESA,Sin Dato,Sin Dato,"19.275806, -99.144298"
2021-01-08,HOSPITAL DE ESPECIALIDADES 01 CMN SIGLO XXI (CDMX SUR),IMSS,Media,Crítica,"19.466549, -99.145102"
2021-01-08,HOSPITAL DE PEDIATRIA 01 CMN SIGLO XXI (CDMX SUR),IMSS,Buena,Buena,"19.407458, -99.152267"
2021-01-08,HOSPITAL GENERAL DE ZONA 01 CARLOS MC GREGOR (CDMX SUR),IMSS,Crítica,Crítica,"19.395912, -99.161610"
2021-01-08,HOSPITAL GENERAL DE ZONA 1A PARQUE DE LOS VENADOS (CDMX SUR),IMSS,Crítica,Crítica,"19.374431, -99.151203"
2021-01-08,HOSPITAL DE INFECTOLOGIA 01 LA RAZA (CDMX NORTE),IMSS,Crítica,Buena,"19.464865, -99.144859"
2021-01-08,HOSPITAL GENERAL 01 (CDMX NORTE) LA RAZA,IMSS,Crítica,Crítica,"19.395740, -99.161677"
2021-01-08,HOSPITAL GENERAL DE ZONA 24 (CDMX NORTE),IMSS,Crítica,Media,"19.483221, -99.128448"
2021-01-08,HOSPITAL GENERAL DE ZONA 27 (CDMX NORTE),IMSS,Crítica,Crítica,"19.454776, -99.140007"
2021-01-08,HOSPITAL GENERAL DE ZONA 2A (CDMX SUR),IMSS,Crítica,Crítica,"19.405495, -99.112200"
2021-01-08,HOSPITAL GENERAL DE ZONA 30 (CDMX SUR),IMSS,Crítica,Media,"19.398836, -99.116913"
2021-01-08,HOSPITAL GENERAL DE ZONA 32 (CDMX SUR),IMSS,Crítica,Crítica,"19.307964, -99.130677"
2021-01-08,HOSPITAL GENERAL DE ZONA C/MF 08 (CDMX SUR),IMSS,Crítica,Media,"19.337137, -99.200142"
2021-01-08,HOSPITAL GENERAL DE ZONA C/UMAA 48 (CDMX NORTE),IMSS,Crítica,Crítica,"19.482375, -99.213046"
2021-01-08,HOSPITAL GENERAL 02 (CDMX SUR) VILLA COAPA (COY.),IMSS,Crítica,Media,"19.309194, -99.129593"
2021-01-08,HOSPITAL DE ESPECIALIDADES 01 (CDMX NORTE) LA RAZA (AZC),IMSS,Crítica,Media,"19.467169, -99.143785"
2021-01-08,HOSPITAL GENERAL DE ZONA C/MF 29 (S. JUAN ARAGÓN),IMSS,Crítica,Buena,"19.465117, -99.085162"
2021-01-08,HOSPITAL GENERAL DE ZONA 47 (CDMX SUR) (IZP),IMSS,Crítica,Crítica,"19.357566, -99.054269"
2021-01-08,UNIDAD MÓVIL TEMPORAL COVID,IMSS,Crítica,Crítica,"19.403082, -99.089177"
2021-01-08,CRIT IZTAPALAPA,IMSS,Sin Dato,Sin Dato,"19.328321, -99.068530"
2021-01-08,HOSPITAL GENERAL REGIONAL 72,IMSS,Crítica,Crítica,"19.356913, -98.990929"
2021-01-08,HOSPITAL GENERAL REGIONAL 196,IMSS,Crítica,Media,"19.515133, -98.891450"
2021-01-08,HOSPITAL GENERAL REGIONAL 200,IMSS,Crítica,Crítica,"19.470300, -99.234208"
2021-01-08,HOSPITAL GENERAL DE ZONA 53,IMSS,Media,Crítica,"19.597387, -99.188426"
2021-01-08,HOSPITAL GENERAL DE ZONA 197,IMSS,Crítica,Crítica,"19.530797, -99.222446"
2021-01-08,HOSPITAL GENERAL DE ZONA 194,IMSS,Crítica,Crítica,"19.570070, -99.044009"
2021-01-08,HOSPITAL GENERAL DE ZONA 57 (LA QUEBRADA),IMSS,Crítica,Media,"19.542797, -99.205022"
2021-01-08,HOSPITAL GENERAL DE ZONA 58 (LAS MARGARITAS),IMSS,Crítica,Crítica,"19.529016, -99.030983"
2021-01-08,HOSPITAL GENERAL DE ZONA 68 (TULPETLAC),IMSS,Crítica,Crítica,"19.742905, -98.972971"
2021-01-08,HOSPITAL GENERAL DE ZONA 71 (CHALCO),IMSS,Crítica,Crítica,"19.356913, -98.990929"
2021-01-08,HOSPITAL GENERAL DE ZONA 76 (XALOSTOC),IMSS,Crítica,Media,"19.515133, -98.891450"
2021-01-08,HOSPITAL GENERAL DE ZONA 98 (COACALCO),IMSS,Crítica,Media,"19.470300, -99.234208"
2021-01-08,CRIT NEZAHUALCÓYOTL,IMSS,Sin Dato,Sin Dato,"19.425795, -99.029987"
2021-01-08,CENTRO MEDICO 20 DE NOVIEMBRE,ISSSTE,Crítica,Media,"19.372720, -99.171205"
2021-01-08,HG DARIO FERNANDEZ FIERRO,ISSSTE,Crítica,Media,"19.363602, -99.188608"
2021-01-08,HG JOSE MARIA MORELOS,ISSSTE,Media,Crítica,"19.363918, -98.995393"
2021-01-08,HG TACUBA,ISSSTE,Crítica,Buena,"19.454384, -99.191231"
2021-01-08,HG DR FERNANDO QUIROZ,ISSSTE,Crítica,Crítica,"19.394242, -99.194187"
2021-01-08,HG IGNACIO ZARAGOZA,ISSSTE,Crítica,Media,"19.389472, -99.045019"
2021-01-08,HR PRIMERO DE OCTUBRE,ISSSTE,Media,Media,"19.486751, -99.133249"
2021-01-08,HR LIC. ADOLFO LÓPEZ MATEOS,ISSSTE,Media,Crítica,"19.358451, -99.172716"
2021-01-08,HR BICENTENARIO DE LA INDEPENDENCIA,ISSSTE,Crítica,Crítica,"19.628814, -99.163343"
2021-01-08,HOSPITAL CENTRAL MILITAR,SEDENA,Crítica,Crítica,"19.4373709, -99.216054"
2021-01-08,HOSPITAL MILITAR DE ESPCIALIDADES DE LA MUJER Y NEONATOLOGÍA,SEDENA,Crítica,Crítica,"19.4394142,-99.2207869"
2021-01-08,"UNIDAD OPERATIVA DE HOSPITALIZACIÓN COVID-19, 6/O. GRUPO DE MORTEROS 81 MM, CAMPO MILITAR NO. 1-A",SEDENA,Media,Sin Dato,"19.4463797,-99.2483637"
2021-01-08,"UNIDAD OPERATIVA DE TERAPIA Y HOSPITALIZACIÓN COVID-19, 22/O. BATALLÓN DE POLICÍA MILITAR, EL CHIVATITO",SEDENA,Sin Dato,Sin Dato,"19.4150009,-99.1841019"
2021-01-08,"UNIDAD OPERATIVA DE TERAPIA Y HOSPITALIZACIÓN COVID-19, 81/O. BATALLÓN DE INFANTERÍA, TLALPAN",SEDENA,Sin Dato,Sin Dato,"19.2646093,-99.1551676"
2021-01-08,H.M.Z. EL VERGEL IZTAPALAPA,SEDENA,Sin Dato,Sin Dato,"19.3131938,-99.0836122"
2021-01-08,H.M.Z. CAMPO MILITAR N1-A ,SEDENA,Sin Dato,Sin Dato,"19.3657943,-99.1492117"
2021-01-08,"HOSPITAL MILITAR DE ZONA, TEMAMANTLA, EDO. DE MÉXICO",SEDENA,Buena,Sin Dato,"19.188008,-98.856959"
2021-01-08,U.O.H. 6/O BATALLÓN DE FUERZAS ESPECIALES,SEDENA,Crítica,Sin Dato,"19.1922707,-98.8578722"
2021-01-08,H.M.Z. SANTA MARÍA RAYÓN ,SEDENA,Sin Dato,Crítica,"19.1377854,-99.5966327"
2021-01-08,U.O.H. ALMOLOYA DE JUÁREZ ,SEDENA,Media,Sin Dato,"19.4035542,-99.7422616"
2021-01-08,CENTRO MÉDICO NAVAL,SEMAR,Crítica,Crítica,"19.3240164,-99.1274213"
2021-01-08,HOSPITAL CENTRAL SUR DE ALTA ESPECIALIDAD ,PEMEX,Crítica,Crítica,"19.3087458,-99.2209277"
2021-01-08,HOSPITAL CENTRAL NORTE,PEMEX,Crítica,Crítica,"19.479899,-99.2030617"
2021-01-08,ALTA ESPECIALIDAD DE ZUMPANGO,EDOMEX,Buena,Media,"19.815198, -99.089196"
2021-01-08,HOSPITAL REGIONAL TLALNEPANTLA ISSEMYM,EDOMEX,Crítica,Media,"19.521706, -99.187341"
2021-01-08,"HOSPITAL GENERAL ECATEPEC ""LAS AMÉRICAS""",EDOMEX,Media,Media,"19.594136, -99.018679"
2021-01-08,"HOSPITAL GENERAL DE NAUCALPAN ""DR. MAXIMILIANO RUIZ CASTAÑEDA"" ",EDOMEX,Media,Media,"19.468662, -99.234348"
2021-01-08,"HOSPITAL GENERAL ATIZAPAN DE ZARAGOZA ""DR. SALVADOR GONZALEZ HERREJÓN""",EDOMEX,Buena,Media,"19.546322, -99.237491"
2021-01-08,"HOSPITAL GENERAL CUAUTITLAN ""GRAL. JOSE VICENTE VILLADA""",EDOMEX,Media,Media,"19.664586, -99.178557"
2021-01-08,"HOSPITAL GENERAL DE NEZAHUALCOYOTL ""GUSTAVO BAZ PRADA""",EDOMEX,Buena,Crítica,"19.422253, -99.014892"
2021-01-08,"HOSPITAL GENERAL DE ECATEPEC ""JOSÉ MARÍA RODRÍGUEZ""",EDOMEX,Buena,Media,"19.514412, -99.038087"
2021-01-08,"HOSPITAL GENERAL NEZAHUALCOYOTL ""LA PERLA"" ",EDOMEX,Buena,Media,"19.387963, -98.989442"
2021-01-08,HOSPITAL GENERAL DE CHIMALHUACAN,EDOMEX,Media,Crítica,"19.419753, -98.975140"
2021-01-08,"HOSPITAL GENERAL DE IXTAPALUCA ""PEDRO LOPEZ""",EDOMEX,Media,Buena,"19.318829, -98.855366"
2021-01-08,HOSPITAL GENERAL DE CHALCO ,EDOMEX,Media,Media,"19.268265, -98.893965"
2021-01-08,"HOSPITAL GENERAL TEXCOCO ""GUADALUPE VICTORIA"" BICENTENARIO ",EDOMEX,Media,Crítica,"19.514309, -98.871750"
2021-01-08,"HOSPITAL GENERAL VALLE DE CHALCO ""DR. FERNANDO QUIROZ GUTIERREZ"" ",EDOMEX,Media,Media,"19.273775, -98.941609"
2021-01-08,"HOSPITAL GENERAL AMECAMECA ""VALENTIN GOMEZ FARIAS"" ",EDOMEX,Media,Media,"19.144883, -98.785072"
2021-01-08,HOSPITAL GENERAL DE AXAPUSCO,EDOMEX,Crítica,Crítica,"19.732872, -98.769445"
2021-01-09,INSTITUTO NACIONAL DE NUTRICIÓN,SSA,Crítica,Crítica,"19.289599, -99.155441"
2021-01-09,INER,SSA,Buena,Crítica,"19.291375, -99.158653"
2021-01-09,HOSPITAL GENERAL DE MÉXICO,SSA,Crítica,Crítica,"19.4129258, -99.1520225"
2021-01-09,HOSPITAL JUAREZ,SSA,Crítica,Crítica,"19.481829, -99.135576"
2021-01-09,HOSPITAL GENERAL DR. MANUEL GEA GONZÁLEZ,SSA,Crítica,Crítica,"19.290295, -99.160861"
2021-01-09,HOSPITAL INFANTIL DE MÉXICO FEDERICO GÓMEZ,SSA,Buena,Buena,"19.410839, -99.151941"
2021-01-09,INSTITUTO  NACIONAL DE CARDIOLOGÍA IGNACIO CHÁVEZ,SSA,Media,Crítica,"19.290598, -99.153838"
2021-01-09,CITIBANAMEX,SSA,Crítica,Crítica,"19.439732, -99.224235"
2021-01-09,HOSPITAL REGIONAL DE ALTA ESPECIALIDAD DE IXTAPALUCA,SSA,Crítica,Crítica,"19.318796, -98.855353"
2021-01-09,BELISARIO DOMINGUEZ,SEDESA,Buena,Media,"19.307226, -99.065356"
2021-01-09,ENRIQUE CABRERA,SEDESA,Crítica,Media,"19.361675, -99.224432"
2021-01-09,GENERAL TLAHUAC,SEDESA,Crítica,Media,"19.287492, -99.052665"
2021-01-09,PEDIATRICO DE LA VILLA,SEDESA,Buena,Buena,"19.487355, -99.114316"
2021-01-09,HOSPITAL GENERAL AJUSCO MEDIO,SEDESA,Media,Crítica,"19.272165, -99.207846"
2021-01-09,HOSPITAL GENERAL IZTAPALAPA,SEDESA,Crítica,Crítica,"19.343426, -99.027236"
2021-01-09,HOSPITAL GENERAL XOCO,SEDESA,Crítica,Media,"19.360313, -99.162275"
2021-01-09,HOSPITAL GENERAL VILLA,SEDESA,Crítica,Media,"19.480079, -99.103353"
2021-01-09,HOSPITAL GENERAL DR. RUBÉN LEÑERO,SEDESA,Crítica,Buena,"19.451398, -99.169565"
2021-01-09,HOSPITAL GENERAL MILPA ALTA,SEDESA,Media,Crítica,"19.200951, -99.011210"
2021-01-09,HOSPITAL GENERAL BALBUENA,SEDESA,Buena,Media,"19.424195, -99.115412"
2021-01-09,HOSPITAL TEPEPAN,SEDESA,Sin Dato,Sin Dato,"19.275806, -99.144298"
2021-01-09,HOSPITAL DE ESPECIALIDADES 01 CMN SIGLO XXI (CDMX SUR),IMSS,Media,Crítica,"19.466549, -99.145102"
2021-01-09,HOSPITAL DE PEDIATRIA 01 CMN SIGLO XXI (CDMX SUR),IMSS,Buena,Buena,"19.407458, -99.152267"
2021-01-09,HOSPITAL GENERAL DE ZONA 01 CARLOS MC GREGOR (CDMX SUR),IMSS,Crítica,Crítica,"19.395912, -99.161610"
2021-01-09,HOSPITAL GENERAL DE ZONA 1A PARQUE DE LOS VENADOS (CDMX SUR),IMSS,Crítica,Crítica,"19.374431, -99.151203"
2021-01-09,HOSPITAL DE INFECTOLOGIA 01 LA RAZA (CDMX NORTE),IMSS,Crítica,Buena,"19.464865, -99.144859"
2021-01-09,HOSPITAL GENERAL 01 (CDMX NORTE) LA RAZA,IMSS,Crítica,Crítica,"19.395740, -99.161677"
2021-01-09,HOSPITAL GENERAL DE ZONA 24 (CDMX NORTE),IMSS,Crítica,Media,"19.483221, -99.128448"
2021-01-09,HOSPITAL GENERAL DE ZONA 27 (CDMX NORTE),IMSS,Crítica,Crítica,"19.454776, -99.140007"
2021-01-09,HOSPITAL GENERAL DE ZONA 2A (CDMX SUR),IMSS,Crítica,Crítica,"19.405495, -99.112200"
2021-01-09,HOSPITAL GENERAL DE ZONA 30 (CDMX SUR),IMSS,Crítica,Media,"19.398836, -99.116913"
2021-01-09,HOSPITAL GENERAL DE ZONA 32 (CDMX SUR),IMSS,Crítica,Crítica,"19.307964, -99.130677"
2021-01-09,HOSPITAL GENERAL DE ZONA C/MF 08 (CDMX SUR),IMSS,Crítica,Media,"19.337137, -99.200142"
2021-01-09,HOSPITAL GENERAL DE ZONA C/UMAA 48 (CDMX NORTE),IMSS,Crítica,Media,"19.482375, -99.213046"
2021-01-09,HOSPITAL GENERAL 02 (CDMX SUR) VILLA COAPA (COY.),IMSS,Crítica,Media,"19.309194, -99.129593"
2021-01-09,HOSPITAL DE ESPECIALIDADES 01 (CDMX NORTE) LA RAZA (AZC),IMSS,Crítica,Media,"19.467169, -99.143785"
2021-01-09,HOSPITAL GENERAL DE ZONA C/MF 29 (S. JUAN ARAGÓN),IMSS,Crítica,Buena,"19.465117, -99.085162"
2021-01-09,HOSPITAL GENERAL DE ZONA 47 (CDMX SUR) (IZP),IMSS,Crítica,Crítica,"19.357566, -99.054269"
2021-01-09,UNIDAD MÓVIL TEMPORAL COVID,IMSS,Crítica,Crítica,"19.403082, -99.089177"
2021-01-09,CRIT IZTAPALAPA,IMSS,Sin Dato,Sin Dato,"19.328321, -99.068530"
2021-01-09,HOSPITAL GENERAL REGIONAL 72,IMSS,Crítica,Crítica,"19.356913, -98.990929"
2021-01-09,HOSPITAL GENERAL REGIONAL 196,IMSS,Crítica,Media,"19.515133, -98.891450"
2021-01-09,HOSPITAL GENERAL REGIONAL 200,IMSS,Crítica,Crítica,"19.470300, -99.234208"
2021-01-09,HOSPITAL GENERAL DE ZONA 53,IMSS,Crítica,Crítica,"19.597387, -99.188426"
2021-01-09,HOSPITAL GENERAL DE ZONA 197,IMSS,Crítica,Crítica,"19.530797, -99.222446"
2021-01-09,HOSPITAL GENERAL DE ZONA 194,IMSS,Crítica,Crítica,"19.570070, -99.044009"
2021-01-09,HOSPITAL GENERAL DE ZONA 57 (LA QUEBRADA),IMSS,Crítica,Crítica,"19.542797, -99.205022"
2021-01-09,HOSPITAL GENERAL DE ZONA 58 (LAS MARGARITAS),IMSS,Crítica,Crítica,"19.529016, -99.030983"
2021-01-09,HOSPITAL GENERAL DE ZONA 68 (TULPETLAC),IMSS,Crítica,Crítica,"19.742905, -98.972971"
2021-01-09,HOSPITAL GENERAL DE ZONA 71 (CHALCO),IMSS,Crítica,Crítica,"19.356913, -98.990929"
2021-01-09,HOSPITAL GENERAL DE ZONA 76 (XALOSTOC),IMSS,Crítica,Crítica,"19.515133, -98.891450"
2021-01-09,HOSPITAL GENERAL DE ZONA 98 (COACALCO),IMSS,Crítica,Buena,"19.470300, -99.234208"
2021-01-09,CRIT NEZAHUALCÓYOTL,IMSS,Sin Dato,Sin Dato,"19.425795, -99.029987"
2021-01-09,CENTRO MEDICO 20 DE NOVIEMBRE,ISSSTE,Crítica,Media,"19.372720, -99.171205"
2021-01-09,HG DARIO FERNANDEZ FIERRO,ISSSTE,Crítica,Crítica,"19.363602, -99.188608"
2021-01-09,HG JOSE MARIA MORELOS,ISSSTE,Media,Media,"19.363918, -98.995393"
2021-01-09,HG TACUBA,ISSSTE,Crítica,Buena,"19.454384, -99.191231"
2021-01-09,HG DR FERNANDO QUIROZ,ISSSTE,Crítica,Media,"19.394242, -99.194187"
2021-01-09,HG IGNACIO ZARAGOZA,ISSSTE,Crítica,Media,"19.389472, -99.045019"
2021-01-09,HR PRIMERO DE OCTUBRE,ISSSTE,Crítica,Media,"19.486751, -99.133249"
2021-01-09,HR LIC. ADOLFO LÓPEZ MATEOS,ISSSTE,Media,Media,"19.358451, -99.172716"
2021-01-09,HR BICENTENARIO DE LA INDEPENDENCIA,ISSSTE,Crítica,Crítica,"19.628814, -99.163343"
2021-01-09,HOSPITAL CENTRAL MILITAR,SEDENA,Crítica,Crítica,"19.4373709, -99.216054"
2021-01-09,HOSPITAL MILITAR DE ESPCIALIDADES DE LA MUJER Y NEONATOLOGÍA,SEDENA,Crítica,Crítica,"19.4394142,-99.2207869"
2021-01-09,"UNIDAD OPERATIVA DE HOSPITALIZACIÓN COVID-19, 6/O. GRUPO DE MORTEROS 81 MM, CAMPO MILITAR NO. 1-A",SEDENA,Media,Sin Dato,"19.4463797,-99.2483637"
2021-01-09,"UNIDAD OPERATIVA DE TERAPIA Y HOSPITALIZACIÓN COVID-19, 22/O. BATALLÓN DE POLICÍA MILITAR, EL CHIVATITO",SEDENA,Sin Dato,Sin Dato,"19.4150009,-99.1841019"
2021-01-09,"UNIDAD OPERATIVA DE TERAPIA Y HOSPITALIZACIÓN COVID-19, 81/O. BATALLÓN DE INFANTERÍA, TLALPAN",SEDENA,Sin Dato,Sin Dato,"19.2646093,-99.1551676"
2021-01-09,H.M.Z. EL VERGEL IZTAPALAPA,SEDENA,Sin Dato,Sin Dato,"19.3131938,-99.0836122"
2021-01-09,H.M.Z. CAMPO MILITAR N1-A ,SEDENA,Sin Dato,Sin Dato,"19.3657943,-99.1492117"
2021-01-09,"HOSPITAL MILITAR DE ZONA, TEMAMANTLA, EDO. DE MÉXICO",SEDENA,Buena,Sin Dato,"19.188008,-98.856959"
2021-01-09,U.O.H. 6/O BATALLÓN DE FUERZAS ESPECIALES,SEDENA,Crítica,Sin Dato,"19.1922707,-98.8578722"
2021-01-09,H.M.Z. SANTA MARÍA RAYÓN ,SEDENA,Sin Dato,Crítica,"19.1377854,-99.5966327"
2021-01-09,U.O.H. ALMOLOYA DE JUÁREZ ,SEDENA,Media,Sin Dato,"19.4035542,-99.7422616"
2021-01-09,CENTRO MÉDICO NAVAL,SEMAR,Crítica,Crítica,"19.3240164,-99.1274213"
2021-01-09,HOSPITAL CENTRAL SUR DE ALTA ESPECIALIDAD ,PEMEX,Crítica,Crítica,"19.3087458,-99.2209277"
2021-01-09,HOSPITAL CENTRAL NORTE,PEMEX,Crítica,Crítica,"19.479899,-99.2030617"
2021-01-09,ALTA ESPECIALIDAD DE ZUMPANGO,EDOMEX,Buena,Media,"19.815198, -99.089196"
2021-01-09,HOSPITAL REGIONAL TLALNEPANTLA ISSEMYM,EDOMEX,Crítica,Media,"19.521706, -99.187341"
2021-01-09,"HOSPITAL GENERAL ECATEPEC ""LAS AMÉRICAS""",EDOMEX,Media,Media,"19.594136, -99.018679"
2021-01-09,"HOSPITAL GENERAL DE NAUCALPAN ""DR. MAXIMILIANO RUIZ CASTAÑEDA"" ",EDOMEX,Media,Media,"19.468662, -99.234348"
2021-01-09,"HOSPITAL GENERAL ATIZAPAN DE ZARAGOZA ""DR. SALVADOR GONZALEZ HERREJÓN""",EDOMEX,Buena,Media,"19.546322, -99.237491"
2021-01-09,"HOSPITAL GENERAL CUAUTITLAN ""GRAL. JOSE VICENTE VILLADA""",EDOMEX,Crítica,Media,"19.664586, -99.178557"
2021-01-09,"HOSPITAL GENERAL DE NEZAHUALCOYOTL ""GUSTAVO BAZ PRADA""",EDOMEX,Media,Crítica,"19.422253, -99.014892"
2021-01-09,"HOSPITAL GENERAL DE ECATEPEC ""JOSÉ MARÍA RODRÍGUEZ""",EDOMEX,Buena,Buena,"19.514412, -99.038087"
2021-01-09,"HOSPITAL GENERAL NEZAHUALCOYOTL ""LA PERLA"" ",EDOMEX,Buena,Media,"19.387963, -98.989442"
2021-01-09,HOSPITAL GENERAL DE CHIMALHUACAN,EDOMEX,Media,Crítica,"19.419753, -98.975140"
2021-01-09,"HOSPITAL GENERAL DE IXTAPALUCA ""PEDRO LOPEZ""",EDOMEX,Media,Buena,"19.318829, -98.855366"
2021-01-09,HOSPITAL GENERAL DE CHALCO ,EDOMEX,Media,Buena,"19.268265, -98.893965"
2021-01-09,"HOSPITAL GENERAL TEXCOCO ""GUADALUPE VICTORIA"" BICENTENARIO ",EDOMEX,Crítica,Crítica,"19.514309, -98.871750"
2021-01-09,"HOSPITAL GENERAL VALLE DE CHALCO ""DR. FERNANDO QUIROZ GUTIERREZ"" ",EDOMEX,Media,Media,"19.273775, -98.941609"
2021-01-09,"HOSPITAL GENERAL AMECAMECA ""VALENTIN GOMEZ FARIAS"" ",EDOMEX,Media,Media,"19.144883, -98.785072"
2021-01-09,HOSPITAL GENERAL DE AXAPUSCO,EDOMEX,Crítica,Crítica,"19.732872, -98.769445"
2021-01-10,INSTITUTO NACIONAL DE NUTRICIÓN,SSA,Crítica,Crítica,"19.289599, -99.155441"
2021-01-10,INER,SSA,Buena,Crítica,"19.291375, -99.158653"
2021-01-10,HOSPITAL GENERAL DE MÉXICO,SSA,Crítica,Crítica,"19.4129258, -99.1520225"
2021-01-10,HOSPITAL JUAREZ,SSA,Crítica,Media,"19.481829, -99.135576"
2021-01-10,HOSPITAL GENERAL DR. MANUEL GEA GONZÁLEZ,SSA,Crítica,Crítica,"19.290295, -99.160861"
2021-01-10,HOSPITAL INFANTIL DE MÉXICO FEDERICO GÓMEZ,SSA,Buena,Buena,"19.410839, -99.151941"
2021-01-10,INSTITUTO  NACIONAL DE CARDIOLOGÍA IGNACIO CHÁVEZ,SSA,Media,Crítica,"19.290598, -99.153838"
2021-01-10,CITIBANAMEX,SSA,Crítica,Crítica,"19.439732, -99.224235"
2021-01-10,HOSPITAL REGIONAL DE ALTA ESPECIALIDAD DE IXTAPALUCA,SSA,Crítica,Crítica,"19.318796, -98.855353"
2021-01-10,BELISARIO DOMINGUEZ,SEDESA,Buena,Media,"19.307226, -99.065356"
2021-01-10,ENRIQUE CABRERA,SEDESA,Crítica,Media,"19.361675, -99.224432"
2021-01-10,GENERAL TLAHUAC,SEDESA,Crítica,Media,"19.287492, -99.052665"
2021-01-10,PEDIATRICO DE LA VILLA,SEDESA,Buena,Buena,"19.487355, -99.114316"
2021-01-10,HOSPITAL GENERAL AJUSCO MEDIO,SEDESA,Media,Crítica,"19.272165, -99.207846"
2021-01-10,HOSPITAL GENERAL IZTAPALAPA,SEDESA,Crítica,Crítica,"19.343426, -99.027236"
2021-01-10,HOSPITAL GENERAL XOCO,SEDESA,Crítica,Media,"19.360313, -99.162275"
2021-01-10,HOSPITAL GENERAL VILLA,SEDESA,Crítica,Media,"19.480079, -99.103353"
2021-01-10,HOSPITAL GENERAL DR. RUBÉN LEÑERO,SEDESA,Crítica,Media,"19.451398, -99.169565"
2021-01-10,HOSPITAL GENERAL MILPA ALTA,SEDESA,Crítica,Crítica,"19.200951, -99.011210"
2021-01-10,HOSPITAL GENERAL BALBUENA,SEDESA,Buena,Media,"19.424195, -99.115412"
2021-01-10,HOSPITAL TEPEPAN,SEDESA,Sin Dato,Sin Dato,"19.275806, -99.144298"
2021-01-10,HOSPITAL DE ESPECIALIDADES 01 CMN SIGLO XXI (CDMX SUR),IMSS,Media,Crítica,"19.466549, -99.145102"
2021-01-10,HOSPITAL DE PEDIATRIA 01 CMN SIGLO XXI (CDMX SUR),IMSS,Buena,Buena,"19.407458, -99.152267"
2021-01-10,HOSPITAL GENERAL DE ZONA 01 CARLOS MC GREGOR (CDMX SUR),IMSS,Crítica,Crítica,"19.395912, -99.161610"
2021-01-10,HOSPITAL GENERAL DE ZONA 1A PARQUE DE LOS VENADOS (CDMX SUR),IMSS,Crítica,Crítica,"19.374431, -99.151203"
2021-01-10,HOSPITAL DE INFECTOLOGIA 01 LA RAZA (CDMX NORTE),IMSS,Crítica,Buena,"19.464865, -99.144859"
2021-01-10,HOSPITAL GENERAL 01 (CDMX NORTE) LA RAZA,IMSS,Crítica,Crítica,"19.395740, -99.161677"
2021-01-10,HOSPITAL GENERAL DE ZONA 24 (CDMX NORTE),IMSS,Crítica,Media,"19.483221, -99.128448"
2021-01-10,HOSPITAL GENERAL DE ZONA 27 (CDMX NORTE),IMSS,Crítica,Crítica,"19.454776, -99.140007"
2021-01-10,HOSPITAL GENERAL DE ZONA 2A (CDMX SUR),IMSS,Crítica,Crítica,"19.405495, -99.112200"
2021-01-10,HOSPITAL GENERAL DE ZONA 30 (CDMX SUR),IMSS,Crítica,Media,"19.398836, -99.116913"
2021-01-10,HOSPITAL GENERAL DE ZONA 32 (CDMX SUR),IMSS,Crítica,Crítica,"19.307964, -99.130677"
2021-01-10,HOSPITAL GENERAL DE ZONA C/MF 08 (CDMX SUR),IMSS,Crítica,Media,"19.337137, -99.200142"
2021-01-10,HOSPITAL GENERAL DE ZONA C/UMAA 48 (CDMX NORTE),IMSS,Crítica,Crítica,"19.482375, -99.213046"
2021-01-10,HOSPITAL GENERAL 02 (CDMX SUR) VILLA COAPA (COY.),IMSS,Crítica,Buena,"19.309194, -99.129593"
2021-01-10,HOSPITAL DE ESPECIALIDADES 01 (CDMX NORTE) LA RAZA (AZC),IMSS,Crítica,Crítica,"19.467169, -99.143785"
2021-01-10,HOSPITAL GENERAL DE ZONA C/MF 29 (S. JUAN ARAGÓN),IMSS,Crítica,Buena,"19.465117, -99.085162"
2021-01-10,HOSPITAL GENERAL DE ZONA 47 (CDMX SUR) (IZP),IMSS,Crítica,Crítica,"19.357566, -99.054269"
2021-01-10,UNIDAD MÓVIL TEMPORAL COVID,IMSS,Crítica,Crítica,"19.403082, -99.089177"
2021-01-10,CRIT IZTAPALAPA,IMSS,Sin Dato,Sin Dato,"19.328321, -99.068530"
2021-01-10,HOSPITAL GENERAL REGIONAL 72,IMSS,Crítica,Crítica,"19.356913, -98.990929"
2021-01-10,HOSPITAL GENERAL REGIONAL 196,IMSS,Crítica,Media,"19.515133, -98.891450"
2021-01-10,HOSPITAL GENERAL REGIONAL 200,IMSS,Crítica,Crítica,"19.470300, -99.234208"
2021-01-10,HOSPITAL GENERAL DE ZONA 53,IMSS,Crítica,Crítica,"19.597387, -99.188426"
2021-01-10,HOSPITAL GENERAL DE ZONA 197,IMSS,Crítica,Crítica,"19.530797, -99.222446"
2021-01-10,HOSPITAL GENERAL DE ZONA 194,IMSS,Crítica,Crítica,"19.570070, -99.044009"
2021-01-10,HOSPITAL GENERAL DE ZONA 57 (LA QUEBRADA),IMSS,Crítica,Crítica,"19.542797, -99.205022"
2021-01-10,HOSPITAL GENERAL DE ZONA 58 (LAS MARGARITAS),IMSS,Crítica,Crítica,"19.529016, -99.030983"
2021-01-10,HOSPITAL GENERAL DE ZONA 68 (TULPETLAC),IMSS,Crítica,Crítica,"19.742905, -98.972971"
2021-01-10,HOSPITAL GENERAL DE ZONA 71 (CHALCO),IMSS,Crítica,Media,"19.356913, -98.990929"
2021-01-10,HOSPITAL GENERAL DE ZONA 76 (XALOSTOC),IMSS,Crítica,Media,"19.515133, -98.891450"
2021-01-10,HOSPITAL GENERAL DE ZONA 98 (COACALCO),IMSS,Crítica,Buena,"19.470300, -99.234208"
2021-01-10,CRIT NEZAHUALCÓYOTL,IMSS,Sin Dato,Sin Dato,"19.425795, -99.029987"
2021-01-10,CENTRO MEDICO 20 DE NOVIEMBRE,ISSSTE,Crítica,Media,"19.372720, -99.171205"
2021-01-10,HG DARIO FERNANDEZ FIERRO,ISSSTE,Crítica,Crítica,"19.363602, -99.188608"
2021-01-10,HG JOSE MARIA MORELOS,ISSSTE,Media,Media,"19.363918, -98.995393"
2021-01-10,HG TACUBA,ISSSTE,Media,Media,"19.454384, -99.191231"
2021-01-10,HG DR FERNANDO QUIROZ,ISSSTE,Crítica,Buena,"19.394242, -99.194187"
2021-01-10,HG IGNACIO ZARAGOZA,ISSSTE,Crítica,Media,"19.389472, -99.045019"
2021-01-10,HR PRIMERO DE OCTUBRE,ISSSTE,Media,Media,"19.486751, -99.133249"
2021-01-10,HR LIC. ADOLFO LÓPEZ MATEOS,ISSSTE,Media,Media,"19.358451, -99.172716"
2021-01-10,HR BICENTENARIO DE LA INDEPENDENCIA,ISSSTE,Crítica,Crítica,"19.628814, -99.163343"
2021-01-10,HOSPITAL CENTRAL MILITAR,SEDENA,Crítica,Crítica,"19.4373709, -99.216054"
2021-01-10,HOSPITAL MILITAR DE ESPCIALIDADES DE LA MUJER Y NEONATOLOGÍA,SEDENA,Media,Crítica,"19.4394142,-99.2207869"
2021-01-10,"UNIDAD OPERATIVA DE HOSPITALIZACIÓN COVID-19, 6/O. GRUPO DE MORTEROS 81 MM, CAMPO MILITAR NO. 1-A",SEDENA,Media,Sin Dato,"19.4463797,-99.2483637"
2021-01-10,"UNIDAD OPERATIVA DE TERAPIA Y HOSPITALIZACIÓN COVID-19, 22/O. BATALLÓN DE POLICÍA MILITAR, EL CHIVATITO",SEDENA,Sin Dato,Sin Dato,"19.4150009,-99.1841019"
2021-01-10,"UNIDAD OPERATIVA DE TERAPIA Y HOSPITALIZACIÓN COVID-19, 81/O. BATALLÓN DE INFANTERÍA, TLALPAN",SEDENA,Sin Dato,Sin Dato,"19.2646093,-99.1551676"
2021-01-10,H.M.Z. EL VERGEL IZTAPALAPA,SEDENA,Sin Dato,Sin Dato,"19.3131938,-99.0836122"
2021-01-10,H.M.Z. CAMPO MILITAR N1-A ,SEDENA,Sin Dato,Sin Dato,"19.3657943,-99.1492117"
2021-01-10,"HOSPITAL MILITAR DE ZONA, TEMAMANTLA, EDO. DE MÉXICO",SEDENA,Buena,Sin Dato,"19.188008,-98.856959"
2021-01-10,U.O.H. 6/O BATALLÓN DE FUERZAS ESPECIALES,SEDENA,Crítica,Sin Dato,"19.1922707,-98.8578722"
2021-01-10,H.M.Z. SANTA MARÍA RAYÓN ,SEDENA,Sin Dato,Crítica,"19.1377854,-99.5966327"
2021-01-10,U.O.H. ALMOLOYA DE JUÁREZ ,SEDENA,Media,Sin Dato,"19.4035542,-99.7422616"
2021-01-10,CENTRO MÉDICO NAVAL,SEMAR,Crítica,Crítica,"19.3240164,-99.1274213"
2021-01-10,HOSPITAL CENTRAL SUR DE ALTA ESPECIALIDAD ,PEMEX,Crítica,Crítica,"19.3087458,-99.2209277"
2021-01-10,HOSPITAL CENTRAL NORTE,PEMEX,Crítica,Crítica,"19.479899,-99.2030617"
2021-01-10,ALTA ESPECIALIDAD DE ZUMPANGO,EDOMEX,Buena,Crítica,"19.815198, -99.089196"
2021-01-10,HOSPITAL REGIONAL TLALNEPANTLA ISSEMYM,EDOMEX,Crítica,Media,"19.521706, -99.187341"
2021-01-10,"HOSPITAL GENERAL ECATEPEC ""LAS AMÉRICAS""",EDOMEX,Media,Crítica,"19.594136, -99.018679"
2021-01-10,"HOSPITAL GENERAL DE NAUCALPAN ""DR. MAXIMILIANO RUIZ CASTAÑEDA"" ",EDOMEX,Media,Media,"19.468662, -99.234348"
2021-01-10,"HOSPITAL GENERAL ATIZAPAN DE ZARAGOZA ""DR. SALVADOR GONZALEZ HERREJÓN""",EDOMEX,Buena,Media,"19.546322, -99.237491"
2021-01-10,"HOSPITAL GENERAL CUAUTITLAN ""GRAL. JOSE VICENTE VILLADA""",EDOMEX,Crítica,Crítica,"19.664586, -99.178557"
2021-01-10,"HOSPITAL GENERAL DE NEZAHUALCOYOTL ""GUSTAVO BAZ PRADA""",EDOMEX,Media,Crítica,"19.422253, -99.014892"
2021-01-10,"HOSPITAL GENERAL DE ECATEPEC ""JOSÉ MARÍA RODRÍGUEZ""",EDOMEX,Buena,Buena,"19.514412, -99.038087"
2021-01-10,"HOSPITAL GENERAL NEZAHUALCOYOTL ""LA PERLA"" ",EDOMEX,Buena,Media,"19.387963, -98.989442"
2021-01-10,HOSPITAL GENERAL DE CHIMALHUACAN,EDOMEX,Media,Crítica,"19.419753, -98.975140"
2021-01-10,"HOSPITAL GENERAL DE IXTAPALUCA ""PEDRO LOPEZ""",EDOMEX,Media,Buena,"19.318829, -98.855366"
2021-01-10,HOSPITAL GENERAL DE CHALCO ,EDOMEX,Media,Media,"19.268265, -98.893965"
2021-01-10,"HOSPITAL GENERAL TEXCOCO ""GUADALUPE VICTORIA"" BICENTENARIO ",EDOMEX,Media,Crítica,"19.514309, -98.871750"
2021-01-10,"HOSPITAL GENERAL VALLE DE CHALCO ""DR. FERNANDO QUIROZ GUTIERREZ"" ",EDOMEX,Media,Media,"19.273775, -98.941609"
2021-01-10,"HOSPITAL GENERAL AMECAMECA ""VALENTIN GOMEZ FARIAS"" ",EDOMEX,Media,Media,"19.144883, -98.785072"
2021-01-10,HOSPITAL GENERAL DE AXAPUSCO,EDOMEX,Crítica,Crítica,"19.732872, -98.769445"
2021-01-11,INSTITUTO NACIONAL DE NUTRICIÓN,SSA,Crítica,Crítica,"19.289599, -99.155441"
2021-01-11,INER,SSA,Buena,Crítica,"19.291375, -99.158653"
2021-01-11,HOSPITAL GENERAL DE MÉXICO,SSA,Crítica,Crítica,"19.4129258, -99.1520225"
2021-01-11,HOSPITAL JUAREZ,SSA,Crítica,Media,"19.481829, -99.135576"
2021-01-11,HOSPITAL GENERAL DR. MANUEL GEA GONZÁLEZ,SSA,Crítica,Crítica,"19.290295, -99.160861"
2021-01-11,HOSPITAL INFANTIL DE MÉXICO FEDERICO GÓMEZ,SSA,Buena,Buena,"19.410839, -99.151941"
2021-01-11,INSTITUTO  NACIONAL DE CARDIOLOGÍA IGNACIO CHÁVEZ,SSA,Media,Crítica,"19.290598, -99.153838"
2021-01-11,CITIBANAMEX,SSA,Crítica,Crítica,"19.439732, -99.224235"
2021-01-11,HOSPITAL REGIONAL DE ALTA ESPECIALIDAD DE IXTAPALUCA,SSA,Crítica,Crítica,"19.318796, -98.855353"
2021-01-11,BELISARIO DOMINGUEZ,SEDESA,Buena,Media,"19.307226, -99.065356"
2021-01-11,ENRIQUE CABRERA,SEDESA,Crítica,Media,"19.361675, -99.224432"
2021-01-11,GENERAL TLAHUAC,SEDESA,Crítica,Media,"19.287492, -99.052665"
2021-01-11,PEDIATRICO DE LA VILLA,SEDESA,Buena,Buena,"19.487355, -99.114316"
2021-01-11,HOSPITAL GENERAL AJUSCO MEDIO,SEDESA,Media,Crítica,"19.272165, -99.207846"
2021-01-11,HOSPITAL GENERAL IZTAPALAPA,SEDESA,Crítica,Crítica,"19.343426, -99.027236"
2021-01-11,HOSPITAL GENERAL XOCO,SEDESA,Crítica,Media,"19.360313, -99.162275"
2021-01-11,HOSPITAL GENERAL VILLA,SEDESA,Crítica,Media,"19.480079, -99.103353"
2021-01-11,HOSPITAL GENERAL DR. RUBÉN LEÑERO,SEDESA,Crítica,Media,"19.451398, -99.169565"
2021-01-11,HOSPITAL GENERAL MILPA ALTA,SEDESA,Crítica,Crítica,"19.200951, -99.011210"
2021-01-11,HOSPITAL GENERAL BALBUENA,SEDESA,Buena,Media,"19.424195, -99.115412"
2021-01-11,HOSPITAL TEPEPAN,SEDESA,Sin Dato,Sin Dato,"19.275806, -99.144298"
2021-01-11,HOSPITAL DE ESPECIALIDADES 01 CMN SIGLO XXI (CDMX SUR),IMSS,Media,Crítica,"19.466549, -99.145102"
2021-01-11,HOSPITAL DE PEDIATRIA 01 CMN SIGLO XXI (CDMX SUR),IMSS,Buena,Buena,"19.407458, -99.152267"
2021-01-11,HOSPITAL GENERAL DE ZONA 01 CARLOS MC GREGOR (CDMX SUR),IMSS,Crítica,Crítica,"19.395912, -99.161610"
2021-01-11,HOSPITAL GENERAL DE ZONA 1A PARQUE DE LOS VENADOS (CDMX SUR),IMSS,Crítica,Crítica,"19.374431, -99.151203"
2021-01-11,HOSPITAL DE INFECTOLOGIA 01 LA RAZA (CDMX NORTE),IMSS,Crítica,Media,"19.464865, -99.144859"
2021-01-11,HOSPITAL GENERAL 01 (CDMX NORTE) LA RAZA,IMSS,Crítica,Crítica,"19.395740, -99.161677"
2021-01-11,HOSPITAL GENERAL DE ZONA 24 (CDMX NORTE),IMSS,Crítica,Media,"19.483221, -99.128448"
2021-01-11,HOSPITAL GENERAL DE ZONA 27 (CDMX NORTE),IMSS,Crítica,Crítica,"19.454776, -99.140007"
2021-01-11,HOSPITAL GENERAL DE ZONA 2A (CDMX SUR),IMSS,Crítica,Crítica,"19.405495, -99.112200"
2021-01-11,HOSPITAL GENERAL DE ZONA 30 (CDMX SUR),IMSS,Crítica,Media,"19.398836, -99.116913"
2021-01-11,HOSPITAL GENERAL DE ZONA 32 (CDMX SUR),IMSS,Crítica,Crítica,"19.307964, -99.130677"
2021-01-11,HOSPITAL GENERAL DE ZONA C/MF 08 (CDMX SUR),IMSS,Crítica,Media,"19.337137, -99.200142"
2021-01-11,HOSPITAL GENERAL DE ZONA C/UMAA 48 (CDMX NORTE),IMSS,Crítica,Crítica,"19.482375, -99.213046"
2021-01-11,HOSPITAL GENERAL 02 (CDMX SUR) VILLA COAPA (COY.),IMSS,Crítica,Buena,"19.309194, -99.129593"
2021-01-11,HOSPITAL DE ESPECIALIDADES 01 (CDMX NORTE) LA RAZA (AZC),IMSS,Crítica,Crítica,"19.467169, -99.143785"
2021-01-11,HOSPITAL GENERAL DE ZONA C/MF 29 (S. JUAN ARAGÓN),IMSS,Crítica,Buena,"19.465117, -99.085162"
2021-01-11,HOSPITAL GENERAL DE ZONA 47 (CDMX SUR) (IZP),IMSS,Crítica,Crítica,"19.357566, -99.054269"
2021-01-11,UNIDAD MÓVIL TEMPORAL COVID,IMSS,Crítica,Crítica,"19.403082, -99.089177"
2021-01-11,CRIT IZTAPALAPA,IMSS,Sin Dato,Sin Dato,"19.328321, -99.068530"
2021-01-11,HOSPITAL GENERAL REGIONAL 72,IMSS,Crítica,Crítica,"19.356913, -98.990929"
2021-01-11,HOSPITAL GENERAL REGIONAL 196,IMSS,Crítica,Media,"19.515133, -98.891450"
2021-01-11,HOSPITAL GENERAL REGIONAL 200,IMSS,Crítica,Media,"19.470300, -99.234208"
2021-01-11,HOSPITAL GENERAL DE ZONA 53,IMSS,Crítica,Crítica,"19.597387, -99.188426"
2021-01-11,HOSPITAL GENERAL DE ZONA 197,IMSS,Crítica,Crítica,"19.530797, -99.222446"
2021-01-11,HOSPITAL GENERAL DE ZONA 194,IMSS,Crítica,Crítica,"19.570070, -99.044009"
2021-01-11,HOSPITAL GENERAL DE ZONA 57 (LA QUEBRADA),IMSS,Crítica,Crítica,"19.542797, -99.205022"
2021-01-11,HOSPITAL GENERAL DE ZONA 58 (LAS MARGARITAS),IMSS,Crítica,Media,"19.529016, -99.030983"
2021-01-11,HOSPITAL GENERAL DE ZONA 68 (TULPETLAC),IMSS,Crítica,Crítica,"19.742905, -98.972971"
2021-01-11,HOSPITAL GENERAL DE ZONA 71 (CHALCO),IMSS,Crítica,Media,"19.356913, -98.990929"
2021-01-11,HOSPITAL GENERAL DE ZONA 76 (XALOSTOC),IMSS,Crítica,Crítica,"19.515133, -98.891450"
2021-01-11,HOSPITAL GENERAL DE ZONA 98 (COACALCO),IMSS,Crítica,Buena,"19.470300, -99.234208"
2021-01-11,CRIT NEZAHUALCÓYOTL,IMSS,Sin Dato,Sin Dato,"19.425795, -99.029987"
2021-01-11,CENTRO MEDICO 20 DE NOVIEMBRE,ISSSTE,Crítica,Media,"19.372720, -99.171205"
2021-01-11,HG DARIO FERNANDEZ FIERRO,ISSSTE,Crítica,Crítica,"19.363602, -99.188608"
2021-01-11,HG JOSE MARIA MORELOS,ISSSTE,Media,Media,"19.363918, -98.995393"
2021-01-11,HG TACUBA,ISSSTE,Crítica,Media,"19.454384, -99.191231"
2021-01-11,HG DR FERNANDO QUIROZ,ISSSTE,Crítica,Media,"19.394242, -99.194187"
2021-01-11,HG IGNACIO ZARAGOZA,ISSSTE,Crítica,Media,"19.389472, -99.045019"
2021-01-11,HR PRIMERO DE OCTUBRE,ISSSTE,Crítica,Media,"19.486751, -99.133249"
2021-01-11,HR LIC. ADOLFO LÓPEZ MATEOS,ISSSTE,Media,Media,"19.358451, -99.172716"
2021-01-11,HR BICENTENARIO DE LA INDEPENDENCIA,ISSSTE,Crítica,Crítica,"19.628814, -99.163343"
2021-01-11,HOSPITAL CENTRAL MILITAR,SEDENA,Crítica,Crítica,"19.4373709, -99.216054"
2021-01-11,HOSPITAL MILITAR DE ESPCIALIDADES DE LA MUJER Y NEONATOLOGÍA,SEDENA,Crítica,Crítica,"19.4394142,-99.2207869"
2021-01-11,"UNIDAD OPERATIVA DE HOSPITALIZACIÓN COVID-19, 6/O. GRUPO DE MORTEROS 81 MM, CAMPO MILITAR NO. 1-A",SEDENA,Media,Sin Dato,"19.4463797,-99.2483637"
2021-01-11,"UNIDAD OPERATIVA DE TERAPIA Y HOSPITALIZACIÓN COVID-19, 22/O. BATALLÓN DE POLICÍA MILITAR, EL CHIVATITO",SEDENA,Sin Dato,Sin Dato,"19.4150009,-99.1841019"
2021-01-11,"UNIDAD OPERATIVA DE TERAPIA Y HOSPITALIZACIÓN COVID-19, 81/O. BATALLÓN DE INFANTERÍA, TLALPAN",SEDENA,Sin Dato,Sin Dato,"19.2646093,-99.1551676"
2021-01-11,H.M.Z. EL VERGEL IZTAPALAPA,SEDENA,Sin Dato,Sin Dato,"19.3131938,-99.0836122"
2021-01-11,H.M.Z. CAMPO MILITAR N1-A ,SEDENA,Sin Dato,Sin Dato,"19.3657943,-99.1492117"
2021-01-11,"HOSPITAL MILITAR DE ZONA, TEMAMANTLA, EDO. DE MÉXICO",SEDENA,Buena,Sin Dato,"19.188008,-98.856959"
2021-01-11,U.O.H. 6/O BATALLÓN DE FUERZAS ESPECIALES,SEDENA,Crítica,Sin Dato,"19.1922707,-98.8578722"
2021-01-11,H.M.Z. SANTA MARÍA RAYÓN ,SEDENA,Sin Dato,Crítica,"19.1377854,-99.5966327"
2021-01-11,U.O.H. ALMOLOYA DE JUÁREZ ,SEDENA,Media,Sin Dato,"19.4035542,-99.7422616"
2021-01-11,CENTRO MÉDICO NAVAL,SEMAR,Crítica,Crítica,"19.3240164,-99.1274213"
2021-01-11,HOSPITAL CENTRAL SUR DE ALTA ESPECIALIDAD ,PEMEX,Crítica,Crítica,"19.3087458,-99.2209277"
2021-01-11,HOSPITAL CENTRAL NORTE,PEMEX,Crítica,Crítica,"19.479899,-99.2030617"
2021-01-11,ALTA ESPECIALIDAD DE ZUMPANGO,EDOMEX,Buena,Crítica,"19.815198, -99.089196"
2021-01-11,HOSPITAL REGIONAL TLALNEPANTLA ISSEMYM,EDOMEX,Crítica,Media,"19.521706, -99.187341"
2021-01-11,"HOSPITAL GENERAL ECATEPEC ""LAS AMÉRICAS""",EDOMEX,Media,Crítica,"19.594136, -99.018679"
2021-01-11,"HOSPITAL GENERAL DE NAUCALPAN ""DR. MAXIMILIANO RUIZ CASTAÑEDA"" ",EDOMEX,Media,Media,"19.468662, -99.234348"
2021-01-11,"HOSPITAL GENERAL ATIZAPAN DE ZARAGOZA ""DR. SALVADOR GONZALEZ HERREJÓN""",EDOMEX,Buena,Media,"19.546322, -99.237491"
2021-01-11,"HOSPITAL GENERAL CUAUTITLAN ""GRAL. JOSE VICENTE VILLADA""",EDOMEX,Crítica,Crítica,"19.664586, -99.178557"
2021-01-11,"HOSPITAL GENERAL DE NEZAHUALCOYOTL ""GUSTAVO BAZ PRADA""",EDOMEX,Media,Crítica,"19.422253, -99.014892"
2021-01-11,"HOSPITAL GENERAL DE ECATEPEC ""JOSÉ MARÍA RODRÍGUEZ""",EDOMEX,Buena,Buena,"19.514412, -99.038087"
2021-01-11,"HOSPITAL GENERAL NEZAHUALCOYOTL ""LA PERLA"" ",EDOMEX,Buena,Crítica,"19.387963, -98.989442"
2021-01-11,HOSPITAL GENERAL DE CHIMALHUACAN,EDOMEX,Media,Crítica,"19.419753, -98.975140"
2021-01-11,"HOSPITAL GENERAL DE IXTAPALUCA ""PEDRO LOPEZ""",EDOMEX,Media,Buena,"19.318829, -98.855366"
2021-01-11,HOSPITAL GENERAL DE CHALCO ,EDOMEX,Media,Media,"19.268265, -98.893965"
2021-01-11,"HOSPITAL GENERAL TEXCOCO ""GUADALUPE VICTORIA"" BICENTENARIO ",EDOMEX,Crítica,Crítica,"19.514309, -98.871750"
2021-01-11,"HOSPITAL GENERAL VALLE DE CHALCO ""DR. FERNANDO QUIROZ GUTIERREZ"" ",EDOMEX,Media,Buena,"19.273775, -98.941609"
2021-01-11,"HOSPITAL GENERAL AMECAMECA ""VALENTIN GOMEZ FARIAS"" ",EDOMEX,Crítica,Media,"19.144883, -98.785072"
2021-01-11,HOSPITAL GENERAL DE AXAPUSCO,EDOMEX,Crítica,Crítica,"19.732872, -98.769445"
2021-01-12,INSTITUTO NACIONAL DE NUTRICIÓN,SSA,Crítica,Crítica,"19.289599, -99.155441"
2021-01-12,INER,SSA,Buena,Crítica,"19.291375, -99.158653"
2021-01-12,HOSPITAL GENERAL DE MÉXICO,SSA,Crítica,Crítica,"19.4129258, -99.1520225"
2021-01-12,HOSPITAL JUAREZ,SSA,Media,Crítica,"19.481829, -99.135576"
2021-01-12,HOSPITAL GENERAL DR. MANUEL GEA GONZÁLEZ,SSA,Crítica,Crítica,"19.290295, -99.160861"
2021-01-12,HOSPITAL INFANTIL DE MÉXICO FEDERICO GÓMEZ,SSA,Buena,Buena,"19.410839, -99.151941"
2021-01-12,INSTITUTO  NACIONAL DE CARDIOLOGÍA IGNACIO CHÁVEZ,SSA,Media,Crítica,"19.290598, -99.153838"
2021-01-12,CITIBANAMEX,SSA,Crítica,Crítica,"19.439732, -99.224235"
2021-01-12,HOSPITAL REGIONAL DE ALTA ESPECIALIDAD DE IXTAPALUCA,SSA,Crítica,Crítica,"19.318796, -98.855353"
2021-01-12,BELISARIO DOMINGUEZ,SEDESA,Buena,Media,"19.307226, -99.065356"
2021-01-12,ENRIQUE CABRERA,SEDESA,Media,Media,"19.361675, -99.224432"
2021-01-12,GENERAL TLAHUAC,SEDESA,Crítica,Media,"19.287492, -99.052665"
2021-01-12,PEDIATRICO DE LA VILLA,SEDESA,Buena,Buena,"19.487355, -99.114316"
2021-01-12,HOSPITAL GENERAL AJUSCO MEDIO,SEDESA,Media,Crítica,"19.272165, -99.207846"
2021-01-12,HOSPITAL GENERAL IZTAPALAPA,SEDESA,Crítica,Crítica,"19.343426, -99.027236"
2021-01-12,HOSPITAL GENERAL XOCO,SEDESA,Crítica,Media,"19.360313, -99.162275"
2021-01-12,HOSPITAL GENERAL VILLA,SEDESA,Crítica,Media,"19.480079, -99.103353"
2021-01-12,HOSPITAL GENERAL DR. RUBÉN LEÑERO,SEDESA,Crítica,Media,"19.451398, -99.169565"
2021-01-12,HOSPITAL GENERAL MILPA ALTA,SEDESA,Crítica,Media,"19.200951, -99.011210"
2021-01-12,HOSPITAL GENERAL BALBUENA,SEDESA,Buena,Crítica,"19.424195, -99.115412"
2021-01-12,HOSPITAL TEPEPAN,SEDESA,Sin Dato,Sin Dato,"19.275806, -99.144298"
2021-01-12,HOSPITAL DE ESPECIALIDADES 01 CMN SIGLO XXI (CDMX SUR),IMSS,Media,Crítica,"19.466549, -99.145102"
2021-01-12,HOSPITAL DE PEDIATRIA 01 CMN SIGLO XXI (CDMX SUR),IMSS,Buena,Buena,"19.407458, -99.152267"
2021-01-12,HOSPITAL GENERAL DE ZONA 01 CARLOS MC GREGOR (CDMX SUR),IMSS,Crítica,Crítica,"19.395912, -99.161610"
2021-01-12,HOSPITAL GENERAL DE ZONA 1A PARQUE DE LOS VENADOS (CDMX SUR),IMSS,Crítica,Crítica,"19.374431, -99.151203"
2021-01-12,HOSPITAL DE INFECTOLOGIA 01 LA RAZA (CDMX NORTE),IMSS,Crítica,Media,"19.464865, -99.144859"
2021-01-12,HOSPITAL GENERAL 01 (CDMX NORTE) LA RAZA,IMSS,Crítica,Crítica,"19.395740, -99.161677"
2021-01-12,HOSPITAL GENERAL DE ZONA 24 (CDMX NORTE),IMSS,Crítica,Media,"19.483221, -99.128448"
2021-01-12,HOSPITAL GENERAL DE ZONA 27 (CDMX NORTE),IMSS,Crítica,Crítica,"19.454776, -99.140007"
2021-01-12,HOSPITAL GENERAL DE ZONA 2A (CDMX SUR),IMSS,Crítica,Crítica,"19.405495, -99.112200"
2021-01-12,HOSPITAL GENERAL DE ZONA 30 (CDMX SUR),IMSS,Crítica,Media,"19.398836, -99.116913"
2021-01-12,HOSPITAL GENERAL DE ZONA 32 (CDMX SUR),IMSS,Crítica,Crítica,"19.307964, -99.130677"
2021-01-12,HOSPITAL GENERAL DE ZONA C/MF 08 (CDMX SUR),IMSS,Crítica,Media,"19.337137, -99.200142"
2021-01-12,HOSPITAL GENERAL DE ZONA C/UMAA 48 (CDMX NORTE),IMSS,Crítica,Crítica,"19.482375, -99.213046"
2021-01-12,HOSPITAL GENERAL 02 (CDMX SUR) VILLA COAPA (COY.),IMSS,Crítica,Media,"19.309194, -99.129593"
2021-01-12,HOSPITAL DE ESPECIALIDADES 01 (CDMX NORTE) LA RAZA (AZC),IMSS,Crítica,Crítica,"19.467169, -99.143785"
2021-01-12,HOSPITAL GENERAL DE ZONA C/MF 29 (S. JUAN ARAGÓN),IMSS,Crítica,Buena,"19.465117, -99.085162"
2021-01-12,HOSPITAL GENERAL DE ZONA 47 (CDMX SUR) (IZP),IMSS,Crítica,Crítica,"19.357566, -99.054269"
2021-01-12,UNIDAD MÓVIL TEMPORAL COVID,IMSS,Crítica,Crítica,"19.403082, -99.089177"
2021-01-12,CRIT IZTAPALAPA,IMSS,Sin Dato,Sin Dato,"19.328321, -99.068530"
2021-01-12,HOSPITAL GENERAL REGIONAL 72,IMSS,Crítica,Crítica,"19.356913, -98.990929"
2021-01-12,HOSPITAL GENERAL REGIONAL 196,IMSS,Crítica,Buena,"19.515133, -98.891450"
2021-01-12,HOSPITAL GENERAL REGIONAL 200,IMSS,Crítica,Crítica,"19.470300, -99.234208"
2021-01-12,HOSPITAL GENERAL DE ZONA 53,IMSS,Crítica,Crítica,"19.597387, -99.188426"
2021-01-12,HOSPITAL GENERAL DE ZONA 197,IMSS,Crítica,Crítica,"19.530797, -99.222446"
2021-01-12,HOSPITAL GENERAL DE ZONA 194,IMSS,Crítica,Crítica,"19.570070, -99.044009"
2021-01-12,HOSPITAL GENERAL DE ZONA 57 (LA QUEBRADA),IMSS,Crítica,Crítica,"19.542797, -99.205022"
2021-01-12,HOSPITAL GENERAL DE ZONA 58 (LAS MARGARITAS),IMSS,Crítica,Crítica,"19.529016, -99.030983"
2021-01-12,HOSPITAL GENERAL DE ZONA 68 (TULPETLAC),IMSS,Crítica,Crítica,"19.742905, -98.972971"
2021-01-12,HOSPITAL GENERAL DE ZONA 71 (CHALCO),IMSS,Crítica,Crítica,"19.356913, -98.990929"
2021-01-12,HOSPITAL GENERAL DE ZONA 76 (XALOSTOC),IMSS,Crítica,Crítica,"19.515133, -98.891450"
2021-01-12,HOSPITAL GENERAL DE ZONA 98 (COACALCO),IMSS,Crítica,Media,"19.470300, -99.234208"
2021-01-12,CRIT NEZAHUALCÓYOTL,IMSS,Sin Dato,Sin Dato,"19.425795, -99.029987"
2021-01-12,CENTRO MEDICO 20 DE NOVIEMBRE,ISSSTE,Crítica,Media,"19.372720, -99.171205"
2021-01-12,HG DARIO FERNANDEZ FIERRO,ISSSTE,Crítica,Crítica,"19.363602, -99.188608"
2021-01-12,HG JOSE MARIA MORELOS,ISSSTE,Media,Media,"19.363918, -98.995393"
2021-01-12,HG TACUBA,ISSSTE,Crítica,Buena,"19.454384, -99.191231"
2021-01-12,HG DR FERNANDO QUIROZ,ISSSTE,Crítica,Media,"19.394242, -99.194187"
2021-01-12,HG IGNACIO ZARAGOZA,ISSSTE,Crítica,Media,"19.389472, -99.045019"
2021-01-12,HR PRIMERO DE OCTUBRE,ISSSTE,Media,Media,"19.486751, -99.133249"
2021-01-12,HR LIC. ADOLFO LÓPEZ MATEOS,ISSSTE,Media,Media,"19.358451, -99.172716"
2021-01-12,HR BICENTENARIO DE LA INDEPENDENCIA,ISSSTE,Crítica,Crítica,"19.628814, -99.163343"
2021-01-12,HOSPITAL CENTRAL MILITAR,SEDENA,Crítica,Crítica,"19.4373709, -99.216054"
2021-01-12,HOSPITAL MILITAR DE ESPCIALIDADES DE LA MUJER Y NEONATOLOGÍA,SEDENA,Crítica,Crítica,"19.4394142,-99.2207869"
2021-01-12,"UNIDAD OPERATIVA DE HOSPITALIZACIÓN COVID-19, 6/O. GRUPO DE MORTEROS 81 MM, CAMPO MILITAR NO. 1-A",SEDENA,Media,Sin Dato,"19.4463797,-99.2483637"
2021-01-12,"UNIDAD OPERATIVA DE TERAPIA Y HOSPITALIZACIÓN COVID-19, 22/O. BATALLÓN DE POLICÍA MILITAR, EL CHIVATITO",SEDENA,Sin Dato,Sin Dato,"19.4150009,-99.1841019"
2021-01-12,"UNIDAD OPERATIVA DE TERAPIA Y HOSPITALIZACIÓN COVID-19, 81/O. BATALLÓN DE INFANTERÍA, TLALPAN",SEDENA,Sin Dato,Sin Dato,"19.2646093,-99.1551676"
2021-01-12,H.M.Z. EL VERGEL IZTAPALAPA,SEDENA,Sin Dato,Sin Dato,"19.3131938,-99.0836122"
2021-01-12,H.M.Z. CAMPO MILITAR N1-A ,SEDENA,Sin Dato,Sin Dato,"19.3657943,-99.1492117"
2021-01-12,"HOSPITAL MILITAR DE ZONA, TEMAMANTLA, EDO. DE MÉXICO",SEDENA,Buena,Sin Dato,"19.188008,-98.856959"
2021-01-12,U.O.H. 6/O BATALLÓN DE FUERZAS ESPECIALES,SEDENA,Media,Sin Dato,"19.1922707,-98.8578722"
2021-01-12,H.M.Z. SANTA MARÍA RAYÓN ,SEDENA,Sin Dato,Crítica,"19.1377854,-99.5966327"
2021-01-12,U.O.H. ALMOLOYA DE JUÁREZ ,SEDENA,Media,Sin Dato,"19.4035542,-99.7422616"
2021-01-12,CENTRO MÉDICO NAVAL,SEMAR,Crítica,Crítica,"19.3240164,-99.1274213"
2021-01-12,HOSPITAL CENTRAL SUR DE ALTA ESPECIALIDAD ,PEMEX,Crítica,Crítica,"19.3087458,-99.2209277"
2021-01-12,HOSPITAL CENTRAL NORTE,PEMEX,Crítica,Crítica,"19.479899,-99.2030617"
2021-01-12,ALTA ESPECIALIDAD DE ZUMPANGO,EDOMEX,Buena,Media,"19.815198, -99.089196"
2021-01-12,HOSPITAL REGIONAL TLALNEPANTLA ISSEMYM,EDOMEX,Crítica,Media,"19.521706, -99.187341"
2021-01-12,"HOSPITAL GENERAL ECATEPEC ""LAS AMÉRICAS""",EDOMEX,Media,Crítica,"19.594136, -99.018679"
2021-01-12,"HOSPITAL GENERAL DE NAUCALPAN ""DR. MAXIMILIANO RUIZ CASTAÑEDA"" ",EDOMEX,Media,Media,"19.468662, -99.234348"
2021-01-12,"HOSPITAL GENERAL ATIZAPAN DE ZARAGOZA ""DR. SALVADOR GONZALEZ HERREJÓN""",EDOMEX,Buena,Media,"19.546322, -99.237491"
2021-01-12,"HOSPITAL GENERAL CUAUTITLAN ""GRAL. JOSE VICENTE VILLADA""",EDOMEX,Crítica,Crítica,"19.664586, -99.178557"
2021-01-12,"HOSPITAL GENERAL DE NEZAHUALCOYOTL ""GUSTAVO BAZ PRADA""",EDOMEX,Buena,Crítica,"19.422253, -99.014892"
2021-01-12,"HOSPITAL GENERAL DE ECATEPEC ""JOSÉ MARÍA RODRÍGUEZ""",EDOMEX,Media,Buena,"19.514412, -99.038087"
2021-01-12,"HOSPITAL GENERAL NEZAHUALCOYOTL ""LA PERLA"" ",EDOMEX,Buena,Media,"19.387963, -98.989442"
2021-01-12,HOSPITAL GENERAL DE CHIMALHUACAN,EDOMEX,Media,Crítica,"19.419753, -98.975140"
2021-01-12,"HOSPITAL GENERAL DE IXTAPALUCA ""PEDRO LOPEZ""",EDOMEX,Media,Buena,"19.318829, -98.855366"
2021-01-12,HOSPITAL GENERAL DE CHALCO ,EDOMEX,Media,Media,"19.268265, -98.893965"
2021-01-12,"HOSPITAL GENERAL TEXCOCO ""GUADALUPE VICTORIA"" BICENTENARIO ",EDOMEX,Crítica,Crítica,"19.514309, -98.871750"
2021-01-12,"HOSPITAL GENERAL VALLE DE CHALCO ""DR. FERNANDO QUIROZ GUTIERREZ"" ",EDOMEX,Buena,Buena,"19.273775, -98.941609"
2021-01-12,"HOSPITAL GENERAL AMECAMECA ""VALENTIN GOMEZ FARIAS"" ",EDOMEX,Media,Media,"19.144883, -98.785072"
2021-01-12,HOSPITAL GENERAL DE AXAPUSCO,EDOMEX,Crítica,Crítica,"19.732872, -98.769445"
2021-01-13,INSTITUTO NACIONAL DE NUTRICIÓN,SSA,Crítica,Crítica,"19.289599, -99.155441"
2021-01-13,INER,SSA,Buena,Crítica,"19.291375, -99.158653"
2021-01-13,HOSPITAL GENERAL DE MÉXICO,SSA,Crítica,Crítica,"19.4129258, -99.1520225"
2021-01-13,HOSPITAL JUAREZ,SSA,Media,Crítica,"19.481829, -99.135576"
2021-01-13,HOSPITAL GENERAL DR. MANUEL GEA GONZÁLEZ,SSA,Crítica,Crítica,"19.290295, -99.160861"
2021-01-13,HOSPITAL INFANTIL DE MÉXICO FEDERICO GÓMEZ,SSA,Media,Buena,"19.410839, -99.151941"
2021-01-13,INSTITUTO  NACIONAL DE CARDIOLOGÍA IGNACIO CHÁVEZ,SSA,Media,Crítica,"19.290598, -99.153838"
2021-01-13,CITIBANAMEX,SSA,Crítica,Crítica,"19.439732, -99.224235"
2021-01-13,HOSPITAL REGIONAL DE ALTA ESPECIALIDAD DE IXTAPALUCA,SSA,Crítica,Crítica,"19.318796, -98.855353"
2021-01-13,BELISARIO DOMINGUEZ,SEDESA,Media,Media,"19.307226, -99.065356"
2021-01-13,ENRIQUE CABRERA,SEDESA,Media,Crítica,"19.361675, -99.224432"
2021-01-13,GENERAL TLAHUAC,SEDESA,Crítica,Media,"19.287492, -99.052665"
2021-01-13,PEDIATRICO DE LA VILLA,SEDESA,Buena,Buena,"19.487355, -99.114316"
2021-01-13,HOSPITAL GENERAL AJUSCO MEDIO,SEDESA,Media,Crítica,"19.272165, -99.207846"
2021-01-13,HOSPITAL GENERAL IZTAPALAPA,SEDESA,Crítica,Crítica,"19.343426, -99.027236"
2021-01-13,HOSPITAL GENERAL XOCO,SEDESA,Crítica,Media,"19.360313, -99.162275"
2021-01-13,HOSPITAL GENERAL VILLA,SEDESA,Crítica,Media,"19.480079, -99.103353"
2021-01-13,HOSPITAL GENERAL DR. RUBÉN LEÑERO,SEDESA,Crítica,Media,"19.451398, -99.169565"
2021-01-13,HOSPITAL GENERAL MILPA ALTA,SEDESA,Crítica,Media,"19.200951, -99.011210"
2021-01-13,HOSPITAL GENERAL BALBUENA,SEDESA,Buena,Crítica,"19.424195, -99.115412"
2021-01-13,HOSPITAL TEPEPAN,SEDESA,Sin Dato,Sin Dato,"19.275806, -99.144298"
2021-01-13,HOSPITAL DE ESPECIALIDADES 01 CMN SIGLO XXI (CDMX SUR),IMSS,Media,Crítica,"19.466549, -99.145102"
2021-01-13,HOSPITAL DE PEDIATRIA 01 CMN SIGLO XXI (CDMX SUR),IMSS,Buena,Buena,"19.407458, -99.152267"
2021-01-13,HOSPITAL GENERAL DE ZONA 01 CARLOS MC GREGOR (CDMX SUR),IMSS,Crítica,Crítica,"19.395912, -99.161610"
2021-01-13,HOSPITAL GENERAL DE ZONA 1A PARQUE DE LOS VENADOS (CDMX SUR),IMSS,Crítica,Crítica,"19.374431, -99.151203"
2021-01-13,HOSPITAL DE INFECTOLOGIA 01 LA RAZA (CDMX NORTE),IMSS,Crítica,Media,"19.464865, -99.144859"
2021-01-13,HOSPITAL GENERAL 01 (CDMX NORTE) LA RAZA,IMSS,Crítica,Crítica,"19.395740, -99.161677"
2021-01-13,HOSPITAL GENERAL DE ZONA 24 (CDMX NORTE),IMSS,Crítica,Crítica,"19.483221, -99.128448"
2021-01-13,HOSPITAL GENERAL DE ZONA 27 (CDMX NORTE),IMSS,Crítica,Crítica,"19.454776, -99.140007"
2021-01-13,HOSPITAL GENERAL DE ZONA 2A (CDMX SUR),IMSS,Crítica,Crítica,"19.405495, -99.112200"
2021-01-13,HOSPITAL GENERAL DE ZONA 30 (CDMX SUR),IMSS,Crítica,Media,"19.398836, -99.116913"
2021-01-13,HOSPITAL GENERAL DE ZONA 32 (CDMX SUR),IMSS,Crítica,Crítica,"19.307964, -99.130677"
2021-01-13,HOSPITAL GENERAL DE ZONA C/MF 08 (CDMX SUR),IMSS,Crítica,Media,"19.337137, -99.200142"
2021-01-13,HOSPITAL GENERAL DE ZONA C/UMAA 48 (CDMX NORTE),IMSS,Crítica,Crítica,"19.482375, -99.213046"
2021-01-13,HOSPITAL GENERAL 02 (CDMX SUR) VILLA COAPA (COY.),IMSS,Crítica,Media,"19.309194, -99.129593"
2021-01-13,HOSPITAL DE ESPECIALIDADES 01 (CDMX NORTE) LA RAZA (AZC),IMSS,Crítica,Crítica,"19.467169, -99.143785"
2021-01-13,HOSPITAL GENERAL DE ZONA C/MF 29 (S. JUAN ARAGÓN),IMSS,Crítica,Buena,"19.465117, -99.085162"
2021-01-13,HOSPITAL GENERAL DE ZONA 47 (CDMX SUR) (IZP),IMSS,Crítica,Crítica,"19.357566, -99.054269"
2021-01-13,UNIDAD MÓVIL TEMPORAL COVID,IMSS,Crítica,Crítica,"19.403082, -99.089177"
2021-01-13,CRIT IZTAPALAPA,IMSS,Sin Dato,Sin Dato,"19.328321, -99.068530"
2021-01-13,HOSPITAL GENERAL REGIONAL 72,IMSS,Crítica,Media,"19.356913, -98.990929"
2021-01-13,HOSPITAL GENERAL REGIONAL 196,IMSS,Crítica,Crítica,"19.515133, -98.891450"
2021-01-13,HOSPITAL GENERAL REGIONAL 200,IMSS,Crítica,Crítica,"19.470300, -99.234208"
2021-01-13,HOSPITAL GENERAL DE ZONA 53,IMSS,Crítica,Crítica,"19.597387, -99.188426"
2021-01-13,HOSPITAL GENERAL DE ZONA 197,IMSS,Crítica,Crítica,"19.530797, -99.222446"
2021-01-13,HOSPITAL GENERAL DE ZONA 194,IMSS,Crítica,Crítica,"19.570070, -99.044009"
2021-01-13,HOSPITAL GENERAL DE ZONA 57 (LA QUEBRADA),IMSS,Crítica,Crítica,"19.542797, -99.205022"
2021-01-13,HOSPITAL GENERAL DE ZONA 58 (LAS MARGARITAS),IMSS,Crítica,Crítica,"19.529016, -99.030983"
2021-01-13,HOSPITAL GENERAL DE ZONA 68 (TULPETLAC),IMSS,Crítica,Crítica,"19.742905, -98.972971"
2021-01-13,HOSPITAL GENERAL DE ZONA 71 (CHALCO),IMSS,Crítica,Crítica,"19.356913, -98.990929"
2021-01-13,HOSPITAL GENERAL DE ZONA 76 (XALOSTOC),IMSS,Crítica,Crítica,"19.515133, -98.891450"
2021-01-13,HOSPITAL GENERAL DE ZONA 98 (COACALCO),IMSS,Crítica,Media,"19.470300, -99.234208"
2021-01-13,CRIT NEZAHUALCÓYOTL,IMSS,Sin Dato,Sin Dato,"19.425795, -99.029987"
2021-01-13,CENTRO MEDICO 20 DE NOVIEMBRE,ISSSTE,Crítica,Media,"19.372720, -99.171205"
2021-01-13,HG DARIO FERNANDEZ FIERRO,ISSSTE,Crítica,Media,"19.363602, -99.188608"
2021-01-13,HG JOSE MARIA MORELOS,ISSSTE,Media,Crítica,"19.363918, -98.995393"
2021-01-13,HG TACUBA,ISSSTE,Crítica,Buena,"19.454384, -99.191231"
2021-01-13,HG DR FERNANDO QUIROZ,ISSSTE,Crítica,Crítica,"19.394242, -99.194187"
2021-01-13,HG IGNACIO ZARAGOZA,ISSSTE,Media,Media,"19.389472, -99.045019"
2021-01-13,HR PRIMERO DE OCTUBRE,ISSSTE,Media,Media,"19.486751, -99.133249"
2021-01-13,HR LIC. ADOLFO LÓPEZ MATEOS,ISSSTE,Media,Media,"19.358451, -99.172716"
2021-01-13,HR BICENTENARIO DE LA INDEPENDENCIA,ISSSTE,Crítica,Crítica,"19.628814, -99.163343"
2021-01-13,HOSPITAL CENTRAL MILITAR,SEDENA,Crítica,Crítica,"19.4373709, -99.216054"
2021-01-13,HOSPITAL MILITAR DE ESPCIALIDADES DE LA MUJER Y NEONATOLOGÍA,SEDENA,Crítica,Crítica,"19.4394142,-99.2207869"
2021-01-13,"UNIDAD OPERATIVA DE HOSPITALIZACIÓN COVID-19, 6/O. GRUPO DE MORTEROS 81 MM, CAMPO MILITAR NO. 1-A",SEDENA,Media,Sin Dato,"19.4463797,-99.2483637"
2021-01-13,"UNIDAD OPERATIVA DE TERAPIA Y HOSPITALIZACIÓN COVID-19, 22/O. BATALLÓN DE POLICÍA MILITAR, EL CHIVATITO",SEDENA,Sin Dato,Sin Dato,"19.4150009,-99.1841019"
2021-01-13,"UNIDAD OPERATIVA DE TERAPIA Y HOSPITALIZACIÓN COVID-19, 81/O. BATALLÓN DE INFANTERÍA, TLALPAN",SEDENA,Sin Dato,Sin Dato,"19.2646093,-99.1551676"
2021-01-13,H.M.Z. EL VERGEL IZTAPALAPA,SEDENA,Sin Dato,Sin Dato,"19.3131938,-99.0836122"
2021-01-13,H.M.Z. CAMPO MILITAR N1-A ,SEDENA,Sin Dato,Sin Dato,"19.3657943,-99.1492117"
2021-01-13,"HOSPITAL MILITAR DE ZONA, TEMAMANTLA, EDO. DE MÉXICO",SEDENA,Buena,Sin Dato,"19.188008,-98.856959"
2021-01-13,U.O.H. 6/O BATALLÓN DE FUERZAS ESPECIALES,SEDENA,Crítica,Sin Dato,"19.1922707,-98.8578722"
2021-01-13,H.M.Z. SANTA MARÍA RAYÓN ,SEDENA,Sin Dato,Crítica,"19.1377854,-99.5966327"
2021-01-13,U.O.H. ALMOLOYA DE JUÁREZ ,SEDENA,Media,Sin Dato,"19.4035542,-99.7422616"
2021-01-13,CENTRO MÉDICO NAVAL,SEMAR,Crítica,Crítica,"19.3240164,-99.1274213"
2021-01-13,HOSPITAL CENTRAL SUR DE ALTA ESPECIALIDAD ,PEMEX,Crítica,Crítica,"19.3087458,-99.2209277"
2021-01-13,HOSPITAL CENTRAL NORTE,PEMEX,Crítica,Crítica,"19.479899,-99.2030617"
2021-01-13,ALTA ESPECIALIDAD DE ZUMPANGO,EDOMEX,Buena,Media,"19.815198, -99.089196"
2021-01-13,HOSPITAL REGIONAL TLALNEPANTLA ISSEMYM,EDOMEX,Crítica,Media,"19.521706, -99.187341"
2021-01-13,"HOSPITAL GENERAL ECATEPEC ""LAS AMÉRICAS""",EDOMEX,Media,Media,"19.594136, -99.018679"
2021-01-13,"HOSPITAL GENERAL DE NAUCALPAN ""DR. MAXIMILIANO RUIZ CASTAÑEDA"" ",EDOMEX,Media,Media,"19.468662, -99.234348"
2021-01-13,"HOSPITAL GENERAL ATIZAPAN DE ZARAGOZA ""DR. SALVADOR GONZALEZ HERREJÓN""",EDOMEX,Buena,Media,"19.546322, -99.237491"
2021-01-13,"HOSPITAL GENERAL CUAUTITLAN ""GRAL. JOSE VICENTE VILLADA""",EDOMEX,Crítica,Crítica,"19.664586, -99.178557"
2021-01-13,"HOSPITAL GENERAL DE NEZAHUALCOYOTL ""GUSTAVO BAZ PRADA""",EDOMEX,Buena,Crítica,"19.422253, -99.014892"
2021-01-13,"HOSPITAL GENERAL DE ECATEPEC ""JOSÉ MARÍA RODRÍGUEZ""",EDOMEX,Media,Media,"19.514412, -99.038087"
2021-01-13,"HOSPITAL GENERAL NEZAHUALCOYOTL ""LA PERLA"" ",EDOMEX,Buena,Media,"19.387963, -98.989442"
2021-01-13,HOSPITAL GENERAL DE CHIMALHUACAN,EDOMEX,Media,Crítica,"19.419753, -98.975140"
2021-01-13,"HOSPITAL GENERAL DE IXTAPALUCA ""PEDRO LOPEZ""",EDOMEX,Media,Buena,"19.318829, -98.855366"
2021-01-13,HOSPITAL GENERAL DE CHALCO ,EDOMEX,Media,Media,"19.268265, -98.893965"
2021-01-13,"HOSPITAL GENERAL TEXCOCO ""GUADALUPE VICTORIA"" BICENTENARIO ",EDOMEX,Crítica,Crítica,"19.514309, -98.871750"
2021-01-13,"HOSPITAL GENERAL VALLE DE CHALCO ""DR. FERNANDO QUIROZ GUTIERREZ"" ",EDOMEX,Media,Buena,"19.273775, -98.941609"
2021-01-13,"HOSPITAL GENERAL AMECAMECA ""VALENTIN GOMEZ FARIAS"" ",EDOMEX,Media,Media,"19.144883, -98.785072"
2021-01-13,HOSPITAL GENERAL DE AXAPUSCO,EDOMEX,Crítica,Media,"19.732872, -98.769445"
2021-01-14,INSTITUTO NACIONAL DE NUTRICIÓN,SSA,Crítica,Crítica,"19.289599, -99.155441"
2021-01-14,INER,SSA,Buena,Crítica,"19.291375, -99.158653"
2021-01-14,HOSPITAL GENERAL DE MÉXICO,SSA,Crítica,Crítica,"19.4129258, -99.1520225"
2021-01-14,HOSPITAL JUAREZ,SSA,Crítica,Crítica,"19.481829, -99.135576"
2021-01-14,HOSPITAL GENERAL DR. MANUEL GEA GONZÁLEZ,SSA,Crítica,Crítica,"19.290295, -99.160861"
2021-01-14,HOSPITAL INFANTIL DE MÉXICO FEDERICO GÓMEZ,SSA,Media,Media,"19.410839, -99.151941"
2021-01-14,INSTITUTO  NACIONAL DE CARDIOLOGÍA IGNACIO CHÁVEZ,SSA,Media,Media,"19.290598, -99.153838"
2021-01-14,CITIBANAMEX,SSA,Crítica,Crítica,"19.439732, -99.224235"
2021-01-14,HOSPITAL REGIONAL DE ALTA ESPECIALIDAD DE IXTAPALUCA,SSA,Crítica,Crítica,"19.318796, -98.855353"
2021-01-14,BELISARIO DOMINGUEZ,SEDESA,Buena,Media,"19.307226, -99.065356"
2021-01-14,ENRIQUE CABRERA,SEDESA,Media,Media,"19.361675, -99.224432"
2021-01-14,GENERAL TLAHUAC,SEDESA,Crítica,Media,"19.287492, -99.052665"
2021-01-14,PEDIATRICO DE LA VILLA,SEDESA,Buena,Buena,"19.487355, -99.114316"
2021-01-14,HOSPITAL GENERAL AJUSCO MEDIO,SEDESA,Media,Crítica,"19.272165, -99.207846"
2021-01-14,HOSPITAL GENERAL IZTAPALAPA,SEDESA,Media,Crítica,"19.343426, -99.027236"
2021-01-14,HOSPITAL GENERAL XOCO,SEDESA,Crítica,Media,"19.360313, -99.162275"
2021-01-14,HOSPITAL GENERAL VILLA,SEDESA,Crítica,Crítica,"19.480079, -99.103353"
2021-01-14,HOSPITAL GENERAL DR. RUBÉN LEÑERO,SEDESA,Crítica,Media,"19.451398, -99.169565"
2021-01-14,HOSPITAL GENERAL MILPA ALTA,SEDESA,Crítica,Media,"19.200951, -99.011210"
2021-01-14,HOSPITAL GENERAL BALBUENA,SEDESA,Buena,Crítica,"19.424195, -99.115412"
2021-01-14,HOSPITAL TEPEPAN,SEDESA,Sin Dato,Sin Dato,"19.275806, -99.144298"
2021-01-14,HOSPITAL DE ESPECIALIDADES 01 CMN SIGLO XXI (CDMX SUR),IMSS,Media,Crítica,"19.466549, -99.145102"
2021-01-14,HOSPITAL DE PEDIATRIA 01 CMN SIGLO XXI (CDMX SUR),IMSS,Buena,Buena,"19.407458, -99.152267"
2021-01-14,HOSPITAL GENERAL DE ZONA 01 CARLOS MC GREGOR (CDMX SUR),IMSS,Crítica,Crítica,"19.395912, -99.161610"
2021-01-14,HOSPITAL GENERAL DE ZONA 1A PARQUE DE LOS VENADOS (CDMX SUR),IMSS,Crítica,Crítica,"19.374431, -99.151203"
2021-01-14,HOSPITAL DE INFECTOLOGIA 01 LA RAZA (CDMX NORTE),IMSS,Crítica,Media,"19.464865, -99.144859"
2021-01-14,HOSPITAL GENERAL 01 (CDMX NORTE) LA RAZA,IMSS,Crítica,Crítica,"19.395740, -99.161677"
2021-01-14,HOSPITAL GENERAL DE ZONA 24 (CDMX NORTE),IMSS,Crítica,Crítica,"19.483221, -99.128448"
2021-01-14,HOSPITAL GENERAL DE ZONA 27 (CDMX NORTE),IMSS,Crítica,Crítica,"19.454776, -99.140007"
2021-01-14,HOSPITAL GENERAL DE ZONA 2A (CDMX SUR),IMSS,Crítica,Crítica,"19.405495, -99.112200"
2021-01-14,HOSPITAL GENERAL DE ZONA 30 (CDMX SUR),IMSS,Crítica,Buena,"19.398836, -99.116913"
2021-01-14,HOSPITAL GENERAL DE ZONA 32 (CDMX SUR),IMSS,Crítica,Crítica,"19.307964, -99.130677"
2021-01-14,HOSPITAL GENERAL DE ZONA C/MF 08 (CDMX SUR),IMSS,Crítica,Media,"19.337137, -99.200142"
2021-01-14,HOSPITAL GENERAL DE ZONA C/UMAA 48 (CDMX NORTE),IMSS,Crítica,Crítica,"19.482375, -99.213046"
2021-01-14,HOSPITAL GENERAL 02 (CDMX SUR) VILLA COAPA (COY.),IMSS,Crítica,Media,"19.309194, -99.129593"
2021-01-14,HOSPITAL DE ESPECIALIDADES 01 (CDMX NORTE) LA RAZA (AZC),IMSS,Crítica,Crítica,"19.467169, -99.143785"
2021-01-14,HOSPITAL GENERAL DE ZONA C/MF 29 (S. JUAN ARAGÓN),IMSS,Crítica,Buena,"19.465117, -99.085162"
2021-01-14,HOSPITAL GENERAL DE ZONA 47 (CDMX SUR) (IZP),IMSS,Crítica,Crítica,"19.357566, -99.054269"
2021-01-14,UNIDAD MÓVIL TEMPORAL COVID,IMSS,Crítica,Crítica,"19.403082, -99.089177"
2021-01-14,CRIT IZTAPALAPA,IMSS,Sin Dato,Sin Dato,"19.328321, -99.068530"
2021-01-14,HOSPITAL GENERAL REGIONAL 72,IMSS,Crítica,Crítica,"19.356913, -98.990929"
2021-01-14,HOSPITAL GENERAL REGIONAL 196,IMSS,Crítica,Crítica,"19.515133, -98.891450"
2021-01-14,HOSPITAL GENERAL REGIONAL 200,IMSS,Crítica,Crítica,"19.470300, -99.234208"
2021-01-14,HOSPITAL GENERAL DE ZONA 53,IMSS,Crítica,Crítica,"19.597387, -99.188426"
2021-01-14,HOSPITAL GENERAL DE ZONA 197,IMSS,Crítica,Crítica,"19.530797, -99.222446"
2021-01-14,HOSPITAL GENERAL DE ZONA 194,IMSS,Crítica,Media,"19.570070, -99.044009"
2021-01-14,HOSPITAL GENERAL DE ZONA 57 (LA QUEBRADA),IMSS,Crítica,Crítica,"19.542797, -99.205022"
2021-01-14,HOSPITAL GENERAL DE ZONA 58 (LAS MARGARITAS),IMSS,Crítica,Crítica,"19.529016, -99.030983"
2021-01-14,HOSPITAL GENERAL DE ZONA 68 (TULPETLAC),IMSS,Crítica,Crítica,"19.742905, -98.972971"
2021-01-14,HOSPITAL GENERAL DE ZONA 71 (CHALCO),IMSS,Crítica,Crítica,"19.356913, -98.990929"
2021-01-14,HOSPITAL GENERAL DE ZONA 76 (XALOSTOC),IMSS,Crítica,Crítica,"19.515133, -98.891450"
2021-01-14,HOSPITAL GENERAL DE ZONA 98 (COACALCO),IMSS,Crítica,Media,"19.470300, -99.234208"
2021-01-14,CRIT NEZAHUALCÓYOTL,IMSS,Sin Dato,Sin Dato,"19.425795, -99.029987"
2021-01-14,CENTRO MEDICO 20 DE NOVIEMBRE,ISSSTE,Crítica,Media,"19.372720, -99.171205"
2021-01-14,HG DARIO FERNANDEZ FIERRO,ISSSTE,Crítica,Crítica,"19.363602, -99.188608"
2021-01-14,HG JOSE MARIA MORELOS,ISSSTE,Media,Crítica,"19.363918, -98.995393"
2021-01-14,HG TACUBA,ISSSTE,Crítica,Buena,"19.454384, -99.191231"
2021-01-14,HG DR FERNANDO QUIROZ,ISSSTE,Crítica,Crítica,"19.394242, -99.194187"
2021-01-14,HG IGNACIO ZARAGOZA,ISSSTE,Crítica,Media,"19.389472, -99.045019"
2021-01-14,HR PRIMERO DE OCTUBRE,ISSSTE,Crítica,Buena,"19.486751, -99.133249"
2021-01-14,HR LIC. ADOLFO LÓPEZ MATEOS,ISSSTE,Media,Media,"19.358451, -99.172716"
2021-01-14,HR BICENTENARIO DE LA INDEPENDENCIA,ISSSTE,Crítica,Crítica,"19.628814, -99.163343"
2021-01-14,HOSPITAL CENTRAL MILITAR,SEDENA,Crítica,Crítica,"19.4373709, -99.216054"
2021-01-14,HOSPITAL MILITAR DE ESPCIALIDADES DE LA MUJER Y NEONATOLOGÍA,SEDENA,Crítica,Media,"19.4394142,-99.2207869"
2021-01-14,"UNIDAD OPERATIVA DE HOSPITALIZACIÓN COVID-19, 6/O. GRUPO DE MORTEROS 81 MM, CAMPO MILITAR NO. 1-A",SEDENA,Media,Sin Dato,"19.4463797,-99.2483637"
2021-01-14,"UNIDAD OPERATIVA DE TERAPIA Y HOSPITALIZACIÓN COVID-19, 22/O. BATALLÓN DE POLICÍA MILITAR, EL CHIVATITO",SEDENA,Sin Dato,Sin Dato,"19.4150009,-99.1841019"
2021-01-14,"UNIDAD OPERATIVA DE TERAPIA Y HOSPITALIZACIÓN COVID-19, 81/O. BATALLÓN DE INFANTERÍA, TLALPAN",SEDENA,Sin Dato,Sin Dato,"19.2646093,-99.1551676"
2021-01-14,H.M.Z. EL VERGEL IZTAPALAPA,SEDENA,Sin Dato,Sin Dato,"19.3131938,-99.0836122"
2021-01-14,H.M.Z. CAMPO MILITAR N1-A ,SEDENA,Sin Dato,Sin Dato,"19.3657943,-99.1492117"
2021-01-14,"HOSPITAL MILITAR DE ZONA, TEMAMANTLA, EDO. DE MÉXICO",SEDENA,Buena,Sin Dato,"19.188008,-98.856959"
2021-01-14,U.O.H. 6/O BATALLÓN DE FUERZAS ESPECIALES,SEDENA,Crítica,Sin Dato,"19.1922707,-98.8578722"
2021-01-14,H.M.Z. SANTA MARÍA RAYÓN ,SEDENA,Sin Dato,Crítica,"19.1377854,-99.5966327"
2021-01-14,U.O.H. ALMOLOYA DE JUÁREZ ,SEDENA,Media,Sin Dato,"19.4035542,-99.7422616"
2021-01-14,CENTRO MÉDICO NAVAL,SEMAR,Crítica,Crítica,"19.3240164,-99.1274213"
2021-01-14,HOSPITAL CENTRAL SUR DE ALTA ESPECIALIDAD ,PEMEX,Crítica,Crítica,"19.3087458,-99.2209277"
2021-01-14,HOSPITAL CENTRAL NORTE,PEMEX,Crítica,Crítica,"19.479899,-99.2030617"
2021-01-14,ALTA ESPECIALIDAD DE ZUMPANGO,EDOMEX,Buena,Media,"19.815198, -99.089196"
2021-01-14,HOSPITAL REGIONAL TLALNEPANTLA ISSEMYM,EDOMEX,Crítica,Media,"19.521706, -99.187341"
2021-01-14,"HOSPITAL GENERAL ECATEPEC ""LAS AMÉRICAS""",EDOMEX,Media,Media,"19.594136, -99.018679"
2021-01-14,"HOSPITAL GENERAL DE NAUCALPAN ""DR. MAXIMILIANO RUIZ CASTAÑEDA"" ",EDOMEX,Media,Media,"19.468662, -99.234348"
2021-01-14,"HOSPITAL GENERAL ATIZAPAN DE ZARAGOZA ""DR. SALVADOR GONZALEZ HERREJÓN""",EDOMEX,Buena,Media,"19.546322, -99.237491"
2021-01-14,"HOSPITAL GENERAL CUAUTITLAN ""GRAL. JOSE VICENTE VILLADA""",EDOMEX,Crítica,Crítica,"19.664586, -99.178557"
2021-01-14,"HOSPITAL GENERAL DE NEZAHUALCOYOTL ""GUSTAVO BAZ PRADA""",EDOMEX,Buena,Crítica,"19.422253, -99.014892"
2021-01-14,"HOSPITAL GENERAL DE ECATEPEC ""JOSÉ MARÍA RODRÍGUEZ""",EDOMEX,Media,Media,"19.514412, -99.038087"
2021-01-14,"HOSPITAL GENERAL NEZAHUALCOYOTL ""LA PERLA"" ",EDOMEX,Buena,Buena,"19.387963, -98.989442"
2021-01-14,HOSPITAL GENERAL DE CHIMALHUACAN,EDOMEX,Media,Crítica,"19.419753, -98.975140"
2021-01-14,"HOSPITAL GENERAL DE IXTAPALUCA ""PEDRO LOPEZ""",EDOMEX,Media,Buena,"19.318829, -98.855366"
2021-01-14,HOSPITAL GENERAL DE CHALCO ,EDOMEX,Media,Buena,"19.268265, -98.893965"
2021-01-14,"HOSPITAL GENERAL TEXCOCO ""GUADALUPE VICTORIA"" BICENTENARIO ",EDOMEX,Crítica,Crítica,"19.514309, -98.871750"
2021-01-14,"HOSPITAL GENERAL VALLE DE CHALCO ""DR. FERNANDO QUIROZ GUTIERREZ"" ",EDOMEX,Media,Buena,"19.273775, -98.941609"
2021-01-14,"HOSPITAL GENERAL AMECAMECA ""VALENTIN GOMEZ FARIAS"" ",EDOMEX,Buena,Media,"19.144883, -98.785072"
2021-01-14,HOSPITAL GENERAL DE AXAPUSCO,EDOMEX,Crítica,Media,"19.732872, -98.769445"
2021-01-15,INSTITUTO NACIONAL DE NUTRICIÓN,SSA,Crítica,Crítica,"19.289599, -99.155441"
2021-01-15,INER,SSA,Buena,Crítica,"19.291375, -99.158653"
2021-01-15,HOSPITAL GENERAL DE MÉXICO,SSA,Crítica,Crítica,"19.4129258, -99.1520225"
2021-01-15,HOSPITAL JUAREZ,SSA,Crítica,Crítica,"19.481829, -99.135576"
2021-01-15,HOSPITAL GENERAL DR. MANUEL GEA GONZÁLEZ,SSA,Crítica,Crítica,"19.290295, -99.160861"
2021-01-15,HOSPITAL INFANTIL DE MÉXICO FEDERICO GÓMEZ,SSA,Buena,Buena,"19.410839, -99.151941"
2021-01-15,INSTITUTO  NACIONAL DE CARDIOLOGÍA IGNACIO CHÁVEZ,SSA,Media,Media,"19.290598, -99.153838"
2021-01-15,CITIBANAMEX,SSA,Crítica,Crítica,"19.439732, -99.224235"
2021-01-15,HOSPITAL REGIONAL DE ALTA ESPECIALIDAD DE IXTAPALUCA,SSA,Crítica,Crítica,"19.318796, -98.855353"
2021-01-15,BELISARIO DOMINGUEZ,SEDESA,Buena,Media,"19.307226, -99.065356"
2021-01-15,ENRIQUE CABRERA,SEDESA,Media,Media,"19.361675, -99.224432"
2021-01-15,GENERAL TLAHUAC,SEDESA,Crítica,Media,"19.287492, -99.052665"
2021-01-15,PEDIATRICO DE LA VILLA,SEDESA,Buena,Buena,"19.487355, -99.114316"
2021-01-15,HOSPITAL GENERAL AJUSCO MEDIO,SEDESA,Crítica,Crítica,"19.272165, -99.207846"
2021-01-15,HOSPITAL GENERAL IZTAPALAPA,SEDESA,Media,Crítica,"19.343426, -99.027236"
2021-01-15,HOSPITAL GENERAL XOCO,SEDESA,Crítica,Media,"19.360313, -99.162275"
2021-01-15,HOSPITAL GENERAL VILLA,SEDESA,Crítica,Media,"19.480079, -99.103353"
2021-01-15,HOSPITAL GENERAL DR. RUBÉN LEÑERO,SEDESA,Crítica,Media,"19.451398, -99.169565"
2021-01-15,HOSPITAL GENERAL MILPA ALTA,SEDESA,Crítica,Media,"19.200951, -99.011210"
2021-01-15,HOSPITAL GENERAL BALBUENA,SEDESA,Buena,Crítica,"19.424195, -99.115412"
2021-01-15,HOSPITAL TEPEPAN,SEDESA,Sin Dato,Sin Dato,"19.275806, -99.144298"
2021-01-15,HOSPITAL DE ESPECIALIDADES 01 CMN SIGLO XXI (CDMX SUR),IMSS,Media,Crítica,"19.466549, -99.145102"
2021-01-15,HOSPITAL DE PEDIATRIA 01 CMN SIGLO XXI (CDMX SUR),IMSS,Buena,Buena,"19.407458, -99.152267"
2021-01-15,HOSPITAL GENERAL DE ZONA 01 CARLOS MC GREGOR (CDMX SUR),IMSS,Crítica,Crítica,"19.395912, -99.161610"
2021-01-15,HOSPITAL GENERAL DE ZONA 1A PARQUE DE LOS VENADOS (CDMX SUR),IMSS,Crítica,Crítica,"19.374431, -99.151203"
2021-01-15,HOSPITAL DE INFECTOLOGIA 01 LA RAZA (CDMX NORTE),IMSS,Crítica,Media,"19.464865, -99.144859"
2021-01-15,HOSPITAL GENERAL 01 (CDMX NORTE) LA RAZA,IMSS,Crítica,Crítica,"19.395740, -99.161677"
2021-01-15,HOSPITAL GENERAL DE ZONA 24 (CDMX NORTE),IMSS,Crítica,Crítica,"19.483221, -99.128448"
2021-01-15,HOSPITAL GENERAL DE ZONA 27 (CDMX NORTE),IMSS,Crítica,Crítica,"19.454776, -99.140007"
2021-01-15,HOSPITAL GENERAL DE ZONA 2A (CDMX SUR),IMSS,Crítica,Crítica,"19.405495, -99.112200"
2021-01-15,HOSPITAL GENERAL DE ZONA 30 (CDMX SUR),IMSS,Crítica,Buena,"19.398836, -99.116913"
2021-01-15,HOSPITAL GENERAL DE ZONA 32 (CDMX SUR),IMSS,Crítica,Crítica,"19.307964, -99.130677"
2021-01-15,HOSPITAL GENERAL DE ZONA C/MF 08 (CDMX SUR),IMSS,Crítica,Media,"19.337137, -99.200142"
2021-01-15,HOSPITAL GENERAL DE ZONA C/UMAA 48 (CDMX NORTE),IMSS,Crítica,Crítica,"19.482375, -99.213046"
2021-01-15,HOSPITAL GENERAL 02 (CDMX SUR) VILLA COAPA (COY.),IMSS,Crítica,Media,"19.309194, -99.129593"
2021-01-15,HOSPITAL DE ESPECIALIDADES 01 (CDMX NORTE) LA RAZA (AZC),IMSS,Crítica,Media,"19.467169, -99.143785"
2021-01-15,HOSPITAL GENERAL DE ZONA C/MF 29 (S. JUAN ARAGÓN),IMSS,Crítica,Media,"19.465117, -99.085162"
2021-01-15,HOSPITAL GENERAL DE ZONA 47 (CDMX SUR) (IZP),IMSS,Crítica,Crítica,"19.357566, -99.054269"
2021-01-15,UNIDAD MÓVIL TEMPORAL COVID,IMSS,Crítica,Crítica,"19.403082, -99.089177"
2021-01-15,CRIT IZTAPALAPA,IMSS,Sin Dato,Sin Dato,"19.328321, -99.068530"
2021-01-15,HOSPITAL GENERAL REGIONAL 72,IMSS,Crítica,Crítica,"19.356913, -98.990929"
2021-01-15,HOSPITAL GENERAL REGIONAL 196,IMSS,Crítica,Media,"19.515133, -98.891450"
2021-01-15,HOSPITAL GENERAL REGIONAL 200,IMSS,Crítica,Crítica,"19.470300, -99.234208"
2021-01-15,HOSPITAL GENERAL DE ZONA 53,IMSS,Crítica,Crítica,"19.597387, -99.188426"
2021-01-15,HOSPITAL GENERAL DE ZONA 197,IMSS,Crítica,Crítica,"19.530797, -99.222446"
2021-01-15,HOSPITAL GENERAL DE ZONA 194,IMSS,Crítica,Crítica,"19.570070, -99.044009"
2021-01-15,HOSPITAL GENERAL DE ZONA 57 (LA QUEBRADA),IMSS,Crítica,Crítica,"19.542797, -99.205022"
2021-01-15,HOSPITAL GENERAL DE ZONA 58 (LAS MARGARITAS),IMSS,Crítica,Crítica,"19.529016, -99.030983"
2021-01-15,HOSPITAL GENERAL DE ZONA 68 (TULPETLAC),IMSS,Crítica,Crítica,"19.742905, -98.972971"
2021-01-15,HOSPITAL GENERAL DE ZONA 71 (CHALCO),IMSS,Crítica,Crítica,"19.356913, -98.990929"
2021-01-15,HOSPITAL GENERAL DE ZONA 76 (XALOSTOC),IMSS,Crítica,Crítica,"19.515133, -98.891450"
2021-01-15,HOSPITAL GENERAL DE ZONA 98 (COACALCO),IMSS,Crítica,Media,"19.470300, -99.234208"
2021-01-15,CRIT NEZAHUALCÓYOTL,IMSS,Sin Dato,Sin Dato,"19.425795, -99.029987"
2021-01-15,CENTRO MEDICO 20 DE NOVIEMBRE,ISSSTE,Crítica,Media,"19.372720, -99.171205"
2021-01-15,HG DARIO FERNANDEZ FIERRO,ISSSTE,Crítica,Crítica,"19.363602, -99.188608"
2021-01-15,HG JOSE MARIA MORELOS,ISSSTE,Crítica,Media,"19.363918, -98.995393"
2021-01-15,HG TACUBA,ISSSTE,Crítica,Crítica,"19.454384, -99.191231"
2021-01-15,HG DR FERNANDO QUIROZ,ISSSTE,Crítica,Crítica,"19.394242, -99.194187"
2021-01-15,HG IGNACIO ZARAGOZA,ISSSTE,Crítica,Media,"19.389472, -99.045019"
2021-01-15,HR PRIMERO DE OCTUBRE,ISSSTE,Crítica,Media,"19.486751, -99.133249"
2021-01-15,HR LIC. ADOLFO LÓPEZ MATEOS,ISSSTE,Media,Crítica,"19.358451, -99.172716"
2021-01-15,HR BICENTENARIO DE LA INDEPENDENCIA,ISSSTE,Crítica,Crítica,"19.628814, -99.163343"
2021-01-15,HOSPITAL CENTRAL MILITAR,SEDENA,Crítica,Crítica,"19.4373709, -99.216054"
2021-01-15,HOSPITAL MILITAR DE ESPCIALIDADES DE LA MUJER Y NEONATOLOGÍA,SEDENA,Crítica,Crítica,"19.4394142,-99.2207869"
2021-01-15,"UNIDAD OPERATIVA DE HOSPITALIZACIÓN COVID-19, 6/O. GRUPO DE MORTEROS 81 MM, CAMPO MILITAR NO. 1-A",SEDENA,Media,Sin Dato,"19.4463797,-99.2483637"
2021-01-15,"UNIDAD OPERATIVA DE TERAPIA Y HOSPITALIZACIÓN COVID-19, 22/O. BATALLÓN DE POLICÍA MILITAR, EL CHIVATITO",SEDENA,Sin Dato,Sin Dato,"19.4150009,-99.1841019"
2021-01-15,"UNIDAD OPERATIVA DE TERAPIA Y HOSPITALIZACIÓN COVID-19, 81/O. BATALLÓN DE INFANTERÍA, TLALPAN",SEDENA,Sin Dato,Sin Dato,"19.2646093,-99.1551676"
2021-01-15,H.M.Z. EL VERGEL IZTAPALAPA,SEDENA,Sin Dato,Sin Dato,"19.3131938,-99.0836122"
2021-01-15,H.M.Z. CAMPO MILITAR N1-A ,SEDENA,Sin Dato,Sin Dato,"19.3657943,-99.1492117"
2021-01-15,"HOSPITAL MILITAR DE ZONA, TEMAMANTLA, EDO. DE MÉXICO",SEDENA,Buena,Sin Dato,"19.188008,-98.856959"
2021-01-15,U.O.H. 6/O BATALLÓN DE FUERZAS ESPECIALES,SEDENA,Media,Sin Dato,"19.1922707,-98.8578722"
2021-01-15,H.M.Z. SANTA MARÍA RAYÓN ,SEDENA,Sin Dato,Crítica,"19.1377854,-99.5966327"
2021-01-15,U.O.H. ALMOLOYA DE JUÁREZ ,SEDENA,Media,Sin Dato,"19.4035542,-99.7422616"
2021-01-15,CENTRO MÉDICO NAVAL,SEMAR,Crítica,Crítica,"19.3240164,-99.1274213"
2021-01-15,HOSPITAL CENTRAL SUR DE ALTA ESPECIALIDAD ,PEMEX,Crítica,Crítica,"19.3087458,-99.2209277"
2021-01-15,HOSPITAL CENTRAL NORTE,PEMEX,Crítica,Crítica,"19.479899,-99.2030617"
2021-01-15,ALTA ESPECIALIDAD DE ZUMPANGO,EDOMEX,Buena,Crítica,"19.815198, -99.089196"
2021-01-15,HOSPITAL REGIONAL TLALNEPANTLA ISSEMYM,EDOMEX,Crítica,Media,"19.521706, -99.187341"
2021-01-15,"HOSPITAL GENERAL ECATEPEC ""LAS AMÉRICAS""",EDOMEX,Media,Crítica,"19.594136, -99.018679"
2021-01-15,"HOSPITAL GENERAL DE NAUCALPAN ""DR. MAXIMILIANO RUIZ CASTAÑEDA"" ",EDOMEX,Media,Media,"19.468662, -99.234348"
2021-01-15,"HOSPITAL GENERAL ATIZAPAN DE ZARAGOZA ""DR. SALVADOR GONZALEZ HERREJÓN""",EDOMEX,Buena,Media,"19.546322, -99.237491"
2021-01-15,"HOSPITAL GENERAL CUAUTITLAN ""GRAL. JOSE VICENTE VILLADA""",EDOMEX,Crítica,Crítica,"19.664586, -99.178557"
2021-01-15,"HOSPITAL GENERAL DE NEZAHUALCOYOTL ""GUSTAVO BAZ PRADA""",EDOMEX,Media,Crítica,"19.422253, -99.014892"
2021-01-15,"HOSPITAL GENERAL DE ECATEPEC ""JOSÉ MARÍA RODRÍGUEZ""",EDOMEX,Buena,Media,"19.514412, -99.038087"
2021-01-15,"HOSPITAL GENERAL NEZAHUALCOYOTL ""LA PERLA"" ",EDOMEX,Media,Buena,"19.387963, -98.989442"
2021-01-15,HOSPITAL GENERAL DE CHIMALHUACAN,EDOMEX,Media,Crítica,"19.419753, -98.975140"
2021-01-15,"HOSPITAL GENERAL DE IXTAPALUCA ""PEDRO LOPEZ""",EDOMEX,Media,Buena,"19.318829, -98.855366"
2021-01-15,HOSPITAL GENERAL DE CHALCO ,EDOMEX,Media,Buena,"19.268265, -98.893965"
2021-01-15,"HOSPITAL GENERAL TEXCOCO ""GUADALUPE VICTORIA"" BICENTENARIO ",EDOMEX,Crítica,Crítica,"19.514309, -98.871750"
2021-01-15,"HOSPITAL GENERAL VALLE DE CHALCO ""DR. FERNANDO QUIROZ GUTIERREZ"" ",EDOMEX,Media,Buena,"19.273775, -98.941609"
2021-01-15,"HOSPITAL GENERAL AMECAMECA ""VALENTIN GOMEZ FARIAS"" ",EDOMEX,Buena,Media,"19.144883, -98.785072"
2021-01-15,HOSPITAL GENERAL DE AXAPUSCO,EDOMEX,Crítica,Media,"19.732872, -98.769445"
2021-01-16,INSTITUTO NACIONAL DE NUTRICIÓN,SSA,Crítica,Crítica,"19.289599, -99.155441"
2021-01-16,INER,SSA,Buena,Crítica,"19.291375, -99.158653"
2021-01-16,HOSPITAL GENERAL DE MÉXICO,SSA,Crítica,Crítica,"19.4129258, -99.1520225"
2021-01-16,HOSPITAL JUAREZ,SSA,Crítica,Crítica,"19.481829, -99.135576"
2021-01-16,HOSPITAL GENERAL DR. MANUEL GEA GONZÁLEZ,SSA,Crítica,Crítica,"19.290295, -99.160861"
2021-01-16,HOSPITAL INFANTIL DE MÉXICO FEDERICO GÓMEZ,SSA,Buena,Buena,"19.410839, -99.151941"
2021-01-16,INSTITUTO  NACIONAL DE CARDIOLOGÍA IGNACIO CHÁVEZ,SSA,Media,Media,"19.290598, -99.153838"
2021-01-16,CITIBANAMEX,SSA,Crítica,Crítica,"19.439732, -99.224235"
2021-01-16,HOSPITAL REGIONAL DE ALTA ESPECIALIDAD DE IXTAPALUCA,SSA,Crítica,Crítica,"19.318796, -98.855353"
2021-01-16,BELISARIO DOMINGUEZ,SEDESA,Buena,Media,"19.307226, -99.065356"
2021-01-16,ENRIQUE CABRERA,SEDESA,Media,Crítica,"19.361675, -99.224432"
2021-01-16,GENERAL TLAHUAC,SEDESA,Crítica,Media,"19.287492, -99.052665"
2021-01-16,PEDIATRICO DE LA VILLA,SEDESA,Buena,Buena,"19.487355, -99.114316"
2021-01-16,HOSPITAL GENERAL AJUSCO MEDIO,SEDESA,Crítica,Crítica,"19.272165, -99.207846"
2021-01-16,HOSPITAL GENERAL IZTAPALAPA,SEDESA,Media,Crítica,"19.343426, -99.027236"
2021-01-16,HOSPITAL GENERAL XOCO,SEDESA,Crítica,Media,"19.360313, -99.162275"
2021-01-16,HOSPITAL GENERAL VILLA,SEDESA,Crítica,Media,"19.480079, -99.103353"
2021-01-16,HOSPITAL GENERAL DR. RUBÉN LEÑERO,SEDESA,Crítica,Media,"19.451398, -99.169565"
2021-01-16,HOSPITAL GENERAL MILPA ALTA,SEDESA,Crítica,Crítica,"19.200951, -99.011210"
2021-01-16,HOSPITAL GENERAL BALBUENA,SEDESA,Buena,Crítica,"19.424195, -99.115412"
2021-01-16,HOSPITAL TEPEPAN,SEDESA,Sin Dato,Sin Dato,"19.275806, -99.144298"
2021-01-16,HOSPITAL DE ESPECIALIDADES 01 CMN SIGLO XXI (CDMX SUR),IMSS,Media,Crítica,"19.466549, -99.145102"
2021-01-16,HOSPITAL DE PEDIATRIA 01 CMN SIGLO XXI (CDMX SUR),IMSS,Buena,Buena,"19.407458, -99.152267"
2021-01-16,HOSPITAL GENERAL DE ZONA 01 CARLOS MC GREGOR (CDMX SUR),IMSS,Crítica,Crítica,"19.395912, -99.161610"
2021-01-16,HOSPITAL GENERAL DE ZONA 1A PARQUE DE LOS VENADOS (CDMX SUR),IMSS,Crítica,Crítica,"19.374431, -99.151203"
2021-01-16,HOSPITAL DE INFECTOLOGIA 01 LA RAZA (CDMX NORTE),IMSS,Crítica,Media,"19.464865, -99.144859"
2021-01-16,HOSPITAL GENERAL 01 (CDMX NORTE) LA RAZA,IMSS,Crítica,Crítica,"19.395740, -99.161677"
2021-01-16,HOSPITAL GENERAL DE ZONA 24 (CDMX NORTE),IMSS,Crítica,Crítica,"19.483221, -99.128448"
2021-01-16,HOSPITAL GENERAL DE ZONA 27 (CDMX NORTE),IMSS,Crítica,Crítica,"19.454776, -99.140007"
2021-01-16,HOSPITAL GENERAL DE ZONA 2A (CDMX SUR),IMSS,Crítica,Crítica,"19.405495, -99.112200"
2021-01-16,HOSPITAL GENERAL DE ZONA 30 (CDMX SUR),IMSS,Crítica,Media,"19.398836, -99.116913"
2021-01-16,HOSPITAL GENERAL DE ZONA 32 (CDMX SUR),IMSS,Crítica,Crítica,"19.307964, -99.130677"
2021-01-16,HOSPITAL GENERAL DE ZONA C/MF 08 (CDMX SUR),IMSS,Crítica,Media,"19.337137, -99.200142"
2021-01-16,HOSPITAL GENERAL DE ZONA C/UMAA 48 (CDMX NORTE),IMSS,Crítica,Crítica,"19.482375, -99.213046"
2021-01-16,HOSPITAL GENERAL 02 (CDMX SUR) VILLA COAPA (COY.),IMSS,Crítica,Media,"19.309194, -99.129593"
2021-01-16,HOSPITAL DE ESPECIALIDADES 01 (CDMX NORTE) LA RAZA (AZC),IMSS,Crítica,Crítica,"19.467169, -99.143785"
2021-01-16,HOSPITAL GENERAL DE ZONA C/MF 29 (S. JUAN ARAGÓN),IMSS,Crítica,Media,"19.465117, -99.085162"
2021-01-16,HOSPITAL GENERAL DE ZONA 47 (CDMX SUR) (IZP),IMSS,Crítica,Crítica,"19.357566, -99.054269"
2021-01-16,UNIDAD MÓVIL TEMPORAL COVID,IMSS,Crítica,Crítica,"19.403082, -99.089177"
2021-01-16,CRIT IZTAPALAPA,IMSS,Sin Dato,Sin Dato,"19.328321, -99.068530"
2021-01-16,HOSPITAL GENERAL REGIONAL 72,IMSS,Crítica,Crítica,"19.356913, -98.990929"
2021-01-16,HOSPITAL GENERAL REGIONAL 196,IMSS,Crítica,Crítica,"19.515133, -98.891450"
2021-01-16,HOSPITAL GENERAL REGIONAL 200,IMSS,Crítica,Media,"19.470300, -99.234208"
2021-01-16,HOSPITAL GENERAL DE ZONA 53,IMSS,Crítica,Crítica,"19.597387, -99.188426"
2021-01-16,HOSPITAL GENERAL DE ZONA 197,IMSS,Crítica,Crítica,"19.530797, -99.222446"
2021-01-16,HOSPITAL GENERAL DE ZONA 194,IMSS,Media,Crítica,"19.570070, -99.044009"
2021-01-16,HOSPITAL GENERAL DE ZONA 57 (LA QUEBRADA),IMSS,Crítica,Crítica,"19.542797, -99.205022"
2021-01-16,HOSPITAL GENERAL DE ZONA 58 (LAS MARGARITAS),IMSS,Crítica,Crítica,"19.529016, -99.030983"
2021-01-16,HOSPITAL GENERAL DE ZONA 68 (TULPETLAC),IMSS,Crítica,Crítica,"19.742905, -98.972971"
2021-01-16,HOSPITAL GENERAL DE ZONA 71 (CHALCO),IMSS,Crítica,Media,"19.356913, -98.990929"
2021-01-16,HOSPITAL GENERAL DE ZONA 76 (XALOSTOC),IMSS,Crítica,Media,"19.515133, -98.891450"
2021-01-16,HOSPITAL GENERAL DE ZONA 98 (COACALCO),IMSS,Crítica,Media,"19.470300, -99.234208"
2021-01-16,CRIT NEZAHUALCÓYOTL,IMSS,Sin Dato,Sin Dato,"19.425795, -99.029987"
2021-01-16,CENTRO MEDICO 20 DE NOVIEMBRE,ISSSTE,Crítica,Crítica,"19.372720, -99.171205"
2021-01-16,HG DARIO FERNANDEZ FIERRO,ISSSTE,Crítica,Media,"19.363602, -99.188608"
2021-01-16,HG JOSE MARIA MORELOS,ISSSTE,Crítica,Media,"19.363918, -98.995393"
2021-01-16,HG TACUBA,ISSSTE,Crítica,Media,"19.454384, -99.191231"
2021-01-16,HG DR FERNANDO QUIROZ,ISSSTE,Crítica,Crítica,"19.394242, -99.194187"
2021-01-16,HG IGNACIO ZARAGOZA,ISSSTE,Crítica,Media,"19.389472, -99.045019"
2021-01-16,HR PRIMERO DE OCTUBRE,ISSSTE,Media,Media,"19.486751, -99.133249"
2021-01-16,HR LIC. ADOLFO LÓPEZ MATEOS,ISSSTE,Media,Crítica,"19.358451, -99.172716"
2021-01-16,HR BICENTENARIO DE LA INDEPENDENCIA,ISSSTE,Crítica,Crítica,"19.628814, -99.163343"
2021-01-16,HOSPITAL CENTRAL MILITAR,SEDENA,Crítica,Crítica,"19.4373709, -99.216054"
2021-01-16,HOSPITAL MILITAR DE ESPCIALIDADES DE LA MUJER Y NEONATOLOGÍA,SEDENA,Crítica,Crítica,"19.4394142,-99.2207869"
2021-01-16,"UNIDAD OPERATIVA DE HOSPITALIZACIÓN COVID-19, 6/O. GRUPO DE MORTEROS 81 MM, CAMPO MILITAR NO. 1-A",SEDENA,Media,Sin Dato,"19.4463797,-99.2483637"
2021-01-16,"UNIDAD OPERATIVA DE TERAPIA Y HOSPITALIZACIÓN COVID-19, 22/O. BATALLÓN DE POLICÍA MILITAR, EL CHIVATITO",SEDENA,Sin Dato,Sin Dato,"19.4150009,-99.1841019"
2021-01-16,"UNIDAD OPERATIVA DE TERAPIA Y HOSPITALIZACIÓN COVID-19, 81/O. BATALLÓN DE INFANTERÍA, TLALPAN",SEDENA,Sin Dato,Sin Dato,"19.2646093,-99.1551676"
2021-01-16,H.M.Z. EL VERGEL IZTAPALAPA,SEDENA,Sin Dato,Sin Dato,"19.3131938,-99.0836122"
2021-01-16,H.M.Z. CAMPO MILITAR N1-A ,SEDENA,Sin Dato,Sin Dato,"19.3657943,-99.1492117"
2021-01-16,"HOSPITAL MILITAR DE ZONA, TEMAMANTLA, EDO. DE MÉXICO",SEDENA,Buena,Sin Dato,"19.188008,-98.856959"
2021-01-16,U.O.H. 6/O BATALLÓN DE FUERZAS ESPECIALES,SEDENA,Crítica,Sin Dato,"19.1922707,-98.8578722"
2021-01-16,H.M.Z. SANTA MARÍA RAYÓN ,SEDENA,Sin Dato,Crítica,"19.1377854,-99.5966327"
2021-01-16,U.O.H. ALMOLOYA DE JUÁREZ ,SEDENA,Media,Sin Dato,"19.4035542,-99.7422616"
2021-01-16,CENTRO MÉDICO NAVAL,SEMAR,Crítica,Crítica,"19.3240164,-99.1274213"
2021-01-16,HOSPITAL CENTRAL SUR DE ALTA ESPECIALIDAD ,PEMEX,Crítica,Crítica,"19.3087458,-99.2209277"
2021-01-16,HOSPITAL CENTRAL NORTE,PEMEX,Crítica,Crítica,"19.479899,-99.2030617"
2021-01-16,ALTA ESPECIALIDAD DE ZUMPANGO,EDOMEX,Buena,Media,"19.815198, -99.089196"
2021-01-16,HOSPITAL REGIONAL TLALNEPANTLA ISSEMYM,EDOMEX,Crítica,Media,"19.521706, -99.187341"
2021-01-16,"HOSPITAL GENERAL ECATEPEC ""LAS AMÉRICAS""",EDOMEX,Media,Media,"19.594136, -99.018679"
2021-01-16,"HOSPITAL GENERAL DE NAUCALPAN ""DR. MAXIMILIANO RUIZ CASTAÑEDA"" ",EDOMEX,Media,Media,"19.468662, -99.234348"
2021-01-16,"HOSPITAL GENERAL ATIZAPAN DE ZARAGOZA ""DR. SALVADOR GONZALEZ HERREJÓN""",EDOMEX,Buena,Media,"19.546322, -99.237491"
2021-01-16,"HOSPITAL GENERAL CUAUTITLAN ""GRAL. JOSE VICENTE VILLADA""",EDOMEX,Crítica,Crítica,"19.664586, -99.178557"
2021-01-16,"HOSPITAL GENERAL DE NEZAHUALCOYOTL ""GUSTAVO BAZ PRADA""",EDOMEX,Buena,Crítica,"19.422253, -99.014892"
2021-01-16,"HOSPITAL GENERAL DE ECATEPEC ""JOSÉ MARÍA RODRÍGUEZ""",EDOMEX,Media,Crítica,"19.514412, -99.038087"
2021-01-16,"HOSPITAL GENERAL NEZAHUALCOYOTL ""LA PERLA"" ",EDOMEX,Buena,Buena,"19.387963, -98.989442"
2021-01-16,HOSPITAL GENERAL DE CHIMALHUACAN,EDOMEX,Media,Crítica,"19.419753, -98.975140"
2021-01-16,"HOSPITAL GENERAL DE IXTAPALUCA ""PEDRO LOPEZ""",EDOMEX,Media,Buena,"19.318829, -98.855366"
2021-01-16,HOSPITAL GENERAL DE CHALCO ,EDOMEX,Media,Media,"19.268265, -98.893965"
2021-01-16,"HOSPITAL GENERAL TEXCOCO ""GUADALUPE VICTORIA"" BICENTENARIO ",EDOMEX,Media,Crítica,"19.514309, -98.871750"
2021-01-16,"HOSPITAL GENERAL VALLE DE CHALCO ""DR. FERNANDO QUIROZ GUTIERREZ"" ",EDOMEX,Media,Buena,"19.273775, -98.941609"
2021-01-16,"HOSPITAL GENERAL AMECAMECA ""VALENTIN GOMEZ FARIAS"" ",EDOMEX,Buena,Media,"19.144883, -98.785072"
2021-01-16,HOSPITAL GENERAL DE AXAPUSCO,EDOMEX,Crítica,Crítica,"19.732872, -98.769445"
2021-01-17,INSTITUTO NACIONAL DE NUTRICIÓN,SSA,Crítica,Crítica,"19.289599, -99.155441"
2021-01-17,INER,SSA,Buena,Crítica,"19.291375, -99.158653"
2021-01-17,HOSPITAL GENERAL DE MÉXICO,SSA,Crítica,Crítica,"19.4129258, -99.1520225"
2021-01-17,HOSPITAL JUAREZ,SSA,Media,Crítica,"19.481829, -99.135576"
2021-01-17,HOSPITAL GENERAL DR. MANUEL GEA GONZÁLEZ,SSA,Crítica,Crítica,"19.290295, -99.160861"
2021-01-17,HOSPITAL INFANTIL DE MÉXICO FEDERICO GÓMEZ,SSA,Buena,Buena,"19.410839, -99.151941"
2021-01-17,INSTITUTO  NACIONAL DE CARDIOLOGÍA IGNACIO CHÁVEZ,SSA,Media,Media,"19.290598, -99.153838"
2021-01-17,CITIBANAMEX,SSA,Crítica,Crítica,"19.439732, -99.224235"
2021-01-17,HOSPITAL REGIONAL DE ALTA ESPECIALIDAD DE IXTAPALUCA,SSA,Crítica,Crítica,"19.318796, -98.855353"
2021-01-17,BELISARIO DOMINGUEZ,SEDESA,Buena,Media,"19.307226, -99.065356"
2021-01-17,ENRIQUE CABRERA,SEDESA,Crítica,Media,"19.361675, -99.224432"
2021-01-17,GENERAL TLAHUAC,SEDESA,Crítica,Media,"19.287492, -99.052665"
2021-01-17,PEDIATRICO DE LA VILLA,SEDESA,Buena,Buena,"19.487355, -99.114316"
2021-01-17,HOSPITAL GENERAL AJUSCO MEDIO,SEDESA,Crítica,Crítica,"19.272165, -99.207846"
2021-01-17,HOSPITAL GENERAL IZTAPALAPA,SEDESA,Media,Media,"19.343426, -99.027236"
2021-01-17,HOSPITAL GENERAL XOCO,SEDESA,Crítica,Crítica,"19.360313, -99.162275"
2021-01-17,HOSPITAL GENERAL VILLA,SEDESA,Media,Crítica,"19.480079, -99.103353"
2021-01-17,HOSPITAL GENERAL DR. RUBÉN LEÑERO,SEDESA,Crítica,Media,"19.451398, -99.169565"
2021-01-17,HOSPITAL GENERAL MILPA ALTA,SEDESA,Crítica,Crítica,"19.200951, -99.011210"
2021-01-17,HOSPITAL GENERAL BALBUENA,SEDESA,Buena,Crítica,"19.424195, -99.115412"
2021-01-17,HOSPITAL TEPEPAN,SEDESA,Sin Dato,Sin Dato,"19.275806, -99.144298"
2021-01-17,HOSPITAL DE ESPECIALIDADES 01 CMN SIGLO XXI (CDMX SUR),IMSS,Media,Crítica,"19.466549, -99.145102"
2021-01-17,HOSPITAL DE PEDIATRIA 01 CMN SIGLO XXI (CDMX SUR),IMSS,Buena,Buena,"19.407458, -99.152267"
2021-01-17,HOSPITAL GENERAL DE ZONA 01 CARLOS MC GREGOR (CDMX SUR),IMSS,Crítica,Crítica,"19.395912, -99.161610"
2021-01-17,HOSPITAL GENERAL DE ZONA 1A PARQUE DE LOS VENADOS (CDMX SUR),IMSS,Crítica,Crítica,"19.374431, -99.151203"
2021-01-17,HOSPITAL DE INFECTOLOGIA 01 LA RAZA (CDMX NORTE),IMSS,Crítica,Media,"19.464865, -99.144859"
2021-01-17,HOSPITAL GENERAL 01 (CDMX NORTE) LA RAZA,IMSS,Crítica,Crítica,"19.395740, -99.161677"
2021-01-17,HOSPITAL GENERAL DE ZONA 24 (CDMX NORTE),IMSS,Crítica,Crítica,"19.483221, -99.128448"
2021-01-17,HOSPITAL GENERAL DE ZONA 27 (CDMX NORTE),IMSS,Crítica,Crítica,"19.454776, -99.140007"
2021-01-17,HOSPITAL GENERAL DE ZONA 2A (CDMX SUR),IMSS,Crítica,Crítica,"19.405495, -99.112200"
2021-01-17,HOSPITAL GENERAL DE ZONA 30 (CDMX SUR),IMSS,Crítica,Media,"19.398836, -99.116913"
2021-01-17,HOSPITAL GENERAL DE ZONA 32 (CDMX SUR),IMSS,Crítica,Crítica,"19.307964, -99.130677"
2021-01-17,HOSPITAL GENERAL DE ZONA C/MF 08 (CDMX SUR),IMSS,Crítica,Media,"19.337137, -99.200142"
2021-01-17,HOSPITAL GENERAL DE ZONA C/UMAA 48 (CDMX NORTE),IMSS,Crítica,Crítica,"19.482375, -99.213046"
2021-01-17,HOSPITAL GENERAL 02 (CDMX SUR) VILLA COAPA (COY.),IMSS,Crítica,Media,"19.309194, -99.129593"
2021-01-17,HOSPITAL DE ESPECIALIDADES 01 (CDMX NORTE) LA RAZA (AZC),IMSS,Crítica,Crítica,"19.467169, -99.143785"
2021-01-17,HOSPITAL GENERAL DE ZONA C/MF 29 (S. JUAN ARAGÓN),IMSS,Crítica,Media,"19.465117, -99.085162"
2021-01-17,HOSPITAL GENERAL DE ZONA 47 (CDMX SUR) (IZP),IMSS,Crítica,Crítica,"19.357566, -99.054269"
2021-01-17,UNIDAD MÓVIL TEMPORAL COVID,IMSS,Crítica,Crítica,"19.403082, -99.089177"
2021-01-17,CRIT IZTAPALAPA,IMSS,Sin Dato,Sin Dato,"19.328321, -99.068530"
2021-01-17,HOSPITAL GENERAL REGIONAL 72,IMSS,Crítica,Crítica,"19.356913, -98.990929"
2021-01-17,HOSPITAL GENERAL REGIONAL 196,IMSS,Crítica,Crítica,"19.515133, -98.891450"
2021-01-17,HOSPITAL GENERAL REGIONAL 200,IMSS,Crítica,Media,"19.470300, -99.234208"
2021-01-17,HOSPITAL GENERAL DE ZONA 53,IMSS,Crítica,Crítica,"19.597387, -99.188426"
2021-01-17,HOSPITAL GENERAL DE ZONA 197,IMSS,Crítica,Media,"19.530797, -99.222446"
2021-01-17,HOSPITAL GENERAL DE ZONA 194,IMSS,Crítica,Crítica,"19.570070, -99.044009"
2021-01-17,HOSPITAL GENERAL DE ZONA 57 (LA QUEBRADA),IMSS,Crítica,Crítica,"19.542797, -99.205022"
2021-01-17,HOSPITAL GENERAL DE ZONA 58 (LAS MARGARITAS),IMSS,Crítica,Crítica,"19.529016, -99.030983"
2021-01-17,HOSPITAL GENERAL DE ZONA 68 (TULPETLAC),IMSS,Crítica,Crítica,"19.742905, -98.972971"
2021-01-17,HOSPITAL GENERAL DE ZONA 71 (CHALCO),IMSS,Crítica,Media,"19.356913, -98.990929"
2021-01-17,HOSPITAL GENERAL DE ZONA 76 (XALOSTOC),IMSS,Crítica,Crítica,"19.515133, -98.891450"
2021-01-17,HOSPITAL GENERAL DE ZONA 98 (COACALCO),IMSS,Crítica,Media,"19.470300, -99.234208"
2021-01-17,CRIT NEZAHUALCÓYOTL,IMSS,Sin Dato,Sin Dato,"19.425795, -99.029987"
2021-01-17,CENTRO MEDICO 20 DE NOVIEMBRE,ISSSTE,Crítica,Crítica,"19.372720, -99.171205"
2021-01-17,HG DARIO FERNANDEZ FIERRO,ISSSTE,Crítica,Media,"19.363602, -99.188608"
2021-01-17,HG JOSE MARIA MORELOS,ISSSTE,Media,Crítica,"19.363918, -98.995393"
2021-01-17,HG TACUBA,ISSSTE,Crítica,Crítica,"19.454384, -99.191231"
2021-01-17,HG DR FERNANDO QUIROZ,ISSSTE,Crítica,Crítica,"19.394242, -99.194187"
2021-01-17,HG IGNACIO ZARAGOZA,ISSSTE,Crítica,Media,"19.389472, -99.045019"
2021-01-17,HR PRIMERO DE OCTUBRE,ISSSTE,Media,Media,"19.486751, -99.133249"
2021-01-17,HR LIC. ADOLFO LÓPEZ MATEOS,ISSSTE,Media,Crítica,"19.358451, -99.172716"
2021-01-17,HR BICENTENARIO DE LA INDEPENDENCIA,ISSSTE,Crítica,Crítica,"19.628814, -99.163343"
2021-01-17,HOSPITAL CENTRAL MILITAR,SEDENA,Crítica,Crítica,"19.4373709, -99.216054"
2021-01-17,HOSPITAL MILITAR DE ESPCIALIDADES DE LA MUJER Y NEONATOLOGÍA,SEDENA,Crítica,Crítica,"19.4394142,-99.2207869"
2021-01-17,"UNIDAD OPERATIVA DE HOSPITALIZACIÓN COVID-19, 6/O. GRUPO DE MORTEROS 81 MM, CAMPO MILITAR NO. 1-A",SEDENA,Media,Sin Dato,"19.4463797,-99.2483637"
2021-01-17,"UNIDAD OPERATIVA DE TERAPIA Y HOSPITALIZACIÓN COVID-19, 22/O. BATALLÓN DE POLICÍA MILITAR, EL CHIVATITO",SEDENA,Sin Dato,Sin Dato,"19.4150009,-99.1841019"
2021-01-17,"UNIDAD OPERATIVA DE TERAPIA Y HOSPITALIZACIÓN COVID-19, 81/O. BATALLÓN DE INFANTERÍA, TLALPAN",SEDENA,Sin Dato,Sin Dato,"19.2646093,-99.1551676"
2021-01-17,H.M.Z. EL VERGEL IZTAPALAPA,SEDENA,Sin Dato,Sin Dato,"19.3131938,-99.0836122"
2021-01-17,H.M.Z. CAMPO MILITAR N1-A ,SEDENA,Sin Dato,Sin Dato,"19.3657943,-99.1492117"
2021-01-17,"HOSPITAL MILITAR DE ZONA, TEMAMANTLA, EDO. DE MÉXICO",SEDENA,Buena,Sin Dato,"19.188008,-98.856959"
2021-01-17,U.O.H. 6/O BATALLÓN DE FUERZAS ESPECIALES,SEDENA,Media,Sin Dato,"19.1922707,-98.8578722"
2021-01-17,H.M.Z. SANTA MARÍA RAYÓN ,SEDENA,Sin Dato,Crítica,"19.1377854,-99.5966327"
2021-01-17,U.O.H. ALMOLOYA DE JUÁREZ ,SEDENA,Media,Sin Dato,"19.4035542,-99.7422616"
2021-01-17,CENTRO MÉDICO NAVAL,SEMAR,Crítica,Crítica,"19.3240164,-99.1274213"
2021-01-17,HOSPITAL CENTRAL SUR DE ALTA ESPECIALIDAD ,PEMEX,Crítica,Crítica,"19.3087458,-99.2209277"
2021-01-17,HOSPITAL CENTRAL NORTE,PEMEX,Crítica,Crítica,"19.479899,-99.2030617"
2021-01-17,ALTA ESPECIALIDAD DE ZUMPANGO,EDOMEX,Buena,Media,"19.815198, -99.089196"
2021-01-17,HOSPITAL REGIONAL TLALNEPANTLA ISSEMYM,EDOMEX,Crítica,Media,"19.521706, -99.187341"
2021-01-17,"HOSPITAL GENERAL ECATEPEC ""LAS AMÉRICAS""",EDOMEX,Media,Media,"19.594136, -99.018679"
2021-01-17,"HOSPITAL GENERAL DE NAUCALPAN ""DR. MAXIMILIANO RUIZ CASTAÑEDA"" ",EDOMEX,Media,Buena,"19.468662, -99.234348"
2021-01-17,"HOSPITAL GENERAL ATIZAPAN DE ZARAGOZA ""DR. SALVADOR GONZALEZ HERREJÓN""",EDOMEX,Buena,Media,"19.546322, -99.237491"
2021-01-17,"HOSPITAL GENERAL CUAUTITLAN ""GRAL. JOSE VICENTE VILLADA""",EDOMEX,Crítica,Crítica,"19.664586, -99.178557"
2021-01-17,"HOSPITAL GENERAL DE NEZAHUALCOYOTL ""GUSTAVO BAZ PRADA""",EDOMEX,Buena,Crítica,"19.422253, -99.014892"
2021-01-17,"HOSPITAL GENERAL DE ECATEPEC ""JOSÉ MARÍA RODRÍGUEZ""",EDOMEX,Media,Crítica,"19.514412, -99.038087"
2021-01-17,"HOSPITAL GENERAL NEZAHUALCOYOTL ""LA PERLA"" ",EDOMEX,Buena,Buena,"19.387963, -98.989442"
2021-01-17,HOSPITAL GENERAL DE CHIMALHUACAN,EDOMEX,Media,Crítica,"19.419753, -98.975140"
2021-01-17,"HOSPITAL GENERAL DE IXTAPALUCA ""PEDRO LOPEZ""",EDOMEX,Media,Buena,"19.318829, -98.855366"
2021-01-17,HOSPITAL GENERAL DE CHALCO ,EDOMEX,Buena,Media,"19.268265, -98.893965"
2021-01-17,"HOSPITAL GENERAL TEXCOCO ""GUADALUPE VICTORIA"" BICENTENARIO ",EDOMEX,Crítica,Crítica,"19.514309, -98.871750"
2021-01-17,"HOSPITAL GENERAL VALLE DE CHALCO ""DR. FERNANDO QUIROZ GUTIERREZ"" ",EDOMEX,Crítica,Buena,"19.273775, -98.941609"
2021-01-17,"HOSPITAL GENERAL AMECAMECA ""VALENTIN GOMEZ FARIAS"" ",EDOMEX,Media,Media,"19.144883, -98.785072"
2021-01-17,HOSPITAL GENERAL DE AXAPUSCO,EDOMEX,Crítica,Crítica,"19.732872, -98.769445"
2021-01-18,INSTITUTO NACIONAL DE NUTRICIÓN,SSA,Crítica,Crítica,"19.289599, -99.155441"
2021-01-18,INER,SSA,Buena,Crítica,"19.291375, -99.158653"
2021-01-18,HOSPITAL GENERAL DE MÉXICO,SSA,Crítica,Crítica,"19.4129258, -99.1520225"
2021-01-18,HOSPITAL JUAREZ,SSA,Media,Crítica,"19.481829, -99.135576"
2021-01-18,HOSPITAL GENERAL DR. MANUEL GEA GONZÁLEZ,SSA,Crítica,Crítica,"19.290295, -99.160861"
2021-01-18,HOSPITAL INFANTIL DE MÉXICO FEDERICO GÓMEZ,SSA,Buena,Buena,"19.410839, -99.151941"
2021-01-18,INSTITUTO  NACIONAL DE CARDIOLOGÍA IGNACIO CHÁVEZ,SSA,Media,Media,"19.290598, -99.153838"
2021-01-18,CITIBANAMEX,SSA,Crítica,Crítica,"19.439732, -99.224235"
2021-01-18,HOSPITAL REGIONAL DE ALTA ESPECIALIDAD DE IXTAPALUCA,SSA,Crítica,Crítica,"19.318796, -98.855353"
2021-01-18,BELISARIO DOMINGUEZ,SEDESA,Buena,Media,"19.307226, -99.065356"
2021-01-18,ENRIQUE CABRERA,SEDESA,Crítica,Media,"19.361675, -99.224432"
2021-01-18,GENERAL TLAHUAC,SEDESA,Crítica,Media,"19.287492, -99.052665"
2021-01-18,PEDIATRICO DE LA VILLA,SEDESA,Buena,Buena,"19.487355, -99.114316"
2021-01-18,HOSPITAL GENERAL AJUSCO MEDIO,SEDESA,Crítica,Crítica,"19.272165, -99.207846"
2021-01-18,HOSPITAL GENERAL IZTAPALAPA,SEDESA,Crítica,Crítica,"19.343426, -99.027236"
2021-01-18,HOSPITAL GENERAL XOCO,SEDESA,Crítica,Crítica,"19.360313, -99.162275"
2021-01-18,HOSPITAL GENERAL VILLA,SEDESA,Crítica,Crítica,"19.480079, -99.103353"
2021-01-18,HOSPITAL GENERAL DR. RUBÉN LEÑERO,SEDESA,Crítica,Media,"19.451398, -99.169565"
2021-01-18,HOSPITAL GENERAL MILPA ALTA,SEDESA,Crítica,Media,"19.200951, -99.011210"
2021-01-18,HOSPITAL GENERAL BALBUENA,SEDESA,Media,Media,"19.424195, -99.115412"
2021-01-18,HOSPITAL TEPEPAN,SEDESA,Sin Dato,Sin Dato,"19.275806, -99.144298"
2021-01-18,HOSPITAL DE ESPECIALIDADES 01 CMN SIGLO XXI (CDMX SUR),IMSS,Media,Crítica,"19.466549, -99.145102"
2021-01-18,HOSPITAL DE PEDIATRIA 01 CMN SIGLO XXI (CDMX SUR),IMSS,Buena,Buena,"19.407458, -99.152267"
2021-01-18,HOSPITAL GENERAL DE ZONA 01 CARLOS MC GREGOR (CDMX SUR),IMSS,Crítica,Crítica,"19.395912, -99.161610"
2021-01-18,HOSPITAL GENERAL DE ZONA 1A PARQUE DE LOS VENADOS (CDMX SUR),IMSS,Crítica,Crítica,"19.374431, -99.151203"
2021-01-18,HOSPITAL DE INFECTOLOGIA 01 LA RAZA (CDMX NORTE),IMSS,Crítica,Media,"19.464865, -99.144859"
2021-01-18,HOSPITAL GENERAL 01 (CDMX NORTE) LA RAZA,IMSS,Crítica,Crítica,"19.395740, -99.161677"
2021-01-18,HOSPITAL GENERAL DE ZONA 24 (CDMX NORTE),IMSS,Crítica,Crítica,"19.483221, -99.128448"
2021-01-18,HOSPITAL GENERAL DE ZONA 27 (CDMX NORTE),IMSS,Crítica,Crítica,"19.454776, -99.140007"
2021-01-18,HOSPITAL GENERAL DE ZONA 2A (CDMX SUR),IMSS,Crítica,Crítica,"19.405495, -99.112200"
2021-01-18,HOSPITAL GENERAL DE ZONA 30 (CDMX SUR),IMSS,Crítica,Media,"19.398836, -99.116913"
2021-01-18,HOSPITAL GENERAL DE ZONA 32 (CDMX SUR),IMSS,Crítica,Crítica,"19.307964, -99.130677"
2021-01-18,HOSPITAL GENERAL DE ZONA C/MF 08 (CDMX SUR),IMSS,Crítica,Media,"19.337137, -99.200142"
2021-01-18,HOSPITAL GENERAL DE ZONA C/UMAA 48 (CDMX NORTE),IMSS,Crítica,Media,"19.482375, -99.213046"
2021-01-18,HOSPITAL GENERAL 02 (CDMX SUR) VILLA COAPA (COY.),IMSS,Crítica,Media,"19.309194, -99.129593"
2021-01-18,HOSPITAL DE ESPECIALIDADES 01 (CDMX NORTE) LA RAZA (AZC),IMSS,Crítica,Crítica,"19.467169, -99.143785"
2021-01-18,HOSPITAL GENERAL DE ZONA C/MF 29 (S. JUAN ARAGÓN),IMSS,Crítica,Buena,"19.465117, -99.085162"
2021-01-18,HOSPITAL GENERAL DE ZONA 47 (CDMX SUR) (IZP),IMSS,Crítica,Crítica,"19.357566, -99.054269"
2021-01-18,UNIDAD MÓVIL TEMPORAL COVID,IMSS,Crítica,Crítica,"19.403082, -99.089177"
2021-01-18,CRIT IZTAPALAPA,IMSS,Sin Dato,Sin Dato,"19.328321, -99.068530"
2021-01-18,HOSPITAL GENERAL REGIONAL 72,IMSS,Crítica,Crítica,"19.356913, -98.990929"
2021-01-18,HOSPITAL GENERAL REGIONAL 196,IMSS,Crítica,Crítica,"19.515133, -98.891450"
2021-01-18,HOSPITAL GENERAL REGIONAL 200,IMSS,Crítica,Media,"19.470300, -99.234208"
2021-01-18,HOSPITAL GENERAL DE ZONA 53,IMSS,Media,Crítica,"19.597387, -99.188426"
2021-01-18,HOSPITAL GENERAL DE ZONA 197,IMSS,Crítica,Media,"19.530797, -99.222446"
2021-01-18,HOSPITAL GENERAL DE ZONA 194,IMSS,Crítica,Crítica,"19.570070, -99.044009"
2021-01-18,HOSPITAL GENERAL DE ZONA 57 (LA QUEBRADA),IMSS,Crítica,Crítica,"19.542797, -99.205022"
2021-01-18,HOSPITAL GENERAL DE ZONA 58 (LAS MARGARITAS),IMSS,Crítica,Crítica,"19.529016, -99.030983"
2021-01-18,HOSPITAL GENERAL DE ZONA 68 (TULPETLAC),IMSS,Crítica,Crítica,"19.742905, -98.972971"
2021-01-18,HOSPITAL GENERAL DE ZONA 71 (CHALCO),IMSS,Crítica,Media,"19.356913, -98.990929"
2021-01-18,HOSPITAL GENERAL DE ZONA 76 (XALOSTOC),IMSS,Crítica,Crítica,"19.515133, -98.891450"
2021-01-18,HOSPITAL GENERAL DE ZONA 98 (COACALCO),IMSS,Crítica,Media,"19.470300, -99.234208"
2021-01-18,CRIT NEZAHUALCÓYOTL,IMSS,Sin Dato,Sin Dato,"19.425795, -99.029987"
2021-01-18,CENTRO MEDICO 20 DE NOVIEMBRE,ISSSTE,Crítica,Crítica,"19.372720, -99.171205"
2021-01-18,HG DARIO FERNANDEZ FIERRO,ISSSTE,Crítica,Media,"19.363602, -99.188608"
2021-01-18,HG JOSE MARIA MORELOS,ISSSTE,Crítica,Media,"19.363918, -98.995393"
2021-01-18,HG TACUBA,ISSSTE,Media,Crítica,"19.454384, -99.191231"
2021-01-18,HG DR FERNANDO QUIROZ,ISSSTE,Crítica,Crítica,"19.394242, -99.194187"
2021-01-18,HG IGNACIO ZARAGOZA,ISSSTE,Crítica,Media,"19.389472, -99.045019"
2021-01-18,HR PRIMERO DE OCTUBRE,ISSSTE,Media,Media,"19.486751, -99.133249"
2021-01-18,HR LIC. ADOLFO LÓPEZ MATEOS,ISSSTE,Media,Crítica,"19.358451, -99.172716"
2021-01-18,HR BICENTENARIO DE LA INDEPENDENCIA,ISSSTE,Crítica,Crítica,"19.628814, -99.163343"
2021-01-18,HOSPITAL CENTRAL MILITAR,SEDENA,Crítica,Crítica,"19.4373709, -99.216054"
2021-01-18,HOSPITAL MILITAR DE ESPCIALIDADES DE LA MUJER Y NEONATOLOGÍA,SEDENA,Crítica,Crítica,"19.4394142,-99.2207869"
2021-01-18,"UNIDAD OPERATIVA DE HOSPITALIZACIÓN COVID-19, 6/O. GRUPO DE MORTEROS 81 MM, CAMPO MILITAR NO. 1-A",SEDENA,Media,Sin Dato,"19.4463797,-99.2483637"
2021-01-18,"UNIDAD OPERATIVA DE TERAPIA Y HOSPITALIZACIÓN COVID-19, 22/O. BATALLÓN DE POLICÍA MILITAR, EL CHIVATITO",SEDENA,Sin Dato,Sin Dato,"19.4150009,-99.1841019"
2021-01-18,"UNIDAD OPERATIVA DE TERAPIA Y HOSPITALIZACIÓN COVID-19, 81/O. BATALLÓN DE INFANTERÍA, TLALPAN",SEDENA,Sin Dato,Sin Dato,"19.2646093,-99.1551676"
2021-01-18,H.M.Z. EL VERGEL IZTAPALAPA,SEDENA,Sin Dato,Sin Dato,"19.3131938,-99.0836122"
2021-01-18,H.M.Z. CAMPO MILITAR N1-A ,SEDENA,Sin Dato,Sin Dato,"19.3657943,-99.1492117"
2021-01-18,"HOSPITAL MILITAR DE ZONA, TEMAMANTLA, EDO. DE MÉXICO",SEDENA,Buena,Sin Dato,"19.188008,-98.856959"
2021-01-18,U.O.H. 6/O BATALLÓN DE FUERZAS ESPECIALES,SEDENA,Media,Sin Dato,"19.1922707,-98.8578722"
2021-01-18,H.M.Z. SANTA MARÍA RAYÓN ,SEDENA,Sin Dato,Crítica,"19.1377854,-99.5966327"
2021-01-18,U.O.H. ALMOLOYA DE JUÁREZ ,SEDENA,Media,Sin Dato,"19.4035542,-99.7422616"
2021-01-18,CENTRO MÉDICO NAVAL,SEMAR,Crítica,Crítica,"19.3240164,-99.1274213"
2021-01-18,HOSPITAL CENTRAL SUR DE ALTA ESPECIALIDAD ,PEMEX,Crítica,Crítica,"19.3087458,-99.2209277"
2021-01-18,HOSPITAL CENTRAL NORTE,PEMEX,Crítica,Crítica,"19.479899,-99.2030617"
2021-01-18,ALTA ESPECIALIDAD DE ZUMPANGO,EDOMEX,Buena,Crítica,"19.815198, -99.089196"
2021-01-18,HOSPITAL REGIONAL TLALNEPANTLA ISSEMYM,EDOMEX,Crítica,Media,"19.521706, -99.187341"
2021-01-18,"HOSPITAL GENERAL ECATEPEC ""LAS AMÉRICAS""",EDOMEX,Media,Media,"19.594136, -99.018679"
2021-01-18,"HOSPITAL GENERAL DE NAUCALPAN ""DR. MAXIMILIANO RUIZ CASTAÑEDA"" ",EDOMEX,Media,Media,"19.468662, -99.234348"
2021-01-18,"HOSPITAL GENERAL ATIZAPAN DE ZARAGOZA ""DR. SALVADOR GONZALEZ HERREJÓN""",EDOMEX,Buena,Media,"19.546322, -99.237491"
2021-01-18,"HOSPITAL GENERAL CUAUTITLAN ""GRAL. JOSE VICENTE VILLADA""",EDOMEX,Crítica,Crítica,"19.664586, -99.178557"
2021-01-18,"HOSPITAL GENERAL DE NEZAHUALCOYOTL ""GUSTAVO BAZ PRADA""",EDOMEX,Buena,Crítica,"19.422253, -99.014892"
2021-01-18,"HOSPITAL GENERAL DE ECATEPEC ""JOSÉ MARÍA RODRÍGUEZ""",EDOMEX,Media,Crítica,"19.514412, -99.038087"
2021-01-18,"HOSPITAL GENERAL NEZAHUALCOYOTL ""LA PERLA"" ",EDOMEX,Buena,Media,"19.387963, -98.989442"
2021-01-18,HOSPITAL GENERAL DE CHIMALHUACAN,EDOMEX,Media,Crítica,"19.419753, -98.975140"
2021-01-18,"HOSPITAL GENERAL DE IXTAPALUCA ""PEDRO LOPEZ""",EDOMEX,Media,Buena,"19.318829, -98.855366"
2021-01-18,HOSPITAL GENERAL DE CHALCO ,EDOMEX,Buena,Media,"19.268265, -98.893965"
2021-01-18,"HOSPITAL GENERAL TEXCOCO ""GUADALUPE VICTORIA"" BICENTENARIO ",EDOMEX,Crítica,Crítica,"19.514309, -98.871750"
2021-01-18,"HOSPITAL GENERAL VALLE DE CHALCO ""DR. FERNANDO QUIROZ GUTIERREZ"" ",EDOMEX,Crítica,Buena,"19.273775, -98.941609"
2021-01-18,"HOSPITAL GENERAL AMECAMECA ""VALENTIN GOMEZ FARIAS"" ",EDOMEX,Media,Media,"19.144883, -98.785072"
2021-01-18,HOSPITAL GENERAL DE AXAPUSCO,EDOMEX,Crítica,Crítica,"19.732872, -98.769445"
2021-01-19,INSTITUTO NACIONAL DE NUTRICIÓN,SSA,Crítica,Crítica,"19.289599, -99.155441"
2021-01-19,INER,SSA,Buena,Crítica,"19.291375, -99.158653"
2021-01-19,HOSPITAL GENERAL DE MÉXICO,SSA,Crítica,Crítica,"19.4129258, -99.1520225"
2021-01-19,HOSPITAL JUAREZ,SSA,Media,Crítica,"19.481829, -99.135576"
2021-01-19,HOSPITAL GENERAL DR. MANUEL GEA GONZÁLEZ,SSA,Crítica,Crítica,"19.290295, -99.160861"
2021-01-19,HOSPITAL INFANTIL DE MÉXICO FEDERICO GÓMEZ,SSA,Buena,Media,"19.410839, -99.151941"
2021-01-19,INSTITUTO  NACIONAL DE CARDIOLOGÍA IGNACIO CHÁVEZ,SSA,Media,Media,"19.290598, -99.153838"
2021-01-19,CITIBANAMEX,SSA,Crítica,Crítica,"19.439732, -99.224235"
2021-01-19,HOSPITAL REGIONAL DE ALTA ESPECIALIDAD DE IXTAPALUCA,SSA,Crítica,Crítica,"19.318796, -98.855353"
2021-01-19,BELISARIO DOMINGUEZ,SEDESA,Media,Media,"19.307226, -99.065356"
2021-01-19,ENRIQUE CABRERA,SEDESA,Crítica,Media,"19.361675, -99.224432"
2021-01-19,GENERAL TLAHUAC,SEDESA,Crítica,Media,"19.287492, -99.052665"
2021-01-19,PEDIATRICO DE LA VILLA,SEDESA,Buena,Buena,"19.487355, -99.114316"
2021-01-19,HOSPITAL GENERAL AJUSCO MEDIO,SEDESA,Crítica,Crítica,"19.272165, -99.207846"
2021-01-19,HOSPITAL GENERAL IZTAPALAPA,SEDESA,Crítica,Crítica,"19.343426, -99.027236"
2021-01-19,HOSPITAL GENERAL XOCO,SEDESA,Crítica,Media,"19.360313, -99.162275"
2021-01-19,HOSPITAL GENERAL VILLA,SEDESA,Crítica,Media,"19.480079, -99.103353"
2021-01-19,HOSPITAL GENERAL DR. RUBÉN LEÑERO,SEDESA,Crítica,Media,"19.451398, -99.169565"
2021-01-19,HOSPITAL GENERAL MILPA ALTA,SEDESA,Crítica,Media,"19.200951, -99.011210"
2021-01-19,HOSPITAL GENERAL BALBUENA,SEDESA,Media,Media,"19.424195, -99.115412"
2021-01-19,HOSPITAL TEPEPAN,SEDESA,Sin Dato,Sin Dato,"19.275806, -99.144298"
2021-01-19,HOSPITAL DE ESPECIALIDADES 01 CMN SIGLO XXI (CDMX SUR),IMSS,Media,Crítica,"19.466549, -99.145102"
2021-01-19,HOSPITAL DE PEDIATRIA 01 CMN SIGLO XXI (CDMX SUR),IMSS,Buena,Buena,"19.407458, -99.152267"
2021-01-19,HOSPITAL GENERAL DE ZONA 01 CARLOS MC GREGOR (CDMX SUR),IMSS,Crítica,Crítica,"19.395912, -99.161610"
2021-01-19,HOSPITAL GENERAL DE ZONA 1A PARQUE DE LOS VENADOS (CDMX SUR),IMSS,Crítica,Crítica,"19.374431, -99.151203"
2021-01-19,HOSPITAL DE INFECTOLOGIA 01 LA RAZA (CDMX NORTE),IMSS,Crítica,Media,"19.464865, -99.144859"
2021-01-19,HOSPITAL GENERAL 01 (CDMX NORTE) LA RAZA,IMSS,Crítica,Crítica,"19.395740, -99.161677"
2021-01-19,HOSPITAL GENERAL DE ZONA 24 (CDMX NORTE),IMSS,Crítica,Media,"19.483221, -99.128448"
2021-01-19,HOSPITAL GENERAL DE ZONA 27 (CDMX NORTE),IMSS,Crítica,Crítica,"19.454776, -99.140007"
2021-01-19,HOSPITAL GENERAL DE ZONA 2A (CDMX SUR),IMSS,Crítica,Crítica,"19.405495, -99.112200"
2021-01-19,HOSPITAL GENERAL DE ZONA 30 (CDMX SUR),IMSS,Crítica,Crítica,"19.398836, -99.116913"
2021-01-19,HOSPITAL GENERAL DE ZONA 32 (CDMX SUR),IMSS,Crítica,Crítica,"19.307964, -99.130677"
2021-01-19,HOSPITAL GENERAL DE ZONA C/MF 08 (CDMX SUR),IMSS,Crítica,Media,"19.337137, -99.200142"
2021-01-19,HOSPITAL GENERAL DE ZONA C/UMAA 48 (CDMX NORTE),IMSS,Crítica,Crítica,"19.482375, -99.213046"
2021-01-19,HOSPITAL GENERAL 02 (CDMX SUR) VILLA COAPA (COY.),IMSS,Crítica,Crítica,"19.309194, -99.129593"
2021-01-19,HOSPITAL DE ESPECIALIDADES 01 (CDMX NORTE) LA RAZA (AZC),IMSS,Crítica,Crítica,"19.467169, -99.143785"
2021-01-19,HOSPITAL GENERAL DE ZONA C/MF 29 (S. JUAN ARAGÓN),IMSS,Crítica,Media,"19.465117, -99.085162"
2021-01-19,HOSPITAL GENERAL DE ZONA 47 (CDMX SUR) (IZP),IMSS,Crítica,Crítica,"19.357566, -99.054269"
2021-01-19,UNIDAD MÓVIL TEMPORAL COVID,IMSS,Crítica,Crítica,"19.403082, -99.089177"
2021-01-19,CRIT IZTAPALAPA,IMSS,Sin Dato,Sin Dato,"19.328321, -99.068530"
2021-01-19,HOSPITAL GENERAL REGIONAL 72,IMSS,Crítica,Crítica,"19.356913, -98.990929"
2021-01-19,HOSPITAL GENERAL REGIONAL 196,IMSS,Crítica,Crítica,"19.515133, -98.891450"
2021-01-19,HOSPITAL GENERAL REGIONAL 200,IMSS,Crítica,Crítica,"19.470300, -99.234208"
2021-01-19,HOSPITAL GENERAL DE ZONA 53,IMSS,Crítica,Crítica,"19.597387, -99.188426"
2021-01-19,HOSPITAL GENERAL DE ZONA 197,IMSS,Crítica,Crítica,"19.530797, -99.222446"
2021-01-19,HOSPITAL GENERAL DE ZONA 194,IMSS,Crítica,Crítica,"19.570070, -99.044009"
2021-01-19,HOSPITAL GENERAL DE ZONA 57 (LA QUEBRADA),IMSS,Crítica,Crítica,"19.542797, -99.205022"
2021-01-19,HOSPITAL GENERAL DE ZONA 58 (LAS MARGARITAS),IMSS,Crítica,Crítica,"19.529016, -99.030983"
2021-01-19,HOSPITAL GENERAL DE ZONA 68 (TULPETLAC),IMSS,Crítica,Crítica,"19.742905, -98.972971"
2021-01-19,HOSPITAL GENERAL DE ZONA 71 (CHALCO),IMSS,Crítica,Media,"19.356913, -98.990929"
2021-01-19,HOSPITAL GENERAL DE ZONA 76 (XALOSTOC),IMSS,Crítica,Crítica,"19.515133, -98.891450"
2021-01-19,HOSPITAL GENERAL DE ZONA 98 (COACALCO),IMSS,Crítica,Buena,"19.470300, -99.234208"
2021-01-19,CRIT NEZAHUALCÓYOTL,IMSS,Sin Dato,Sin Dato,"19.425795, -99.029987"
2021-01-19,CENTRO MEDICO 20 DE NOVIEMBRE,ISSSTE,Crítica,Crítica,"19.372720, -99.171205"
2021-01-19,HG DARIO FERNANDEZ FIERRO,ISSSTE,Crítica,Media,"19.363602, -99.188608"
2021-01-19,HG JOSE MARIA MORELOS,ISSSTE,Media,Crítica,"19.363918, -98.995393"
2021-01-19,HG TACUBA,ISSSTE,Crítica,Media,"19.454384, -99.191231"
2021-01-19,HG DR FERNANDO QUIROZ,ISSSTE,Crítica,Crítica,"19.394242, -99.194187"
2021-01-19,HG IGNACIO ZARAGOZA,ISSSTE,Crítica,Media,"19.389472, -99.045019"
2021-01-19,HR PRIMERO DE OCTUBRE,ISSSTE,Crítica,Buena,"19.486751, -99.133249"
2021-01-19,HR LIC. ADOLFO LÓPEZ MATEOS,ISSSTE,Media,Crítica,"19.358451, -99.172716"
2021-01-19,HR BICENTENARIO DE LA INDEPENDENCIA,ISSSTE,Crítica,Crítica,"19.628814, -99.163343"
2021-01-19,HOSPITAL CENTRAL MILITAR,SEDENA,Crítica,Crítica,"19.4373709, -99.216054"
2021-01-19,HOSPITAL MILITAR DE ESPCIALIDADES DE LA MUJER Y NEONATOLOGÍA,SEDENA,Crítica,Buena,"19.4394142,-99.2207869"
2021-01-19,"UNIDAD OPERATIVA DE HOSPITALIZACIÓN COVID-19, 6/O. GRUPO DE MORTEROS 81 MM, CAMPO MILITAR NO. 1-A",SEDENA,Media,Sin Dato,"19.4463797,-99.2483637"
2021-01-19,"UNIDAD OPERATIVA DE TERAPIA Y HOSPITALIZACIÓN COVID-19, 22/O. BATALLÓN DE POLICÍA MILITAR, EL CHIVATITO",SEDENA,Sin Dato,Sin Dato,"19.4150009,-99.1841019"
2021-01-19,"UNIDAD OPERATIVA DE TERAPIA Y HOSPITALIZACIÓN COVID-19, 81/O. BATALLÓN DE INFANTERÍA, TLALPAN",SEDENA,Sin Dato,Sin Dato,"19.2646093,-99.1551676"
2021-01-19,H.M.Z. EL VERGEL IZTAPALAPA,SEDENA,Sin Dato,Sin Dato,"19.3131938,-99.0836122"
2021-01-19,H.M.Z. CAMPO MILITAR N1-A ,SEDENA,Sin Dato,Sin Dato,"19.3657943,-99.1492117"
2021-01-19,"HOSPITAL MILITAR DE ZONA, TEMAMANTLA, EDO. DE MÉXICO",SEDENA,Buena,Sin Dato,"19.188008,-98.856959"
2021-01-19,U.O.H. 6/O BATALLÓN DE FUERZAS ESPECIALES,SEDENA,Crítica,Sin Dato,"19.1922707,-98.8578722"
2021-01-19,H.M.Z. SANTA MARÍA RAYÓN ,SEDENA,Sin Dato,Crítica,"19.1377854,-99.5966327"
2021-01-19,U.O.H. ALMOLOYA DE JUÁREZ ,SEDENA,Media,Sin Dato,"19.4035542,-99.7422616"
2021-01-19,CENTRO MÉDICO NAVAL,SEMAR,Crítica,Crítica,"19.3240164,-99.1274213"
2021-01-19,HOSPITAL CENTRAL SUR DE ALTA ESPECIALIDAD ,PEMEX,Crítica,Crítica,"19.3087458,-99.2209277"
2021-01-19,HOSPITAL CENTRAL NORTE,PEMEX,Crítica,Crítica,"19.479899,-99.2030617"
2021-01-19,ALTA ESPECIALIDAD DE ZUMPANGO,EDOMEX,Buena,Media,"19.815198, -99.089196"
2021-01-19,HOSPITAL REGIONAL TLALNEPANTLA ISSEMYM,EDOMEX,Crítica,Media,"19.521706, -99.187341"
2021-01-19,"HOSPITAL GENERAL ECATEPEC ""LAS AMÉRICAS""",EDOMEX,Media,Crítica,"19.594136, -99.018679"
2021-01-19,"HOSPITAL GENERAL DE NAUCALPAN ""DR. MAXIMILIANO RUIZ CASTAÑEDA"" ",EDOMEX,Buena,Media,"19.468662, -99.234348"
2021-01-19,"HOSPITAL GENERAL ATIZAPAN DE ZARAGOZA ""DR. SALVADOR GONZALEZ HERREJÓN""",EDOMEX,Buena,Media,"19.546322, -99.237491"
2021-01-19,"HOSPITAL GENERAL CUAUTITLAN ""GRAL. JOSE VICENTE VILLADA""",EDOMEX,Crítica,Crítica,"19.664586, -99.178557"
2021-01-19,"HOSPITAL GENERAL DE NEZAHUALCOYOTL ""GUSTAVO BAZ PRADA""",EDOMEX,Buena,Crítica,"19.422253, -99.014892"
2021-01-19,"HOSPITAL GENERAL DE ECATEPEC ""JOSÉ MARÍA RODRÍGUEZ""",EDOMEX,Buena,Crítica,"19.514412, -99.038087"
2021-01-19,"HOSPITAL GENERAL NEZAHUALCOYOTL ""LA PERLA"" ",EDOMEX,Buena,Media,"19.387963, -98.989442"
2021-01-19,HOSPITAL GENERAL DE CHIMALHUACAN,EDOMEX,Media,Crítica,"19.419753, -98.975140"
2021-01-19,"HOSPITAL GENERAL DE IXTAPALUCA ""PEDRO LOPEZ""",EDOMEX,Media,Buena,"19.318829, -98.855366"
2021-01-19,HOSPITAL GENERAL DE CHALCO ,EDOMEX,Media,Media,"19.268265, -98.893965"
2021-01-19,"HOSPITAL GENERAL TEXCOCO ""GUADALUPE VICTORIA"" BICENTENARIO ",EDOMEX,Crítica,Crítica,"19.514309, -98.871750"
2021-01-19,"HOSPITAL GENERAL VALLE DE CHALCO ""DR. FERNANDO QUIROZ GUTIERREZ"" ",EDOMEX,Crítica,Buena,"19.273775, -98.941609"
2021-01-19,"HOSPITAL GENERAL AMECAMECA ""VALENTIN GOMEZ FARIAS"" ",EDOMEX,Media,Media,"19.144883, -98.785072"
2021-01-19,HOSPITAL GENERAL DE AXAPUSCO,EDOMEX,Crítica,Crítica,"19.732872, -98.769445"
2021-01-20,INSTITUTO NACIONAL DE NUTRICIÓN,SSA,Crítica,Crítica,"19.289599, -99.155441"
2021-01-20,INER,SSA,Buena,Crítica,"19.291375, -99.158653"
2021-01-20,HOSPITAL GENERAL DE MÉXICO,SSA,Crítica,Crítica,"19.4129258, -99.1520225"
2021-01-20,HOSPITAL JUAREZ,SSA,Crítica,Media,"19.481829, -99.135576"
2021-01-20,HOSPITAL GENERAL DR. MANUEL GEA GONZÁLEZ,SSA,Crítica,Crítica,"19.290295, -99.160861"
2021-01-20,HOSPITAL INFANTIL DE MÉXICO FEDERICO GÓMEZ,SSA,Buena,Media,"19.410839, -99.151941"
2021-01-20,INSTITUTO  NACIONAL DE CARDIOLOGÍA IGNACIO CHÁVEZ,SSA,Media,Media,"19.290598, -99.153838"
2021-01-20,CITIBANAMEX,SSA,Crítica,Crítica,"19.439732, -99.224235"
2021-01-20,HOSPITAL REGIONAL DE ALTA ESPECIALIDAD DE IXTAPALUCA,SSA,Crítica,Crítica,"19.318796, -98.855353"
2021-01-20,BELISARIO DOMINGUEZ,SEDESA,Media,Media,"19.307226, -99.065356"
2021-01-20,ENRIQUE CABRERA,SEDESA,Crítica,Media,"19.361675, -99.224432"
2021-01-20,GENERAL TLAHUAC,SEDESA,Crítica,Media,"19.287492, -99.052665"
2021-01-20,PEDIATRICO DE LA VILLA,SEDESA,Buena,Buena,"19.487355, -99.114316"
2021-01-20,HOSPITAL GENERAL AJUSCO MEDIO,SEDESA,Crítica,Crítica,"19.272165, -99.207846"
2021-01-20,HOSPITAL GENERAL IZTAPALAPA,SEDESA,Media,Crítica,"19.343426, -99.027236"
2021-01-20,HOSPITAL GENERAL XOCO,SEDESA,Crítica,Media,"19.360313, -99.162275"
2021-01-20,HOSPITAL GENERAL VILLA,SEDESA,Crítica,Crítica,"19.480079, -99.103353"
2021-01-20,HOSPITAL GENERAL DR. RUBÉN LEÑERO,SEDESA,Crítica,Crítica,"19.451398, -99.169565"
2021-01-20,HOSPITAL GENERAL MILPA ALTA,SEDESA,Crítica,Crítica,"19.200951, -99.011210"
2021-01-20,HOSPITAL GENERAL BALBUENA,SEDESA,Buena,Media,"19.424195, -99.115412"
2021-01-20,HOSPITAL TEPEPAN,SEDESA,Sin Dato,Sin Dato,"19.275806, -99.144298"
2021-01-20,HOSPITAL DE ESPECIALIDADES 01 CMN SIGLO XXI (CDMX SUR),IMSS,Crítica,Crítica,"19.466549, -99.145102"
2021-01-20,HOSPITAL DE PEDIATRIA 01 CMN SIGLO XXI (CDMX SUR),IMSS,Buena,Buena,"19.407458, -99.152267"
2021-01-20,HOSPITAL GENERAL DE ZONA 01 CARLOS MC GREGOR (CDMX SUR),IMSS,Crítica,Crítica,"19.395912, -99.161610"
2021-01-20,HOSPITAL GENERAL DE ZONA 1A PARQUE DE LOS VENADOS (CDMX SUR),IMSS,Crítica,Crítica,"19.374431, -99.151203"
2021-01-20,HOSPITAL DE INFECTOLOGIA 01 LA RAZA (CDMX NORTE),IMSS,Crítica,Media,"19.464865, -99.144859"
2021-01-20,HOSPITAL GENERAL 01 (CDMX NORTE) LA RAZA,IMSS,Crítica,Crítica,"19.395740, -99.161677"
2021-01-20,HOSPITAL GENERAL DE ZONA 24 (CDMX NORTE),IMSS,Crítica,Crítica,"19.483221, -99.128448"
2021-01-20,HOSPITAL GENERAL DE ZONA 27 (CDMX NORTE),IMSS,Crítica,Crítica,"19.454776, -99.140007"
2021-01-20,HOSPITAL GENERAL DE ZONA 2A (CDMX SUR),IMSS,Crítica,Crítica,"19.405495, -99.112200"
2021-01-20,HOSPITAL GENERAL DE ZONA 30 (CDMX SUR),IMSS,Crítica,Crítica,"19.398836, -99.116913"
2021-01-20,HOSPITAL GENERAL DE ZONA 32 (CDMX SUR),IMSS,Crítica,Crítica,"19.307964, -99.130677"
2021-01-20,HOSPITAL GENERAL DE ZONA C/MF 08 (CDMX SUR),IMSS,Crítica,Media,"19.337137, -99.200142"
2021-01-20,HOSPITAL GENERAL DE ZONA C/UMAA 48 (CDMX NORTE),IMSS,Crítica,Crítica,"19.482375, -99.213046"
2021-01-20,HOSPITAL GENERAL 02 (CDMX SUR) VILLA COAPA (COY.),IMSS,Crítica,Media,"19.309194, -99.129593"
2021-01-20,HOSPITAL DE ESPECIALIDADES 01 (CDMX NORTE) LA RAZA (AZC),IMSS,Crítica,Crítica,"19.467169, -99.143785"
2021-01-20,HOSPITAL GENERAL DE ZONA C/MF 29 (S. JUAN ARAGÓN),IMSS,Crítica,Media,"19.465117, -99.085162"
2021-01-20,HOSPITAL GENERAL DE ZONA 47 (CDMX SUR) (IZP),IMSS,Crítica,Crítica,"19.357566, -99.054269"
2021-01-20,UNIDAD MÓVIL TEMPORAL COVID,IMSS,Crítica,Crítica,"19.403082, -99.089177"
2021-01-20,CRIT IZTAPALAPA,IMSS,Sin Dato,Sin Dato,"19.328321, -99.068530"
2021-01-20,HOSPITAL GENERAL REGIONAL 72,IMSS,Crítica,Crítica,"19.356913, -98.990929"
2021-01-20,HOSPITAL GENERAL REGIONAL 196,IMSS,Crítica,Media,"19.515133, -98.891450"
2021-01-20,HOSPITAL GENERAL REGIONAL 200,IMSS,Crítica,Crítica,"19.470300, -99.234208"
2021-01-20,HOSPITAL GENERAL DE ZONA 53,IMSS,Crítica,Crítica,"19.597387, -99.188426"
2021-01-20,HOSPITAL GENERAL DE ZONA 197,IMSS,Crítica,Media,"19.530797, -99.222446"
2021-01-20,HOSPITAL GENERAL DE ZONA 194,IMSS,Crítica,Crítica,"19.570070, -99.044009"
2021-01-20,HOSPITAL GENERAL DE ZONA 57 (LA QUEBRADA),IMSS,Crítica,Crítica,"19.542797, -99.205022"
2021-01-20,HOSPITAL GENERAL DE ZONA 58 (LAS MARGARITAS),IMSS,Crítica,Crítica,"19.529016, -99.030983"
2021-01-20,HOSPITAL GENERAL DE ZONA 68 (TULPETLAC),IMSS,Crítica,Crítica,"19.742905, -98.972971"
2021-01-20,HOSPITAL GENERAL DE ZONA 71 (CHALCO),IMSS,Crítica,Media,"19.356913, -98.990929"
2021-01-20,HOSPITAL GENERAL DE ZONA 76 (XALOSTOC),IMSS,Crítica,Crítica,"19.515133, -98.891450"
2021-01-20,HOSPITAL GENERAL DE ZONA 98 (COACALCO),IMSS,Crítica,Media,"19.470300, -99.234208"
2021-01-20,CRIT NEZAHUALCÓYOTL,IMSS,Sin Dato,Sin Dato,"19.425795, -99.029987"
2021-01-20,CENTRO MEDICO 20 DE NOVIEMBRE,ISSSTE,Crítica,Crítica,"19.372720, -99.171205"
2021-01-20,HG DARIO FERNANDEZ FIERRO,ISSSTE,Crítica,Media,"19.363602, -99.188608"
2021-01-20,HG JOSE MARIA MORELOS,ISSSTE,Crítica,Crítica,"19.363918, -98.995393"
2021-01-20,HG TACUBA,ISSSTE,Crítica,Media,"19.454384, -99.191231"
2021-01-20,HG DR FERNANDO QUIROZ,ISSSTE,Crítica,Media,"19.394242, -99.194187"
2021-01-20,HG IGNACIO ZARAGOZA,ISSSTE,Crítica,Media,"19.389472, -99.045019"
2021-01-20,HR PRIMERO DE OCTUBRE,ISSSTE,Crítica,Buena,"19.486751, -99.133249"
2021-01-20,HR LIC. ADOLFO LÓPEZ MATEOS,ISSSTE,Media,Crítica,"19.358451, -99.172716"
2021-01-20,HR BICENTENARIO DE LA INDEPENDENCIA,ISSSTE,Crítica,Crítica,"19.628814, -99.163343"
2021-01-20,HOSPITAL CENTRAL MILITAR,SEDENA,Crítica,Crítica,"19.4373709, -99.216054"
2021-01-20,HOSPITAL MILITAR DE ESPCIALIDADES DE LA MUJER Y NEONATOLOGÍA,SEDENA,Crítica,Buena,"19.4394142,-99.2207869"
2021-01-20,"UNIDAD OPERATIVA DE HOSPITALIZACIÓN COVID-19, 6/O. GRUPO DE MORTEROS 81 MM, CAMPO MILITAR NO. 1-A",SEDENA,Media,Sin Dato,"19.4463797,-99.2483637"
2021-01-20,"UNIDAD OPERATIVA DE TERAPIA Y HOSPITALIZACIÓN COVID-19, 22/O. BATALLÓN DE POLICÍA MILITAR, EL CHIVATITO",SEDENA,Sin Dato,Sin Dato,"19.4150009,-99.1841019"
2021-01-20,"UNIDAD OPERATIVA DE TERAPIA Y HOSPITALIZACIÓN COVID-19, 81/O. BATALLÓN DE INFANTERÍA, TLALPAN",SEDENA,Sin Dato,Sin Dato,"19.2646093,-99.1551676"
2021-01-20,H.M.Z. EL VERGEL IZTAPALAPA,SEDENA,Sin Dato,Sin Dato,"19.3131938,-99.0836122"
2021-01-20,H.M.Z. CAMPO MILITAR N1-A ,SEDENA,Sin Dato,Sin Dato,"19.3657943,-99.1492117"
2021-01-20,"HOSPITAL MILITAR DE ZONA, TEMAMANTLA, EDO. DE MÉXICO",SEDENA,Buena,Sin Dato,"19.188008,-98.856959"
2021-01-20,U.O.H. 6/O BATALLÓN DE FUERZAS ESPECIALES,SEDENA,Crítica,Sin Dato,"19.1922707,-98.8578722"
2021-01-20,H.M.Z. SANTA MARÍA RAYÓN ,SEDENA,Sin Dato,Crítica,"19.1377854,-99.5966327"
2021-01-20,U.O.H. ALMOLOYA DE JUÁREZ ,SEDENA,Media,Sin Dato,"19.4035542,-99.7422616"
2021-01-20,CENTRO MÉDICO NAVAL,SEMAR,Crítica,Crítica,"19.3240164,-99.1274213"
2021-01-20,HOSPITAL CENTRAL SUR DE ALTA ESPECIALIDAD ,PEMEX,Crítica,Crítica,"19.3087458,-99.2209277"
2021-01-20,HOSPITAL CENTRAL NORTE,PEMEX,Crítica,Crítica,"19.479899,-99.2030617"
2021-01-20,ALTA ESPECIALIDAD DE ZUMPANGO,EDOMEX,Buena,Media,"19.815198, -99.089196"
2021-01-20,HOSPITAL REGIONAL TLALNEPANTLA ISSEMYM,EDOMEX,Crítica,Media,"19.521706, -99.187341"
2021-01-20,"HOSPITAL GENERAL ECATEPEC ""LAS AMÉRICAS""",EDOMEX,Media,Media,"19.594136, -99.018679"
2021-01-20,"HOSPITAL GENERAL DE NAUCALPAN ""DR. MAXIMILIANO RUIZ CASTAÑEDA"" ",EDOMEX,Buena,Media,"19.468662, -99.234348"
2021-01-20,"HOSPITAL GENERAL ATIZAPAN DE ZARAGOZA ""DR. SALVADOR GONZALEZ HERREJÓN""",EDOMEX,Buena,Media,"19.546322, -99.237491"
2021-01-20,"HOSPITAL GENERAL CUAUTITLAN ""GRAL. JOSE VICENTE VILLADA""",EDOMEX,Crítica,Crítica,"19.664586, -99.178557"
2021-01-20,"HOSPITAL GENERAL DE NEZAHUALCOYOTL ""GUSTAVO BAZ PRADA""",EDOMEX,Buena,Crítica,"19.422253, -99.014892"
2021-01-20,"HOSPITAL GENERAL DE ECATEPEC ""JOSÉ MARÍA RODRÍGUEZ""",EDOMEX,Buena,Crítica,"19.514412, -99.038087"
2021-01-20,"HOSPITAL GENERAL NEZAHUALCOYOTL ""LA PERLA"" ",EDOMEX,Buena,Media,"19.387963, -98.989442"
2021-01-20,HOSPITAL GENERAL DE CHIMALHUACAN,EDOMEX,Media,Crítica,"19.419753, -98.975140"
2021-01-20,"HOSPITAL GENERAL DE IXTAPALUCA ""PEDRO LOPEZ""",EDOMEX,Media,Buena,"19.318829, -98.855366"
2021-01-20,HOSPITAL GENERAL DE CHALCO ,EDOMEX,Media,Media,"19.268265, -98.893965"
2021-01-20,"HOSPITAL GENERAL TEXCOCO ""GUADALUPE VICTORIA"" BICENTENARIO ",EDOMEX,Crítica,Crítica,"19.514309, -98.871750"
2021-01-20,"HOSPITAL GENERAL VALLE DE CHALCO ""DR. FERNANDO QUIROZ GUTIERREZ"" ",EDOMEX,Crítica,Buena,"19.273775, -98.941609"
2021-01-20,"HOSPITAL GENERAL AMECAMECA ""VALENTIN GOMEZ FARIAS"" ",EDOMEX,Media,Media,"19.144883, -98.785072"
2021-01-20,HOSPITAL GENERAL DE AXAPUSCO,EDOMEX,Media,Crítica,"19.732872, -98.769445"
2021-01-21,INSTITUTO NACIONAL DE NUTRICIÓN,SSA,Crítica,Crítica,"19.289599, -99.155441"
2021-01-21,INER,SSA,Buena,Crítica,"19.291375, -99.158653"
2021-01-21,HOSPITAL GENERAL DE MÉXICO,SSA,Crítica,Crítica,"19.4129258, -99.1520225"
2021-01-21,HOSPITAL JUAREZ,SSA,Crítica,Media,"19.481829, -99.135576"
2021-01-21,HOSPITAL GENERAL DR. MANUEL GEA GONZÁLEZ,SSA,Crítica,Crítica,"19.290295, -99.160861"
2021-01-21,HOSPITAL INFANTIL DE MÉXICO FEDERICO GÓMEZ,SSA,Media,Media,"19.410839, -99.151941"
2021-01-21,INSTITUTO  NACIONAL DE CARDIOLOGÍA IGNACIO CHÁVEZ,SSA,Media,Media,"19.290598, -99.153838"
2021-01-21,CITIBANAMEX,SSA,Crítica,Crítica,"19.439732, -99.224235"
2021-01-21,HOSPITAL REGIONAL DE ALTA ESPECIALIDAD DE IXTAPALUCA,SSA,Crítica,Crítica,"19.318796, -98.855353"
2021-01-21,BELISARIO DOMINGUEZ,SEDESA,Media,Media,"19.307226, -99.065356"
2021-01-21,ENRIQUE CABRERA,SEDESA,Crítica,Media,"19.361675, -99.224432"
2021-01-21,GENERAL TLAHUAC,SEDESA,Crítica,Media,"19.287492, -99.052665"
2021-01-21,PEDIATRICO DE LA VILLA,SEDESA,Buena,Buena,"19.487355, -99.114316"
2021-01-21,HOSPITAL GENERAL AJUSCO MEDIO,SEDESA,Crítica,Crítica,"19.272165, -99.207846"
2021-01-21,HOSPITAL GENERAL IZTAPALAPA,SEDESA,Media,Media,"19.343426, -99.027236"
2021-01-21,HOSPITAL GENERAL XOCO,SEDESA,Crítica,Media,"19.360313, -99.162275"
2021-01-21,HOSPITAL GENERAL VILLA,SEDESA,Crítica,Crítica,"19.480079, -99.103353"
2021-01-21,HOSPITAL GENERAL DR. RUBÉN LEÑERO,SEDESA,Crítica,Media,"19.451398, -99.169565"
2021-01-21,HOSPITAL GENERAL MILPA ALTA,SEDESA,Crítica,Crítica,"19.200951, -99.011210"
2021-01-21,HOSPITAL GENERAL BALBUENA,SEDESA,Buena,Media,"19.424195, -99.115412"
2021-01-21,HOSPITAL TEPEPAN,SEDESA,Sin Dato,Sin Dato,"19.275806, -99.144298"
2021-01-21,HOSPITAL DE ESPECIALIDADES 01 CMN SIGLO XXI (CDMX SUR),IMSS,Crítica,Crítica,"19.466549, -99.145102"
2021-01-21,HOSPITAL DE PEDIATRIA 01 CMN SIGLO XXI (CDMX SUR),IMSS,Buena,Buena,"19.407458, -99.152267"
2021-01-21,HOSPITAL GENERAL DE ZONA 01 CARLOS MC GREGOR (CDMX SUR),IMSS,Crítica,Crítica,"19.395912, -99.161610"
2021-01-21,HOSPITAL GENERAL DE ZONA 1A PARQUE DE LOS VENADOS (CDMX SUR),IMSS,Crítica,Crítica,"19.374431, -99.151203"
2021-01-21,HOSPITAL DE INFECTOLOGIA 01 LA RAZA (CDMX NORTE),IMSS,Crítica,Buena,"19.464865, -99.144859"
2021-01-21,HOSPITAL GENERAL 01 (CDMX NORTE) LA RAZA,IMSS,Crítica,Crítica,"19.395740, -99.161677"
2021-01-21,HOSPITAL GENERAL DE ZONA 24 (CDMX NORTE),IMSS,Crítica,Media,"19.483221, -99.128448"
2021-01-21,HOSPITAL GENERAL DE ZONA 27 (CDMX NORTE),IMSS,Crítica,Crítica,"19.454776, -99.140007"
2021-01-21,HOSPITAL GENERAL DE ZONA 2A (CDMX SUR),IMSS,Crítica,Crítica,"19.405495, -99.112200"
2021-01-21,HOSPITAL GENERAL DE ZONA 30 (CDMX SUR),IMSS,Crítica,Crítica,"19.398836, -99.116913"
2021-01-21,HOSPITAL GENERAL DE ZONA 32 (CDMX SUR),IMSS,Crítica,Crítica,"19.307964, -99.130677"
2021-01-21,HOSPITAL GENERAL DE ZONA C/MF 08 (CDMX SUR),IMSS,Crítica,Media,"19.337137, -99.200142"
2021-01-21,HOSPITAL GENERAL DE ZONA C/UMAA 48 (CDMX NORTE),IMSS,Crítica,Crítica,"19.482375, -99.213046"
2021-01-21,HOSPITAL GENERAL 02 (CDMX SUR) VILLA COAPA (COY.),IMSS,Crítica,Buena,"19.309194, -99.129593"
2021-01-21,HOSPITAL DE ESPECIALIDADES 01 (CDMX NORTE) LA RAZA (AZC),IMSS,Crítica,Crítica,"19.467169, -99.143785"
2021-01-21,HOSPITAL GENERAL DE ZONA C/MF 29 (S. JUAN ARAGÓN),IMSS,Crítica,Media,"19.465117, -99.085162"
2021-01-21,HOSPITAL GENERAL DE ZONA 47 (CDMX SUR) (IZP),IMSS,Crítica,Crítica,"19.357566, -99.054269"
2021-01-21,UNIDAD MÓVIL TEMPORAL COVID,IMSS,Crítica,Crítica,"19.403082, -99.089177"
2021-01-21,CRIT IZTAPALAPA,IMSS,Sin Dato,Sin Dato,"19.328321, -99.068530"
2021-01-21,HOSPITAL GENERAL REGIONAL 72,IMSS,Crítica,Crítica,"19.356913, -98.990929"
2021-01-21,HOSPITAL GENERAL REGIONAL 196,IMSS,Crítica,Crítica,"19.515133, -98.891450"
2021-01-21,HOSPITAL GENERAL REGIONAL 200,IMSS,Crítica,Crítica,"19.470300, -99.234208"
2021-01-21,HOSPITAL GENERAL DE ZONA 53,IMSS,Crítica,Crítica,"19.597387, -99.188426"
2021-01-21,HOSPITAL GENERAL DE ZONA 197,IMSS,Crítica,Crítica,"19.530797, -99.222446"
2021-01-21,HOSPITAL GENERAL DE ZONA 194,IMSS,Crítica,Crítica,"19.570070, -99.044009"
2021-01-21,HOSPITAL GENERAL DE ZONA 57 (LA QUEBRADA),IMSS,Crítica,Buena,"19.542797, -99.205022"
2021-01-21,HOSPITAL GENERAL DE ZONA 58 (LAS MARGARITAS),IMSS,Crítica,Media,"19.529016, -99.030983"
2021-01-21,HOSPITAL GENERAL DE ZONA 68 (TULPETLAC),IMSS,Crítica,Crítica,"19.742905, -98.972971"
2021-01-21,HOSPITAL GENERAL DE ZONA 71 (CHALCO),IMSS,Crítica,Media,"19.356913, -98.990929"
2021-01-21,HOSPITAL GENERAL DE ZONA 76 (XALOSTOC),IMSS,Crítica,Crítica,"19.515133, -98.891450"
2021-01-21,HOSPITAL GENERAL DE ZONA 98 (COACALCO),IMSS,Crítica,Media,"19.470300, -99.234208"
2021-01-21,CRIT NEZAHUALCÓYOTL,IMSS,Sin Dato,Sin Dato,"19.425795, -99.029987"
2021-01-21,CENTRO MEDICO 20 DE NOVIEMBRE,ISSSTE,Crítica,Crítica,"19.372720, -99.171205"
2021-01-21,HG DARIO FERNANDEZ FIERRO,ISSSTE,Crítica,Media,"19.363602, -99.188608"
2021-01-21,HG JOSE MARIA MORELOS,ISSSTE,Crítica,Crítica,"19.363918, -98.995393"
2021-01-21,HG TACUBA,ISSSTE,Crítica,Media,"19.454384, -99.191231"
2021-01-21,HG DR FERNANDO QUIROZ,ISSSTE,Crítica,Crítica,"19.394242, -99.194187"
2021-01-21,HG IGNACIO ZARAGOZA,ISSSTE,Crítica,Media,"19.389472, -99.045019"
2021-01-21,HR PRIMERO DE OCTUBRE,ISSSTE,Crítica,Media,"19.486751, -99.133249"
2021-01-21,HR LIC. ADOLFO LÓPEZ MATEOS,ISSSTE,Media,Crítica,"19.358451, -99.172716"
2021-01-21,HR BICENTENARIO DE LA INDEPENDENCIA,ISSSTE,Crítica,Crítica,"19.628814, -99.163343"
2021-01-21,HOSPITAL CENTRAL MILITAR,SEDENA,Crítica,Crítica,"19.4373709, -99.216054"
2021-01-21,HOSPITAL MILITAR DE ESPCIALIDADES DE LA MUJER Y NEONATOLOGÍA,SEDENA,Crítica,Buena,"19.4394142,-99.2207869"
2021-01-21,"UNIDAD OPERATIVA DE HOSPITALIZACIÓN COVID-19, 6/O. GRUPO DE MORTEROS 81 MM, CAMPO MILITAR NO. 1-A",SEDENA,Media,Sin Dato,"19.4463797,-99.2483637"
2021-01-21,"UNIDAD OPERATIVA DE TERAPIA Y HOSPITALIZACIÓN COVID-19, 22/O. BATALLÓN DE POLICÍA MILITAR, EL CHIVATITO",SEDENA,Sin Dato,Sin Dato,"19.4150009,-99.1841019"
2021-01-21,"UNIDAD OPERATIVA DE TERAPIA Y HOSPITALIZACIÓN COVID-19, 81/O. BATALLÓN DE INFANTERÍA, TLALPAN",SEDENA,Sin Dato,Sin Dato,"19.2646093,-99.1551676"
2021-01-21,H.M.Z. EL VERGEL IZTAPALAPA,SEDENA,Sin Dato,Sin Dato,"19.3131938,-99.0836122"
2021-01-21,H.M.Z. CAMPO MILITAR N1-A ,SEDENA,Sin Dato,Sin Dato,"19.3657943,-99.1492117"
2021-01-21,"HOSPITAL MILITAR DE ZONA, TEMAMANTLA, EDO. DE MÉXICO",SEDENA,Buena,Sin Dato,"19.188008,-98.856959"
2021-01-21,U.O.H. 6/O BATALLÓN DE FUERZAS ESPECIALES,SEDENA,Media,Sin Dato,"19.1922707,-98.8578722"
2021-01-21,H.M.Z. SANTA MARÍA RAYÓN ,SEDENA,Sin Dato,Buena,"19.1377854,-99.5966327"
2021-01-21,U.O.H. ALMOLOYA DE JUÁREZ ,SEDENA,Media,Sin Dato,"19.4035542,-99.7422616"
2021-01-21,CENTRO MÉDICO NAVAL,SEMAR,Crítica,Crítica,"19.3240164,-99.1274213"
2021-01-21,HOSPITAL CENTRAL SUR DE ALTA ESPECIALIDAD ,PEMEX,Crítica,Crítica,"19.3087458,-99.2209277"
2021-01-21,HOSPITAL CENTRAL NORTE,PEMEX,Crítica,Crítica,"19.479899,-99.2030617"
2021-01-21,ALTA ESPECIALIDAD DE ZUMPANGO,EDOMEX,Buena,Media,"19.815198, -99.089196"
2021-01-21,HOSPITAL REGIONAL TLALNEPANTLA ISSEMYM,EDOMEX,Crítica,Media,"19.521706, -99.187341"
2021-01-21,"HOSPITAL GENERAL ECATEPEC ""LAS AMÉRICAS""",EDOMEX,Media,Media,"19.594136, -99.018679"
2021-01-21,"HOSPITAL GENERAL DE NAUCALPAN ""DR. MAXIMILIANO RUIZ CASTAÑEDA"" ",EDOMEX,Media,Media,"19.468662, -99.234348"
2021-01-21,"HOSPITAL GENERAL ATIZAPAN DE ZARAGOZA ""DR. SALVADOR GONZALEZ HERREJÓN""",EDOMEX,Buena,Media,"19.546322, -99.237491"
2021-01-21,"HOSPITAL GENERAL CUAUTITLAN ""GRAL. JOSE VICENTE VILLADA""",EDOMEX,Crítica,Media,"19.664586, -99.178557"
2021-01-21,"HOSPITAL GENERAL DE NEZAHUALCOYOTL ""GUSTAVO BAZ PRADA""",EDOMEX,Buena,Crítica,"19.422253, -99.014892"
2021-01-21,"HOSPITAL GENERAL DE ECATEPEC ""JOSÉ MARÍA RODRÍGUEZ""",EDOMEX,Media,Crítica,"19.514412, -99.038087"
2021-01-21,"HOSPITAL GENERAL NEZAHUALCOYOTL ""LA PERLA"" ",EDOMEX,Buena,Crítica,"19.387963, -98.989442"
2021-01-21,HOSPITAL GENERAL DE CHIMALHUACAN,EDOMEX,Media,Crítica,"19.419753, -98.975140"
2021-01-21,"HOSPITAL GENERAL DE IXTAPALUCA ""PEDRO LOPEZ""",EDOMEX,Media,Buena,"19.318829, -98.855366"
2021-01-21,HOSPITAL GENERAL DE CHALCO ,EDOMEX,Media,Crítica,"19.268265, -98.893965"
2021-01-21,"HOSPITAL GENERAL TEXCOCO ""GUADALUPE VICTORIA"" BICENTENARIO ",EDOMEX,Crítica,Crítica,"19.514309, -98.871750"
2021-01-21,"HOSPITAL GENERAL VALLE DE CHALCO ""DR. FERNANDO QUIROZ GUTIERREZ"" ",EDOMEX,Crítica,Buena,"19.273775, -98.941609"
2021-01-21,"HOSPITAL GENERAL AMECAMECA ""VALENTIN GOMEZ FARIAS"" ",EDOMEX,Buena,Media,"19.144883, -98.785072"
2021-01-21,HOSPITAL GENERAL DE AXAPUSCO,EDOMEX,Crítica,Crítica,"19.732872, -98.769445"
2021-01-22,INSTITUTO NACIONAL DE NUTRICIÓN,SSA,Crítica,Crítica,"19.289599, -99.155441"
2021-01-22,INER,SSA,Buena,Crítica,"19.291375, -99.158653"
2021-01-22,HOSPITAL GENERAL DE MÉXICO,SSA,Crítica,Crítica,"19.4129258, -99.1520225"
2021-01-22,HOSPITAL JUAREZ,SSA,Crítica,Crítica,"19.481829, -99.135576"
2021-01-22,HOSPITAL GENERAL DR. MANUEL GEA GONZÁLEZ,SSA,Crítica,Crítica,"19.290295, -99.160861"
2021-01-22,HOSPITAL INFANTIL DE MÉXICO FEDERICO GÓMEZ,SSA,Buena,Media,"19.410839, -99.151941"
2021-01-22,INSTITUTO  NACIONAL DE CARDIOLOGÍA IGNACIO CHÁVEZ,SSA,Media,Media,"19.290598, -99.153838"
2021-01-22,CITIBANAMEX,SSA,Crítica,Crítica,"19.439732, -99.224235"
2021-01-22,HOSPITAL REGIONAL DE ALTA ESPECIALIDAD DE IXTAPALUCA,SSA,Crítica,Crítica,"19.318796, -98.855353"
2021-01-22,BELISARIO DOMINGUEZ,SEDESA,Media,Media,"19.307226, -99.065356"
2021-01-22,ENRIQUE CABRERA,SEDESA,Media,Media,"19.361675, -99.224432"
2021-01-22,GENERAL TLAHUAC,SEDESA,Crítica,Media,"19.287492, -99.052665"
2021-01-22,PEDIATRICO DE LA VILLA,SEDESA,Buena,Buena,"19.487355, -99.114316"
2021-01-22,HOSPITAL GENERAL AJUSCO MEDIO,SEDESA,Crítica,Crítica,"19.272165, -99.207846"
2021-01-22,HOSPITAL GENERAL IZTAPALAPA,SEDESA,Media,Media,"19.343426, -99.027236"
2021-01-22,HOSPITAL GENERAL XOCO,SEDESA,Crítica,Media,"19.360313, -99.162275"
2021-01-22,HOSPITAL GENERAL VILLA,SEDESA,Crítica,Crítica,"19.480079, -99.103353"
2021-01-22,HOSPITAL GENERAL DR. RUBÉN LEÑERO,SEDESA,Crítica,Crítica,"19.451398, -99.169565"
2021-01-22,HOSPITAL GENERAL MILPA ALTA,SEDESA,Crítica,Media,"19.200951, -99.011210"
2021-01-22,HOSPITAL GENERAL BALBUENA,SEDESA,Media,Media,"19.424195, -99.115412"
2021-01-22,HOSPITAL TEPEPAN,SEDESA,Sin Dato,Sin Dato,"19.275806, -99.144298"
2021-01-22,HOSPITAL DE ESPECIALIDADES 01 CMN SIGLO XXI (CDMX SUR),IMSS,Crítica,Crítica,"19.466549, -99.145102"
2021-01-22,HOSPITAL DE PEDIATRIA 01 CMN SIGLO XXI (CDMX SUR),IMSS,Buena,Buena,"19.407458, -99.152267"
2021-01-22,HOSPITAL GENERAL DE ZONA 01 CARLOS MC GREGOR (CDMX SUR),IMSS,Crítica,Crítica,"19.395912, -99.161610"
2021-01-22,HOSPITAL GENERAL DE ZONA 1A PARQUE DE LOS VENADOS (CDMX SUR),IMSS,Crítica,Crítica,"19.374431, -99.151203"
2021-01-22,HOSPITAL DE INFECTOLOGIA 01 LA RAZA (CDMX NORTE),IMSS,Crítica,Buena,"19.464865, -99.144859"
2021-01-22,HOSPITAL GENERAL 01 (CDMX NORTE) LA RAZA,IMSS,Crítica,Crítica,"19.395740, -99.161677"
2021-01-22,HOSPITAL GENERAL DE ZONA 24 (CDMX NORTE),IMSS,Crítica,Media,"19.483221, -99.128448"
2021-01-22,HOSPITAL GENERAL DE ZONA 27 (CDMX NORTE),IMSS,Crítica,Crítica,"19.454776, -99.140007"
2021-01-22,HOSPITAL GENERAL DE ZONA 2A (CDMX SUR),IMSS,Crítica,Crítica,"19.405495, -99.112200"
2021-01-22,HOSPITAL GENERAL DE ZONA 30 (CDMX SUR),IMSS,Crítica,Crítica,"19.398836, -99.116913"
2021-01-22,HOSPITAL GENERAL DE ZONA 32 (CDMX SUR),IMSS,Crítica,Crítica,"19.307964, -99.130677"
2021-01-22,HOSPITAL GENERAL DE ZONA C/MF 08 (CDMX SUR),IMSS,Crítica,Media,"19.337137, -99.200142"
2021-01-22,HOSPITAL GENERAL DE ZONA C/UMAA 48 (CDMX NORTE),IMSS,Crítica,Media,"19.482375, -99.213046"
2021-01-22,HOSPITAL GENERAL 02 (CDMX SUR) VILLA COAPA (COY.),IMSS,Crítica,Buena,"19.309194, -99.129593"
2021-01-22,HOSPITAL DE ESPECIALIDADES 01 (CDMX NORTE) LA RAZA (AZC),IMSS,Crítica,Crítica,"19.467169, -99.143785"
2021-01-22,HOSPITAL GENERAL DE ZONA C/MF 29 (S. JUAN ARAGÓN),IMSS,Crítica,Media,"19.465117, -99.085162"
2021-01-22,HOSPITAL GENERAL DE ZONA 47 (CDMX SUR) (IZP),IMSS,Crítica,Crítica,"19.357566, -99.054269"
2021-01-22,UNIDAD MÓVIL TEMPORAL COVID,IMSS,Crítica,Crítica,"19.403082, -99.089177"
2021-01-22,CRIT IZTAPALAPA,IMSS,Sin Dato,Sin Dato,"19.328321, -99.068530"
2021-01-22,HOSPITAL GENERAL REGIONAL 72,IMSS,Crítica,Crítica,"19.356913, -98.990929"
2021-01-22,HOSPITAL GENERAL REGIONAL 196,IMSS,Crítica,Crítica,"19.515133, -98.891450"
2021-01-22,HOSPITAL GENERAL REGIONAL 200,IMSS,Crítica,Crítica,"19.470300, -99.234208"
2021-01-22,HOSPITAL GENERAL DE ZONA 53,IMSS,Crítica,Crítica,"19.597387, -99.188426"
2021-01-22,HOSPITAL GENERAL DE ZONA 197,IMSS,Crítica,Crítica,"19.530797, -99.222446"
2021-01-22,HOSPITAL GENERAL DE ZONA 194,IMSS,Crítica,Media,"19.570070, -99.044009"
2021-01-22,HOSPITAL GENERAL DE ZONA 57 (LA QUEBRADA),IMSS,Crítica,Buena,"19.542797, -99.205022"
2021-01-22,HOSPITAL GENERAL DE ZONA 58 (LAS MARGARITAS),IMSS,Crítica,Media,"19.529016, -99.030983"
2021-01-22,HOSPITAL GENERAL DE ZONA 68 (TULPETLAC),IMSS,Crítica,Crítica,"19.742905, -98.972971"
2021-01-22,HOSPITAL GENERAL DE ZONA 71 (CHALCO),IMSS,Crítica,Media,"19.356913, -98.990929"
2021-01-22,HOSPITAL GENERAL DE ZONA 76 (XALOSTOC),IMSS,Crítica,Crítica,"19.515133, -98.891450"
2021-01-22,HOSPITAL GENERAL DE ZONA 98 (COACALCO),IMSS,Crítica,Media,"19.470300, -99.234208"
2021-01-22,CRIT NEZAHUALCÓYOTL,IMSS,Sin Dato,Sin Dato,"19.425795, -99.029987"
2021-01-22,CENTRO MEDICO 20 DE NOVIEMBRE,ISSSTE,Crítica,Crítica,"19.372720, -99.171205"
2021-01-22,HG DARIO FERNANDEZ FIERRO,ISSSTE,Crítica,Media,"19.363602, -99.188608"
2021-01-22,HG JOSE MARIA MORELOS,ISSSTE,Media,Crítica,"19.363918, -98.995393"
2021-01-22,HG TACUBA,ISSSTE,Crítica,Media,"19.454384, -99.191231"
2021-01-22,HG DR FERNANDO QUIROZ,ISSSTE,Crítica,Crítica,"19.394242, -99.194187"
2021-01-22,HG IGNACIO ZARAGOZA,ISSSTE,Crítica,Media,"19.389472, -99.045019"
2021-01-22,HR PRIMERO DE OCTUBRE,ISSSTE,Crítica,Buena,"19.486751, -99.133249"
2021-01-22,HR LIC. ADOLFO LÓPEZ MATEOS,ISSSTE,Media,Crítica,"19.358451, -99.172716"
2021-01-22,HR BICENTENARIO DE LA INDEPENDENCIA,ISSSTE,Crítica,Crítica,"19.628814, -99.163343"
2021-01-22,HOSPITAL CENTRAL MILITAR,SEDENA,Crítica,Crítica,"19.4373709, -99.216054"
2021-01-22,HOSPITAL MILITAR DE ESPCIALIDADES DE LA MUJER Y NEONATOLOGÍA,SEDENA,Crítica,Crítica,"19.4394142,-99.2207869"
2021-01-22,"UNIDAD OPERATIVA DE HOSPITALIZACIÓN COVID-19, 6/O. GRUPO DE MORTEROS 81 MM, CAMPO MILITAR NO. 1-A",SEDENA,Media,Sin Dato,"19.4463797,-99.2483637"
2021-01-22,"UNIDAD OPERATIVA DE TERAPIA Y HOSPITALIZACIÓN COVID-19, 22/O. BATALLÓN DE POLICÍA MILITAR, EL CHIVATITO",SEDENA,Sin Dato,Sin Dato,"19.4150009,-99.1841019"
2021-01-22,"UNIDAD OPERATIVA DE TERAPIA Y HOSPITALIZACIÓN COVID-19, 81/O. BATALLÓN DE INFANTERÍA, TLALPAN",SEDENA,Sin Dato,Sin Dato,"19.2646093,-99.1551676"
2021-01-22,H.M.Z. EL VERGEL IZTAPALAPA,SEDENA,Sin Dato,Sin Dato,"19.3131938,-99.0836122"
2021-01-22,H.M.Z. CAMPO MILITAR N1-A ,SEDENA,Sin Dato,Sin Dato,"19.3657943,-99.1492117"
2021-01-22,"HOSPITAL MILITAR DE ZONA, TEMAMANTLA, EDO. DE MÉXICO",SEDENA,Buena,Sin Dato,"19.188008,-98.856959"
2021-01-22,U.O.H. 6/O BATALLÓN DE FUERZAS ESPECIALES,SEDENA,Crítica,Sin Dato,"19.1922707,-98.8578722"
2021-01-22,H.M.Z. SANTA MARÍA RAYÓN ,SEDENA,Sin Dato,Crítica,"19.1377854,-99.5966327"
2021-01-22,U.O.H. ALMOLOYA DE JUÁREZ ,SEDENA,Media,Sin Dato,"19.4035542,-99.7422616"
2021-01-22,CENTRO MÉDICO NAVAL,SEMAR,Crítica,Crítica,"19.3240164,-99.1274213"
2021-01-22,HOSPITAL CENTRAL SUR DE ALTA ESPECIALIDAD ,PEMEX,Crítica,Crítica,"19.3087458,-99.2209277"
2021-01-22,HOSPITAL CENTRAL NORTE,PEMEX,Crítica,Crítica,"19.479899,-99.2030617"
2021-01-22,ALTA ESPECIALIDAD DE ZUMPANGO,EDOMEX,Buena,Crítica,"19.815198, -99.089196"
2021-01-22,HOSPITAL REGIONAL TLALNEPANTLA ISSEMYM,EDOMEX,Crítica,Crítica,"19.521706, -99.187341"
2021-01-22,"HOSPITAL GENERAL ECATEPEC ""LAS AMÉRICAS""",EDOMEX,Media,Media,"19.594136, -99.018679"
2021-01-22,"HOSPITAL GENERAL DE NAUCALPAN ""DR. MAXIMILIANO RUIZ CASTAÑEDA"" ",EDOMEX,Media,Media,"19.468662, -99.234348"
2021-01-22,"HOSPITAL GENERAL ATIZAPAN DE ZARAGOZA ""DR. SALVADOR GONZALEZ HERREJÓN""",EDOMEX,Buena,Media,"19.546322, -99.237491"
2021-01-22,"HOSPITAL GENERAL CUAUTITLAN ""GRAL. JOSE VICENTE VILLADA""",EDOMEX,Crítica,Media,"19.664586, -99.178557"
2021-01-22,"HOSPITAL GENERAL DE NEZAHUALCOYOTL ""GUSTAVO BAZ PRADA""",EDOMEX,Buena,Crítica,"19.422253, -99.014892"
2021-01-22,"HOSPITAL GENERAL DE ECATEPEC ""JOSÉ MARÍA RODRÍGUEZ""",EDOMEX,Buena,Crítica,"19.514412, -99.038087"
2021-01-22,"HOSPITAL GENERAL NEZAHUALCOYOTL ""LA PERLA"" ",EDOMEX,Buena,Crítica,"19.387963, -98.989442"
2021-01-22,HOSPITAL GENERAL DE CHIMALHUACAN,EDOMEX,Media,Crítica,"19.419753, -98.975140"
2021-01-22,"HOSPITAL GENERAL DE IXTAPALUCA ""PEDRO LOPEZ""",EDOMEX,Media,Buena,"19.318829, -98.855366"
2021-01-22,HOSPITAL GENERAL DE CHALCO ,EDOMEX,Media,Crítica,"19.268265, -98.893965"
2021-01-22,"HOSPITAL GENERAL TEXCOCO ""GUADALUPE VICTORIA"" BICENTENARIO ",EDOMEX,Crítica,Crítica,"19.514309, -98.871750"
2021-01-22,"HOSPITAL GENERAL VALLE DE CHALCO ""DR. FERNANDO QUIROZ GUTIERREZ"" ",EDOMEX,Crítica,Buena,"19.273775, -98.941609"
2021-01-22,"HOSPITAL GENERAL AMECAMECA ""VALENTIN GOMEZ FARIAS"" ",EDOMEX,Buena,Media,"19.144883, -98.785072"
2021-01-22,HOSPITAL GENERAL DE AXAPUSCO,EDOMEX,Crítica,Crítica,"19.732872, -98.769445"
2021-01-23,INSTITUTO NACIONAL DE NUTRICIÓN,SSA,Crítica,Crítica,"19.289599, -99.155441"
2021-01-23,INER,SSA,Buena,Crítica,"19.291375, -99.158653"
2021-01-23,HOSPITAL GENERAL DE MÉXICO,SSA,Crítica,Crítica,"19.4129258, -99.1520225"
2021-01-23,HOSPITAL JUAREZ,SSA,Crítica,Crítica,"19.481829, -99.135576"
2021-01-23,HOSPITAL GENERAL DR. MANUEL GEA GONZÁLEZ,SSA,Crítica,Crítica,"19.290295, -99.160861"
2021-01-23,HOSPITAL INFANTIL DE MÉXICO FEDERICO GÓMEZ,SSA,Buena,Crítica,"19.410839, -99.151941"
2021-01-23,INSTITUTO  NACIONAL DE CARDIOLOGÍA IGNACIO CHÁVEZ,SSA,Crítica,Buena,"19.290598, -99.153838"
2021-01-23,CITIBANAMEX,SSA,Crítica,Crítica,"19.439732, -99.224235"
2021-01-23,HOSPITAL REGIONAL DE ALTA ESPECIALIDAD DE IXTAPALUCA,SSA,Crítica,Crítica,"19.318796, -98.855353"
2021-01-23,BELISARIO DOMINGUEZ,SEDESA,Media,Media,"19.307226, -99.065356"
2021-01-23,ENRIQUE CABRERA,SEDESA,Media,Media,"19.361675, -99.224432"
2021-01-23,GENERAL TLAHUAC,SEDESA,Crítica,Media,"19.287492, -99.052665"
2021-01-23,PEDIATRICO DE LA VILLA,SEDESA,Buena,Buena,"19.487355, -99.114316"
2021-01-23,HOSPITAL GENERAL AJUSCO MEDIO,SEDESA,Crítica,Crítica,"19.272165, -99.207846"
2021-01-23,HOSPITAL GENERAL IZTAPALAPA,SEDESA,Media,Media,"19.343426, -99.027236"
2021-01-23,HOSPITAL GENERAL XOCO,SEDESA,Crítica,Media,"19.360313, -99.162275"
2021-01-23,HOSPITAL GENERAL VILLA,SEDESA,Crítica,Media,"19.480079, -99.103353"
2021-01-23,HOSPITAL GENERAL DR. RUBÉN LEÑERO,SEDESA,Crítica,Media,"19.451398, -99.169565"
2021-01-23,HOSPITAL GENERAL MILPA ALTA,SEDESA,Crítica,Crítica,"19.200951, -99.011210"
2021-01-23,HOSPITAL GENERAL BALBUENA,SEDESA,Media,Media,"19.424195, -99.115412"
2021-01-23,HOSPITAL TEPEPAN,SEDESA,Sin Dato,Sin Dato,"19.275806, -99.144298"
2021-01-23,HOSPITAL DE ESPECIALIDADES 01 CMN SIGLO XXI (CDMX SUR),IMSS,Crítica,Crítica,"19.466549, -99.145102"
2021-01-23,HOSPITAL DE PEDIATRIA 01 CMN SIGLO XXI (CDMX SUR),IMSS,Buena,Buena,"19.407458, -99.152267"
2021-01-23,HOSPITAL GENERAL DE ZONA 01 CARLOS MC GREGOR (CDMX SUR),IMSS,Crítica,Crítica,"19.395912, -99.161610"
2021-01-23,HOSPITAL GENERAL DE ZONA 1A PARQUE DE LOS VENADOS (CDMX SUR),IMSS,Crítica,Crítica,"19.374431, -99.151203"
2021-01-23,HOSPITAL DE INFECTOLOGIA 01 LA RAZA (CDMX NORTE),IMSS,Crítica,Media,"19.464865, -99.144859"
2021-01-23,HOSPITAL GENERAL 01 (CDMX NORTE) LA RAZA,IMSS,Crítica,Crítica,"19.395740, -99.161677"
2021-01-23,HOSPITAL GENERAL DE ZONA 24 (CDMX NORTE),IMSS,Crítica,Media,"19.483221, -99.128448"
2021-01-23,HOSPITAL GENERAL DE ZONA 27 (CDMX NORTE),IMSS,Crítica,Crítica,"19.454776, -99.140007"
2021-01-23,HOSPITAL GENERAL DE ZONA 2A (CDMX SUR),IMSS,Crítica,Crítica,"19.405495, -99.112200"
2021-01-23,HOSPITAL GENERAL DE ZONA 30 (CDMX SUR),IMSS,Crítica,Crítica,"19.398836, -99.116913"
2021-01-23,HOSPITAL GENERAL DE ZONA 32 (CDMX SUR),IMSS,Crítica,Crítica,"19.307964, -99.130677"
2021-01-23,HOSPITAL GENERAL DE ZONA C/MF 08 (CDMX SUR),IMSS,Crítica,Media,"19.337137, -99.200142"
2021-01-23,HOSPITAL GENERAL DE ZONA C/UMAA 48 (CDMX NORTE),IMSS,Crítica,Media,"19.482375, -99.213046"
2021-01-23,HOSPITAL GENERAL 02 (CDMX SUR) VILLA COAPA (COY.),IMSS,Crítica,Media,"19.309194, -99.129593"
2021-01-23,HOSPITAL DE ESPECIALIDADES 01 (CDMX NORTE) LA RAZA (AZC),IMSS,Crítica,Crítica,"19.467169, -99.143785"
2021-01-23,HOSPITAL GENERAL DE ZONA C/MF 29 (S. JUAN ARAGÓN),IMSS,Crítica,Media,"19.465117, -99.085162"
2021-01-23,HOSPITAL GENERAL DE ZONA 47 (CDMX SUR) (IZP),IMSS,Crítica,Crítica,"19.357566, -99.054269"
2021-01-23,UNIDAD MÓVIL TEMPORAL COVID,IMSS,Crítica,Crítica,"19.403082, -99.089177"
2021-01-23,CRIT IZTAPALAPA,IMSS,Sin Dato,Sin Dato,"19.328321, -99.068530"
2021-01-23,HOSPITAL GENERAL REGIONAL 72,IMSS,Crítica,Crítica,"19.356913, -98.990929"
2021-01-23,HOSPITAL GENERAL REGIONAL 196,IMSS,Crítica,Crítica,"19.515133, -98.891450"
2021-01-23,HOSPITAL GENERAL REGIONAL 200,IMSS,Crítica,Media,"19.470300, -99.234208"
2021-01-23,HOSPITAL GENERAL DE ZONA 53,IMSS,Crítica,Crítica,"19.597387, -99.188426"
2021-01-23,HOSPITAL GENERAL DE ZONA 197,IMSS,Crítica,Crítica,"19.530797, -99.222446"
2021-01-23,HOSPITAL GENERAL DE ZONA 194,IMSS,Crítica,Media,"19.570070, -99.044009"
2021-01-23,HOSPITAL GENERAL DE ZONA 57 (LA QUEBRADA),IMSS,Crítica,Buena,"19.542797, -99.205022"
2021-01-23,HOSPITAL GENERAL DE ZONA 58 (LAS MARGARITAS),IMSS,Crítica,Media,"19.529016, -99.030983"
2021-01-23,HOSPITAL GENERAL DE ZONA 68 (TULPETLAC),IMSS,Crítica,Crítica,"19.742905, -98.972971"
2021-01-23,HOSPITAL GENERAL DE ZONA 71 (CHALCO),IMSS,Crítica,Media,"19.356913, -98.990929"
2021-01-23,HOSPITAL GENERAL DE ZONA 76 (XALOSTOC),IMSS,Crítica,Crítica,"19.515133, -98.891450"
2021-01-23,HOSPITAL GENERAL DE ZONA 98 (COACALCO),IMSS,Crítica,Buena,"19.470300, -99.234208"
2021-01-23,CRIT NEZAHUALCÓYOTL,IMSS,Sin Dato,Sin Dato,"19.425795, -99.029987"
2021-01-23,CENTRO MEDICO 20 DE NOVIEMBRE,ISSSTE,Crítica,Crítica,"19.372720, -99.171205"
2021-01-23,HG DARIO FERNANDEZ FIERRO,ISSSTE,Crítica,Media,"19.363602, -99.188608"
2021-01-23,HG JOSE MARIA MORELOS,ISSSTE,Media,Crítica,"19.363918, -98.995393"
2021-01-23,HG TACUBA,ISSSTE,Crítica,Buena,"19.454384, -99.191231"
2021-01-23,HG DR FERNANDO QUIROZ,ISSSTE,Crítica,Crítica,"19.394242, -99.194187"
2021-01-23,HG IGNACIO ZARAGOZA,ISSSTE,Crítica,Media,"19.389472, -99.045019"
2021-01-23,HR PRIMERO DE OCTUBRE,ISSSTE,Media,Media,"19.486751, -99.133249"
2021-01-23,HR LIC. ADOLFO LÓPEZ MATEOS,ISSSTE,Media,Media,"19.358451, -99.172716"
2021-01-23,HR BICENTENARIO DE LA INDEPENDENCIA,ISSSTE,Crítica,Crítica,"19.628814, -99.163343"
2021-01-23,HOSPITAL CENTRAL MILITAR,SEDENA,Crítica,Crítica,"19.4373709, -99.216054"
2021-01-23,HOSPITAL MILITAR DE ESPCIALIDADES DE LA MUJER Y NEONATOLOGÍA,SEDENA,Crítica,Media,"19.4394142,-99.2207869"
2021-01-23,"UNIDAD OPERATIVA DE HOSPITALIZACIÓN COVID-19, 6/O. GRUPO DE MORTEROS 81 MM, CAMPO MILITAR NO. 1-A",SEDENA,Media,Sin Dato,"19.4463797,-99.2483637"
2021-01-23,"UNIDAD OPERATIVA DE TERAPIA Y HOSPITALIZACIÓN COVID-19, 22/O. BATALLÓN DE POLICÍA MILITAR, EL CHIVATITO",SEDENA,Sin Dato,Sin Dato,"19.4150009,-99.1841019"
2021-01-23,"UNIDAD OPERATIVA DE TERAPIA Y HOSPITALIZACIÓN COVID-19, 81/O. BATALLÓN DE INFANTERÍA, TLALPAN",SEDENA,Sin Dato,Sin Dato,"19.2646093,-99.1551676"
2021-01-23,H.M.Z. EL VERGEL IZTAPALAPA,SEDENA,Sin Dato,Sin Dato,"19.3131938,-99.0836122"
2021-01-23,H.M.Z. CAMPO MILITAR N1-A ,SEDENA,Sin Dato,Sin Dato,"19.3657943,-99.1492117"
2021-01-23,"HOSPITAL MILITAR DE ZONA, TEMAMANTLA, EDO. DE MÉXICO",SEDENA,Buena,Sin Dato,"19.188008,-98.856959"
2021-01-23,U.O.H. 6/O BATALLÓN DE FUERZAS ESPECIALES,SEDENA,Crítica,Sin Dato,"19.1922707,-98.8578722"
2021-01-23,H.M.Z. SANTA MARÍA RAYÓN ,SEDENA,Sin Dato,Buena,"19.1377854,-99.5966327"
2021-01-23,U.O.H. ALMOLOYA DE JUÁREZ ,SEDENA,Media,Sin Dato,"19.4035542,-99.7422616"
2021-01-23,CENTRO MÉDICO NAVAL,SEMAR,Crítica,Crítica,"19.3240164,-99.1274213"
2021-01-23,HOSPITAL CENTRAL SUR DE ALTA ESPECIALIDAD ,PEMEX,Crítica,Crítica,"19.3087458,-99.2209277"
2021-01-23,HOSPITAL CENTRAL NORTE,PEMEX,Crítica,Crítica,"19.479899,-99.2030617"
2021-01-23,ALTA ESPECIALIDAD DE ZUMPANGO,EDOMEX,Buena,Media,"19.815198, -99.089196"
2021-01-23,HOSPITAL REGIONAL TLALNEPANTLA ISSEMYM,EDOMEX,Crítica,Crítica,"19.521706, -99.187341"
2021-01-23,"HOSPITAL GENERAL ECATEPEC ""LAS AMÉRICAS""",EDOMEX,Media,Media,"19.594136, -99.018679"
2021-01-23,"HOSPITAL GENERAL DE NAUCALPAN ""DR. MAXIMILIANO RUIZ CASTAÑEDA"" ",EDOMEX,Media,Media,"19.468662, -99.234348"
2021-01-23,"HOSPITAL GENERAL ATIZAPAN DE ZARAGOZA ""DR. SALVADOR GONZALEZ HERREJÓN""",EDOMEX,Buena,Media,"19.546322, -99.237491"
2021-01-23,"HOSPITAL GENERAL CUAUTITLAN ""GRAL. JOSE VICENTE VILLADA""",EDOMEX,Crítica,Media,"19.664586, -99.178557"
2021-01-23,"HOSPITAL GENERAL DE NEZAHUALCOYOTL ""GUSTAVO BAZ PRADA""",EDOMEX,Media,Crítica,"19.422253, -99.014892"
2021-01-23,"HOSPITAL GENERAL DE ECATEPEC ""JOSÉ MARÍA RODRÍGUEZ""",EDOMEX,Buena,Crítica,"19.514412, -99.038087"
2021-01-23,"HOSPITAL GENERAL NEZAHUALCOYOTL ""LA PERLA"" ",EDOMEX,Buena,Crítica,"19.387963, -98.989442"
2021-01-23,HOSPITAL GENERAL DE CHIMALHUACAN,EDOMEX,Crítica,Crítica,"19.419753, -98.975140"
2021-01-23,"HOSPITAL GENERAL DE IXTAPALUCA ""PEDRO LOPEZ""",EDOMEX,Media,Buena,"19.318829, -98.855366"
2021-01-23,HOSPITAL GENERAL DE CHALCO ,EDOMEX,Media,Crítica,"19.268265, -98.893965"
2021-01-23,"HOSPITAL GENERAL TEXCOCO ""GUADALUPE VICTORIA"" BICENTENARIO ",EDOMEX,Crítica,Crítica,"19.514309, -98.871750"
2021-01-23,"HOSPITAL GENERAL VALLE DE CHALCO ""DR. FERNANDO QUIROZ GUTIERREZ"" ",EDOMEX,Media,Media,"19.273775, -98.941609"
2021-01-23,"HOSPITAL GENERAL AMECAMECA ""VALENTIN GOMEZ FARIAS"" ",EDOMEX,Crítica,Buena,"19.144883, -98.785072"
2021-01-23,HOSPITAL GENERAL DE AXAPUSCO,EDOMEX,Crítica,Crítica,"19.732872, -98.769445"
2021-01-24,INSTITUTO NACIONAL DE NUTRICIÓN,SSA,Crítica,Crítica,"19.289599, -99.155441"
2021-01-24,INER,SSA,Buena,Crítica,"19.291375, -99.158653"
2021-01-24,HOSPITAL GENERAL DE MÉXICO,SSA,Crítica,Crítica,"19.4129258, -99.1520225"
2021-01-24,HOSPITAL JUAREZ,SSA,Media,Crítica,"19.481829, -99.135576"
2021-01-24,HOSPITAL GENERAL DR. MANUEL GEA GONZÁLEZ,SSA,Crítica,Crítica,"19.290295, -99.160861"
2021-01-24,HOSPITAL INFANTIL DE MÉXICO FEDERICO GÓMEZ,SSA,Buena,Media,"19.410839, -99.151941"
2021-01-24,INSTITUTO  NACIONAL DE CARDIOLOGÍA IGNACIO CHÁVEZ,SSA,Media,Media,"19.290598, -99.153838"
2021-01-24,CITIBANAMEX,SSA,Crítica,Crítica,"19.439732, -99.224235"
2021-01-24,HOSPITAL REGIONAL DE ALTA ESPECIALIDAD DE IXTAPALUCA,SSA,Crítica,Crítica,"19.318796, -98.855353"
2021-01-24,BELISARIO DOMINGUEZ,SEDESA,Media,Media,"19.307226, -99.065356"
2021-01-24,ENRIQUE CABRERA,SEDESA,Media,Media,"19.361675, -99.224432"
2021-01-24,GENERAL TLAHUAC,SEDESA,Crítica,Media,"19.287492, -99.052665"
2021-01-24,PEDIATRICO DE LA VILLA,SEDESA,Buena,Buena,"19.487355, -99.114316"
2021-01-24,HOSPITAL GENERAL AJUSCO MEDIO,SEDESA,Crítica,Crítica,"19.272165, -99.207846"
2021-01-24,HOSPITAL GENERAL IZTAPALAPA,SEDESA,Media,Media,"19.343426, -99.027236"
2021-01-24,HOSPITAL GENERAL XOCO,SEDESA,Crítica,Media,"19.360313, -99.162275"
2021-01-24,HOSPITAL GENERAL VILLA,SEDESA,Crítica,Crítica,"19.480079, -99.103353"
2021-01-24,HOSPITAL GENERAL DR. RUBÉN LEÑERO,SEDESA,Crítica,Media,"19.451398, -99.169565"
2021-01-24,HOSPITAL GENERAL MILPA ALTA,SEDESA,Crítica,Crítica,"19.200951, -99.011210"
2021-01-24,HOSPITAL GENERAL BALBUENA,SEDESA,Media,Media,"19.424195, -99.115412"
2021-01-24,HOSPITAL TEPEPAN,SEDESA,Sin Dato,Sin Dato,"19.275806, -99.144298"
2021-01-24,HOSPITAL DE ESPECIALIDADES 01 CMN SIGLO XXI (CDMX SUR),IMSS,Media,Crítica,"19.466549, -99.145102"
2021-01-24,HOSPITAL DE PEDIATRIA 01 CMN SIGLO XXI (CDMX SUR),IMSS,Buena,Buena,"19.407458, -99.152267"
2021-01-24,HOSPITAL GENERAL DE ZONA 01 CARLOS MC GREGOR (CDMX SUR),IMSS,Crítica,Media,"19.395912, -99.161610"
2021-01-24,HOSPITAL GENERAL DE ZONA 1A PARQUE DE LOS VENADOS (CDMX SUR),IMSS,Crítica,Crítica,"19.374431, -99.151203"
2021-01-24,HOSPITAL DE INFECTOLOGIA 01 LA RAZA (CDMX NORTE),IMSS,Crítica,Media,"19.464865, -99.144859"
2021-01-24,HOSPITAL GENERAL 01 (CDMX NORTE) LA RAZA,IMSS,Crítica,Crítica,"19.395740, -99.161677"
2021-01-24,HOSPITAL GENERAL DE ZONA 24 (CDMX NORTE),IMSS,Crítica,Crítica,"19.483221, -99.128448"
2021-01-24,HOSPITAL GENERAL DE ZONA 27 (CDMX NORTE),IMSS,Crítica,Crítica,"19.454776, -99.140007"
2021-01-24,HOSPITAL GENERAL DE ZONA 2A (CDMX SUR),IMSS,Crítica,Crítica,"19.405495, -99.112200"
2021-01-24,HOSPITAL GENERAL DE ZONA 30 (CDMX SUR),IMSS,Crítica,Media,"19.398836, -99.116913"
2021-01-24,HOSPITAL GENERAL DE ZONA 32 (CDMX SUR),IMSS,Crítica,Crítica,"19.307964, -99.130677"
2021-01-24,HOSPITAL GENERAL DE ZONA C/MF 08 (CDMX SUR),IMSS,Crítica,Media,"19.337137, -99.200142"
2021-01-24,HOSPITAL GENERAL DE ZONA C/UMAA 48 (CDMX NORTE),IMSS,Crítica,Crítica,"19.482375, -99.213046"
2021-01-24,HOSPITAL GENERAL 02 (CDMX SUR) VILLA COAPA (COY.),IMSS,Crítica,Media,"19.309194, -99.129593"
2021-01-24,HOSPITAL DE ESPECIALIDADES 01 (CDMX NORTE) LA RAZA (AZC),IMSS,Crítica,Crítica,"19.467169, -99.143785"
2021-01-24,HOSPITAL GENERAL DE ZONA C/MF 29 (S. JUAN ARAGÓN),IMSS,Crítica,Media,"19.465117, -99.085162"
2021-01-24,HOSPITAL GENERAL DE ZONA 47 (CDMX SUR) (IZP),IMSS,Crítica,Crítica,"19.357566, -99.054269"
2021-01-24,UNIDAD MÓVIL TEMPORAL COVID,IMSS,Crítica,Crítica,"19.403082, -99.089177"
2021-01-24,CRIT IZTAPALAPA,IMSS,Sin Dato,Sin Dato,"19.328321, -99.068530"
2021-01-24,HOSPITAL GENERAL REGIONAL 72,IMSS,Crítica,Crítica,"19.356913, -98.990929"
2021-01-24,HOSPITAL GENERAL REGIONAL 196,IMSS,Crítica,Crítica,"19.515133, -98.891450"
2021-01-24,HOSPITAL GENERAL REGIONAL 200,IMSS,Crítica,Media,"19.470300, -99.234208"
2021-01-24,HOSPITAL GENERAL DE ZONA 53,IMSS,Crítica,Crítica,"19.597387, -99.188426"
2021-01-24,HOSPITAL GENERAL DE ZONA 197,IMSS,Crítica,Crítica,"19.530797, -99.222446"
2021-01-24,HOSPITAL GENERAL DE ZONA 194,IMSS,Crítica,Crítica,"19.570070, -99.044009"
2021-01-24,HOSPITAL GENERAL DE ZONA 57 (LA QUEBRADA),IMSS,Crítica,Buena,"19.542797, -99.205022"
2021-01-24,HOSPITAL GENERAL DE ZONA 58 (LAS MARGARITAS),IMSS,Crítica,Media,"19.529016, -99.030983"
2021-01-24,HOSPITAL GENERAL DE ZONA 68 (TULPETLAC),IMSS,Crítica,Crítica,"19.742905, -98.972971"
2021-01-24,HOSPITAL GENERAL DE ZONA 71 (CHALCO),IMSS,Crítica,Buena,"19.356913, -98.990929"
2021-01-24,HOSPITAL GENERAL DE ZONA 76 (XALOSTOC),IMSS,Crítica,Crítica,"19.515133, -98.891450"
2021-01-24,HOSPITAL GENERAL DE ZONA 98 (COACALCO),IMSS,Crítica,Buena,"19.470300, -99.234208"
2021-01-24,CRIT NEZAHUALCÓYOTL,IMSS,Sin Dato,Sin Dato,"19.425795, -99.029987"
2021-01-24,CENTRO MEDICO 20 DE NOVIEMBRE,ISSSTE,Crítica,Crítica,"19.372720, -99.171205"
2021-01-24,HG DARIO FERNANDEZ FIERRO,ISSSTE,Crítica,Buena,"19.363602, -99.188608"
2021-01-24,HG JOSE MARIA MORELOS,ISSSTE,Media,Crítica,"19.363918, -98.995393"
2021-01-24,HG TACUBA,ISSSTE,Crítica,Media,"19.454384, -99.191231"
2021-01-24,HG DR FERNANDO QUIROZ,ISSSTE,Crítica,Crítica,"19.394242, -99.194187"
2021-01-24,HG IGNACIO ZARAGOZA,ISSSTE,Crítica,Media,"19.389472, -99.045019"
2021-01-24,HR PRIMERO DE OCTUBRE,ISSSTE,Media,Media,"19.486751, -99.133249"
2021-01-24,HR LIC. ADOLFO LÓPEZ MATEOS,ISSSTE,Media,Media,"19.358451, -99.172716"
2021-01-24,HR BICENTENARIO DE LA INDEPENDENCIA,ISSSTE,Crítica,Crítica,"19.628814, -99.163343"
2021-01-24,HOSPITAL CENTRAL MILITAR,SEDENA,Crítica,Crítica,"19.4373709, -99.216054"
2021-01-24,HOSPITAL MILITAR DE ESPCIALIDADES DE LA MUJER Y NEONATOLOGÍA,SEDENA,Crítica,Media,"19.4394142,-99.2207869"
2021-01-24,"UNIDAD OPERATIVA DE HOSPITALIZACIÓN COVID-19, 6/O. GRUPO DE MORTEROS 81 MM, CAMPO MILITAR NO. 1-A",SEDENA,Media,Sin Dato,"19.4463797,-99.2483637"
2021-01-24,"UNIDAD OPERATIVA DE TERAPIA Y HOSPITALIZACIÓN COVID-19, 22/O. BATALLÓN DE POLICÍA MILITAR, EL CHIVATITO",SEDENA,Sin Dato,Sin Dato,"19.4150009,-99.1841019"
2021-01-24,"UNIDAD OPERATIVA DE TERAPIA Y HOSPITALIZACIÓN COVID-19, 81/O. BATALLÓN DE INFANTERÍA, TLALPAN",SEDENA,Sin Dato,Sin Dato,"19.2646093,-99.1551676"
2021-01-24,H.M.Z. EL VERGEL IZTAPALAPA,SEDENA,Sin Dato,Sin Dato,"19.3131938,-99.0836122"
2021-01-24,H.M.Z. CAMPO MILITAR N1-A ,SEDENA,Sin Dato,Sin Dato,"19.3657943,-99.1492117"
2021-01-24,"HOSPITAL MILITAR DE ZONA, TEMAMANTLA, EDO. DE MÉXICO",SEDENA,Buena,Sin Dato,"19.188008,-98.856959"
2021-01-24,U.O.H. 6/O BATALLÓN DE FUERZAS ESPECIALES,SEDENA,Crítica,Sin Dato,"19.1922707,-98.8578722"
2021-01-24,H.M.Z. SANTA MARÍA RAYÓN ,SEDENA,Sin Dato,Buena,"19.1377854,-99.5966327"
2021-01-24,U.O.H. ALMOLOYA DE JUÁREZ ,SEDENA,Media,Sin Dato,"19.4035542,-99.7422616"
2021-01-24,CENTRO MÉDICO NAVAL,SEMAR,Crítica,Crítica,"19.3240164,-99.1274213"
2021-01-24,HOSPITAL CENTRAL SUR DE ALTA ESPECIALIDAD ,PEMEX,Crítica,Crítica,"19.3087458,-99.2209277"
2021-01-24,HOSPITAL CENTRAL NORTE,PEMEX,Crítica,Crítica,"19.479899,-99.2030617"
2021-01-24,ALTA ESPECIALIDAD DE ZUMPANGO,EDOMEX,Buena,Crítica,"19.815198, -99.089196"
2021-01-24,HOSPITAL REGIONAL TLALNEPANTLA ISSEMYM,EDOMEX,Crítica,Crítica,"19.521706, -99.187341"
2021-01-24,"HOSPITAL GENERAL ECATEPEC ""LAS AMÉRICAS""",EDOMEX,Media,Media,"19.594136, -99.018679"
2021-01-24,"HOSPITAL GENERAL DE NAUCALPAN ""DR. MAXIMILIANO RUIZ CASTAÑEDA"" ",EDOMEX,Media,Media,"19.468662, -99.234348"
2021-01-24,"HOSPITAL GENERAL ATIZAPAN DE ZARAGOZA ""DR. SALVADOR GONZALEZ HERREJÓN""",EDOMEX,Buena,Media,"19.546322, -99.237491"
2021-01-24,"HOSPITAL GENERAL CUAUTITLAN ""GRAL. JOSE VICENTE VILLADA""",EDOMEX,Crítica,Media,"19.664586, -99.178557"
2021-01-24,"HOSPITAL GENERAL DE NEZAHUALCOYOTL ""GUSTAVO BAZ PRADA""",EDOMEX,Media,Crítica,"19.422253, -99.014892"
2021-01-24,"HOSPITAL GENERAL DE ECATEPEC ""JOSÉ MARÍA RODRÍGUEZ""",EDOMEX,Buena,Crítica,"19.514412, -99.038087"
2021-01-24,"HOSPITAL GENERAL NEZAHUALCOYOTL ""LA PERLA"" ",EDOMEX,Buena,Media,"19.387963, -98.989442"
2021-01-24,HOSPITAL GENERAL DE CHIMALHUACAN,EDOMEX,Media,Crítica,"19.419753, -98.975140"
2021-01-24,"HOSPITAL GENERAL DE IXTAPALUCA ""PEDRO LOPEZ""",EDOMEX,Media,Buena,"19.318829, -98.855366"
2021-01-24,HOSPITAL GENERAL DE CHALCO ,EDOMEX,Media,Media,"19.268265, -98.893965"
2021-01-24,"HOSPITAL GENERAL TEXCOCO ""GUADALUPE VICTORIA"" BICENTENARIO ",EDOMEX,Crítica,Crítica,"19.514309, -98.871750"
2021-01-24,"HOSPITAL GENERAL VALLE DE CHALCO ""DR. FERNANDO QUIROZ GUTIERREZ"" ",EDOMEX,Media,Media,"19.273775, -98.941609"
2021-01-24,"HOSPITAL GENERAL AMECAMECA ""VALENTIN GOMEZ FARIAS"" ",EDOMEX,Media,Media,"19.144883, -98.785072"
2021-01-24,HOSPITAL GENERAL DE AXAPUSCO,EDOMEX,Crítica,Crítica,"19.732872, -98.769445"
2021-01-25,INSTITUTO NACIONAL DE NUTRICIÓN,SSA,Crítica,Crítica,"19.289599, -99.155441"
2021-01-25,INER,SSA,Buena,Crítica,"19.291375, -99.158653"
2021-01-25,HOSPITAL GENERAL DE MÉXICO,SSA,Crítica,Crítica,"19.4129258, -99.1520225"
2021-01-25,HOSPITAL JUAREZ,SSA,Media,Crítica,"19.481829, -99.135576"
2021-01-25,HOSPITAL GENERAL DR. MANUEL GEA GONZÁLEZ,SSA,Crítica,Crítica,"19.290295, -99.160861"
2021-01-25,HOSPITAL INFANTIL DE MÉXICO FEDERICO GÓMEZ,SSA,Buena,Crítica,"19.410839, -99.151941"
2021-01-25,INSTITUTO  NACIONAL DE CARDIOLOGÍA IGNACIO CHÁVEZ,SSA,Media,Media,"19.290598, -99.153838"
2021-01-25,CITIBANAMEX,SSA,Crítica,Crítica,"19.439732, -99.224235"
2021-01-25,HOSPITAL REGIONAL DE ALTA ESPECIALIDAD DE IXTAPALUCA,SSA,Crítica,Crítica,"19.318796, -98.855353"
2021-01-25,BELISARIO DOMINGUEZ,SEDESA,Buena,Media,"19.307226, -99.065356"
2021-01-25,ENRIQUE CABRERA,SEDESA,Media,Media,"19.361675, -99.224432"
2021-01-25,GENERAL TLAHUAC,SEDESA,Crítica,Media,"19.287492, -99.052665"
2021-01-25,PEDIATRICO DE LA VILLA,SEDESA,Buena,Buena,"19.487355, -99.114316"
2021-01-25,HOSPITAL GENERAL AJUSCO MEDIO,SEDESA,Crítica,Crítica,"19.272165, -99.207846"
2021-01-25,HOSPITAL GENERAL IZTAPALAPA,SEDESA,Media,Media,"19.343426, -99.027236"
2021-01-25,HOSPITAL GENERAL XOCO,SEDESA,Crítica,Media,"19.360313, -99.162275"
2021-01-25,HOSPITAL GENERAL VILLA,SEDESA,Crítica,Media,"19.480079, -99.103353"
2021-01-25,HOSPITAL GENERAL DR. RUBÉN LEÑERO,SEDESA,Crítica,Crítica,"19.451398, -99.169565"
2021-01-25,HOSPITAL GENERAL MILPA ALTA,SEDESA,Crítica,Crítica,"19.200951, -99.011210"
2021-01-25,HOSPITAL GENERAL BALBUENA,SEDESA,Media,Media,"19.424195, -99.115412"
2021-01-25,HOSPITAL TEPEPAN,SEDESA,Sin Dato,Sin Dato,"19.275806, -99.144298"
2021-01-25,HOSPITAL DE ESPECIALIDADES 01 CMN SIGLO XXI (CDMX SUR),IMSS,Media,Crítica,"19.466549, -99.145102"
2021-01-25,HOSPITAL DE PEDIATRIA 01 CMN SIGLO XXI (CDMX SUR),IMSS,Buena,Buena,"19.407458, -99.152267"
2021-01-25,HOSPITAL GENERAL DE ZONA 01 CARLOS MC GREGOR (CDMX SUR),IMSS,Crítica,Media,"19.395912, -99.161610"
2021-01-25,HOSPITAL GENERAL DE ZONA 1A PARQUE DE LOS VENADOS (CDMX SUR),IMSS,Crítica,Crítica,"19.374431, -99.151203"
2021-01-25,HOSPITAL DE INFECTOLOGIA 01 LA RAZA (CDMX NORTE),IMSS,Crítica,Media,"19.464865, -99.144859"
2021-01-25,HOSPITAL GENERAL 01 (CDMX NORTE) LA RAZA,IMSS,Crítica,Crítica,"19.395740, -99.161677"
2021-01-25,HOSPITAL GENERAL DE ZONA 24 (CDMX NORTE),IMSS,Crítica,Crítica,"19.483221, -99.128448"
2021-01-25,HOSPITAL GENERAL DE ZONA 27 (CDMX NORTE),IMSS,Crítica,Crítica,"19.454776, -99.140007"
2021-01-25,HOSPITAL GENERAL DE ZONA 2A (CDMX SUR),IMSS,Crítica,Crítica,"19.405495, -99.112200"
2021-01-25,HOSPITAL GENERAL DE ZONA 30 (CDMX SUR),IMSS,Crítica,Media,"19.398836, -99.116913"
2021-01-25,HOSPITAL GENERAL DE ZONA 32 (CDMX SUR),IMSS,Crítica,Crítica,"19.307964, -99.130677"
2021-01-25,HOSPITAL GENERAL DE ZONA C/MF 08 (CDMX SUR),IMSS,Crítica,Media,"19.337137, -99.200142"
2021-01-25,HOSPITAL GENERAL DE ZONA C/UMAA 48 (CDMX NORTE),IMSS,Crítica,Crítica,"19.482375, -99.213046"
2021-01-25,HOSPITAL GENERAL 02 (CDMX SUR) VILLA COAPA (COY.),IMSS,Crítica,Media,"19.309194, -99.129593"
2021-01-25,HOSPITAL DE ESPECIALIDADES 01 (CDMX NORTE) LA RAZA (AZC),IMSS,Crítica,Crítica,"19.467169, -99.143785"
2021-01-25,HOSPITAL GENERAL DE ZONA C/MF 29 (S. JUAN ARAGÓN),IMSS,Crítica,Media,"19.465117, -99.085162"
2021-01-25,HOSPITAL GENERAL DE ZONA 47 (CDMX SUR) (IZP),IMSS,Crítica,Crítica,"19.357566, -99.054269"
2021-01-25,UNIDAD MÓVIL TEMPORAL COVID,IMSS,Crítica,Crítica,"19.403082, -99.089177"
2021-01-25,CRIT IZTAPALAPA,IMSS,Sin Dato,Sin Dato,"19.328321, -99.068530"
2021-01-25,HOSPITAL GENERAL REGIONAL 72,IMSS,Crítica,Media,"19.356913, -98.990929"
2021-01-25,HOSPITAL GENERAL REGIONAL 196,IMSS,Crítica,Crítica,"19.515133, -98.891450"
2021-01-25,HOSPITAL GENERAL REGIONAL 200,IMSS,Crítica,Media,"19.470300, -99.234208"
2021-01-25,HOSPITAL GENERAL DE ZONA 53,IMSS,Media,Crítica,"19.597387, -99.188426"
2021-01-25,HOSPITAL GENERAL DE ZONA 197,IMSS,Crítica,Media,"19.530797, -99.222446"
2021-01-25,HOSPITAL GENERAL DE ZONA 194,IMSS,Media,Crítica,"19.570070, -99.044009"
2021-01-25,HOSPITAL GENERAL DE ZONA 57 (LA QUEBRADA),IMSS,Crítica,Crítica,"19.542797, -99.205022"
2021-01-25,HOSPITAL GENERAL DE ZONA 58 (LAS MARGARITAS),IMSS,Crítica,Media,"19.529016, -99.030983"
2021-01-25,HOSPITAL GENERAL DE ZONA 68 (TULPETLAC),IMSS,Crítica,Crítica,"19.742905, -98.972971"
2021-01-25,HOSPITAL GENERAL DE ZONA 71 (CHALCO),IMSS,Crítica,Crítica,"19.356913, -98.990929"
2021-01-25,HOSPITAL GENERAL DE ZONA 76 (XALOSTOC),IMSS,Crítica,Crítica,"19.515133, -98.891450"
2021-01-25,HOSPITAL GENERAL DE ZONA 98 (COACALCO),IMSS,Crítica,Media,"19.470300, -99.234208"
2021-01-25,CRIT NEZAHUALCÓYOTL,IMSS,Sin Dato,Sin Dato,"19.425795, -99.029987"
2021-01-25,CENTRO MEDICO 20 DE NOVIEMBRE,ISSSTE,Crítica,Crítica,"19.372720, -99.171205"
2021-01-25,HG DARIO FERNANDEZ FIERRO,ISSSTE,Crítica,Media,"19.363602, -99.188608"
2021-01-25,HG JOSE MARIA MORELOS,ISSSTE,Media,Crítica,"19.363918, -98.995393"
2021-01-25,HG TACUBA,ISSSTE,Crítica,Media,"19.454384, -99.191231"
2021-01-25,HG DR FERNANDO QUIROZ,ISSSTE,Crítica,Crítica,"19.394242, -99.194187"
2021-01-25,HG IGNACIO ZARAGOZA,ISSSTE,Crítica,Media,"19.389472, -99.045019"
2021-01-25,HR PRIMERO DE OCTUBRE,ISSSTE,Media,Media,"19.486751, -99.133249"
2021-01-25,HR LIC. ADOLFO LÓPEZ MATEOS,ISSSTE,Media,Media,"19.358451, -99.172716"
2021-01-25,HR BICENTENARIO DE LA INDEPENDENCIA,ISSSTE,Crítica,Crítica,"19.628814, -99.163343"
2021-01-25,HOSPITAL CENTRAL MILITAR,SEDENA,Crítica,Crítica,"19.4373709, -99.216054"
2021-01-25,HOSPITAL MILITAR DE ESPCIALIDADES DE LA MUJER Y NEONATOLOGÍA,SEDENA,Crítica,Media,"19.4394142,-99.2207869"
2021-01-25,"UNIDAD OPERATIVA DE HOSPITALIZACIÓN COVID-19, 6/O. GRUPO DE MORTEROS 81 MM, CAMPO MILITAR NO. 1-A",SEDENA,Media,Sin Dato,"19.4463797,-99.2483637"
2021-01-25,"UNIDAD OPERATIVA DE TERAPIA Y HOSPITALIZACIÓN COVID-19, 22/O. BATALLÓN DE POLICÍA MILITAR, EL CHIVATITO",SEDENA,Sin Dato,Sin Dato,"19.4150009,-99.1841019"
2021-01-25,"UNIDAD OPERATIVA DE TERAPIA Y HOSPITALIZACIÓN COVID-19, 81/O. BATALLÓN DE INFANTERÍA, TLALPAN",SEDENA,Sin Dato,Sin Dato,"19.2646093,-99.1551676"
2021-01-25,H.M.Z. EL VERGEL IZTAPALAPA,SEDENA,Sin Dato,Sin Dato,"19.3131938,-99.0836122"
2021-01-25,H.M.Z. CAMPO MILITAR N1-A ,SEDENA,Sin Dato,Sin Dato,"19.3657943,-99.1492117"
2021-01-25,"HOSPITAL MILITAR DE ZONA, TEMAMANTLA, EDO. DE MÉXICO",SEDENA,Buena,Sin Dato,"19.188008,-98.856959"
2021-01-25,U.O.H. 6/O BATALLÓN DE FUERZAS ESPECIALES,SEDENA,Crítica,Sin Dato,"19.1922707,-98.8578722"
2021-01-25,H.M.Z. SANTA MARÍA RAYÓN ,SEDENA,Sin Dato,Buena,"19.1377854,-99.5966327"
2021-01-25,U.O.H. ALMOLOYA DE JUÁREZ ,SEDENA,Media,Sin Dato,"19.4035542,-99.7422616"
2021-01-25,CENTRO MÉDICO NAVAL,SEMAR,Crítica,Crítica,"19.3240164,-99.1274213"
2021-01-25,HOSPITAL CENTRAL SUR DE ALTA ESPECIALIDAD ,PEMEX,Crítica,Crítica,"19.3087458,-99.2209277"
2021-01-25,HOSPITAL CENTRAL NORTE,PEMEX,Crítica,Crítica,"19.479899,-99.2030617"
2021-01-25,ALTA ESPECIALIDAD DE ZUMPANGO,EDOMEX,Buena,Crítica,"19.815198, -99.089196"
2021-01-25,HOSPITAL REGIONAL TLALNEPANTLA ISSEMYM,EDOMEX,Crítica,Crítica,"19.521706, -99.187341"
2021-01-25,"HOSPITAL GENERAL ECATEPEC ""LAS AMÉRICAS""",EDOMEX,Media,Media,"19.594136, -99.018679"
2021-01-25,"HOSPITAL GENERAL DE NAUCALPAN ""DR. MAXIMILIANO RUIZ CASTAÑEDA"" ",EDOMEX,Media,Media,"19.468662, -99.234348"
2021-01-25,"HOSPITAL GENERAL ATIZAPAN DE ZARAGOZA ""DR. SALVADOR GONZALEZ HERREJÓN""",EDOMEX,Buena,Media,"19.546322, -99.237491"
2021-01-25,"HOSPITAL GENERAL CUAUTITLAN ""GRAL. JOSE VICENTE VILLADA""",EDOMEX,Crítica,Media,"19.664586, -99.178557"
2021-01-25,"HOSPITAL GENERAL DE NEZAHUALCOYOTL ""GUSTAVO BAZ PRADA""",EDOMEX,Media,Crítica,"19.422253, -99.014892"
2021-01-25,"HOSPITAL GENERAL DE ECATEPEC ""JOSÉ MARÍA RODRÍGUEZ""",EDOMEX,Buena,Crítica,"19.514412, -99.038087"
2021-01-25,"HOSPITAL GENERAL NEZAHUALCOYOTL ""LA PERLA"" ",EDOMEX,Buena,Media,"19.387963, -98.989442"
2021-01-25,HOSPITAL GENERAL DE CHIMALHUACAN,EDOMEX,Media,Crítica,"19.419753, -98.975140"
2021-01-25,"HOSPITAL GENERAL DE IXTAPALUCA ""PEDRO LOPEZ""",EDOMEX,Media,Buena,"19.318829, -98.855366"
2021-01-25,HOSPITAL GENERAL DE CHALCO ,EDOMEX,Media,Media,"19.268265, -98.893965"
2021-01-25,"HOSPITAL GENERAL TEXCOCO ""GUADALUPE VICTORIA"" BICENTENARIO ",EDOMEX,Crítica,Crítica,"19.514309, -98.871750"
2021-01-25,"HOSPITAL GENERAL VALLE DE CHALCO ""DR. FERNANDO QUIROZ GUTIERREZ"" ",EDOMEX,Media,Media,"19.273775, -98.941609"
2021-01-25,"HOSPITAL GENERAL AMECAMECA ""VALENTIN GOMEZ FARIAS"" ",EDOMEX,Media,Media,"19.144883, -98.785072"
2021-01-25,HOSPITAL GENERAL DE AXAPUSCO,EDOMEX,Crítica,Crítica,"19.732872, -98.769445"
2021-01-26,INSTITUTO NACIONAL DE NUTRICIÓN,SSA,Crítica,Crítica,"19.289599, -99.155441"
2021-01-26,INER,SSA,Buena,Crítica,"19.291375, -99.158653"
2021-01-26,HOSPITAL GENERAL DE MÉXICO,SSA,Crítica,Crítica,"19.4129258, -99.1520225"
2021-01-26,HOSPITAL JUAREZ,SSA,Crítica,Crítica,"19.481829, -99.135576"
2021-01-26,HOSPITAL GENERAL DR. MANUEL GEA GONZÁLEZ,SSA,Crítica,Media,"19.290295, -99.160861"
2021-01-26,HOSPITAL INFANTIL DE MÉXICO FEDERICO GÓMEZ,SSA,Buena,Crítica,"19.410839, -99.151941"
2021-01-26,INSTITUTO  NACIONAL DE CARDIOLOGÍA IGNACIO CHÁVEZ,SSA,Media,Media,"19.290598, -99.153838"
2021-01-26,CITIBANAMEX,SSA,Crítica,Crítica,"19.439732, -99.224235"
2021-01-26,HOSPITAL REGIONAL DE ALTA ESPECIALIDAD DE IXTAPALUCA,SSA,Crítica,Crítica,"19.318796, -98.855353"
2021-01-26,BELISARIO DOMINGUEZ,SEDESA,Buena,Media,"19.307226, -99.065356"
2021-01-26,ENRIQUE CABRERA,SEDESA,Media,Media,"19.361675, -99.224432"
2021-01-26,GENERAL TLAHUAC,SEDESA,Crítica,Media,"19.287492, -99.052665"
2021-01-26,PEDIATRICO DE LA VILLA,SEDESA,Buena,Buena,"19.487355, -99.114316"
2021-01-26,HOSPITAL GENERAL AJUSCO MEDIO,SEDESA,Crítica,Crítica,"19.272165, -99.207846"
2021-01-26,HOSPITAL GENERAL IZTAPALAPA,SEDESA,Crítica,Media,"19.343426, -99.027236"
2021-01-26,HOSPITAL GENERAL XOCO,SEDESA,Crítica,Media,"19.360313, -99.162275"
2021-01-26,HOSPITAL GENERAL VILLA,SEDESA,Crítica,Media,"19.480079, -99.103353"
2021-01-26,HOSPITAL GENERAL DR. RUBÉN LEÑERO,SEDESA,Crítica,Media,"19.451398, -99.169565"
2021-01-26,HOSPITAL GENERAL MILPA ALTA,SEDESA,Crítica,Media,"19.200951, -99.011210"
2021-01-26,HOSPITAL GENERAL BALBUENA,SEDESA,Media,Media,"19.424195, -99.115412"
2021-01-26,HOSPITAL TEPEPAN,SEDESA,Sin Dato,Sin Dato,"19.275806, -99.144298"
2021-01-26,HOSPITAL DE ESPECIALIDADES 01 CMN SIGLO XXI (CDMX SUR),IMSS,Crítica,Crítica,"19.466549, -99.145102"
2021-01-26,HOSPITAL DE PEDIATRIA 01 CMN SIGLO XXI (CDMX SUR),IMSS,Buena,Buena,"19.407458, -99.152267"
2021-01-26,HOSPITAL GENERAL DE ZONA 01 CARLOS MC GREGOR (CDMX SUR),IMSS,Crítica,Media,"19.395912, -99.161610"
2021-01-26,HOSPITAL GENERAL DE ZONA 1A PARQUE DE LOS VENADOS (CDMX SUR),IMSS,Crítica,Crítica,"19.374431, -99.151203"
2021-01-26,HOSPITAL DE INFECTOLOGIA 01 LA RAZA (CDMX NORTE),IMSS,Crítica,Buena,"19.464865, -99.144859"
2021-01-26,HOSPITAL GENERAL 01 (CDMX NORTE) LA RAZA,IMSS,Crítica,Crítica,"19.395740, -99.161677"
2021-01-26,HOSPITAL GENERAL DE ZONA 24 (CDMX NORTE),IMSS,Crítica,Crítica,"19.483221, -99.128448"
2021-01-26,HOSPITAL GENERAL DE ZONA 27 (CDMX NORTE),IMSS,Crítica,Crítica,"19.454776, -99.140007"
2021-01-26,HOSPITAL GENERAL DE ZONA 2A (CDMX SUR),IMSS,Crítica,Crítica,"19.405495, -99.112200"
2021-01-26,HOSPITAL GENERAL DE ZONA 30 (CDMX SUR),IMSS,Crítica,Media,"19.398836, -99.116913"
2021-01-26,HOSPITAL GENERAL DE ZONA 32 (CDMX SUR),IMSS,Crítica,Crítica,"19.307964, -99.130677"
2021-01-26,HOSPITAL GENERAL DE ZONA C/MF 08 (CDMX SUR),IMSS,Crítica,Media,"19.337137, -99.200142"
2021-01-26,HOSPITAL GENERAL DE ZONA C/UMAA 48 (CDMX NORTE),IMSS,Crítica,Crítica,"19.482375, -99.213046"
2021-01-26,HOSPITAL GENERAL 02 (CDMX SUR) VILLA COAPA (COY.),IMSS,Crítica,Media,"19.309194, -99.129593"
2021-01-26,HOSPITAL DE ESPECIALIDADES 01 (CDMX NORTE) LA RAZA (AZC),IMSS,Crítica,Crítica,"19.467169, -99.143785"
2021-01-26,HOSPITAL GENERAL DE ZONA C/MF 29 (S. JUAN ARAGÓN),IMSS,Crítica,Media,"19.465117, -99.085162"
2021-01-26,HOSPITAL GENERAL DE ZONA 47 (CDMX SUR) (IZP),IMSS,Crítica,Crítica,"19.357566, -99.054269"
2021-01-26,UNIDAD MÓVIL TEMPORAL COVID,IMSS,Crítica,Crítica,"19.403082, -99.089177"
2021-01-26,CRIT IZTAPALAPA,IMSS,Sin Dato,Sin Dato,"19.328321, -99.068530"
2021-01-26,HOSPITAL GENERAL REGIONAL 72,IMSS,Crítica,Media,"19.356913, -98.990929"
2021-01-26,HOSPITAL GENERAL REGIONAL 196,IMSS,Crítica,Crítica,"19.515133, -98.891450"
2021-01-26,HOSPITAL GENERAL REGIONAL 200,IMSS,Crítica,Media,"19.470300, -99.234208"
2021-01-26,HOSPITAL GENERAL DE ZONA 53,IMSS,Crítica,Crítica,"19.597387, -99.188426"
2021-01-26,HOSPITAL GENERAL DE ZONA 197,IMSS,Crítica,Media,"19.530797, -99.222446"
2021-01-26,HOSPITAL GENERAL DE ZONA 194,IMSS,Crítica,Crítica,"19.570070, -99.044009"
2021-01-26,HOSPITAL GENERAL DE ZONA 57 (LA QUEBRADA),IMSS,Crítica,Crítica,"19.542797, -99.205022"
2021-01-26,HOSPITAL GENERAL DE ZONA 58 (LAS MARGARITAS),IMSS,Crítica,Crítica,"19.529016, -99.030983"
2021-01-26,HOSPITAL GENERAL DE ZONA 68 (TULPETLAC),IMSS,Crítica,Crítica,"19.742905, -98.972971"
2021-01-26,HOSPITAL GENERAL DE ZONA 71 (CHALCO),IMSS,Crítica,Crítica,"19.356913, -98.990929"
2021-01-26,HOSPITAL GENERAL DE ZONA 76 (XALOSTOC),IMSS,Crítica,Media,"19.515133, -98.891450"
2021-01-26,HOSPITAL GENERAL DE ZONA 98 (COACALCO),IMSS,Crítica,Media,"19.470300, -99.234208"
2021-01-26,CRIT NEZAHUALCÓYOTL,IMSS,Sin Dato,Sin Dato,"19.425795, -99.029987"
2021-01-26,CENTRO MEDICO 20 DE NOVIEMBRE,ISSSTE,Crítica,Crítica,"19.372720, -99.171205"
2021-01-26,HG DARIO FERNANDEZ FIERRO,ISSSTE,Crítica,Media,"19.363602, -99.188608"
2021-01-26,HG JOSE MARIA MORELOS,ISSSTE,Media,Crítica,"19.363918, -98.995393"
2021-01-26,HG TACUBA,ISSSTE,Crítica,Buena,"19.454384, -99.191231"
2021-01-26,HG DR FERNANDO QUIROZ,ISSSTE,Media,Crítica,"19.394242, -99.194187"
2021-01-26,HG IGNACIO ZARAGOZA,ISSSTE,Crítica,Media,"19.389472, -99.045019"
2021-01-26,HR PRIMERO DE OCTUBRE,ISSSTE,Media,Media,"19.486751, -99.133249"
2021-01-26,HR LIC. ADOLFO LÓPEZ MATEOS,ISSSTE,Media,Crítica,"19.358451, -99.172716"
2021-01-26,HR BICENTENARIO DE LA INDEPENDENCIA,ISSSTE,Crítica,Crítica,"19.628814, -99.163343"
2021-01-26,HOSPITAL CENTRAL MILITAR,SEDENA,Crítica,Crítica,"19.4373709, -99.216054"
2021-01-26,HOSPITAL MILITAR DE ESPCIALIDADES DE LA MUJER Y NEONATOLOGÍA,SEDENA,Crítica,Media,"19.4394142,-99.2207869"
2021-01-26,"UNIDAD OPERATIVA DE HOSPITALIZACIÓN COVID-19, 6/O. GRUPO DE MORTEROS 81 MM, CAMPO MILITAR NO. 1-A",SEDENA,Media,Sin Dato,"19.4463797,-99.2483637"
2021-01-26,"UNIDAD OPERATIVA DE TERAPIA Y HOSPITALIZACIÓN COVID-19, 22/O. BATALLÓN DE POLICÍA MILITAR, EL CHIVATITO",SEDENA,Sin Dato,Sin Dato,"19.4150009,-99.1841019"
2021-01-26,"UNIDAD OPERATIVA DE TERAPIA Y HOSPITALIZACIÓN COVID-19, 81/O. BATALLÓN DE INFANTERÍA, TLALPAN",SEDENA,Sin Dato,Sin Dato,"19.2646093,-99.1551676"
2021-01-26,H.M.Z. EL VERGEL IZTAPALAPA,SEDENA,Sin Dato,Sin Dato,"19.3131938,-99.0836122"
2021-01-26,H.M.Z. CAMPO MILITAR N1-A ,SEDENA,Sin Dato,Sin Dato,"19.3657943,-99.1492117"
2021-01-26,"HOSPITAL MILITAR DE ZONA, TEMAMANTLA, EDO. DE MÉXICO",SEDENA,Buena,Sin Dato,"19.188008,-98.856959"
2021-01-26,U.O.H. 6/O BATALLÓN DE FUERZAS ESPECIALES,SEDENA,Crítica,Sin Dato,"19.1922707,-98.8578722"
2021-01-26,H.M.Z. SANTA MARÍA RAYÓN ,SEDENA,Sin Dato,Buena,"19.1377854,-99.5966327"
2021-01-26,U.O.H. ALMOLOYA DE JUÁREZ ,SEDENA,Media,Sin Dato,"19.4035542,-99.7422616"
2021-01-26,CENTRO MÉDICO NAVAL,SEMAR,Crítica,Crítica,"19.3240164,-99.1274213"
2021-01-26,HOSPITAL CENTRAL SUR DE ALTA ESPECIALIDAD ,PEMEX,Crítica,Crítica,"19.3087458,-99.2209277"
2021-01-26,HOSPITAL CENTRAL NORTE,PEMEX,Crítica,Crítica,"19.479899,-99.2030617"
2021-01-26,ALTA ESPECIALIDAD DE ZUMPANGO,EDOMEX,Buena,Media,"19.815198, -99.089196"
2021-01-26,HOSPITAL REGIONAL TLALNEPANTLA ISSEMYM,EDOMEX,Crítica,Crítica,"19.521706, -99.187341"
2021-01-26,"HOSPITAL GENERAL ECATEPEC ""LAS AMÉRICAS""",EDOMEX,Media,Media,"19.594136, -99.018679"
2021-01-26,"HOSPITAL GENERAL DE NAUCALPAN ""DR. MAXIMILIANO RUIZ CASTAÑEDA"" ",EDOMEX,Media,Media,"19.468662, -99.234348"
2021-01-26,"HOSPITAL GENERAL ATIZAPAN DE ZARAGOZA ""DR. SALVADOR GONZALEZ HERREJÓN""",EDOMEX,Buena,Media,"19.546322, -99.237491"
2021-01-26,"HOSPITAL GENERAL CUAUTITLAN ""GRAL. JOSE VICENTE VILLADA""",EDOMEX,Crítica,Media,"19.664586, -99.178557"
2021-01-26,"HOSPITAL GENERAL DE NEZAHUALCOYOTL ""GUSTAVO BAZ PRADA""",EDOMEX,Buena,Crítica,"19.422253, -99.014892"
2021-01-26,"HOSPITAL GENERAL DE ECATEPEC ""JOSÉ MARÍA RODRÍGUEZ""",EDOMEX,Media,Crítica,"19.514412, -99.038087"
2021-01-26,"HOSPITAL GENERAL NEZAHUALCOYOTL ""LA PERLA"" ",EDOMEX,Buena,Crítica,"19.387963, -98.989442"
2021-01-26,HOSPITAL GENERAL DE CHIMALHUACAN,EDOMEX,Media,Crítica,"19.419753, -98.975140"
2021-01-26,"HOSPITAL GENERAL DE IXTAPALUCA ""PEDRO LOPEZ""",EDOMEX,Media,Buena,"19.318829, -98.855366"
2021-01-26,HOSPITAL GENERAL DE CHALCO ,EDOMEX,Media,Media,"19.268265, -98.893965"
2021-01-26,"HOSPITAL GENERAL TEXCOCO ""GUADALUPE VICTORIA"" BICENTENARIO ",EDOMEX,Crítica,Crítica,"19.514309, -98.871750"
2021-01-26,"HOSPITAL GENERAL VALLE DE CHALCO ""DR. FERNANDO QUIROZ GUTIERREZ"" ",EDOMEX,Media,Media,"19.273775, -98.941609"
2021-01-26,"HOSPITAL GENERAL AMECAMECA ""VALENTIN GOMEZ FARIAS"" ",EDOMEX,Media,Media,"19.144883, -98.785072"
2021-01-26,HOSPITAL GENERAL DE AXAPUSCO,EDOMEX,Crítica,Crítica,"19.732872, -98.769445"
2021-01-27,INSTITUTO NACIONAL DE NUTRICIÓN,SSA,Crítica,Crítica,"19.289599, -99.155441"
2021-01-27,INER,SSA,Buena,Crítica,"19.291375, -99.158653"
2021-01-27,HOSPITAL GENERAL DE MÉXICO,SSA,Crítica,Crítica,"19.4129258, -99.1520225"
2021-01-27,HOSPITAL JUAREZ,SSA,Crítica,Crítica,"19.481829, -99.135576"
2021-01-27,HOSPITAL GENERAL DR. MANUEL GEA GONZÁLEZ,SSA,Crítica,Media,"19.290295, -99.160861"
2021-01-27,HOSPITAL INFANTIL DE MÉXICO FEDERICO GÓMEZ,SSA,Buena,Crítica,"19.410839, -99.151941"
2021-01-27,INSTITUTO  NACIONAL DE CARDIOLOGÍA IGNACIO CHÁVEZ,SSA,Media,Buena,"19.290598, -99.153838"
2021-01-27,CITIBANAMEX,SSA,Crítica,Crítica,"19.439732, -99.224235"
2021-01-27,HOSPITAL REGIONAL DE ALTA ESPECIALIDAD DE IXTAPALUCA,SSA,Crítica,Crítica,"19.318796, -98.855353"
2021-01-27,BELISARIO DOMINGUEZ,SEDESA,Buena,Media,"19.307226, -99.065356"
2021-01-27,ENRIQUE CABRERA,SEDESA,Media,Media,"19.361675, -99.224432"
2021-01-27,GENERAL TLAHUAC,SEDESA,Crítica,Media,"19.287492, -99.052665"
2021-01-27,PEDIATRICO DE LA VILLA,SEDESA,Buena,Buena,"19.487355, -99.114316"
2021-01-27,HOSPITAL GENERAL AJUSCO MEDIO,SEDESA,Crítica,Crítica,"19.272165, -99.207846"
2021-01-27,HOSPITAL GENERAL IZTAPALAPA,SEDESA,Crítica,Media,"19.343426, -99.027236"
2021-01-27,HOSPITAL GENERAL XOCO,SEDESA,Crítica,Media,"19.360313, -99.162275"
2021-01-27,HOSPITAL GENERAL VILLA,SEDESA,Crítica,Crítica,"19.480079, -99.103353"
2021-01-27,HOSPITAL GENERAL DR. RUBÉN LEÑERO,SEDESA,Crítica,Media,"19.451398, -99.169565"
2021-01-27,HOSPITAL GENERAL MILPA ALTA,SEDESA,Crítica,Crítica,"19.200951, -99.011210"
2021-01-27,HOSPITAL GENERAL BALBUENA,SEDESA,Media,Crítica,"19.424195, -99.115412"
2021-01-27,HOSPITAL TEPEPAN,SEDESA,Sin Dato,Sin Dato,"19.275806, -99.144298"
2021-01-27,HOSPITAL DE ESPECIALIDADES 01 CMN SIGLO XXI (CDMX SUR),IMSS,Crítica,Crítica,"19.466549, -99.145102"
2021-01-27,HOSPITAL DE PEDIATRIA 01 CMN SIGLO XXI (CDMX SUR),IMSS,Buena,Buena,"19.407458, -99.152267"
2021-01-27,HOSPITAL GENERAL DE ZONA 01 CARLOS MC GREGOR (CDMX SUR),IMSS,Crítica,Media,"19.395912, -99.161610"
2021-01-27,HOSPITAL GENERAL DE ZONA 1A PARQUE DE LOS VENADOS (CDMX SUR),IMSS,Crítica,Crítica,"19.374431, -99.151203"
2021-01-27,HOSPITAL DE INFECTOLOGIA 01 LA RAZA (CDMX NORTE),IMSS,Crítica,Buena,"19.464865, -99.144859"
2021-01-27,HOSPITAL GENERAL 01 (CDMX NORTE) LA RAZA,IMSS,Crítica,Crítica,"19.395740, -99.161677"
2021-01-27,HOSPITAL GENERAL DE ZONA 24 (CDMX NORTE),IMSS,Crítica,Media,"19.483221, -99.128448"
2021-01-27,HOSPITAL GENERAL DE ZONA 27 (CDMX NORTE),IMSS,Crítica,Crítica,"19.454776, -99.140007"
2021-01-27,HOSPITAL GENERAL DE ZONA 2A (CDMX SUR),IMSS,Crítica,Crítica,"19.405495, -99.112200"
2021-01-27,HOSPITAL GENERAL DE ZONA 30 (CDMX SUR),IMSS,Crítica,Media,"19.398836, -99.116913"
2021-01-27,HOSPITAL GENERAL DE ZONA 32 (CDMX SUR),IMSS,Crítica,Crítica,"19.307964, -99.130677"
2021-01-27,HOSPITAL GENERAL DE ZONA C/MF 08 (CDMX SUR),IMSS,Crítica,Media,"19.337137, -99.200142"
2021-01-27,HOSPITAL GENERAL DE ZONA C/UMAA 48 (CDMX NORTE),IMSS,Crítica,Crítica,"19.482375, -99.213046"
2021-01-27,HOSPITAL GENERAL 02 (CDMX SUR) VILLA COAPA (COY.),IMSS,Crítica,Media,"19.309194, -99.129593"
2021-01-27,HOSPITAL DE ESPECIALIDADES 01 (CDMX NORTE) LA RAZA (AZC),IMSS,Crítica,Crítica,"19.467169, -99.143785"
2021-01-27,HOSPITAL GENERAL DE ZONA C/MF 29 (S. JUAN ARAGÓN),IMSS,Crítica,Media,"19.465117, -99.085162"
2021-01-27,HOSPITAL GENERAL DE ZONA 47 (CDMX SUR) (IZP),IMSS,Crítica,Crítica,"19.357566, -99.054269"
2021-01-27,UNIDAD MÓVIL TEMPORAL COVID,IMSS,Crítica,Crítica,"19.403082, -99.089177"
2021-01-27,CRIT IZTAPALAPA,IMSS,Sin Dato,Sin Dato,"19.328321, -99.068530"
2021-01-27,HOSPITAL GENERAL REGIONAL 72,IMSS,Crítica,Crítica,"19.356913, -98.990929"
2021-01-27,HOSPITAL GENERAL REGIONAL 196,IMSS,Crítica,Crítica,"19.515133, -98.891450"
2021-01-27,HOSPITAL GENERAL REGIONAL 200,IMSS,Crítica,Crítica,"19.470300, -99.234208"
2021-01-27,HOSPITAL GENERAL DE ZONA 53,IMSS,Crítica,Crítica,"19.597387, -99.188426"
2021-01-27,HOSPITAL GENERAL DE ZONA 197,IMSS,Crítica,Media,"19.530797, -99.222446"
2021-01-27,HOSPITAL GENERAL DE ZONA 194,IMSS,Crítica,Crítica,"19.570070, -99.044009"
2021-01-27,HOSPITAL GENERAL DE ZONA 57 (LA QUEBRADA),IMSS,Crítica,Crítica,"19.542797, -99.205022"
2021-01-27,HOSPITAL GENERAL DE ZONA 58 (LAS MARGARITAS),IMSS,Crítica,Crítica,"19.529016, -99.030983"
2021-01-27,HOSPITAL GENERAL DE ZONA 68 (TULPETLAC),IMSS,Crítica,Crítica,"19.742905, -98.972971"
2021-01-27,HOSPITAL GENERAL DE ZONA 71 (CHALCO),IMSS,Crítica,Media,"19.356913, -98.990929"
2021-01-27,HOSPITAL GENERAL DE ZONA 76 (XALOSTOC),IMSS,Crítica,Crítica,"19.515133, -98.891450"
2021-01-27,HOSPITAL GENERAL DE ZONA 98 (COACALCO),IMSS,Crítica,Buena,"19.470300, -99.234208"
2021-01-27,CRIT NEZAHUALCÓYOTL,IMSS,Sin Dato,Sin Dato,"19.425795, -99.029987"
2021-01-27,CENTRO MEDICO 20 DE NOVIEMBRE,ISSSTE,Crítica,Crítica,"19.372720, -99.171205"
2021-01-27,HG DARIO FERNANDEZ FIERRO,ISSSTE,Crítica,Media,"19.363602, -99.188608"
2021-01-27,HG JOSE MARIA MORELOS,ISSSTE,Media,Crítica,"19.363918, -98.995393"
2021-01-27,HG TACUBA,ISSSTE,Crítica,Buena,"19.454384, -99.191231"
2021-01-27,HG DR FERNANDO QUIROZ,ISSSTE,Crítica,Crítica,"19.394242, -99.194187"
2021-01-27,HG IGNACIO ZARAGOZA,ISSSTE,Crítica,Media,"19.389472, -99.045019"
2021-01-27,HR PRIMERO DE OCTUBRE,ISSSTE,Media,Media,"19.486751, -99.133249"
2021-01-27,HR LIC. ADOLFO LÓPEZ MATEOS,ISSSTE,Media,Media,"19.358451, -99.172716"
2021-01-27,HR BICENTENARIO DE LA INDEPENDENCIA,ISSSTE,Crítica,Crítica,"19.628814, -99.163343"
2021-01-27,HOSPITAL CENTRAL MILITAR,SEDENA,Crítica,Crítica,"19.4373709, -99.216054"
2021-01-27,HOSPITAL MILITAR DE ESPCIALIDADES DE LA MUJER Y NEONATOLOGÍA,SEDENA,Crítica,Media,"19.4394142,-99.2207869"
2021-01-27,"UNIDAD OPERATIVA DE HOSPITALIZACIÓN COVID-19, 6/O. GRUPO DE MORTEROS 81 MM, CAMPO MILITAR NO. 1-A",SEDENA,Media,Sin Dato,"19.4463797,-99.2483637"
2021-01-27,"UNIDAD OPERATIVA DE TERAPIA Y HOSPITALIZACIÓN COVID-19, 22/O. BATALLÓN DE POLICÍA MILITAR, EL CHIVATITO",SEDENA,Sin Dato,Sin Dato,"19.4150009,-99.1841019"
2021-01-27,"UNIDAD OPERATIVA DE TERAPIA Y HOSPITALIZACIÓN COVID-19, 81/O. BATALLÓN DE INFANTERÍA, TLALPAN",SEDENA,Sin Dato,Sin Dato,"19.2646093,-99.1551676"
2021-01-27,H.M.Z. EL VERGEL IZTAPALAPA,SEDENA,Sin Dato,Sin Dato,"19.3131938,-99.0836122"
2021-01-27,H.M.Z. CAMPO MILITAR N1-A ,SEDENA,Sin Dato,Sin Dato,"19.3657943,-99.1492117"
2021-01-27,"HOSPITAL MILITAR DE ZONA, TEMAMANTLA, EDO. DE MÉXICO",SEDENA,Buena,Sin Dato,"19.188008,-98.856959"
2021-01-27,U.O.H. 6/O BATALLÓN DE FUERZAS ESPECIALES,SEDENA,Crítica,Sin Dato,"19.1922707,-98.8578722"
2021-01-27,H.M.Z. SANTA MARÍA RAYÓN ,SEDENA,Sin Dato,Buena,"19.1377854,-99.5966327"
2021-01-27,U.O.H. ALMOLOYA DE JUÁREZ ,SEDENA,Media,Sin Dato,"19.4035542,-99.7422616"
2021-01-27,CENTRO MÉDICO NAVAL,SEMAR,Crítica,Crítica,"19.3240164,-99.1274213"
2021-01-27,HOSPITAL CENTRAL SUR DE ALTA ESPECIALIDAD ,PEMEX,Crítica,Crítica,"19.3087458,-99.2209277"
2021-01-27,HOSPITAL CENTRAL NORTE,PEMEX,Crítica,Crítica,"19.479899,-99.2030617"
2021-01-27,ALTA ESPECIALIDAD DE ZUMPANGO,EDOMEX,Buena,Crítica,"19.815198, -99.089196"
2021-01-27,HOSPITAL REGIONAL TLALNEPANTLA ISSEMYM,EDOMEX,Crítica,Crítica,"19.521706, -99.187341"
2021-01-27,"HOSPITAL GENERAL ECATEPEC ""LAS AMÉRICAS""",EDOMEX,Media,Media,"19.594136, -99.018679"
2021-01-27,"HOSPITAL GENERAL DE NAUCALPAN ""DR. MAXIMILIANO RUIZ CASTAÑEDA"" ",EDOMEX,Buena,Media,"19.468662, -99.234348"
2021-01-27,"HOSPITAL GENERAL ATIZAPAN DE ZARAGOZA ""DR. SALVADOR GONZALEZ HERREJÓN""",EDOMEX,Buena,Media,"19.546322, -99.237491"
2021-01-27,"HOSPITAL GENERAL CUAUTITLAN ""GRAL. JOSE VICENTE VILLADA""",EDOMEX,Crítica,Media,"19.664586, -99.178557"
2021-01-27,"HOSPITAL GENERAL DE NEZAHUALCOYOTL ""GUSTAVO BAZ PRADA""",EDOMEX,Media,Crítica,"19.422253, -99.014892"
2021-01-27,"HOSPITAL GENERAL DE ECATEPEC ""JOSÉ MARÍA RODRÍGUEZ""",EDOMEX,Media,Crítica,"19.514412, -99.038087"
2021-01-27,"HOSPITAL GENERAL NEZAHUALCOYOTL ""LA PERLA"" ",EDOMEX,Buena,Crítica,"19.387963, -98.989442"
2021-01-27,HOSPITAL GENERAL DE CHIMALHUACAN,EDOMEX,Crítica,Crítica,"19.419753, -98.975140"
2021-01-27,"HOSPITAL GENERAL DE IXTAPALUCA ""PEDRO LOPEZ""",EDOMEX,Media,Buena,"19.318829, -98.855366"
2021-01-27,HOSPITAL GENERAL DE CHALCO ,EDOMEX,Media,Buena,"19.268265, -98.893965"
2021-01-27,"HOSPITAL GENERAL TEXCOCO ""GUADALUPE VICTORIA"" BICENTENARIO ",EDOMEX,Crítica,Crítica,"19.514309, -98.871750"
2021-01-27,"HOSPITAL GENERAL VALLE DE CHALCO ""DR. FERNANDO QUIROZ GUTIERREZ"" ",EDOMEX,Media,Buena,"19.273775, -98.941609"
2021-01-27,"HOSPITAL GENERAL AMECAMECA ""VALENTIN GOMEZ FARIAS"" ",EDOMEX,Media,Media,"19.144883, -98.785072"
2021-01-27,HOSPITAL GENERAL DE AXAPUSCO,EDOMEX,Crítica,Crítica,"19.732872, -98.769445"
2021-01-28,INSTITUTO NACIONAL DE NUTRICIÓN,SSA,Crítica,Crítica,"19.289599, -99.155441"
2021-01-28,INER,SSA,Buena,Crítica,"19.291375, -99.158653"
2021-01-28,HOSPITAL GENERAL DE MÉXICO,SSA,Crítica,Crítica,"19.4129258, -99.1520225"
2021-01-28,HOSPITAL JUAREZ,SSA,Crítica,Crítica,"19.481829, -99.135576"
2021-01-28,HOSPITAL GENERAL DR. MANUEL GEA GONZÁLEZ,SSA,Crítica,Media,"19.290295, -99.160861"
2021-01-28,HOSPITAL INFANTIL DE MÉXICO FEDERICO GÓMEZ,SSA,Buena,Crítica,"19.410839, -99.151941"
2021-01-28,INSTITUTO  NACIONAL DE CARDIOLOGÍA IGNACIO CHÁVEZ,SSA,Crítica,Buena,"19.290598, -99.153838"
2021-01-28,CITIBANAMEX,SSA,Crítica,Crítica,"19.439732, -99.224235"
2021-01-28,HOSPITAL REGIONAL DE ALTA ESPECIALIDAD DE IXTAPALUCA,SSA,Crítica,Crítica,"19.318796, -98.855353"
2021-01-28,BELISARIO DOMINGUEZ,SEDESA,Buena,Media,"19.307226, -99.065356"
2021-01-28,ENRIQUE CABRERA,SEDESA,Media,Crítica,"19.361675, -99.224432"
2021-01-28,GENERAL TLAHUAC,SEDESA,Crítica,Buena,"19.287492, -99.052665"
2021-01-28,PEDIATRICO DE LA VILLA,SEDESA,Buena,Buena,"19.487355, -99.114316"
2021-01-28,HOSPITAL GENERAL AJUSCO MEDIO,SEDESA,Crítica,Crítica,"19.272165, -99.207846"
2021-01-28,HOSPITAL GENERAL IZTAPALAPA,SEDESA,Media,Media,"19.343426, -99.027236"
2021-01-28,HOSPITAL GENERAL XOCO,SEDESA,Crítica,Media,"19.360313, -99.162275"
2021-01-28,HOSPITAL GENERAL VILLA,SEDESA,Crítica,Media,"19.480079, -99.103353"
2021-01-28,HOSPITAL GENERAL DR. RUBÉN LEÑERO,SEDESA,Crítica,Media,"19.451398, -99.169565"
2021-01-28,HOSPITAL GENERAL MILPA ALTA,SEDESA,Crítica,Crítica,"19.200951, -99.011210"
2021-01-28,HOSPITAL GENERAL BALBUENA,SEDESA,Media,Media,"19.424195, -99.115412"
2021-01-28,HOSPITAL TEPEPAN,SEDESA,Sin Dato,Sin Dato,"19.275806, -99.144298"
2021-01-28,HOSPITAL DE ESPECIALIDADES 01 CMN SIGLO XXI (CDMX SUR),IMSS,Crítica,Crítica,"19.466549, -99.145102"
2021-01-28,HOSPITAL DE PEDIATRIA 01 CMN SIGLO XXI (CDMX SUR),IMSS,Buena,Buena,"19.407458, -99.152267"
2021-01-28,HOSPITAL GENERAL DE ZONA 01 CARLOS MC GREGOR (CDMX SUR),IMSS,Crítica,Media,"19.395912, -99.161610"
2021-01-28,HOSPITAL GENERAL DE ZONA 1A PARQUE DE LOS VENADOS (CDMX SUR),IMSS,Crítica,Crítica,"19.374431, -99.151203"
2021-01-28,HOSPITAL DE INFECTOLOGIA 01 LA RAZA (CDMX NORTE),IMSS,Crítica,Buena,"19.464865, -99.144859"
2021-01-28,HOSPITAL GENERAL 01 (CDMX NORTE) LA RAZA,IMSS,Crítica,Crítica,"19.395740, -99.161677"
2021-01-28,HOSPITAL GENERAL DE ZONA 24 (CDMX NORTE),IMSS,Crítica,Media,"19.483221, -99.128448"
2021-01-28,HOSPITAL GENERAL DE ZONA 27 (CDMX NORTE),IMSS,Crítica,Crítica,"19.454776, -99.140007"
2021-01-28,HOSPITAL GENERAL DE ZONA 2A (CDMX SUR),IMSS,Crítica,Crítica,"19.405495, -99.112200"
2021-01-28,HOSPITAL GENERAL DE ZONA 30 (CDMX SUR),IMSS,Crítica,Media,"19.398836, -99.116913"
2021-01-28,HOSPITAL GENERAL DE ZONA 32 (CDMX SUR),IMSS,Crítica,Crítica,"19.307964, -99.130677"
2021-01-28,HOSPITAL GENERAL DE ZONA C/MF 08 (CDMX SUR),IMSS,Crítica,Media,"19.337137, -99.200142"
2021-01-28,HOSPITAL GENERAL DE ZONA C/UMAA 48 (CDMX NORTE),IMSS,Crítica,Media,"19.482375, -99.213046"
2021-01-28,HOSPITAL GENERAL 02 (CDMX SUR) VILLA COAPA (COY.),IMSS,Crítica,Media,"19.309194, -99.129593"
2021-01-28,HOSPITAL DE ESPECIALIDADES 01 (CDMX NORTE) LA RAZA (AZC),IMSS,Crítica,Media,"19.467169, -99.143785"
2021-01-28,HOSPITAL GENERAL DE ZONA C/MF 29 (S. JUAN ARAGÓN),IMSS,Crítica,Media,"19.465117, -99.085162"
2021-01-28,HOSPITAL GENERAL DE ZONA 47 (CDMX SUR) (IZP),IMSS,Crítica,Crítica,"19.357566, -99.054269"
2021-01-28,UNIDAD MÓVIL TEMPORAL COVID,IMSS,Crítica,Crítica,"19.403082, -99.089177"
2021-01-28,CRIT IZTAPALAPA,IMSS,Sin Dato,Sin Dato,"19.328321, -99.068530"
2021-01-28,HOSPITAL GENERAL REGIONAL 72,IMSS,Crítica,Crítica,"19.356913, -98.990929"
2021-01-28,HOSPITAL GENERAL REGIONAL 196,IMSS,Crítica,Media,"19.515133, -98.891450"
2021-01-28,HOSPITAL GENERAL REGIONAL 200,IMSS,Crítica,Media,"19.470300, -99.234208"
2021-01-28,HOSPITAL GENERAL DE ZONA 53,IMSS,Crítica,Crítica,"19.597387, -99.188426"
2021-01-28,HOSPITAL GENERAL DE ZONA 197,IMSS,Crítica,Crítica,"19.530797, -99.222446"
2021-01-28,HOSPITAL GENERAL DE ZONA 194,IMSS,Crítica,Crítica,"19.570070, -99.044009"
2021-01-28,HOSPITAL GENERAL DE ZONA 57 (LA QUEBRADA),IMSS,Crítica,Crítica,"19.542797, -99.205022"
2021-01-28,HOSPITAL GENERAL DE ZONA 58 (LAS MARGARITAS),IMSS,Crítica,Crítica,"19.529016, -99.030983"
2021-01-28,HOSPITAL GENERAL DE ZONA 68 (TULPETLAC),IMSS,Crítica,Crítica,"19.742905, -98.972971"
2021-01-28,HOSPITAL GENERAL DE ZONA 71 (CHALCO),IMSS,Crítica,Crítica,"19.356913, -98.990929"
2021-01-28,HOSPITAL GENERAL DE ZONA 76 (XALOSTOC),IMSS,Crítica,Crítica,"19.515133, -98.891450"
2021-01-28,HOSPITAL GENERAL DE ZONA 98 (COACALCO),IMSS,Crítica,Media,"19.470300, -99.234208"
2021-01-28,CRIT NEZAHUALCÓYOTL,IMSS,Sin Dato,Sin Dato,"19.425795, -99.029987"
2021-01-28,CENTRO MEDICO 20 DE NOVIEMBRE,ISSSTE,Crítica,Crítica,"19.372720, -99.171205"
2021-01-28,HG DARIO FERNANDEZ FIERRO,ISSSTE,Crítica,Media,"19.363602, -99.188608"
2021-01-28,HG JOSE MARIA MORELOS,ISSSTE,Media,Crítica,"19.363918, -98.995393"
2021-01-28,HG TACUBA,ISSSTE,Crítica,Buena,"19.454384, -99.191231"
2021-01-28,HG DR FERNANDO QUIROZ,ISSSTE,Crítica,Crítica,"19.394242, -99.194187"
2021-01-28,HG IGNACIO ZARAGOZA,ISSSTE,Crítica,Media,"19.389472, -99.045019"
2021-01-28,HR PRIMERO DE OCTUBRE,ISSSTE,Crítica,Media,"19.486751, -99.133249"
2021-01-28,HR LIC. ADOLFO LÓPEZ MATEOS,ISSSTE,Media,Media,"19.358451, -99.172716"
2021-01-28,HR BICENTENARIO DE LA INDEPENDENCIA,ISSSTE,Crítica,Crítica,"19.628814, -99.163343"
2021-01-28,HOSPITAL CENTRAL MILITAR,SEDENA,Crítica,Crítica,"19.4373709, -99.216054"
2021-01-28,HOSPITAL MILITAR DE ESPCIALIDADES DE LA MUJER Y NEONATOLOGÍA,SEDENA,Crítica,Buena,"19.4394142,-99.2207869"
2021-01-28,"UNIDAD OPERATIVA DE HOSPITALIZACIÓN COVID-19, 6/O. GRUPO DE MORTEROS 81 MM, CAMPO MILITAR NO. 1-A",SEDENA,Media,Sin Dato,"19.4463797,-99.2483637"
2021-01-28,"UNIDAD OPERATIVA DE TERAPIA Y HOSPITALIZACIÓN COVID-19, 22/O. BATALLÓN DE POLICÍA MILITAR, EL CHIVATITO",SEDENA,Sin Dato,Sin Dato,"19.4150009,-99.1841019"
2021-01-28,"UNIDAD OPERATIVA DE TERAPIA Y HOSPITALIZACIÓN COVID-19, 81/O. BATALLÓN DE INFANTERÍA, TLALPAN",SEDENA,Sin Dato,Sin Dato,"19.2646093,-99.1551676"
2021-01-28,H.M.Z. EL VERGEL IZTAPALAPA,SEDENA,Sin Dato,Sin Dato,"19.3131938,-99.0836122"
2021-01-28,H.M.Z. CAMPO MILITAR N1-A ,SEDENA,Sin Dato,Sin Dato,"19.3657943,-99.1492117"
2021-01-28,"HOSPITAL MILITAR DE ZONA, TEMAMANTLA, EDO. DE MÉXICO",SEDENA,Buena,Sin Dato,"19.188008,-98.856959"
2021-01-28,U.O.H. 6/O BATALLÓN DE FUERZAS ESPECIALES,SEDENA,Crítica,Sin Dato,"19.1922707,-98.8578722"
2021-01-28,H.M.Z. SANTA MARÍA RAYÓN ,SEDENA,Sin Dato,Buena,"19.1377854,-99.5966327"
2021-01-28,U.O.H. ALMOLOYA DE JUÁREZ ,SEDENA,Media,Sin Dato,"19.4035542,-99.7422616"
2021-01-28,CENTRO MÉDICO NAVAL,SEMAR,Crítica,Crítica,"19.3240164,-99.1274213"
2021-01-28,HOSPITAL CENTRAL SUR DE ALTA ESPECIALIDAD ,PEMEX,Crítica,Crítica,"19.3087458,-99.2209277"
2021-01-28,HOSPITAL CENTRAL NORTE,PEMEX,Crítica,Crítica,"19.479899,-99.2030617"
2021-01-28,ALTA ESPECIALIDAD DE ZUMPANGO,EDOMEX,Buena,Media,"19.815198, -99.089196"
2021-01-28,HOSPITAL REGIONAL TLALNEPANTLA ISSEMYM,EDOMEX,Crítica,Crítica,"19.521706, -99.187341"
2021-01-28,"HOSPITAL GENERAL ECATEPEC ""LAS AMÉRICAS""",EDOMEX,Media,Media,"19.594136, -99.018679"
2021-01-28,"HOSPITAL GENERAL DE NAUCALPAN ""DR. MAXIMILIANO RUIZ CASTAÑEDA"" ",EDOMEX,Buena,Media,"19.468662, -99.234348"
2021-01-28,"HOSPITAL GENERAL ATIZAPAN DE ZARAGOZA ""DR. SALVADOR GONZALEZ HERREJÓN""",EDOMEX,Buena,Media,"19.546322, -99.237491"
2021-01-28,"HOSPITAL GENERAL CUAUTITLAN ""GRAL. JOSE VICENTE VILLADA""",EDOMEX,Crítica,Media,"19.664586, -99.178557"
2021-01-28,"HOSPITAL GENERAL DE NEZAHUALCOYOTL ""GUSTAVO BAZ PRADA""",EDOMEX,Media,Crítica,"19.422253, -99.014892"
2021-01-28,"HOSPITAL GENERAL DE ECATEPEC ""JOSÉ MARÍA RODRÍGUEZ""",EDOMEX,Media,Crítica,"19.514412, -99.038087"
2021-01-28,"HOSPITAL GENERAL NEZAHUALCOYOTL ""LA PERLA"" ",EDOMEX,Buena,Crítica,"19.387963, -98.989442"
2021-01-28,HOSPITAL GENERAL DE CHIMALHUACAN,EDOMEX,Crítica,Crítica,"19.419753, -98.975140"
2021-01-28,"HOSPITAL GENERAL DE IXTAPALUCA ""PEDRO LOPEZ""",EDOMEX,Media,Buena,"19.318829, -98.855366"
2021-01-28,HOSPITAL GENERAL DE CHALCO ,EDOMEX,Media,Media,"19.268265, -98.893965"
2021-01-28,"HOSPITAL GENERAL TEXCOCO ""GUADALUPE VICTORIA"" BICENTENARIO ",EDOMEX,Crítica,Crítica,"19.514309, -98.871750"
2021-01-28,"HOSPITAL GENERAL VALLE DE CHALCO ""DR. FERNANDO QUIROZ GUTIERREZ"" ",EDOMEX,Media,Buena,"19.273775, -98.941609"
2021-01-28,"HOSPITAL GENERAL AMECAMECA ""VALENTIN GOMEZ FARIAS"" ",EDOMEX,Media,Media,"19.144883, -98.785072"
2021-01-28,HOSPITAL GENERAL DE AXAPUSCO,EDOMEX,Crítica,Media,"19.732872, -98.769445"
2021-01-29,INSTITUTO NACIONAL DE NUTRICIÓN,SSA,Crítica,Crítica,"19.289599, -99.155441"
2021-01-29,INER,SSA,Buena,Crítica,"19.291375, -99.158653"
2021-01-29,HOSPITAL GENERAL DE MÉXICO,SSA,Crítica,Crítica,"19.4129258, -99.1520225"
2021-01-29,HOSPITAL JUAREZ,SSA,Crítica,Crítica,"19.481829, -99.135576"
2021-01-29,HOSPITAL GENERAL DR. MANUEL GEA GONZÁLEZ,SSA,Crítica,Crítica,"19.290295, -99.160861"
2021-01-29,HOSPITAL INFANTIL DE MÉXICO FEDERICO GÓMEZ,SSA,Media,Media,"19.410839, -99.151941"
2021-01-29,INSTITUTO  NACIONAL DE CARDIOLOGÍA IGNACIO CHÁVEZ,SSA,Crítica,Buena,"19.290598, -99.153838"
2021-01-29,CITIBANAMEX,SSA,Crítica,Crítica,"19.439732, -99.224235"
2021-01-29,HOSPITAL REGIONAL DE ALTA ESPECIALIDAD DE IXTAPALUCA,SSA,Crítica,Crítica,"19.318796, -98.855353"
2021-01-29,BELISARIO DOMINGUEZ,SEDESA,Buena,Media,"19.307226, -99.065356"
2021-01-29,ENRIQUE CABRERA,SEDESA,Media,Media,"19.361675, -99.224432"
2021-01-29,GENERAL TLAHUAC,SEDESA,Crítica,Media,"19.287492, -99.052665"
2021-01-29,PEDIATRICO DE LA VILLA,SEDESA,Buena,Buena,"19.487355, -99.114316"
2021-01-29,HOSPITAL GENERAL AJUSCO MEDIO,SEDESA,Crítica,Crítica,"19.272165, -99.207846"
2021-01-29,HOSPITAL GENERAL IZTAPALAPA,SEDESA,Crítica,Media,"19.343426, -99.027236"
2021-01-29,HOSPITAL GENERAL XOCO,SEDESA,Crítica,Media,"19.360313, -99.162275"
2021-01-29,HOSPITAL GENERAL VILLA,SEDESA,Crítica,Crítica,"19.480079, -99.103353"
2021-01-29,HOSPITAL GENERAL DR. RUBÉN LEÑERO,SEDESA,Crítica,Media,"19.451398, -99.169565"
2021-01-29,HOSPITAL GENERAL MILPA ALTA,SEDESA,Crítica,Crítica,"19.200951, -99.011210"
2021-01-29,HOSPITAL GENERAL BALBUENA,SEDESA,Media,Media,"19.424195, -99.115412"
2021-01-29,HOSPITAL TEPEPAN,SEDESA,Sin Dato,Sin Dato,"19.275806, -99.144298"
2021-01-29,HOSPITAL DE ESPECIALIDADES 01 CMN SIGLO XXI (CDMX SUR),IMSS,Crítica,Crítica,"19.466549, -99.145102"
2021-01-29,HOSPITAL DE PEDIATRIA 01 CMN SIGLO XXI (CDMX SUR),IMSS,Buena,Buena,"19.407458, -99.152267"
2021-01-29,HOSPITAL GENERAL DE ZONA 01 CARLOS MC GREGOR (CDMX SUR),IMSS,Crítica,Media,"19.395912, -99.161610"
2021-01-29,HOSPITAL GENERAL DE ZONA 1A PARQUE DE LOS VENADOS (CDMX SUR),IMSS,Crítica,Crítica,"19.374431, -99.151203"
2021-01-29,HOSPITAL DE INFECTOLOGIA 01 LA RAZA (CDMX NORTE),IMSS,Crítica,Media,"19.464865, -99.144859"
2021-01-29,HOSPITAL GENERAL 01 (CDMX NORTE) LA RAZA,IMSS,Crítica,Crítica,"19.395740, -99.161677"
2021-01-29,HOSPITAL GENERAL DE ZONA 24 (CDMX NORTE),IMSS,Crítica,Media,"19.483221, -99.128448"
2021-01-29,HOSPITAL GENERAL DE ZONA 27 (CDMX NORTE),IMSS,Crítica,Crítica,"19.454776, -99.140007"
2021-01-29,HOSPITAL GENERAL DE ZONA 2A (CDMX SUR),IMSS,Crítica,Crítica,"19.405495, -99.112200"
2021-01-29,HOSPITAL GENERAL DE ZONA 30 (CDMX SUR),IMSS,Crítica,Crítica,"19.398836, -99.116913"
2021-01-29,HOSPITAL GENERAL DE ZONA 32 (CDMX SUR),IMSS,Crítica,Crítica,"19.307964, -99.130677"
2021-01-29,HOSPITAL GENERAL DE ZONA C/MF 08 (CDMX SUR),IMSS,Crítica,Media,"19.337137, -99.200142"
2021-01-29,HOSPITAL GENERAL DE ZONA C/UMAA 48 (CDMX NORTE),IMSS,Crítica,Crítica,"19.482375, -99.213046"
2021-01-29,HOSPITAL GENERAL 02 (CDMX SUR) VILLA COAPA (COY.),IMSS,Crítica,Media,"19.309194, -99.129593"
2021-01-29,HOSPITAL DE ESPECIALIDADES 01 (CDMX NORTE) LA RAZA (AZC),IMSS,Crítica,Media,"19.467169, -99.143785"
2021-01-29,HOSPITAL GENERAL DE ZONA C/MF 29 (S. JUAN ARAGÓN),IMSS,Crítica,Media,"19.465117, -99.085162"
2021-01-29,HOSPITAL GENERAL DE ZONA 47 (CDMX SUR) (IZP),IMSS,Crítica,Crítica,"19.357566, -99.054269"
2021-01-29,UNIDAD MÓVIL TEMPORAL COVID,IMSS,Crítica,Crítica,"19.403082, -99.089177"
2021-01-29,CRIT IZTAPALAPA,IMSS,Sin Dato,Sin Dato,"19.328321, -99.068530"
2021-01-29,HOSPITAL GENERAL REGIONAL 72,IMSS,Crítica,Crítica,"19.356913, -98.990929"
2021-01-29,HOSPITAL GENERAL REGIONAL 196,IMSS,Crítica,Crítica,"19.515133, -98.891450"
2021-01-29,HOSPITAL GENERAL REGIONAL 200,IMSS,Crítica,Media,"19.470300, -99.234208"
2021-01-29,HOSPITAL GENERAL DE ZONA 53,IMSS,Media,Crítica,"19.597387, -99.188426"
2021-01-29,HOSPITAL GENERAL DE ZONA 197,IMSS,Crítica,Crítica,"19.530797, -99.222446"
2021-01-29,HOSPITAL GENERAL DE ZONA 194,IMSS,Media,Crítica,"19.570070, -99.044009"
2021-01-29,HOSPITAL GENERAL DE ZONA 57 (LA QUEBRADA),IMSS,Crítica,Media,"19.542797, -99.205022"
2021-01-29,HOSPITAL GENERAL DE ZONA 58 (LAS MARGARITAS),IMSS,Crítica,Crítica,"19.529016, -99.030983"
2021-01-29,HOSPITAL GENERAL DE ZONA 68 (TULPETLAC),IMSS,Crítica,Crítica,"19.742905, -98.972971"
2021-01-29,HOSPITAL GENERAL DE ZONA 71 (CHALCO),IMSS,Crítica,Media,"19.356913, -98.990929"
2021-01-29,HOSPITAL GENERAL DE ZONA 76 (XALOSTOC),IMSS,Crítica,Crítica,"19.515133, -98.891450"
2021-01-29,HOSPITAL GENERAL DE ZONA 98 (COACALCO),IMSS,Crítica,Media,"19.470300, -99.234208"
2021-01-29,CRIT NEZAHUALCÓYOTL,IMSS,Sin Dato,Sin Dato,"19.425795, -99.029987"
2021-01-29,CENTRO MEDICO 20 DE NOVIEMBRE,ISSSTE,Crítica,Crítica,"19.372720, -99.171205"
2021-01-29,HG DARIO FERNANDEZ FIERRO,ISSSTE,Crítica,Media,"19.363602, -99.188608"
2021-01-29,HG JOSE MARIA MORELOS,ISSSTE,Media,Crítica,"19.363918, -98.995393"
2021-01-29,HG TACUBA,ISSSTE,Crítica,Buena,"19.454384, -99.191231"
2021-01-29,HG DR FERNANDO QUIROZ,ISSSTE,Crítica,Crítica,"19.394242, -99.194187"
2021-01-29,HG IGNACIO ZARAGOZA,ISSSTE,Crítica,Media,"19.389472, -99.045019"
2021-01-29,HR PRIMERO DE OCTUBRE,ISSSTE,Media,Media,"19.486751, -99.133249"
2021-01-29,HR LIC. ADOLFO LÓPEZ MATEOS,ISSSTE,Media,Media,"19.358451, -99.172716"
2021-01-29,HR BICENTENARIO DE LA INDEPENDENCIA,ISSSTE,Crítica,Crítica,"19.628814, -99.163343"
2021-01-29,HOSPITAL CENTRAL MILITAR,SEDENA,Crítica,Crítica,"19.4373709, -99.216054"
2021-01-29,HOSPITAL MILITAR DE ESPCIALIDADES DE LA MUJER Y NEONATOLOGÍA,SEDENA,Crítica,Media,"19.4394142,-99.2207869"
2021-01-29,"UNIDAD OPERATIVA DE HOSPITALIZACIÓN COVID-19, 6/O. GRUPO DE MORTEROS 81 MM, CAMPO MILITAR NO. 1-A",SEDENA,Media,Sin Dato,"19.4463797,-99.2483637"
2021-01-29,"UNIDAD OPERATIVA DE TERAPIA Y HOSPITALIZACIÓN COVID-19, 22/O. BATALLÓN DE POLICÍA MILITAR, EL CHIVATITO",SEDENA,Sin Dato,Sin Dato,"19.4150009,-99.1841019"
2021-01-29,"UNIDAD OPERATIVA DE TERAPIA Y HOSPITALIZACIÓN COVID-19, 81/O. BATALLÓN DE INFANTERÍA, TLALPAN",SEDENA,Sin Dato,Sin Dato,"19.2646093,-99.1551676"
2021-01-29,H.M.Z. EL VERGEL IZTAPALAPA,SEDENA,Sin Dato,Sin Dato,"19.3131938,-99.0836122"
2021-01-29,H.M.Z. CAMPO MILITAR N1-A ,SEDENA,Sin Dato,Sin Dato,"19.3657943,-99.1492117"
2021-01-29,"HOSPITAL MILITAR DE ZONA, TEMAMANTLA, EDO. DE MÉXICO",SEDENA,Buena,Sin Dato,"19.188008,-98.856959"
2021-01-29,U.O.H. 6/O BATALLÓN DE FUERZAS ESPECIALES,SEDENA,Crítica,Sin Dato,"19.1922707,-98.8578722"
2021-01-29,H.M.Z. SANTA MARÍA RAYÓN ,SEDENA,Sin Dato,Buena,"19.1377854,-99.5966327"
2021-01-29,U.O.H. ALMOLOYA DE JUÁREZ ,SEDENA,Buena,Sin Dato,"19.4035542,-99.7422616"
2021-01-29,CENTRO MÉDICO NAVAL,SEMAR,Crítica,Crítica,"19.3240164,-99.1274213"
2021-01-29,HOSPITAL CENTRAL SUR DE ALTA ESPECIALIDAD ,PEMEX,Crítica,Crítica,"19.3087458,-99.2209277"
2021-01-29,HOSPITAL CENTRAL NORTE,PEMEX,Crítica,Crítica,"19.479899,-99.2030617"
2021-01-29,ALTA ESPECIALIDAD DE ZUMPANGO,EDOMEX,Buena,Media,"19.815198, -99.089196"
2021-01-29,HOSPITAL REGIONAL TLALNEPANTLA ISSEMYM,EDOMEX,Crítica,Crítica,"19.521706, -99.187341"
2021-01-29,"HOSPITAL GENERAL ECATEPEC ""LAS AMÉRICAS""",EDOMEX,Media,Media,"19.594136, -99.018679"
2021-01-29,"HOSPITAL GENERAL DE NAUCALPAN ""DR. MAXIMILIANO RUIZ CASTAÑEDA"" ",EDOMEX,Media,Media,"19.468662, -99.234348"
2021-01-29,"HOSPITAL GENERAL ATIZAPAN DE ZARAGOZA ""DR. SALVADOR GONZALEZ HERREJÓN""",EDOMEX,Buena,Media,"19.546322, -99.237491"
2021-01-29,"HOSPITAL GENERAL CUAUTITLAN ""GRAL. JOSE VICENTE VILLADA""",EDOMEX,Crítica,Media,"19.664586, -99.178557"
2021-01-29,"HOSPITAL GENERAL DE NEZAHUALCOYOTL ""GUSTAVO BAZ PRADA""",EDOMEX,Media,Crítica,"19.422253, -99.014892"
2021-01-29,"HOSPITAL GENERAL DE ECATEPEC ""JOSÉ MARÍA RODRÍGUEZ""",EDOMEX,Media,Crítica,"19.514412, -99.038087"
2021-01-29,"HOSPITAL GENERAL NEZAHUALCOYOTL ""LA PERLA"" ",EDOMEX,Buena,Crítica,"19.387963, -98.989442"
2021-01-29,HOSPITAL GENERAL DE CHIMALHUACAN,EDOMEX,Crítica,Crítica,"19.419753, -98.975140"
2021-01-29,"HOSPITAL GENERAL DE IXTAPALUCA ""PEDRO LOPEZ""",EDOMEX,Media,Buena,"19.318829, -98.855366"
2021-01-29,HOSPITAL GENERAL DE CHALCO ,EDOMEX,Media,Crítica,"19.268265, -98.893965"
2021-01-29,"HOSPITAL GENERAL TEXCOCO ""GUADALUPE VICTORIA"" BICENTENARIO ",EDOMEX,Crítica,Crítica,"19.514309, -98.871750"
2021-01-29,"HOSPITAL GENERAL VALLE DE CHALCO ""DR. FERNANDO QUIROZ GUTIERREZ"" ",EDOMEX,Media,Buena,"19.273775, -98.941609"
2021-01-29,"HOSPITAL GENERAL AMECAMECA ""VALENTIN GOMEZ FARIAS"" ",EDOMEX,Media,Media,"19.144883, -98.785072"
2021-01-29,HOSPITAL GENERAL DE AXAPUSCO,EDOMEX,Crítica,Crítica,"19.732872, -98.769445"